100
0 50 4
0 75 15
1 41 3
1 47 17
2 29 8
2 58 2
3 56 16
3 90 20
4 42 9
4 61 3
5 20 10
5 97 10
6 8 2
6 49 7
7 14 6
7 26 20
8 85 17
9 65 4
9 84 19
10 80 15
10 98 5
11 13 5
11 60 1
12 27 9
12 54 16
13 35 8
14 33 13
15 29 17
15 78 8
16 31 14
16 85 13
17 25 12
17 79 18
18 53 7
18 58 11
19 45 14
20 77 6
21 37 20
21 43 6
22 32 1
22 74 12
23 77 11
23 80 1
24 81 7
24 86 11
25 48 2
26 84 17
27 41 8
28 88 12
28 94 8
30 69 17
30 75 20
31 43 9
32 57 20
33 35 20
34 51 11
34 59 12
36 71 19
36 73 18
37 66 2
38 83 7
38 93 12
39 76 13
39 89 20
40 49 5
40 70 18
42 91 3
44 79 13
44 82 1
45 82 3
46 62 17
46 72 4
47 89 17
48 96 12
50 99 16
51 64 20
52 90 16
52 98 18
53 81 6
55 62 20
55 78 9
56 67 12
57 96 19
59 70 8
60 66 17
61 63 16
63 74 11
64 68 5
65 91 7
67 92 12
68 88 19
69 73 15
71 94 17
72 99 19
76 87 1
83 92 9
86 97 6
87 95 17
93 95 13
6
1 10 2 3 5 100
