6000 5999 4000
0 4181
1 5537
2 4442
2 4948
2 5584
3 667
3 2019
4 1206
4 4916
5 1201
6 197
6 988
6 4403
6 5084
7 645
7 1170
7 1306
7 2135
7 4457
8 3754
9 238
10 85
11 176
11 514
11 1351
11 3981
11 4172
12 4577
13 2320
13 2697
14 359
14 2553
14 2948
14 3601
14 4685
14 5986
15 3880
15 5050
15 5537
15 5562
16 4167
17 1157
18 1542
19 3133
20 2118
20 3944
21 3046
21 5990
22 3544
22 4433
23 3394
24 1597
25 1557
25 3672
26 5370
27 4362
28 676
28 2295
28 5240
29 4854
29 5370
30 3660
31 946
31 1918
32 1247
33 4036
34 43
34 1413
34 2164
34 3101
34 4265
35 773
35 1008
35 4063
35 5162
36 3190
37 3748
38 5761
39 208
40 5301
40 5483
41 1026
41 3002
42 744
44 1298
44 2752
44 3457
44 3553
44 3731
45 4945
46 1009
47 1224
47 3036
48 198
48 4169
49 2535
50 3766
51 5830
52 2405
53 1596
53 4145
53 4794
54 3855
54 5596
55 1241
55 3357
56 2653
57 5615
58 1046
58 2179
58 3962
59 2736
60 505
61 1590
62 4348
63 812
64 911
65 5313
66 2281
66 2933
66 3420
67 2362
67 2477
67 3492
67 4565
68 1461
69 3577
70 5672
71 231
71 3078
71 4496
71 4645
72 2024
73 1665
74 1212
74 2862
75 939
75 2320
76 3075
77 4156
78 2829
78 3138
78 5810
79 2581
80 3382
80 3657
81 3077
82 2504
83 186
83 1057
83 2561
84 1008
84 1218
84 4943
85 328
85 597
85 2218
85 2326
85 4267
86 3907
87 3018
87 5183
87 5909
88 3172
88 4466
89 1561
89 1679
89 2931
89 5745
90 3536
91 121
91 673
91 4252
92 1834
93 4122
94 495
95 238
95 553
95 1345
95 2875
96 1192
96 2315
96 4263
97 135
97 408
97 933
97 1095
97 1115
97 2018
97 4084
98 2198
98 5034
99 1416
99 2131
99 2570
100 2006
101 1881
101 2855
101 3220
101 3490
101 3597
101 4649
101 4938
102 602
102 1407
103 1678
103 1887
103 5383
104 5275
104 5804
105 2547
106 2981
107 2035
107 4667
108 4703
108 5447
109 1062
109 2753
109 3516
109 4452
109 5151
110 693
111 3901
112 818
112 3218
112 3335
112 3623
113 3736
114 1443
114 3007
115 1830
115 4125
116 5295
117 3029
118 465
118 2668
118 3633
118 5491
118 5652
119 4049
119 4205
120 210
120 418
121 2213
121 4650
122 2878
122 5198
123 326
123 477
123 731
123 1164
123 1173
123 1379
123 1939
123 2318
123 4772
124 5073
124 5990
125 689
125 3791
125 5039
126 1213
126 1308
127 208
127 544
127 3138
127 3666
127 4988
127 5051
128 5252
129 1674
129 4940
130 1162
130 5667
130 5750
131 2730
132 2480
132 5370
132 5762
133 786
133 5511
134 3321
136 3736
137 3779
137 4965
138 2518
138 2716
138 5013
138 5628
139 1156
140 5547
141 1349
142 2454
142 3997
143 5152
144 2004
144 2341
145 778
146 2018
146 2979
146 3203
146 3789
146 3873
146 3924
146 4011
146 4757
146 5676
147 2218
147 4908
148 601
148 2922
148 3737
149 4075
149 5436
149 5546
150 789
151 4250
151 5133
152 1024
152 2116
152 3779
152 4923
153 1617
154 4254
155 2317
155 5031
156 3810
156 5198
156 5586
156 5784
157 2624
158 703
158 4247
159 310
159 1672
160 1903
160 4249
161 311
161 5291
162 207
162 3125
162 4658
162 4904
162 5485
163 800
164 3521
165 4431
166 3573
167 4340
168 432
168 3432
168 5491
169 1215
169 4757
170 1008
171 897
172 3547
173 1379
174 2721
174 3315
175 591
176 397
176 1038
176 1830
176 3114
176 4601
176 5159
176 5267
176 5616
177 271
178 199
178 1425
178 3762
178 5158
179 4929
180 4961
181 2881
182 837
182 2826
183 2536
184 401
184 1475
184 1798
184 2422
185 4156
185 5572
186 309
186 2190
186 2474
187 1238
187 2317
188 4257
189 5874
190 1982
190 3606
191 3438
191 4655
192 1844
192 3506
192 5461
193 2367
193 2699
193 3028
193 5113
193 5642
193 5763
193 5902
194 1854
195 2545
196 4264
196 4450
198 372
198 1945
198 4328
198 5190
200 1595
200 2761
200 4727
200 5141
200 5278
201 3261
202 3834
203 2308
203 2775
203 2814
203 2899
203 2926
203 4842
204 4137
205 3210
206 1719
206 2643
207 5155
208 2058
209 1983
210 596
210 5910
211 1843
211 4155
212 4886
213 3226
214 1290
214 2649
215 506
215 3282
215 4887
216 4219
217 1248
217 3340
218 1151
218 1877
218 2723
219 1134
219 1934
219 3849
219 3947
220 289
220 1752
220 2736
220 4812
221 940
222 4113
223 2218
224 1019
225 615
225 2094
225 2989
225 4012
226 5177
227 5421
228 3377
228 4779
229 4224
229 5355
230 4261
231 3448
232 2770
232 5625
233 1359
233 1668
233 4621
233 5637
234 1784
234 2556
234 4430
235 1855
236 1177
237 3054
239 5258
240 1891
240 2439
240 3855
240 5522
241 5077
242 1131
242 1734
242 3903
243 1322
243 5037
244 5505
245 3598
246 2766
246 4920
247 377
248 378
248 542
248 856
248 4527
249 575
249 1398
249 1901
249 4372
249 4461
249 5287
249 5615
250 4461
251 503
251 1431
251 2161
251 3231
252 2551
253 3045
253 3534
253 4234
254 4316
255 270
256 310
257 880
257 3495
257 4732
258 1822
259 3361
260 4615
261 1546
261 4269
262 1522
263 2234
263 2776
263 4006
264 2363
264 3353
265 2452
265 4355
266 3047
267 915
267 1883
268 426
269 4305
270 2890
270 3377
271 3869
272 2265
273 641
273 2381
273 4431
274 3245
274 4649
275 1846
275 4434
276 3309
276 4635
277 5591
277 5635
278 372
279 720
279 4071
280 957
280 1745
281 426
282 2926
282 3883
283 4325
284 1895
284 4165
285 1759
285 4260
285 5164
286 292
286 1974
286 2355
286 2669
286 5033
286 5091
287 2345
287 2417
287 4488
287 4681
287 4974
288 470
288 4217
288 5588
289 841
289 4444
290 952
290 3545
291 1477
292 1236
292 1700
292 2532
292 5660
293 2686
293 3572
294 1974
295 5113
296 1991
296 3827
296 4069
296 5886
297 4325
298 565
298 2069
298 3082
298 5510
298 5910
299 428
299 836
300 1214
301 1585
301 4212
302 3829
303 554
304 607
304 3656
304 4741
305 1944
305 2362
305 2441
305 5211
306 2967
307 1556
307 2123
308 382
308 1381
308 2140
308 2773
308 4001
308 4766
310 1049
310 1266
310 2424
310 2804
311 426
312 1848
313 4476
314 2726
314 2932
314 2949
314 4187
315 4458
315 5730
316 884
316 2433
316 3069
317 391
317 3187
317 3578
318 3488
318 5170
318 5295
318 5737
319 757
319 1246
319 1524
320 1202
321 1074
321 1144
321 4333
321 5466
322 2143
322 4400
323 5679
324 3222
325 1726
325 5291
326 2685
327 2995
327 5594
329 4200
330 4400
330 5742
331 1283
332 5084
333 5504
334 1092
334 3680
334 5292
335 474
336 1292
336 1915
337 1179
337 5023
338 879
338 3036
339 1232
340 5081
341 2553
341 2743
342 5754
343 2527
343 4891
344 5479
345 4983
346 2467
346 2934
346 2935
346 5635
347 2743
347 5375
348 1252
349 3850
350 857
350 4006
350 4365
351 1962
351 3274
351 3308
351 5425
351 5759
352 3994
352 4061
352 5359
352 5940
353 3215
353 5857
354 1153
354 1155
354 4541
354 4633
355 2156
355 4409
355 5635
356 3914
356 5018
357 4515
357 4997
358 3342
359 2353
359 3834
359 3906
359 4991
360 1065
360 4036
361 1066
361 3145
361 3619
362 585
363 3109
364 1172
365 1111
366 3127
366 3928
367 2518
368 4008
369 1330
369 4068
370 1115
370 3173
371 3100
372 1319
372 2556
372 2790
372 3955
373 448
373 1073
374 831
374 1055
374 2444
374 3657
374 4009
374 4747
375 4859
376 1864
377 3566
379 2323
379 2442
379 5982
380 2480
381 2611
382 1535
382 1766
383 4011
384 4049
384 5325
385 1211
385 1871
385 2756
385 4148
385 4749
385 5351
386 855
386 1757
386 4638
387 569
387 1936
387 4206
388 727
389 809
390 1175
392 2399
392 5958
393 4024
394 1207
394 2348
395 1407
396 466
397 684
397 3487
397 4719
398 1190
398 1552
399 2495
400 1488
400 1817
400 1988
400 3020
400 5015
401 1847
401 2150
401 2557
401 3723
402 4606
403 4182
404 505
404 4711
404 5868
405 965
405 1516
405 4281
405 5618
406 2338
406 2415
407 468
407 1530
407 2036
407 5480
407 5786
408 2453
408 4737
408 5687
408 5871
409 2693
410 4437
410 4826
411 1078
411 2252
411 2729
411 3406
411 5824
412 1050
412 3990
413 2741
414 3556
415 2523
416 443
416 2220
416 2729
416 3873
416 4510
416 5964
417 2264
419 1317
419 1628
419 4297
419 5404
420 451
420 5871
421 2244
421 4392
421 5427
421 5945
422 5381
423 5042
424 4040
424 4997
425 5313
426 3007
426 4233
426 5019
427 1086
427 2902
428 1385
428 3296
428 4709
428 5564
429 668
430 1049
430 3247
431 1152
431 2426
431 2631
431 3128
433 4865
434 4214
435 1654
436 4874
437 5077
438 1928
438 4996
438 5522
439 1536
439 1764
439 2930
439 4115
439 4602
440 1543
441 2419
442 5206
444 483
444 1349
444 5545
445 1907
445 2062
446 5490
447 1631
447 2465
447 2745
448 2551
448 2700
448 3252
448 4837
448 5981
449 4240
449 5066
450 2048
450 2907
451 3162
452 846
452 5048
453 5121
453 5399
454 3595
454 4610
455 2123
456 4058
457 839
458 1287
458 5538
458 5937
459 2845
460 1668
461 2888
462 5058
463 2186
463 2880
464 953
464 5072
466 745
466 1757
466 4881
466 4919
467 2218
468 1770
468 2108
468 3047
468 5883
469 4649
469 5523
471 4251
472 1587
473 501
473 1157
473 4390
473 5010
473 5767
474 2359
474 2775
474 3381
474 3491
474 4654
475 4841
476 953
477 4026
478 631
479 1046
480 3685
480 5131
481 5739
482 2642
482 4035
482 4758
483 2097
484 2814
485 1286
486 1851
487 1797
488 5422
489 550
489 1585
489 1676
489 1933
489 2057
489 2681
489 4325
490 1809
491 5195
492 3029
493 500
493 831
494 3374
494 4659
495 4848
495 5224
496 3927
497 4281
498 1592
499 2779
501 1159
501 2900
501 5811
502 2616
504 2412
507 974
507 2007
508 4318
508 5230
509 4866
510 1214
511 2042
511 3983
512 1411
512 3009
512 4756
513 3137
513 4554
514 1260
514 2882
514 3813
514 4720
515 2046
516 4763
516 5525
517 5179
517 5806
518 1098
518 1480
518 2256
519 1260
520 1208
521 1718
521 3171
522 3578
522 3942
523 2066
523 3529
523 5939
524 2019
525 5407
526 3110
526 5498
526 5804
527 1379
527 4139
527 4498
528 2542
529 3578
529 3593
529 3885
530 2914
530 4484
530 4663
531 3696
532 4679
533 1791
534 2389
534 2908
535 1270
535 4688
536 5621
537 3085
538 1896
538 5979
539 3343
540 1124
540 4153
541 799
543 5673
544 4610
545 815
546 1318
547 1465
547 2718
547 3264
547 5001
548 5805
549 1759
550 3203
550 5449
550 5481
551 1036
551 1236
551 2785
552 2406
553 897
553 2095
553 5847
554 1727
554 1786
554 2453
554 4101
555 1757
555 2824
556 5762
557 586
557 2883
557 5403
558 994
559 989
560 3601
561 1673
562 996
562 2407
562 2708
562 5379
563 2648
564 770
564 2695
564 3552
564 4557
566 2385
566 2953
566 5232
567 1061
567 1256
567 1999
567 5011
568 1263
568 2906
569 717
570 599
571 2380
571 3578
571 4685
571 4735
572 1130
572 2681
572 3986
572 5106
573 2778
573 5148
574 4198
575 4896
576 1554
576 3654
576 4861
577 2402
577 4684
578 2906
578 5238
579 3952
580 630
580 1008
580 2144
581 5595
582 5780
583 604
584 910
584 1018
584 4192
584 4393
585 3029
585 5215
585 5927
586 932
587 5487
588 1822
588 3214
588 3646
588 5138
589 4841
590 5644
590 5906
591 3909
591 4171
591 5349
591 5819
592 3038
593 872
593 3996
594 2253
594 3077
595 2534
595 3397
595 5510
597 4105
598 3657
599 2990
600 3699
601 4230
601 4781
602 1255
603 1107
604 4602
605 4979
606 1743
606 5690
607 1418
607 1423
608 1283
609 2615
610 2437
610 3244
610 3629
611 1148
611 4599
612 5141
613 3897
614 4825
615 862
615 4051
615 4732
615 5458
615 5867
616 3872
617 3054
617 5887
618 744
619 655
619 2380
619 3275
619 4142
619 4849
619 5491
620 3910
621 1776
621 5789
622 4165
623 2631
623 2906
623 4718
624 2500
625 1804
626 2447
626 3171
626 3989
626 5784
627 2268
628 2761
629 2274
629 3056
629 3353
629 3523
631 1617
631 2870
632 4061
633 5751
634 774
634 2821
634 3278
634 5825
635 3087
636 2861
637 2608
638 5194
639 1288
639 4221
639 4856
640 3982
641 2202
641 5196
642 1032
642 5989
643 1433
644 1571
646 2362
646 2511
646 3940
646 4547
647 1751
647 4579
648 2448
649 5586
650 3443
651 1169
652 2231
653 3729
654 1996
656 1577
656 3072
656 3171
657 1268
658 5614
658 5847
659 5494
660 1128
660 1620
661 1833
661 4080
662 5359
663 1676
663 5459
664 724
664 3047
665 4047
666 3000
666 3329
668 3613
669 5937
670 2018
671 5661
672 2347
672 2473
673 3203
673 4240
673 5565
674 4811
675 789
675 1292
675 1488
675 1597
675 2649
675 3229
675 4820
675 5951
677 1806
677 4482
677 5675
678 3103
678 3896
679 1096
680 2862
681 3769
682 1477
682 3816
683 1658
684 2599
685 2200
685 3854
686 1864
686 2992
687 5013
688 3401
690 918
690 925
690 2963
691 1981
691 5324
692 2654
692 5587
693 4531
694 1157
694 4042
694 4079
694 4931
695 3683
695 4150
696 1881
697 2074
697 2868
697 3516
697 5392
698 1993
699 2929
700 1761
700 5065
701 1199
701 5088
702 5244
703 2027
703 3835
704 1996
705 1549
706 1843
707 3839
708 4352
709 2597
709 2739
709 5299
709 5519
710 4816
710 5920
711 5528
712 3598
713 4630
714 3575
715 4741
716 2677
717 1955
717 2727
717 3607
717 3663
718 1941
718 3880
719 2430
720 1676
721 1133
721 2113
721 2814
722 2378
722 4052
723 2649
724 2586
725 2926
726 3365
726 3832
727 4728
728 2269
729 1117
729 1192
729 5367
730 3826
731 3777
731 4859
732 854
732 5847
733 789
734 2337
735 2346
736 1819
736 2040
736 2714
736 2869
736 3176
736 3856
736 4546
736 4597
736 4998
737 4381
737 5245
738 1232
739 756
739 3222
740 2670
740 4804
741 1360
742 3551
742 5622
742 5756
743 4729
744 1135
744 1397
744 1754
744 4682
745 1987
745 2521
745 5948
746 2885
746 3094
747 765
747 3707
747 5341
747 5391
748 3427
749 2719
749 4603
750 4664
751 1132
751 3923
752 3968
753 1722
754 2273
754 4604
754 4646
755 1865
756 1534
756 3199
756 4640
758 3072
759 4539
760 1787
760 4028
761 1645
761 1806
762 4735
763 3859
764 1618
764 2619
765 1683
765 5979
766 1169
766 5822
767 5732
768 2536
768 5359
769 3176
770 1386
771 2254
771 3967
772 4712
773 1447
773 4700
775 1540
775 2159
775 2758
775 4984
775 5728
776 5329
777 1499
777 5152
778 4733
779 5924
780 1108
780 4617
781 2253
782 1392
782 4686
782 5988
783 4895
784 927
784 3571
785 2790
787 2834
787 3896
788 5487
789 825
790 5144
791 4553
792 1434
793 4657
793 5901
794 1892
794 4476
795 1535
796 2850
797 1884
798 1602
798 5693
799 3088
799 3297
799 4907
799 5772
800 4305
801 1644
801 3603
802 2221
802 2629
802 5715
803 3666
804 867
804 2556
805 2639
806 2876
807 3240
808 4945
809 4200
810 1268
810 3720
810 5608
811 925
811 2747
811 3469
812 1353
812 1638
812 2191
812 2342
812 2707
812 2708
813 5292
814 1460
814 2511
814 2812
815 3240
816 4504
817 2885
817 5975
818 1514
818 4223
819 1792
819 2855
819 3533
819 5414
819 5727
819 5753
820 1592
820 4748
820 5389
821 3014
821 3382
822 5434
823 2639
823 4241
824 3517
826 1452
827 915
827 1620
827 1746
828 1040
829 4798
830 4054
831 1636
831 2640
832 1832
832 2386
833 2173
833 4481
834 3366
835 2930
836 4341
838 2604
839 2659
840 3326
842 942
842 1927
842 5110
843 1174
843 2440
843 3176
844 4035
845 5311
847 1855
847 4530
847 4549
848 1961
848 4376
849 2607
850 4287
850 4292
851 3854
852 2779
853 1614
855 4585
855 4863
856 4977
858 2685
859 5577
859 5722
860 1788
861 2448
862 4066
862 4979
863 2255
864 5529
865 1629
865 4039
866 2320
867 4821
868 1223
868 2855
869 4713
870 1352
870 4788
871 1234
873 3292
874 1715
874 2000
874 2866
874 5876
875 1384
875 2708
875 2886
875 2995
876 1175
877 5008
878 3629
878 5792
879 3118
879 5638
881 5661
882 3447
882 5451
883 5865
885 1697
885 3685
885 5388
886 1130
886 1673
886 3228
887 5492
887 5890
888 4495
889 4729
890 4934
891 1742
891 2288
891 2565
892 2395
893 1702
893 3130
893 4871
894 2111
895 1956
896 1532
896 5784
897 5246
898 3184
898 3902
899 3076
899 5795
900 4403
901 2045
902 2536
902 5109
903 5458
904 4317
905 2939
906 4436
906 5240
907 2305
907 3223
908 1090
908 1748
908 2803
908 5003
908 5881
909 4506
909 5933
910 4694
911 2707
912 3713
912 5509
912 5642
913 2934
914 3204
915 5623
915 5671
916 1890
916 5257
916 5809
917 4940
917 5438
919 3611
920 1696
920 2272
920 3203
920 4028
920 4146
920 5139
920 5157
920 5429
920 5841
921 3053
922 4205
923 2066
924 2729
925 4972
926 4931
927 4508
927 4662
927 5024
927 5160
927 5847
928 942
928 4769
928 5284
929 4076
930 5546
931 1097
931 3579
931 4525
931 5118
932 3135
932 5071
933 4596
934 1042
934 3148
934 5460
935 3125
935 5965
936 1032
936 1561
936 2080
936 4549
936 4556
937 5475
938 3308
938 4301
940 2976
940 3731
941 4738
942 1040
942 1171
942 4167
942 4581
942 5957
943 1550
944 3261
944 5311
945 969
946 2590
946 3635
946 4144
947 5181
948 2168
948 3967
949 4528
950 981
950 2910
951 2600
952 1865
953 1081
954 3510
955 4346
956 5231
957 4499
958 1871
959 3248
960 5859
961 2375
961 4602
962 1849
962 4518
963 5494
964 983
964 2486
964 2598
964 4643
965 3137
966 2213
967 2028
968 1131
969 2154
969 3845
969 4669
969 5358
970 2099
970 3788
970 4967
970 5502
971 4402
971 5256
972 3073
972 5982
973 5483
974 2958
974 5910
975 2322
976 2632
977 1654
978 991
978 1100
978 1620
978 2684
978 5468
979 1723
980 5667
981 1593
981 2445
981 2646
981 3475
981 4086
981 4612
981 5702
982 1472
982 1885
982 2099
982 3415
982 4923
982 5226
984 4424
984 5782
985 3597
985 4022
986 1940
986 2773
986 5907
987 5414
988 2221
988 3086
988 4513
989 2024
989 2800
989 3366
990 5130
990 5310
991 4990
992 4724
992 5597
993 1003
994 1908
994 3842
995 3029
995 3062
997 2047
997 3919
997 4679
997 5318
998 4412
999 2367
1000 2101
1000 2470
1000 5630
1001 4178
1002 2594
1003 2845
1003 3582
1003 4933
1004 4506
1005 2076
1005 2418
1005 2687
1005 5510
1006 1877
1006 5778
1007 3587
1007 5667
1008 3600
1008 4920
1008 5111
1008 5154
1009 4718
1010 2424
1010 4882
1011 2185
1011 2395
1012 1433
1012 1529
1012 3342
1012 3861
1012 5614
1013 4531
1014 2744
1015 2585
1015 2594
1016 4994
1017 5489
1019 1441
1020 1601
1020 1783
1020 3434
1020 4785
1020 4923
1020 5642
1020 5908
1021 1896
1022 3496
1022 4279
1022 5280
1023 1082
1023 1248
1023 2161
1023 2364
1023 2634
1023 5139
1025 1236
1027 4031
1028 3379
1029 4263
1030 4220
1031 5207
1032 2760
1033 1547
1034 1554
1034 3291
1034 4168
1035 2819
1037 5293
1038 5147
1039 5013
1040 1069
1040 1141
1040 1797
1040 2218
1040 2229
1040 2231
1040 2855
1040 2941
1040 3510
1040 5847
1041 2671
1041 3443
1041 4276
1042 2914
1042 3157
1043 2595
1044 2960
1045 4345
1047 2773
1048 4256
1049 5333
1050 5577
1051 1388
1052 3873
1053 2779
1054 4975
1055 1995
1055 2111
1055 2891
1055 4811
1056 1325
1058 3244
1059 1378
1060 3394
1062 2741
1062 4181
1063 1776
1064 5179
1065 2701
1067 3030
1068 5142
1068 5839
1069 1844
1069 4037
1069 5029
1069 5128
1069 5171
1069 5510
1070 5190
1071 1209
1071 4090
1072 3588
1072 3778
1072 3912
1072 4238
1073 1684
1075 3822
1075 5711
1075 5776
1076 3092
1076 4366
1076 4871
1077 1564
1078 2691
1079 5488
1080 2618
1082 1448
1082 3166
1083 2758
1084 1889
1084 2486
1084 3061
1084 4624
1084 4695
1085 3003
1087 2033
1087 2542
1087 4635
1087 5082
1087 5583
1088 2736
1088 3108
1088 3636
1088 5582
1089 3820
1091 3240
1092 3281
1093 1508
1093 1946
1093 3446
1093 3866
1093 3977
1093 4648
1093 4836
1093 5672
1093 5848
1093 5978
1094 2377
1095 1493
1095 4481
1096 1996
1096 2208
1097 5449
1098 3510
1098 4986
1099 3848
1099 4437
1101 2026
1101 4782
1102 1314
1102 3761
1103 2937
1103 3659
1104 3917
1105 2433
1105 5190
1105 5629
1106 3289
1107 4323
1107 4720
1109 3270
1109 4009
1110 3838
1110 3876
1111 4582
1111 5419
1111 5877
1112 4995
1113 1568
1113 2450
1113 3516
1113 4422
1114 4295
1115 2169
1115 3359
1116 1526
1116 1850
1116 4583
1116 5248
1118 2199
1118 2247
1118 2841
1118 3547
1119 4358
1120 2656
1121 3588
1121 5757
1122 1978
1123 3244
1124 5503
1125 3893
1126 3211
1127 4244
1129 2705
1134 4889
1135 2784
1136 1524
1137 4067
1137 4263
1138 2031
1139 2733
1140 4054
1140 5957
1142 2885
1143 2999
1143 3347
1143 4738
1143 5036
1143 5739
1144 3663
1144 5243
1145 5675
1146 4276
1147 4849
1148 2294
1149 4177
1149 4816
1150 1200
1150 2079
1150 2604
1153 1931
1153 2055
1153 3550
1154 4675
1154 4954
1154 5220
1155 1354
1156 4383
1156 4604
1157 1476
1157 4920
1157 5116
1158 3750
1158 3765
1160 1700
1161 1703
1161 2380
1163 5837
1164 1285
1164 1481
1165 1821
1166 2109
1167 2278
1167 2854
1167 3258
1168 5743
1169 4078
1171 2082
1171 3818
1171 4810
1171 5943
1172 3649
1175 3017
1175 5958
1176 1339
1176 4369
1177 5362
1178 1674
1180 3410
1181 2525
1181 5936
1182 1768
1182 2302
1182 4028
1182 5266
1183 5384
1184 2031
1185 5213
1186 2376
1186 3753
1187 5815
1188 2523
1189 2022
1189 2023
1191 2428
1191 2901
1191 5174
1192 1905
1192 3743
1192 4024
1193 2013
1193 5100
1194 1511
1194 2575
1194 2780
1195 1267
1195 1829
1195 3287
1196 4914
1196 5819
1197 4806
1198 1659
1198 2265
1200 2510
1201 3757
1202 2000
1203 3662
1204 1893
1204 1909
1204 2317
1204 2609
1204 5178
1205 2207
1205 2817
1207 3012
1207 5667
1208 5065
1209 1286
1209 1479
1209 5748
1210 1945
1211 2763
1212 2681
1212 3298
1213 2592
1213 3164
1213 3834
1213 5997
1214 2354
1214 2455
1214 2566
1214 5602
1216 5289
1217 2400
1217 3917
1217 4190
1218 4442
1219 1646
1219 1709
1219 2180
1219 2480
1219 5402
1220 2902
1221 4419
1221 5242
1221 5952
1222 5284
1224 1247
1224 2993
1224 4886
1225 2297
1225 2542
1226 3321
1227 1737
1227 2753
1227 3660
1227 5755
1228 5945
1229 1498
1229 4438
1230 3921
1230 5439
1231 3632
1231 3740
1231 4756
1232 5999
1233 5398
1233 5854
1234 2660
1235 1950
1235 3207
1235 3390
1235 5255
1236 1728
1236 3007
1237 5864
1239 3398
1240 2335
1240 3195
1242 2986
1242 3007
1243 3039
1244 1297
1244 2529
1244 2558
1245 1976
1245 4909
1246 2524
1248 1917
1248 2789
1248 5627
1248 5632
1249 5256
1250 1635
1250 2466
1250 3256
1250 4415
1251 2161
1252 2065
1252 2914
1252 3063
1253 2305
1254 3852
1255 1460
1256 4035
1256 4121
1257 2667
1257 5206
1257 5904
1258 4017
1258 5896
1259 1782
1260 2171
1261 5796
1261 5830
1262 4348
1264 1814
1264 4655
1265 3878
1266 1319
1266 2819
1267 1815
1267 5057
1267 5517
1267 5774
1268 1819
1268 3367
1269 5357
1270 1942
1270 3236
1270 3404
1270 5961
1271 2380
1272 4664
1272 4687
1273 4747
1274 3051
1274 3963
1274 5656
1275 2994
1276 3414
1276 3944
1276 5021
1277 5638
1278 5989
1279 3526
1279 4215
1279 5869
1280 4401
1281 3784
1282 5390
1283 4376
1283 5099
1283 5194
1284 2221
1286 4841
1288 2013
1288 5144
1289 2223
1289 4624
1290 3904
1291 4683
1292 1738
1292 3886
1293 2660
1293 2782
1293 4417
1294 1666
1295 2380
1295 3926
1295 5346
1295 5436
1296 1623
1296 2472
1296 4709
1296 5547
1297 3688
1297 4003
1297 4485
1297 5456
1298 2018
1298 2295
1298 3193
1298 4920
1299 5955
1300 5153
1300 5276
1301 2123
1302 2788
1302 2810
1303 1353
1304 1841
1305 4522
1307 3244
1309 3650
1309 4800
1310 1625
1310 2551
1310 3355
1310 3706
1310 3880
1310 5598
1311 4640
1312 3721
1312 5557
1313 5537
1315 2284
1315 4727
1315 5400
1316 2753
1317 2146
1317 2846
1318 2967
1318 5415
1319 2135
1319 2391
1319 3687
1320 3702
1321 3119
1323 1751
1324 5038
1325 1635
1326 4300
1326 5445
1327 4539
1327 5182
1327 5589
1327 5938
1328 1952
1328 3866
1329 1866
1329 5134
1330 3857
1331 1614
1331 3704
1332 1744
1332 2265
1333 2076
1333 5093
1334 2371
1334 3613
1335 3368
1335 4537
1335 4688
1336 2322
1337 4522
1338 2319
1338 3314
1338 4939
1338 5041
1339 2142
1340 2530
1340 5143
1341 1751
1342 4800
1343 5199
1344 3065
1346 3196
1347 2772
1347 4846
1348 5051
1349 2018
1349 2178
1349 2655
1349 2709
1349 4421
1349 4573
1349 5456
1350 4886
1351 3877
1352 4343
1352 5992
1355 1580
1355 3112
1355 4103
1356 1928
1357 1856
1357 2659
1357 3978
1358 4098
1358 5072
1358 5382
1359 4095
1360 4701
1360 4947
1360 5978
1361 4680
1361 5820
1362 4059
1362 4243
1363 4208
1364 1366
1364 4570
1365 3399
1365 4080
1365 4988
1365 5828
1366 1622
1367 1632
1367 5475
1367 5758
1367 5998
1368 4486
1369 2681
1369 3123
1369 5661
1370 5890
1371 5681
1372 4845
1373 2269
1374 2602
1375 2519
1375 2855
1375 4412
1376 1885
1376 2470
1377 5685
1378 1471
1379 2645
1380 4764
1381 3358
1381 3561
1381 3618
1382 5700
1383 5103
1385 1441
1385 3234
1385 3288
1385 5173
1385 5456
1386 4668
1387 3422
1388 5414
1389 2953
1389 3431
1390 4659
1391 1528
1391 1713
1391 3814
1393 3847
1394 4809
1394 5012
1394 5891
1395 3305
1395 5763
1396 1973
1396 2507
1396 2769
1396 4174
1398 3498
1398 5017
1399 2860
1399 4129
1399 5850
1400 1832
1400 5345
1401 2516
1402 3991
1403 5564
1404 5075
1405 5675
1406 1863
1407 2831
1408 4430
1409 3199
1409 5289
1410 1736
1410 4708
1412 4207
1412 4944
1412 5191
1413 3557
1414 2724
1414 4742
1415 1921
1415 4153
1417 4033
1417 5502
1419 2325
1420 2892
1421 5535
1422 5884
1423 3006
1424 4490
1424 5636
1426 5178
1427 3980
1427 4112
1427 4363
1428 3049
1428 5249
1428 5488
1429 3769
1429 3798
1430 1534
1432 1819
1432 2130
1432 3433
1433 3558
1433 4865
1433 5557
1434 1842
1434 2138
1434 2457
1434 5286
1434 5953
1435 4360
1436 2492
1437 2957
1438 1805
1438 3425
1439 3078
1439 3869
1439 4002
1439 4519
1440 4552
1442 1849
1443 3388
1443 3628
1444 1939
1445 2018
1445 2030
1445 2354
1445 2448
1445 2489
1445 2707
1445 3851
1445 5492
1446 3055
1449 2190
1450 1835
1450 3705
1451 2989
1452 2533
1452 4165
1452 4460
1453 5178
1454 1617
1455 3747
1456 2303
1457 2465
1458 2761
1458 3161
1459 2214
1461 2104
1461 2620
1461 5221
1461 5653
1462 1694
1462 4780
1462 5187
1462 5487
1463 2042
1464 1754
1465 3788
1466 1581
1466 1598
1466 4073
1466 4273
1467 2804
1468 3746
1469 2517
1469 4046
1469 4373
1470 5259
1470 5543
1471 1923
1471 2379
1471 4597
1471 5575
1473 1769
1473 2395
1474 2575
1475 1589
1475 3576
1476 4239
1477 2092
1477 3370
1477 3935
1477 4225
1478 1669
1480 1562
1480 1658
1480 5185
1482 2083
1483 1536
1483 3896
1483 5351
1484 2265
1485 2386
1486 3051
1487 2107
1487 2750
1488 5074
1489 3387
1489 4629
1490 5178
1491 2445
1492 5867
1494 5833
1495 4440
1496 1712
1496 2564
1496 2954
1497 5421
1498 2988
1498 5435
1499 2678
1499 4911
1499 5035
1499 5168
1500 2674
1500 3789
1501 2906
1502 3459
1503 1898
1503 2898
1503 4549
1504 3384
1504 4129
1505 2512
1505 5089
1505 5812
1506 4904
1507 5962
1508 2420
1508 4157
1509 2861
1510 4339
1512 4669
1513 5795
1515 1751
1517 3736
1518 3977
1518 5088
1519 5126
1520 2092
1521 3472
1521 5161
1522 1646
1522 1690
1522 2093
1522 2341
1522 4032
1523 1909
1523 3726
1525 3370
1526 5655
1527 2072
1531 5103
1533 4852
1534 5407
1535 1935
1536 3235
1536 4036
1536 4070
1537 2805
1537 3413
1537 4408
1538 5756
1539 3604
1541 4301
1542 1729
1542 2704
1542 3634
1542 4051
1542 4741
1542 5252
1543 2356
1544 1957
1544 4118
1544 5575
1545 3794
1545 4710
1547 4538
1547 4579
1548 4225
1549 2453
1550 5707
1551 1738
1551 2285
1552 2380
1552 2916
1552 2984
1553 1571
1553 5751
1554 1570
1554 4061
1555 4009
1556 5271
1556 5452
1557 2225
1558 4801
1558 4953
1559 4729
1560 4354
1561 4603
1562 3023
1562 3058
1563 4831
1563 5800
1564 2584
1564 2933
1564 5664
1565 3508
1565 4361
1565 5727
1566 2948
1567 2090
1567 4509
1568 5282
1569 3738
1569 4874
1571 5009
1572 5957
1573 5802
1574 4893
1575 5551
1576 2128
1578 3706
1579 3181
1581 5062
1582 5344
1583 3209
1584 5230
1585 3080
1585 4242
1585 4335
1585 4818
1586 3420
1587 4985
1587 5825
1588 5228
1589 4227
1590 1657
1590 2520
1590 3936
1591 1852
1591 5657
1593 5662
1593 5936
1594 2359
1595 2944
1595 3925
1595 4127
1595 4188
1595 4984
1596 3041
1597 5387
1598 2887
1599 1839
1599 4134
1600 5283
1602 2973
1603 3150
1603 4735
1604 3030
1605 4481
1606 3276
1607 5830
1608 1908
1609 3613
1610 3943
1611 2174
1611 5925
1612 3039
1613 2940
1615 2027
1616 1699
1616 5327
1617 3574
1617 3696
1617 3829
1617 4977
1619 2149
1619 3007
1619 4561
1619 5976
1619 5984
1620 1919
1620 5201
1620 5206
1621 3486
1621 5544
1622 1959
1622 2884
1622 2903
1622 3685
1622 4000
1622 4376
1624 4876
1626 2636
1626 2687
1627 2602
1627 3514
1627 4451
1627 4608
1628 4987
1629 5350
1630 3749
1630 4681
1630 4729
1631 1992
1631 2977
1631 3370
1631 3542
1631 4240
1632 2818
1632 5674
1633 3113
1634 4657
1637 2201
1637 5309
1638 4179
1639 5943
1640 3952
1641 2334
1641 5816
1642 3511
1642 4934
1643 3688
1643 4587
1646 4048
1646 4290
1646 4860
1647 5818
1648 5073
1649 5653
1650 3271
1651 2779
1651 4262
1652 2533
1652 3790
1652 5433
1653 4220
1653 4833
1654 5635
1655 5749
1656 3416
1657 2607
1657 5389
1660 2551
1661 2410
1661 5541
1662 4440
1663 2966
1663 3798
1663 4796
1664 4435
1665 2359
1666 2955
1667 2211
1667 5338
1668 2356
1668 2652
1668 3927
1668 4160
1668 5316
1669 3080
1670 3465
1670 5252
1671 4512
1672 4370
1673 4885
1673 5696
1675 5331
1675 5703
1675 5874
1676 1932
1676 4057
1677 5088
1678 5220
1680 3841
1680 5665
1681 5230
1682 1692
1682 2040
1682 3499
1682 5423
1683 2050
1684 5310
1685 2111
1686 4208
1686 4267
1687 4035
1687 5080
1687 5476
1688 1733
1689 4052
1689 5250
1691 3547
1692 2286
1693 4484
1695 3449
1698 5143
1699 1885
1699 3391
1699 3568
1699 4846
1699 4909
1700 2352
1700 2662
1700 2918
1700 4342
1701 1823
1702 4007
1703 4520
1704 4657
1705 3575
1706 4051
1706 5270
1707 3546
1708 2947
1709 2015
1709 3602
1710 1832
1710 5272
1711 2598
1713 5963
1714 2642
1716 2879
1717 1720
1719 3769
1720 2423
1720 3380
1720 3475
1721 2350
1721 4747
1722 2169
1723 2322
1724 1828
1724 3798
1724 4631
1725 3633
1727 1998
1729 5668
1730 4869
1730 5592
1731 2368
1731 2399
1732 2948
1732 3295
1733 3880
1735 2288
1735 5137
1736 4818
1738 2923
1738 4993
1739 3080
1740 5679
1741 4059
1742 1796
1742 1947
1742 4575
1745 4945
1747 5530
1748 3948
1748 5431
1749 2622
1750 4869
1751 3638
1753 3231
1754 3722
1754 4898
1755 3211
1755 5005
1755 5812
1756 2517
1756 3575
1757 4200
1757 5773
1758 1971
1760 2034
1761 2847
1761 4584
1761 5720
1762 3476
1763 3617
1765 5709
1767 5864
1771 4276
1772 2886
1773 5306
1774 2849
1775 5621
1776 2861
1777 3505
1778 3918
1779 3589
1780 2280
1781 3798
1781 3803
1781 4831
1781 5073
1781 5540
1782 3674
1782 4190
1783 2964
1784 2061
1785 2083
1786 2499
1786 3853
1788 3468
1789 2037
1790 4938
1791 2745
1793 4445
1794 2682
1795 3353
1795 3731
1796 5303
1797 1803
1797 2357
1798 4566
1799 2902
1799 5941
1800 4199
1801 2734
1802 5051
1804 2100
1804 5249
1806 3406
1807 5561
1808 4303
1809 5414
1809 5781
1810 5078
1811 2172
1811 5736
1811 5868
1812 3203
1812 3445
1813 4422
1815 4968
1816 3911
1818 3226
1818 5372
1819 2736
1819 3977
1819 5023
1820 4634
1821 4790
1821 5160
1821 5829
1822 2605
1822 3673
1822 3690
1822 4566
1822 5746
1823 3109
1824 2797
1824 5419
1825 2898
1826 4363
1827 3728
1827 5874
1828 2619
1830 5680
1831 3132
1831 5119
1832 3599
1832 3831
1832 5570
1833 4578
1834 2206
1834 3254
1834 4563
1834 5081
1834 5520
1836 4006
1837 1951
1837 3704
1838 1839
1839 3007
1839 3320
1840 2953
1841 2660
1842 5706
1843 4077
1843 5195
1844 2928
1844 3617
1844 5521
1845 2198
1845 4136
1846 2435
1846 5166
1848 4427
1850 2055
1850 2664
1850 3417
1851 3080
1852 3862
1852 5361
1852 5467
1853 2805
1854 4502
1855 4921
1856 2079
1856 3098
1856 4414
1857 2106
1857 5419
1858 2557
1858 2647
1859 3583
1860 3153
1861 3812
1861 5620
1862 4329
1863 5519
1864 3539
1864 4047
1865 2187
1865 4122
1866 3089
1866 4372
1866 4627
1867 3083
1868 5869
1869 4801
1870 2978
1872 2462
1873 5429
1874 2167
1874 2920
1875 3232
1875 3450
1875 3459
1875 5549
1875 5820
1876 4868
1877 2251
1877 2703
1877 3186
1878 2520
1879 5936
1880 4830
1881 2430
1881 3464
1881 4128
1881 5760
1881 5795
1882 3434
1883 3658
1884 5756
1884 5993
1885 2366
1885 3189
1885 3211
1885 4035
1886 3510
1888 4601
1889 3705
1893 2410
1893 3968
1894 2982
1894 5108
1894 5526
1897 5761
1898 5536
1899 5735
1900 4752
1900 5799
1902 4360
1904 5438
1906 4522
1907 5642
1908 3258
1908 3597
1908 3725
1908 4646
1908 4992
1908 5199
1909 2018
1909 2387
1909 5210
1910 2613
1911 4193
1912 2389
1913 3065
1914 2342
1914 2637
1916 3085
1916 3647
1919 3931
1919 5078
1919 5214
1920 2731
1920 2946
1920 3719
1921 3294
1922 5349
1924 2511
1925 1997
1925 5135
1926 2266
1928 2793
1929 2574
1929 4114
1929 5727
1930 3159
1930 4040
1932 2952
1932 3900
1933 5412
1933 5432
1934 3233
1934 5847
1937 5789
1938 3512
1938 4034
1938 5427
1940 2943
1940 5292
1940 5416
1943 4851
1946 3647
1946 4264
1946 4912
1948 4679
1949 3521
1951 2086
1951 2462
1951 2880
1951 4307
1951 4376
1953 4585
1954 2673
1956 2453
1958 4665
1958 5384
1958 5766
1958 5930
1960 5347
1963 5070
1963 5826
1964 2569
1964 4149
1965 5667
1966 3496
1967 4011
1968 2166
1969 3263
1970 3330
1971 2611
1971 4898
1972 4906
1975 2828
1975 4407
1975 5200
1975 5254
1977 3098
1978 3899
1978 4894
1979 3293
1980 5397
1981 3598
1982 2576
1983 2336
1983 3742
1984 2778
1985 2967
1985 5410
1986 5224
1987 5977
1989 3632
1990 3774
1992 2449
1992 3732
1993 2028
1993 4389
1994 4657
1994 4822
1994 5145
1996 4120
1996 4733
1996 4800
1996 5612
1996 5959
1999 4021
2001 3688
2002 4232
2002 4689
2003 3331
2004 2583
2004 4960
2005 3503
2005 3516
2006 5522
2006 5855
2008 5113
2009 2541
2009 3462
2009 5280
2010 2129
2011 3663
2012 3087
2013 4615
2013 4617
2013 5734
2014 2097
2016 2572
2017 2841
2018 2234
2018 2362
2018 2429
2018 2484
2018 2855
2018 3176
2018 3456
2018 4040
2018 4498
2018 4720
2018 5206
2018 5607
2019 2503
2019 5286
2020 5316
2021 5210
2023 2675
2024 5710
2025 2537
2025 3038
2025 3054
2025 3125
2025 3186
2025 5930
2027 3263
2027 3708
2028 3250
2028 3554
2029 5824
2030 2622
2030 3081
2031 2556
2031 2757
2032 2216
2033 4551
2033 5621
2033 5720
2034 4774
2037 2051
2037 3890
2037 5221
2038 4658
2039 3660
2040 2523
2041 3202
2041 4809
2042 2557
2042 4713
2043 5876
2044 2071
2044 2155
2045 5286
2046 2079
2046 4108
2049 2711
2049 4735
2049 4941
2049 5787
2050 5980
2051 3727
2052 3870
2053 4031
2054 4977
2055 2817
2055 3873
2056 4848
2057 3141
2058 3065
2058 5470
2059 3547
2059 4767
2060 3294
2063 4232
2063 4620
2063 5603
2063 5818
2064 3377
2064 5550
2066 2995
2066 3598
2067 2732
2067 4482
2068 3935
2070 4676
2072 5099
2073 2489
2073 2988
2075 2109
2075 5865
2077 3440
2077 4681
2078 5492
2079 2706
2079 3455
2079 4040
2079 4258
2079 4690
2079 4752
2080 5563
2081 2940
2081 3200
2081 4193
2081 4607
2081 5702
2082 3888
2083 4187
2084 4655
2085 3201
2086 2222
2086 2456
2086 4545
2087 3856
2088 2673
2088 5322
2089 2879
2091 2794
2094 3153
2095 4255
2096 3370
2096 3951
2096 4327
2096 5374
2097 3733
2098 2373
2099 5217
2099 5643
2102 3572
2103 4844
2104 4868
2104 5561
2104 5932
2105 4821
2110 3601
2110 4590
2111 3019
2111 3392
2111 3805
2112 2208
2114 2219
2114 3243
2114 4639
2114 5349
2115 2387
2115 4092
2116 3249
2117 5021
2119 5371
2120 5200
2121 2518
2122 3666
2123 2753
2124 3928
2125 2224
2125 3809
2125 4446
2125 5528
2126 5889
2127 4546
2128 4161
2128 5163
2129 5141
2130 5552
2132 2421
2132 4074
2133 2385
2133 3427
2133 5805
2134 3731
2135 3154
2136 3364
2137 4925
2137 5726
2138 2233
2139 3845
2140 5718
2141 4987
2142 2608
2142 4644
2144 3612
2145 4205
2147 2913
2148 3625
2149 3689
2150 4606
2151 3116
2151 3768
2152 2959
2152 4617
2153 2846
2155 3348
2155 4242
2156 4524
2157 5211
2158 2944
2159 2293
2160 2824
2162 5142
2163 4606
2164 5231
2165 2382
2165 3505
2165 4866
2166 2169
2166 2514
2167 5045
2169 2835
2170 4473
2171 2327
2171 2550
2171 4500
2172 4847
2175 2383
2175 3789
2176 2386
2177 3063
2179 2593
2179 3288
2179 5059
2180 3341
2181 4013
2181 4229
2181 5820
2182 2618
2182 3556
2183 3369
2184 5323
2184 5894
2186 5434
2188 2280
2189 2387
2189 3168
2189 5389
2189 5483
2190 5193
2190 5918
2192 3750
2193 2880
2193 3394
2193 3730
2193 4184
2193 5827
2194 2814
2195 3225
2195 3885
2196 4349
2197 5816
2198 2317
2202 5612
2202 5828
2203 4835
2204 2754
2204 4562
2205 3422
2209 3171
2209 4329
2209 4507
2209 4969
2209 5385
2210 4617
2211 2395
2211 3338
2212 5100
2213 3972
2213 4078
2214 2928
2214 4018
2215 3506
2216 3136
2216 4964
2216 5524
2216 5579
2217 4998
2225 3619
2225 4999
2225 5590
2226 4175
2227 2771
2228 3457
2230 3943
2230 4686
2232 4816
2233 3096
2234 2469
2234 2548
2234 4569
2234 5450
2235 4962
2236 4294
2237 5943
2238 4569
2239 2773
2240 4308
2240 5679
2241 3616
2242 4249
2243 2971
2243 3630
2243 5280
2245 5910
2246 4344
2246 4953
2246 5814
2248 5800
2249 5184
2250 5918
2255 3280
2255 4028
2256 2262
2257 3050
2257 5427
2258 2890
2259 5963
2260 2343
2261 4409
2263 2906
2264 3896
2264 4480
2265 3258
2266 4040
2267 2754
2268 2644
2268 4362
2269 4688
2269 5070
2270 5597
2271 2424
2273 3678
2275 5466
2276 3203
2276 3757
2276 4368
2276 5397
2277 3230
2279 2517
2279 3004
2280 2544
2280 4588
2280 5253
2282 2394
2282 2645
2283 3103
2283 4542
2286 4384
2287 4323
2288 3277
2289 5299
2290 2736
2291 5115
2292 5439
2296 2650
2296 4742
2298 4809
2299 5547
2300 2714
2300 3863
2301 2489
2301 5294
2303 3210
2304 2551
2304 5083
2304 5342
2305 3038
2305 4025
2305 4673
2306 2443
2306 2743
2306 3039
2307 5279
2309 3297
2310 2842
2311 2876
2311 4302
2312 2338
2312 5931
2313 3688
2314 2624
2316 4860
2317 2665
2317 3099
2317 5568
2317 5743
2318 2996
2320 2773
2320 2957
2320 3188
2320 5835
2321 4306
2321 4667
2322 4713
2323 3664
2323 5704
2324 2557
2324 4020
2324 4198
2324 4869
2324 5055
2325 2925
2325 3743
2326 3958
2328 2945
2328 3597
2328 3653
2329 2463
2329 5506
2330 3215
2330 3751
2331 2906
2331 4489
2332 5227
2333 2824
2334 3584
2335 4653
2336 4627
2337 2820
2337 3794
2338 4412
2339 2433
2340 5524
2343 3704
2343 4031
2344 3578
2346 3553
2347 5670
2349 5915
2351 5084
2354 2442
2354 2631
2354 3892
2354 4838
2356 4878
2356 4879
2357 3776
2358 2450
2359 4533
2360 3441
2361 3366
2361 3945
2361 4413
2362 3833
2362 3933
2362 4205
2362 4776
2362 5739
2363 3686
2365 5337
2369 3417
2370 3576
2372 5176
2373 4464
2374 4070
2376 2888
2377 3271
2377 3985
2379 4616
2380 4176
2380 4613
2380 5285
2380 5312
2380 5721
2382 2392
2382 3795
2382 4288
2383 4406
2384 2846
2387 4058
2387 5905
2388 5683
2389 3063
2390 4063
2390 4699
2390 5646
2392 3639
2393 4232
2393 5140
2394 3594
2395 3470
2395 5588
2396 4363
2396 5069
2397 4024
2398 2672
2398 5951
2399 3643
2401 2760
2402 2684
2403 3608
2404 3064
2405 3001
2405 5101
2406 3977
2408 4093
2409 3975
2409 4784
2411 4561
2412 2642
2413 5718
2414 3959
2416 3687
2416 3848
2417 2538
2417 4357
2419 2453
2419 4081
2419 4872
2422 2513
2422 2527
2422 2783
2424 5156
2425 4155
2427 2557
2429 3478
2429 4334
2431 2555
2432 2917
2432 3241
2432 4146
2434 3828
2435 2575
2436 4695
2438 4815
2438 4976
2439 5508
2440 4107
2440 4397
2440 5075
2442 3077
2442 3896
2442 4144
2442 5357
2444 5103
2444 5853
2445 2616
2445 3272
2445 3681
2445 5086
2446 3813
2448 3583
2451 3694
2451 5389
2453 5593
2453 5659
2458 4624
2459 4962
2460 2988
2461 4724
2463 3906
2464 3195
2464 4644
2466 2956
2468 3059
2470 2506
2471 2975
2471 3799
2473 3429
2473 4268
2475 2838
2476 4254
2476 5363
2478 3873
2479 2994
2479 4420
2479 5198
2480 2861
2480 4411
2480 4522
2481 5830
2482 2868
2483 2517
2483 3902
2485 5641
2486 5491
2486 5648
2487 4590
2488 5918
2490 4928
2490 5000
2491 4944
2492 2595
2492 5413
2493 3831
2494 2803
2495 4735
2496 2856
2496 3556
2496 5650
2497 2780
2498 3166
2500 2651
2500 3182
2501 3008
2501 4010
2501 4560
2501 5063
2502 5791
2502 5876
2504 2928
2505 5576
2506 3191
2506 4600
2507 2664
2508 4193
2508 5846
2509 4166
2511 3090
2513 3312
2513 4113
2513 4832
2513 5369
2515 3209
2516 5024
2517 4372
2522 5403
2524 2717
2524 4669
2525 4716
2526 4917
2528 2553
2529 2683
2531 4902
2532 5803
2535 4728
2535 5456
2538 3131
2539 4471
2540 2987
2541 3400
2543 2911
2545 4579
2545 4922
2546 2764
2547 5423
2548 4143
2549 4039
2551 3107
2551 3203
2551 3648
2552 2967
2553 4008
2553 4809
2554 5192
2555 3736
2555 3747
2556 3735
2556 4340
2556 4888
2556 5510
2556 5738
2557 4642
2558 5174
2559 2581
2559 4764
2560 5874
2561 3513
2561 4693
2562 4754
2563 4846
2563 5234
2564 2705
2564 2752
2564 4458
2565 3988
2566 5535
2567 4388
2568 3933
2568 4050
2570 3898
2570 5105
2571 3746
2572 3280
2573 2690
2573 4244
2576 2953
2577 4509
2577 5393
2578 2922
2578 3825
2578 4382
2579 3152
2580 3619
2581 3129
2581 3233
2582 4819
2582 5818
2587 4314
2587 4874
2588 3506
2589 5849
2591 5720
2594 3197
2594 4232
2594 5161
2595 3040
2596 3244
2596 4664
2596 5122
2597 3139
2600 5833
2601 3051
2603 2955
2606 3189
2610 2753
2612 4614
2613 5423
2614 5906
2615 3185
2615 3500
2616 3572
2616 4568
2617 5910
2619 4497
2619 4982
2620 4734
2620 4995
2620 5861
2621 5461
2622 4295
2623 2997
2624 4395
2624 5999
2625 4027
2626 5366
2627 3497
2627 5047
2628 4066
2630 4564
2631 3007
2631 3289
2631 3997
2632 4956
2632 5652
2633 4485
2634 5849
2635 4741
2638 3603
2638 5040
2641 3312
2642 3016
2642 4577
2644 4137
2644 5676
2645 3596
2645 3691
2645 4486
2645 4962
2645 4983
2648 4060
2649 3030
2649 3774
2649 4920
2649 5071
2649 5286
2650 3788
2651 4193
2651 4491
2653 2963
2654 4418
2655 2946
2655 2962
2655 5186
2656 3261
2656 4259
2656 5286
2656 5656
2657 5549
2658 4877
2660 3590
2660 3746
2660 5200
2661 4741
2663 3879
2663 4314
2664 4023
2666 3938
2667 4910
2673 3703
2675 4753
2675 5642
2676 5610
2677 2732
2677 5542
2678 4135
2678 5551
2679 3582
2680 3844
2682 5073
2685 3412
2685 4712
2686 4377
2687 4951
2688 5345
2689 4212
2690 3262
2691 4731
2691 5559
2692 3930
2693 3283
2693 3467
2694 4472
2696 4329
2696 5914
2698 5925
2699 2807
2699 3106
2699 3591
2699 3915
2702 5359
2705 4283
2706 4475
2707 2896
2707 4077
2707 4794
2707 5135
2707 5172
2708 4724
2710 3198
2710 3346
2710 5873
2710 5990
2712 2740
2712 5507
2713 3372
2714 5094
2714 5277
2714 5306
2715 4569
2717 5373
2720 4132
2722 3332
2722 4280
2722 5207
2725 3821
2728 3467
2728 4523
2729 3652
2729 3703
2730 3353
2732 5531
2733 2915
2733 5042
2733 5273
2733 5611
2734 2736
2734 2921
2735 3663
2735 5490
2737 3278
2738 4102
2740 3345
2740 5225
2741 5895
2742 2868
2743 3033
2744 3987
2744 4679
2746 5967
2748 4096
2748 4583
2749 5047
2750 3382
2751 5651
2753 4411
2754 2877
2754 3290
2754 4755
2755 5040
2755 5167
2755 5720
2758 4053
2759 3694
2761 4472
2762 3955
2764 3927
2765 4596
2767 3019
2768 4200
2770 2980
2771 5831
2773 3176
2773 3800
2773 4944
2774 4915
2775 4043
2777 4049
2778 4153
2778 5493
2779 3195
2779 3292
2779 3317
2779 5843
2779 5888
2780 2864
2780 4984
2781 4208
2783 3996
2785 2998
2785 4591
2786 2928
2787 5142
2790 4351
2791 3808
2791 5178
2792 4860
2794 5718
2795 3834
2796 3757
2798 2849
2798 4170
2799 4596
2801 3676
2802 5196
2806 5029
2806 5705
2808 3663
2808 4756
2809 4784
2810 5925
2811 3560
2812 3692
2812 5719
2813 3560
2815 4150
2816 4012
2816 5864
2818 5833
2820 5428
2822 3375
2823 4497
2825 2946
2826 4583
2827 4559
2829 3408
2829 4185
2830 5158
2830 5702
2832 3769
2833 4512
2836 3907
2837 5359
2838 3820
2838 3839
2838 5837
2839 4194
2840 5329
2842 3250
2843 2886
2844 4099
2847 3504
2848 3210
2849 3754
2850 4236
2850 5341
2851 4553
2851 5606
2852 3030
2852 3910
2853 4213
2855 2859
2855 4305
2855 4348
2855 4376
2855 5850
2857 5061
2858 4403
2861 4902
2861 5068
2863 3659
2864 4330
2865 4993
2867 5305
2868 4478
2869 3714
2869 5280
2871 3641
2872 4163
2873 3769
2874 3094
2874 5875
2876 3470
2876 5779
2877 3473
2877 3661
2877 3851
2877 4094
2879 3524
2879 5759
2879 5916
2880 2968
2880 4667
2881 3530
2881 4034
2884 5694
2885 4152
2888 3651
2888 5180
2889 3657
2892 3769
2892 4900
2893 3549
2893 5893
2894 3401
2895 3944
2897 5139
2897 5334
2899 3227
2902 4376
2903 4705
2904 3544
2904 5628
2905 3381
2906 3181
2906 3360
2906 4723
2907 3806
2908 4787
2909 3575
2911 3219
2911 3991
2911 4482
2912 4077
2913 5487
2914 3657
2914 5707
2915 3345
2915 3841
2915 3960
2915 4452
2916 3156
2919 3711
2919 4661
2919 5788
2920 4691
2920 5817
2922 3876
2922 3898
2922 4274
2922 4774
2923 4932
2923 5555
2923 5691
2924 4816
2925 5970
2927 4016
2927 4319
2927 5934
2928 3829
2929 5068
2933 4906
2933 5756
2933 5823
2935 5092
2936 5161
2938 4468
2939 3905
2939 4730
2939 4945
2939 5395
2940 3087
2940 5097
2942 3623
2942 3794
2942 5256
2944 4251
2945 5741
2947 4737
2948 4773
2948 4903
2950 3785
2950 4333
2951 3197
2953 4187
2953 4823
2955 5930
2960 3301
2960 5910
2961 3369
2961 3970
2961 4035
2963 3581
2963 4940
2965 3006
2967 3489
2967 4310
2969 3429
2970 5901
2972 5985
2974 4231
2978 3250
2979 3029
2979 5816
2980 4720
2981 5384
2982 4041
2982 5612
2983 3538
2983 4771
2983 5258
2985 5596
2987 5601
2990 4367
2990 4848
2991 5847
2995 3893
2997 3858
2999 4473
2999 5305
3000 3967
3002 3996
3002 5732
3003 5832
3004 3995
3004 5609
3005 3116
3005 4949
3005 5791
3006 4386
3007 3010
3007 5144
3008 3398
3011 3641
3013 4383
3015 5288
3017 5004
3021 4493
3022 3192
3024 4669
3025 3057
3025 3821
3025 4804
3026 5442
3026 5847
3027 4549
3027 4813
3029 4226
3031 4388
3032 4421
3034 4316
3034 5095
3034 5893
3035 3375
3035 4800
3037 3256
3038 5427
3039 3336
3040 3748
3040 3997
3040 4194
3042 5633
3043 3102
3043 4028
3043 4835
3044 5672
3045 3528
3047 3381
3047 4920
3047 5667
3048 3325
3048 4362
3052 5460
3053 5902
3054 5035
3055 4626
3055 5071
3056 4141
3057 4001
3059 3731
3059 5578
3060 4838
3062 3068
3064 3655
3065 5056
3066 5861
3067 5825
3070 3681
3071 5828
3074 5947
3075 3578
3075 4116
3075 5821
3075 5979
3078 5406
3079 4305
3083 3663
3083 5263
3083 5676
3084 4000
3085 5682
3087 4178
3089 3463
3091 4588
3093 3914
3094 3520
3094 5511
3094 5718
3095 3571
3097 3372
3097 4228
3097 4458
3097 4483
3098 5716
3099 3767
3100 3133
3100 5005
3100 5601
3101 4652
3101 5414
3102 5955
3104 3300
3104 5477
3105 5183
3107 4087
3109 4214
3111 5384
3113 4289
3114 4447
3115 4310
3117 5422
3119 4509
3119 4709
3119 5641
3120 4905
3121 5943
3122 5769
3124 3251
3124 5685
3125 3195
3125 3675
3125 4759
3126 3208
3127 3818
3132 3750
3132 4119
3133 5419
3133 5749
3134 5499
3136 5489
3137 3599
3137 4928
3140 4778
3140 5429
3142 5900
3143 3555
3143 3913
3143 4468
3144 3992
3144 4806
3146 3977
3147 4345
3149 3346
3149 5317
3151 4816
3152 3898
3153 3766
3153 4153
3153 5544
3154 3969
3155 4072
3155 5144
3157 4029
3158 5424
3160 5002
3163 4545
3165 5077
3167 3964
3169 5875
3170 3954
3171 4814
3171 5123
3171 5574
3171 5676
3171 5791
3174 4051
3175 4321
3176 3620
3176 3798
3176 4411
3176 4566
3176 4685
3176 5635
3177 3181
3177 5463
3178 4841
3179 5094
3180 5399
3181 4257
3183 5954
3189 3505
3189 4518
3189 4984
3190 3798
3190 4697
3192 4325
3194 4312
3195 3897
3196 3353
3196 5815
3199 5304
3201 4434
3203 4360
3204 5117
3205 5713
3206 4773
3208 4791
3208 5626
3209 3215
3209 4249
3209 4517
3210 3655
3211 3625
3211 4154
3211 5077
3211 5352
3212 3521
3213 3617
3213 4656
3215 4752
3216 3299
3217 5959
3220 3442
3220 3619
3220 4851
3221 5077
3221 5484
3224 3968
3226 4082
3229 5764
3230 5764
3233 3386
3236 5264
3237 4321
3238 4823
3238 5420
3239 5096
3239 5990
3240 4235
3240 5831
3241 5880
3242 5244
3246 5784
3248 4990
3251 3923
3253 5315
3255 5002
3255 5992
3256 3354
3256 4630
3256 5482
3257 4428
3258 3377
3258 3855
3258 4424
3259 5366
3260 5389
3262 4358
3263 3364
3263 5132
3264 3350
3265 3343
3266 5976
3267 4058
3267 4739
3267 5098
3268 4920
3269 4187
3269 5830
3271 4988
3271 5028
3273 3517
3273 5295
3274 4336
3276 3876
3277 3279
3277 5073
3278 4088
3282 4353
3282 4825
3283 4746
3283 4805
3283 5079
3284 5221
3285 4416
3285 5990
3286 3406
3287 3313
3291 5937
3293 5797
3293 5849
3295 3474
3297 3597
3297 3878
3297 4557
3297 5487
3297 5650
3297 5814
3298 5107
3298 5554
3299 4348
3299 5368
3302 5431
3303 4425
3304 4680
3306 5575
3307 5288
3308 4376
3308 4886
3308 5366
3310 4015
3310 4573
3311 3602
3315 5635
3316 4624
3318 5962
3319 5190
3320 4159
3321 4860
3322 3394
3323 5959
3324 3964
3324 4449
3326 3406
3327 5641
3328 4528
3330 4616
3331 5038
3333 3343
3334 4713
3337 5345
3339 3835
3343 3793
3343 5358
3344 5828
3347 4059
3349 3556
3351 4286
3351 5222
3351 5956
3351 5968
3352 4235
3353 3435
3353 4215
3353 4824
3355 4080
3355 5884
3356 3560
3357 3960
3358 3974
3361 4350
3361 4677
3361 5358
3362 5116
3363 4637
3364 3798
3364 3954
3366 5577
3367 4455
3368 4182
3370 3865
3371 3769
3373 4232
3374 4103
3375 3642
3376 3979
3376 4568
3378 4966
3379 3516
3379 5022
3379 5474
3383 3804
3383 5172
3384 5900
3385 5718
3386 5202
3389 3620
3391 4975
3393 3747
3395 3467
3396 4597
3397 3616
3398 4540
3401 4014
3401 5575
3402 4576
3403 3851
3405 5365
3406 3775
3406 3806
3407 4314
3409 4896
3410 4037
3410 5577
3410 5624
3411 3757
3415 3761
3416 5403
3417 4396
3418 4604
3419 5889
3421 5253
3422 4454
3422 4501
3422 5219
3422 5816
3423 5689
3423 5703
3424 4599
3425 4146
3425 4270
3426 4123
3426 4331
3427 3527
3428 4000
3429 3521
3429 4537
3430 5526
3434 4564
3435 4492
3436 5285
3437 5601
3439 5234
3441 5136
3442 5281
3444 4610
3449 3543
3449 4514
3450 5695
3451 5648
3451 5987
3452 3501
3453 4062
3454 5202
3455 5735
3457 3852
3457 4594
3458 4035
3460 4502
3461 4608
3466 5449
3467 4205
3467 5489
3468 3925
3470 5946
3471 4531
3476 4482
3477 5008
3478 3840
3479 4898
3480 4663
3481 4157
3481 5498
3482 5106
3482 5806
3483 3496
3484 3911
3484 4944
3485 4744
3485 5962
3488 4371
3488 5043
3490 4110
3490 5711
3493 4805
3494 3947
3497 4881
3499 4942
3500 4180
3500 4831
3501 5345
3502 5651
3505 4463
3505 5293
3505 5924
3506 3566
3507 5183
3509 5431
3510 4068
3510 4898
3515 5628
3515 5777
3515 5915
3516 4765
3518 5933
3519 5061
3522 5173
3525 4974
3526 4761
3527 4503
3530 3819
3531 3909
3532 5108
3533 5229
3533 5513
3534 5878
3534 5930
3535 3646
3536 4628
3536 4844
3537 4483
3540 5124
3541 4906
3542 3770
3543 3774
3546 5794
3547 3600
3547 5085
3548 5929
3549 4388
3550 3718
3550 4555
3557 4404
3558 5845
3559 3761
3560 4028
3562 3958
3563 5847
3564 4777
3565 5146
3567 5328
3568 3597
3568 4097
3568 5896
3569 5658
3569 5771
3570 5710
3571 4989
3573 5202
3577 4493
3578 4607
3578 5626
3578 5868
3579 4595
3580 4958
3581 4051
3581 5881
3582 4467
3582 5178
3585 5981
3586 4923
3589 4341
3589 4611
3590 4505
3592 4354
3597 3837
3597 5820
3597 5930
3598 3787
3598 5302
3599 4019
3599 4109
3599 4445
3600 4199
3600 4379
3600 5898
3600 5923
3601 5049
3601 5207
3601 5356
3604 5064
3604 5639
3604 5930
3605 4945
3607 4175
3608 3661
3609 5813
3610 4659
3610 5371
3610 5479
3611 4685
3613 3937
3613 5610
3614 4295
3615 4534
3619 3645
3619 4576
3619 5714
3620 3832
3620 4346
3621 5681
3622 5423
3623 5235
3624 5404
3626 4926
3626 5910
3627 5145
3631 4266
3637 3903
3640 5335
3641 4287
3641 5825
3644 4520
3649 4242
3653 5862
3655 3922
3655 4916
3655 4976
3655 5529
3657 5063
3657 5245
3659 4786
3661 4322
3662 5575
3663 5258
3664 4326
3665 5099
3667 3760
3668 3687
3668 4256
3668 4806
3668 5678
3669 5280
3669 5790
3670 4855
3671 3722
3673 4477
3675 3739
3675 3860
3675 4030
3676 4984
3677 5473
3677 5918
3679 5633
3681 5249
3682 4572
3684 3732
3687 5558
3688 5495
3693 4276
3695 5457
3696 4782
3697 4121
3697 5440
3698 4988
3699 5468
3700 4909
3701 5217
3702 4961
3703 4632
3704 5309
3704 5654
3705 5556
3706 4349
3706 5117
3709 5955
3710 4650
3712 5393
3715 5008
3716 5266
3717 4589
3720 4391
3720 4629
3723 4884
3724 4080
3729 5581
3731 3913
3734 5404
3735 5212
3736 4187
3736 5929
3739 5515
3741 4685
3743 4498
3743 5053
3744 5333
3745 5702
3746 3977
3746 4218
3749 4930
3750 4649
3752 4873
3753 5209
3754 4568
3755 4756
3756 4287
3758 4651
3759 4859
3760 4052
3761 3830
3761 5295
3763 5616
3764 5214
3769 4074
3771 4959
3772 4411
3773 5881
3774 4651
3778 4045
3778 5456
3780 5996
3781 5231
3782 4266
3782 4822
3783 4279
3784 5775
3786 5709
3788 4925
3791 5076
3792 5947
3794 4537
3796 5438
3797 4197
3798 5063
3798 5124
3799 5106
3799 5143
3799 5751
3800 5567
3801 4561
3802 4144
3805 4261
3805 5496
3806 4356
3806 4625
3807 4166
3807 4818
3810 4980
3811 5003
3815 5564
3817 4264
3818 4808
3818 5954
3823 5759
3824 5576
3826 3922
3827 5073
3827 5149
3828 4743
3828 4749
3829 4994
3834 3891
3834 4536
3834 4830
3834 5604
3836 5047
3839 4703
3843 4144
3843 4471
3844 5235
3846 4891
3847 5115
3850 5206
3851 4051
3851 4592
3854 5358
3854 5472
3855 4150
3855 5353
3855 5769
3858 4630
3858 5084
3858 5377
3859 4646
3864 5360
3866 5974
3867 5447
3868 5913
3870 4873
3871 4375
3871 5364
3872 3928
3873 5216
3873 5918
3874 4583
3874 5430
3874 5698
3875 4944
3876 5828
3880 5288
3880 5912
3881 4272
3882 3896
3884 3888
3885 5417
3886 4707
3886 4768
3886 4816
3886 5692
3887 4590
3888 4456
3889 5754
3893 5859
3894 4130
3894 4440
3895 4920
3895 5903
3896 4636
3896 5021
3897 5566
3897 5628
3897 5917
3899 4526
3900 4216
3901 4866
3903 5601
3906 4839
3906 5153
3906 5319
3907 5600
3907 5615
3907 5999
3908 4001
3908 5754
3909 5205
3914 4372
3916 5223
3917 5063
3918 4997
3919 4895
3920 5072
3921 4657
3921 4770
3923 5667
3925 5104
3927 5510
3929 4946
3930 4158
3930 4263
3932 4092
3934 5553
3938 5599
3939 5141
3941 5720
3946 4328
3949 4455
3950 5740
3952 5832
3953 5070
3956 4017
3957 4132
3957 4421
3957 4425
3959 4367
3959 5354
3960 4209
3960 4580
3960 5860
3961 5957
3964 5560
3964 5570
3965 5918
3965 5994
3966 5532
3966 5979
3967 5449
3968 5497
3971 5485
3972 5666
3972 5793
3973 4667
3975 5057
3975 5265
3975 5836
3976 5378
3977 4874
3978 5677
3981 5865
3982 4987
3982 5236
3984 4071
3984 4550
3986 4531
3993 5389
3997 4937
3997 5775
3998 4204
3998 5139
3999 4315
3999 5578
4000 5851
4001 4039
4001 4102
4004 5120
4005 5013
4007 4027
4007 5962
4009 4173
4009 4696
4009 5794
4009 5893
4010 4271
4011 4214
4016 5626
4019 5761
4022 5640
4027 5415
4027 5868
4027 5925
4030 5394
4035 4309
4037 5344
4037 5477
4038 4464
4038 4741
4038 5963
4043 5349
4044 5662
4047 5084
4051 4466
4051 4927
4052 4557
4053 4934
4055 5499
4056 5518
4058 5398
4060 5344
4061 4838
4061 5657
4062 4718
4063 5360
4064 4650
4065 4163
4066 4512
4072 5897
4076 4506
4076 5798
4078 5016
4082 4647
4082 5824
4083 4811
4085 4815
4086 5244
4089 5256
4091 5714
4093 4662
4099 4452
4100 4919
4104 5781
4106 4653
4108 5241
4111 5164
4116 4260
4117 4749
4121 5619
4122 4300
4122 4870
4122 5530
4123 5813
4124 5399
4126 4818
4131 5737
4133 4383
4138 4532
4140 4678
4141 5807
4144 5296
4147 5878
4149 4157
4149 4312
4151 5449
4154 5399
4154 5444
4155 4202
4161 4184
4161 4971
4162 5154
4163 5518
4164 4478
4165 4305
4165 5115
4168 4623
4168 4966
4177 4674
4180 5712
4180 5899
4183 4759
4186 5395
4187 4840
4187 5239
4187 5676
4189 4518
4190 4493
4190 4722
4191 4929
4192 5679
4195 4547
4196 4886
4197 5008
4197 5175
4201 4715
4201 4888
4203 4273
4203 5230
4204 5297
4204 5465
4205 4880
4205 5408
4205 5576
4210 4434
4211 4804
4212 5505
4213 5117
4214 4278
4217 5686
4219 4945
4219 5199
4220 5598
4222 5491
4222 5921
4223 4963
4231 4678
4232 4725
4232 5884
4232 5969
4232 5972
4233 4299
4233 4453
4233 4721
4233 5679
4237 5568
4240 4532
4241 4320
4241 5848
4245 4827
4246 5728
4248 4350
4249 5150
4253 5938
4254 5304
4256 5512
4258 5180
4264 4586
4269 4552
4269 4676
4272 5386
4272 5768
4275 4523
4276 4720
4277 4720
4279 5926
4282 5062
4284 5249
4285 4358
4287 5528
4288 4799
4289 4572
4290 5426
4291 4305
4293 4780
4294 5046
4296 4530
4297 5421
4297 5918
4298 5135
4300 4641
4300 5139
4303 5023
4304 4324
4305 4918
4305 5127
4311 5233
4313 5701
4317 5288
4321 5358
4324 5183
4325 4892
4328 4589
4329 5519
4332 5868
4334 4593
4337 5180
4338 5404
4339 5178
4345 5905
4347 4532
4348 4655
4350 4387
4352 5404
4352 5892
4353 4399
4354 5497
4355 5593
4355 5983
4358 4894
4358 5144
4359 5168
4362 4474
4363 5212
4363 5451
4364 5449
4364 5808
4367 4428
4368 5543
4374 5874
4376 5700
4378 5411
4378 5419
4380 5871
4385 5177
4385 5315
4389 5268
4389 5836
4393 5339
4394 5871
4398 5108
4400 4786
4401 4846
4405 4966
4408 4961
4408 5090
4410 4509
4411 4669
4411 4777
4412 4795
4423 5088
4424 4521
4426 5844
4427 5039
4428 4597
4428 4608
4429 5491
4432 4953
4435 4773
4435 4897
4435 5262
4439 5504
4440 5825
4441 5845
4443 4792
4443 5073
4445 4688
4445 4881
4445 4920
4448 4849
4451 5189
4452 5406
4453 4672
4458 4614
4459 4729
4462 5936
4464 5534
4464 5585
4465 5990
4467 5197
4469 5992
4470 5352
4473 4827
4476 5127
4479 5154
4481 5516
4482 5913
4484 4703
4485 4825
4487 5685
4494 5580
4495 5871
4495 5944
4498 5136
4498 5390
4501 5332
4502 5441
4502 5942
4504 5132
4506 4646
4509 4664
4510 5188
4511 5952
4516 4630
4517 5889
4518 4807
4519 5041
4519 5863
4523 4670
4523 4850
4528 5588
4529 4894
4530 5073
4534 4709
4535 5688
4537 5852
4543 5493
4544 5884
4548 5346
4553 5501
4555 4802
4557 4961
4557 5230
4558 5965
4559 5074
4566 5129
4566 5651
4567 4683
4567 5877
4571 5548
4572 5456
4572 5780
4573 4754
4574 4955
4575 4740
4579 5124
4581 5747
4583 4698
4595 5321
4598 5020
4599 4681
4605 4706
4605 5286
4607 5298
4608 4857
4608 5504
4609 4757
4612 5142
4612 5255
4615 5788
4618 5377
4619 5518
4622 5269
4624 5581
4627 5448
4628 5588
4634 4874
4635 5060
4637 4962
4637 5527
4641 5181
4641 5337
4644 4867
4657 5125
4657 5881
4659 5378
4659 5831
4660 5361
4662 4714
4662 5251
4666 5884
4667 5956
4671 4685
4676 4846
4678 5528
4681 5154
4685 5952
4688 5364
4688 5744
4688 5834
4690 5443
4691 5280
4692 4741
4698 5437
4702 4803
4704 5207
4713 4913
4717 4933
4720 5114
4726 4801
4736 5438
4737 5620
4741 4852
4743 5204
4745 5396
4745 5769
4749 5783
4750 5749
4751 5749
4757 5026
4760 5475
4762 5091
4766 5690
4774 5713
4775 5638
4782 4829
4783 4900
4785 5469
4786 4988
4789 5062
4790 5605
4793 5694
4794 5740
4797 5578
4798 5555
4803 5886
4806 5233
4809 5348
4816 5874
4817 5460
4828 5763
4830 4890
4831 5457
4834 5029
4838 5725
4838 5985
4841 5144
4843 5192
4845 5292
4846 5996
4853 5533
4855 5404
4857 5693
4858 5852
4861 5539
4862 5499
4864 5160
4865 4875
4865 4929
4873 5255
4876 5972
4877 5106
4883 4957
4893 5349
4894 5967
4895 5058
4898 5355
4899 5168
4901 5242
4902 5052
4902 5832
4904 5922
4905 5959
4909 5514
4915 5219
4916 5720
4917 5256
4920 5054
4920 5958
4920 5999
4923 5318
4923 5330
4924 5290
4924 5370
4935 5862
4936 5760
4944 5304
4946 5762
4950 5059
4952 5367
4955 5825
4957 5065
4958 5704
4959 5475
4962 5580
4970 5998
4973 5351
4974 5146
4978 5507
4981 5608
4983 5928
4988 5223
5005 5008
5005 5320
5006 5928
5007 5021
5014 5263
5014 5647
5016 5326
5020 5747
5023 5765
5025 5046
5027 5414
5030 5490
5032 5193
5035 5380
5037 5654
5038 5674
5039 5998
5044 5713
5046 5318
5048 5415
5061 5684
5067 5353
5067 5856
5069 5462
5072 5144
5072 5610
5072 5756
5073 5422
5077 5825
5077 5942
5081 5257
5081 5729
5084 5318
5087 5879
5101 5749
5102 5206
5108 5947
5112 5840
5120 5978
5122 5343
5126 5549
5133 5784
5136 5613
5139 5454
5142 5699
5143 5184
5162 5971
5165 5988
5169 5286
5176 5576
5177 5694
5182 5475
5185 5663
5192 5762
5203 5581
5205 5697
5206 5836
5207 5381
5207 5701
5208 5653
5213 5629
5218 5905
5220 5230
5220 5314
5221 5455
5221 5930
5227 5385
5228 5981
5230 5269
5237 5306
5238 5307
5246 5731
5247 5517
5253 5295
5256 5709
5260 5795
5261 5762
5274 5898
5279 5587
5283 5337
5286 5801
5286 5935
5292 5802
5300 5366
5304 5599
5308 5479
5313 5679
5328 5957
5329 5446
5332 5617
5335 5850
5336 5654
5340 5707
5344 5683
5347 5519
5362 5449
5362 5518
5365 5658
5367 5870
5369 5708
5376 5918
5378 5919
5384 5658
5386 5456
5391 5717
5401 5993
5403 5409
5405 5826
5414 5785
5418 5427
5419 5573
5424 5956
5429 5909
5446 5606
5446 5669
5446 5930
5453 5775
5458 5866
5464 5996
5471 5739
5472 5478
5474 5840
5486 5637
5491 5813
5494 5640
5496 5950
5499 5816
5500 5983
5509 5587
5515 5723
5525 5831
5533 5818
5533 5844
5548 5648
5553 5830
5568 5724
5569 5631
5570 5995
5571 5649
5571 5886
5572 5593
5578 5633
5588 5729
5595 5659
5599 5894
5601 5673
5621 5882
5631 5674
5634 5768
5636 5905
5645 5647
5656 5960
5656 5973
5657 5885
5681 5885
5684 5847
5688 5784
5714 5991
5720 5836
5729 5958
5731 5858
5733 5999
5752 5930
5759 5879
5770 5826
5772 5872
5780 5838
5784 5949
5791 5992
5825 5988
5831 5952
5842 5896
5881 5906
5911 5946
5930 5998
5965 5966
3135 2332
5643 3367
4626 4736
2959 5559
254 1059
1695 1306
431 744
3163 5093
5657 3126
1395 2283
823 2834
1457 1316
5029 415
907 4758
5661 5035
5701 4238
3246 2348
2950 5431
2245 3489
2616 3659
2556 3020
1572 4030
4973 2742
3712 256
2247 4704
5117 1693
4276 1273
3312 1470
1348 2545
589 1767
1985 3900
5688 3276
2297 2
1483 4783
5333 3180
1972 1265
2509 4117
4298 873
2141 2640
985 1597
4122 373
3203 2914
2575 4888
1880 5555
4645 3056
4573 1276
208 387
911 5013
4088 2436
4744 4052
3683 3455
4088 1262
150 3261
1411 541
3583 5684
3991 5409
1169 1199
3225 2282
2147 5295
1500 3743
1832 1102
14 1648
2559 1223
5511 1089
47 4160
5407 1904
4197 2099
3942 2872
3486 4222
3716 3999
5929 2579
593 2414
2446 4924
1965 2220
867 473
3104 4500
914 5743
2423 3682
722 3642
4875 349
3520 721
1507 575
3959 5621
3290 1406
5580 4243
4811 376
5744 1648
3284 1238
2001 2236
1434 1664
4976 323
5313 143
3256 4088
2505 747
1576 5533
2938 624
2584 5771
2783 4309
643 3236
8 560
2395 4425
5405 2395
1018 239
1021 199
2022 3019
4187 16
2821 4953
3354 2565
3803 4260
1805 4701
52 1683
5370 298
2514 2580
2604 2275
553 2535
5538 2695
5390 3548
1198 1675
5732 362
5380 553
105 3425
5441 3884
1165 1293
2722 4107
3011 3029
2026 923
508 3483
2160 4052
1702 923
5896 2800
5655 5976
3464 901
3973 2365
2635 5677
3143 3924
5979 2657
5817 2975
2970 2362
1497 646
345 1785
1740 3091
5405 2762
5792 466
5410 1814
4983 1440
5978 5063
2234 3917
82 4195
5989 5094
4094 3427
2276 1169
2521 3130
878 5644
4367 2726
3001 443
2005 2182
2179 1479
2451 1706
4535 479
1346 5769
512 1844
2099 3504
1493 3969
2754 2517
4707 1792
3313 5950
369 863
5622 5956
5793 5608
2269 3490
2381 4253
343 902
3439 5424
2380 681
1825 3198
1453 3510
3798 1667
1935 5804
1998 4746
3406 5887
3640 1874
1594 800
5258 134
5489 3842
4143 715
191 4566
4074 2938
5380 194
1173 4017
5881 1763
317 2437
2974 5318
1520 305
379 1632
190 4289
524 4244
5672 1592
5579 4703
4170 870
4592 2882
1004 2808
3469 5094
4573 1079
5860 4438
200 807
3126 4072
2390 5035
5451 1039
2265 400
2462 3162
709 2544
2771 1789
3791 5699
5265 3134
3071 2331
3099 2385
2688 80
1900 2078
2121 241
485 53
1073 5722
4390 534
1832 5093
4402 1719
2991 475
3671 4677
3583 2067
2464 4046
4617 469
2504 1141
1700 4238
5947 3248
1339 3659
5260 3499
5955 2054
1309 5231
2224 4049
3715 3640
5008 2182
2435 3747
556 1741
5612 5978
273 4320
5255 749
4208 930
976 2747
4952 4012
3941 4257
3713 1728
2674 5800
2085 3933
4389 291
4079 3533
4567 3632
4061 4253
4064 4271
5028 3548
2760 3309
4632 4774
5607 3128
5506 52
2953 1609
1482 5580
4908 4185
3130 1640
758 880
2584 3300
5442 409
4896 1246
5270 4879
5011 4548
1264 4604
5295 5153
1734 57
1330 179
1178 4839
3399 5643
4689 912
4955 5378
3257 3094
2351 2227
4710 826
1790 2060
5712 683
2608 2789
1599 3890
2427 216
5718 3276
5404 3415
652 205
4574 886
479 3596
4436 2109
5735 4670
1897 1810
2985 4005
5532 2630
245 2168
3916 2051
1576 2297
1083 762
498 1199
5923 2999
5284 2703
5353 4899
2535 313
2820 2093
757 5791
5067 4001
2439 3114
5835 1358
2863 3780
951 1435
3711 3573
4769 3358
2808 3669
2550 277
179 3541
2782 3884
4873 2395
1345 4825
1862 5085
334 2642
4394 5369
4907 5399
2285 3634
1394 2899
4335 3689
5487 4179
4309 2439
368 1389
96 4060
3100 2770
1372 4242
240 3056
1124 2535
4746 3281
693 508
3527 2726
5352 1653
109 923
792 3257
955 3216
2563 4637
3370 4379
3131 1285
1776 1587
2418 5374
2138 845
4572 3366
5703 404
2132 3799
151 2096
3375 3511
3337 2273
472 5436
4970 267
1559 3062
1324 4761
4068 3099
3465 5596
12 869
2058 5944
1553 3958
5843 4355
3986 2377
629 390
4937 1861
2569 4857
375 3795
2049 1782
4185 4606
642 1375
1261 4452
3598 1401
4556 3525
4775 1412
3312 1243
372 4815
1815 4900
1728 3830
2469 5477
3167 903
2464 3220
3778 2332
2493 5641
3139 724
5562 3228
296 2730
5594 3205
4254 1962
2636 5124
510 2911
3682 121
1120 2084
725 1835
3476 274
5180 129
5106 3166
4724 4698
4912 1190
1086 300
713 4692
3307 1477
4965 4582
926 1044
3048 5450
299 2838
3129 2487
5562 5080
1150 4783
1214 910
4807 134
3288 5551
2851 213
532 5184
5625 2247
2116 4086
3902 1701
3873 2847
5075 4296
3462 3699
509 5564
953 2343
1965 2278
5325 774
2113 1320
5834 3224
891 1764
3082 5007
2987 6
2340 5194
2981 4548
2933 2586
245 1462
4009 2824
4116 3124
1879 5949
5694 3243
5468 3778
491 2401
450 2319
942 2525
5698 3431
304 2086
724 4279
2735 5563
5731 3705
4364 3470
1803 3365
3927 2582
4496 3840
5136 341
2355 5251
5799 2954
1982 1427
3038 5764
5936 4761
5361 813
3115 5747
1954 369
4969 5132
2818 2522
2407 2325
5509 3722
431 248
5672 182
1661 3327
4781 5797
5895 979
5853 5772
2996 3238
228 3832
1490 3860
5206 3746
4944 2853
2381 4301
1004 2171
2272 5812
4845 5582
982 1041
600 5903
1880 291
3928 4727
3760 3407
564 1779
3165 1945
3070 505
1632 2882
137 3609
5330 2241
4578 871
2804 208
4327 5922
1845 5743
4668 5560
2646 987
5585 1725
2634 1581
2046 1762
3460 3153
2104 3173
4422 5495
3163 2718
4836 4098
1628 153
4857 3638
2565 3048
2813 869
1119 1788
597 1176
1186 362
789 4510
5888 4108
1747 4261
1354 4056
4762 459
4351 2488
1946 1805
4551 4637
893 4826
4604 1817
3031 5165
2892 4392
1336 5801
4426 4925
31 3272
3539 5171
3420 2352
3931 4469
1132 5798
5317 1592
2743 4393
3173 5422
1358 3916
4354 5248
5597 2997
1422 1568
3220 1384
4824 4940
304 3091
4609 3393
2059 2471
956 831
178 4598
5393 2726
1257 302
4800 2382
4011 3423
4139 1385
1443 724
4810 4780
3529 3433
2034 411
1929 1354
150 262
3873 5664
577 5663
3406 1931
4454 2249
3452 3012
4675 1942
1413 2353
536 2203
2497 877
1848 282
216 3951
274 4935
2672 2816
858 1790
4775 4604
1744 4851
4912 4082
5869 4459
4357 1450
3991 3167
4171 2270
3659 3842
552 1760
3328 5171
4212 5214
4117 5219
965 2164
2878 5866
5154 5347
5932 767
925 3683
1942 267
4943 1828
3161 2499
3820 1449
4558 1128
208 171
703 285
2034 3897
3342 4772
4628 3316
1599 1452
1504 2155
200 3538
202 5751
3910 5595
583 3126
4999 3420
419 4295
1237 4184
4080 4172
2461 4710
5997 758
5335 2826
2707 315
3760 795
7 3710
4431 1906
3622 1964
1897 581
4417 2891
2312 1723
61 4679
1638 1803
2760 5270
3671 2678
3337 2403
5109 4840
3459 3231
5887 5302
1910 5426
1495 302
2504 18
5859 5523
1409 156
67 3644
2661 1089
979 1058
4490 3350
249 4918
4784 2290
1182 2930
5702 598
4556 4565
1383 3900
5209 5182
889 1502
4845 5368
2927 697
3566 528
2079 4051
854 2604
4475 4725
4827 3820
2943 5423
2373 4952
3449 1063
4592 4694
5590 3593
16 4864
1672 4328
2289 4579
4047 2994
5010 1330
5512 1159
5471 3232
3734 3328
1489 3763
3924 3221
4177 2443
624 1789
4891 678
2943 2714
1775 4445
3266 2306
2524 5184
3145 434
1282 3109
1794 2640
4400 1541
3623 2970
3432 3457
1318 5419
2217 3382
585 3210
3666 5298
3638 3179
3263 601
5025 3744
4455 573
5497 4502
1356 4630
1472 1442
421 1768
5475 1976
1210 3439
4392 3299
2634 990
4460 1268
2884 4581
4636 381
5433 3333
5329 4171
5182 5000
3176 2420
3731 197
5853 5452
2316 145
4787 4118
4533 912
2248 689
1965 1941
4005 458
331 1860
230 870
3956 536
1402 5116
2830 4557
146 167
2683 3975
2591 215
1887 3413
175 80
761 5308
5126 5874
1309 2258
1442 4476
5589 2715
4265 5666
2764 5466
4128 1870
2292 4203
4133 3283
4558 5741
4734 4732
3096 2691
409 3136
1965 1458
5101 3389
4324 1333
6 2331
896 5283
4520 5744
4159 4863
465 292
5928 4729
4000 5302
3127 2142
2478 3856
1310 4213
4076 2240
1949 3038
4154 4573
5930 1062
4929 5201
2599 2564
1050 4991
2254 5499
2828 5085
1822 5939
5797 1245
3433 2906
5404 5311
503 2704
5410 5747
1817 3230
5353 2964
1852 1866
4837 1169
1588 5396
3603 2724
4640 1799
1802 5332
13 2717
4267 3157
2063 1097
3300 2050
3961 1718
4975 2288
2727 1960
2044 4134
5327 4396
4573 1925
91 1818
5433 4956
5307 1684
2620 5790
5515 5022
2413 3086
1986 5237
2761 2103
2256 1728
1435 3716
1073 279
4074 3831
2384 5613
3865 471
3279 652
3568 3974
1089 3629
1411 3412
2851 2005
608 5158
4340 3866
946 1197
3119 5144
2045 5512
4151 5558
3786 2118
5523 2052
734 2774
5997 2342
226 832
4604 5773
5711 5843
2901 2099
993 4002
367 347
4693 2575
3928 3613
2619 2325
5049 1413
688 2019
889 2099
592 1921
644 1037
2417 1603
4476 1166
5269 560
1305 2132
5405 2842
4826 5049
3903 586
3328 5237
3733 5146
5858 2131
3414 3725
1549 622
2804 3074
5818 2205
2369 944
4465 5888
4585 1487
5176 5103
2962 3345
4532 1152
4265 4767
1116 2049
4399 3972
4941 4393
1678 375
3071 3531
1037 4419
5134 2808
1117 4704
3556 3152
286 3184
501 2251
23 4588
1797 5475
2348 1730
1121 4387
716 4673
2894 3722
2559 336
5373 1814
5170 2997
807 1795
4868 4412
815 5176
5064 2797
5666 5471
1410 3816
5161 994
2145 3162
3744 3673
4907 950
3570 1383
5092 506
4907 4248
1379 2385
3914 854
899 5147
1776 306
2158 3542
417 2527
5255 3470
5664 5300
2886 606
1728 5350
4676 5431
1607 5599
665 5556
1251 369
1473 545
934 3152
5499 4989
3034 916
2745 2040
359 1126
5962 3503
471 2420
1296 1999
1008 5940
2854 337
3740 359
1847 2968
1864 4218
4719 4945
170 2632
3306 69
2969 3697
2292 5720
1086 4148
4794 2883
5216 5581
225 4783
4681 2698
5960 308
3113 5872
5876 2953
3634 4328
3480 5142
752 4142
3764 4529
1121 2049
373 1261
3197 4283
4267 2483
3147 2221
2109 1735
5378 2930
4944 5571
2842 4703
3704 3833
1793 594
5457 5975
2964 4590
2271 3743
3760 4466
5894 293
1348 842
4460 1935
3097 2717
775 5920
4513 3216
4988 3356
1020 5027
3002 3269
5466 5982
1172 4009
2374 3864
4388 707
5775 1508
3066 5037
463 4741
4874 707
5485 5844
3925 1464
1571 2789
5997 1792
894 4289
799 1234
1760 3982
2230 940
3386 3574
1204 2260
866 4149
1144 1156
5905 2008
3286 3207
4853 5264
3463 5366
4289 4971
902 5583
2451 626
5588 5496
2306 3551
2192 1571
5194 5446
3645 1172
123 4006
5367 3586
506 479
101 3540
965 1423
5943 865
4950 3979
3637 2418
4389 1512
1242 2203
3225 1566
5133 45
219 1839
4545 80
973 175
625 2219
4991 2899
2145 5106
815 2162
464 4057
4359 125
4655 3771
3467 5802
3138 4294
5683 3750
271 5410
2583 1969
3488 5550
3126 4684
3634 206
5916 5225
5971 2151
2183 3602
1351 4377
3353 5242
5402 2688
4894 3633
2124 4772
3431 1624
4467 4876
4450 2232
634 5528
1918 387
3724 728
4548 4237
39 2227
4858 2218
1135 5732
837 2423
3945 4678
5479 3063
2972 4856
4497 2546
3262 1414
2314 5029
5830 201
482 3686
5821 2622
699 3183
1634 2849
4002 2370
3386 4848
881 4357
1395 5788
3316 918
1963 386
4056 453
4131 1429
3156 4252
3353 3758
2478 1408
5186 3043
4231 5029
627 5625
1458 3285
4475 5826
292 1377
4739 4507
1287 3042
4523 1965
998 4883
5506 2343
4890 3361
3355 5144
1404 2647
3685 1261
4464 4256
3265 2310
2842 3972
2247 2492
2338 2853
3437 2229
1501 966
2151 3572
3788 2414
3227 5966
3435 549
3686 4171
4676 3826
1966 2553
4383 1065
2853 2866
508 1378
5929 2622
1696 2181
1333 5861
211 4640
4804 2356
4836 4308
2940 728
3247 5046
3570 182
173 2274
668 4798
1668 1254
3471 4057
1026 1833
1910 332
1716 2303
62 5890
286 4791
1852 5750
5941 3400
4698 2775
2127 4765
4075 812
3816 4462
3183 1890
2067 1232
4547 5633
2334 3650
3946 185
4458 692
3599 4339
4077 5973
3907 101
5175 3027
5941 1044
1026 4467
1974 687
1704 394
1402 5858
3217 3779
345 5474
4148 975
3372 4380
4802 4411
5574 4677
1312 1271
3317 1785
3217 3676
2108 1501
2307 1271
4235 3241
3452 4820
3527 3263
3730 5778
942 4707
1895 3542
1727 3071
4268 2787
1020 2354
3202 285
4911 4534
4499 3420
3125 5851
1567 5188
1988 4229
3873 1435
4541 1120
2292 3584
5578 463
4122 4318
4652 5764
5843 2752
3623 5558
1427 596
2337 2206
629 2904
4473 1207
2920 3182
4044 5442
623 2765
5233 1574
1605 1989
4000 3183
1766 2749
518 1736
3241 949
3265 3094
803 1185
2067 1572
4458 5740
701 5835
3819 1152
204 2994
2769 1624
1053 3191
1160 712
2292 1034
1879 1658
3014 1713
1517 3060
1470 4109
4812 4724
2974 3674
963 4387
3471 2338
470 5814
2935 843
676 4303
1685 3998
4886 3273
4182 5223
5265 1241
4162 1698
4053 1798
3199 2196
1510 1777
4848 594
844 4815
5315 1273
2667 5086
1492 4312
4967 1883
1202 3365
5064 2677
1273 1351
5174 4264
283 5724
4362 700
4554 4162
1585 719
3499 4810
3959 4126
2345 2715
884 1164
4336 1631
734 3546
436 779
832 3724
3753 5226
4313 2810
2022 2357
5654 137
1923 4380
2949 1465
5762 2060
1668 2360
3186 1567
1153 3357
5515 3096
3005 4911
3962 3335
52 3368
228 3232
1086 1420
4509 2428
4705 4547
5909 3962
4898 233
644 5892
5766 5749
4755 5701
5557 5513
1979 746
3915 3092
2040 311
4864 2308
3356 2573
2404 1397
2585 5698
2150 4167
5892 5158
306 5582
5409 4655
1731 5352
5067 2427
2850 2092
4629 3398
3394 1368
5276 753
2436 2973
5970 301
4911 4886
4888 3101
622 2096
4115 934
7 2604
5767 4903
1368 4858
2185 381
1997 5074
2317 3615
796 5413
5473 5173
541 5222
1293 5526
3618 2387
4891 4731
4264 2497
2116 722
2502 4001
3732 5441
5322 5426
4077 5286
1388 2405
5578 2389
4865 5331
3233 3814
2669 5277
3277 4903
3636 2216
4524 2429
3994 5264
3660 810
4153 572
4871 1172
903 5396
1145 3236
3665 4647
5 2603
2489 2949
4060 2026
1814 5019
3453 1054
564 1854
7 1401
4141 5755
1409 2514
1398 4553
1678 1186
1640 3312
1932 1352
4948 546
1455 3358
3216 2275
3177 438
4371 4804
1879 2397
4218 3170
1548 1031
5910 4058
2680 16
5916 4435
1083 5143
471 2387
590 2858
4032 4790
1318 4029
4808 5749
3931 5171
4822 1038
3955 5442
5269 880
1343 1721
1231 4868
1062 2683
1462 3745
4857 2166
4538 3187
1326 4840
871 2505
3757 1387
494 2172
410 2735
3378 2477
1182 2927
5428 441
5638 1670
3043 4395
5170 2532
1023 2750
1709 3359
1875 5630
2113 4374
5447 1452
2952 1003
5474 5182
518 3850
565 4477
4109 1115
5254 1620
3868 3791
5582 314
1023 5581
3404 3115
2755 5789
4056 3828
2695 3956
1765 184
2087 882
3507 1263
492 2367
3755 1589
3762 5151
4016 1907
5670 3495
627 2749
5797 4268
5610 4173
5539 4299
2058 2318
772 1017
3009 3881
2816 4837
1086 1674
1054 2885
179 2677
4750 5706
2897 252
501 5462
2128 2882
5244 2255
1024 4099
5980 844
1827 2358
2764 128
1663 4307
4293 1075
4075 3645
3965 2785
3645 1474
4028 3098
4737 2402
4844 3394
3272 2649
3022 2506
5200 5681
5488 3302
674 2866
4676 4165
4180 5749
5950 675
5895 460
4816 1033
1631 752
3846 2517
4022 4878
2764 2285
2305 1134
5619 5593
3615 1613
849 409
4507 209
371 1987
755 3596
5864 464
4553 838
5230 4104
1499 214
160 3229
5289 4698
5891 2700
80 4037
1252 3592
2178 5631
717 2329
4731 3890
1117 4926
5365 1410
5090 3969
5994 1774
4422 3639
2972 2670
365 83
5400 5558
343 5112
3283 3188
3591 1769
2650 2126
4381 5501
5860 3347
2661 1190
3811 5239
1539 4778
3334 5631
3724 55
5469 4090
3402 5289
62 5869
3556 3069
3497 5152
3268 4947
2543 5273
5291 1886
3914 5933
3065 5222
36 590
3983 2986
4293 3373
1806 4077
3618 2326
3227 4900
711 5194
5574 5531
4637 5860
2877 5508
2450 1428
5933 3680
1905 4968
3808 2592
4330 2987
4156 3382
3740 771
4079 3403
4515 2463
2397 407
273 150
2384 3769
397 3413
5501 4603
2926 3446
1759 870
1387 2346
928 2485
1332 2777
4017 711
3603 1947
5362 900
1059 360
2011 3333
3502 1379
5228 3030
1051 5274
5653 4698
2042 4346
3334 1611
4280 2342
2313 5000
2098 5476
332 402
2909 196
689 3771
3167 2581
410 5842
333 2689
977 2917
3832 4861
4997 4170
400 4388
230 1990
5236 1620
3927 4669
564 2464
835 4457
5197 2834
5719 2886
4999 3016
4322 2148
2557 4069
1348 1217
3735 2163
4956 3218
3105 1827
1777 5641
759 3263
5079 3569
2729 5653
5332 2091
3606 1070
4952 4996
5848 1730
3341 3550
2919 2283
97 1601
1460 823
4703 829
235 2417
2981 165
4184 5703
1274 5748
3366 2571
5852 2851
2224 182
5758 2128
2354 412
3124 4296
2666 4060
3424 4695
5076 3642
1068 4411
237 5763
1855 5235
4938 2032
5007 5877
751 490
1570 2474
613 3662
4599 1039
3852 4714
5958 2458
1190 1552
2616 3967
3020 872
5711 3259
4706 4742
2006 2872
68 4776
2653 1940
4589 752
2620 1288
4203 4378
3550 1425
3137 371
3643 3211
3484 3213
5854 3748
3218 1823
4227 4199
1255 872
3501 3146
1828 1757
4130 5309
4497 3497
3560 1719
4593 4254
4495 363
4348 4480
4232 816
2883 2875
4647 5527
4980 5178
3200 5011
4919 5602
2624 1196
2039 546
3105 3621
737 5705
400 4628
1478 1302
587 2616
3110 3759
2006 2100
1065 4212
1557 1590
3420 1655
5046 1338
2307 5930
4902 1055
5989 3704
1721 2087
5383 1636
4387 4831
4568 3875
1265 4940
3139 3952
4872 4582
1425 881
1597 1446
1129 4448
3312 3211
5914 3694
591 2647
5735 5626
405 2203
4174 4615
5022 2280
4722 1639
5522 4701
4650 2292
5127 2570
5691 73
316 1510
3909 2659
1926 4228
5317 4804
3209 2683
544 1045
5879 1136
4894 4314
5719 1649
744 3137
2322 792
610 1502
3389 5408
4732 3733
871 1904
4515 115
3134 3647
123 392
4032 478
742 2988
574 5170
1351 2333
2246 2833
663 3513
3904 4406
3501 5016
4051 2618
5654 4474
1595 5223
1206 4681
4733 3650
4748 4682
5274 1645
1016 971
1482 3363
5885 2682
1776 2439
4297 3437
2389 4207
1468 606
3800 1575
182 4591
238 5880
819 1250
245 3359
3606 3378
473 65
5009 3820
2682 3146
663 3596
1524 3474
2778 18
3465 5690
4247 575
1066 964
2252 205
4800 5746
5190 4094
3129 45
4887 2286
1904 384
1079 3808
3180 4926
2240 5023
1477 2721
1462 5118
3538 2999
5977 1490
4374 90
415 48
1653 546
5836 1459
3324 948
5325 946
828 1646
5587 2966
5856 5572
731 3944
1314 504
1246 2649
5092 926
2670 2678
2064 5670
5101 2423
157 4455
4270 3493
5544 556
254 4564
5187 2999
5084 1500
1139 2427
4242 2106
1942 804
4450 416
888 3875
539 2148
2331 2475
3089 3468
3848 4348
1504 2729
5505 61
2908 5543
133 2933
1465 3254
4743 3671
1176 1506
4762 5869
1664 2390
4770 2802
3018 4237
499 996
1301 4866
774 1919
3114 1071
4960 70
1612 5930
1985 256
3829 4295
992 2620
3434 1823
5590 4820
1165 65
4764 2206
3094 504
4778 3178
1846 3899
4919 3580
540 5296
5101 4164
78 5017
933 1549
2345 1347
2730 5464
4320 5291
4071 4094
2964 689
695 4010
379 1325
753 322
3811 5343
3541 3140
2447 5604
5741 4414
1965 2889
3288 5248
5956 3198
3294 3341
3832 511
3310 5424
5004 3917
189 1566
4191 5838
3043 2849
4298 1267
4962 2561
211 3119
1878 4521
2303 4894
2357 5709
1014 1922
5021 1246
1255 3500
2101 5123
4459 119
4351 534
610 4268
5455 3442
4110 5365
5874 5416
180 399
5292 5929
5075 1483
4073 1868
5903 2316
305 4914
25 496
2141 3101
440 5159
27 1269
3716 1829
703 5779
1599 5513
1976 1575
3092 4065
196 4217
1859 1734
5642 1015
3339 5839
5554 5205
4345 4739
2014 647
484 1538
1285 713
2233 5252
1056 1716
5296 5929
1324 5671
5604 2319
5447 4306
5378 5514
3294 733
2425 4544
1435 2641
3258 5988
866 3778
5357 2772
2251 4921
2955 780
878 3927
3753 505
1946 4972
1580 2965
2239 5131
4189 966
71 3158
730 1883
4500 2041
5652 1251
3774 2006
287 3739
1543 2590
3610 133
1651 108
93 4236
1888 1252
3 2810
3640 3136
540 2502
4626 1719
1262 5195
4534 1689
4306 4621
1028 4298
3124 4376
4024 3706
3781 2862
270 3445
5595 5500
5972 2641
1548 1960
2761 4928
1045 5199
1970 790
1740 4111
976 1823
2963 3642
4304 2952
1575 173
334 5293
2694 724
1488 1110
3891 2048
3402 1225
349 4155
684 4405
4797 1767
3809 3427
2761 5761
5595 3374
1250 3211
327 4871
2961 2004
5339 5453
5981 4918
1377 7
212 5189
211 4714
5964 3639
3372 5353
1754 1542
1279 774
3283 5266
2 4691
1059 5015
5438 5801
4423 5656
4584 3498
5008 3234
5325 1499
2323 5509
1453 1670
5153 4328
1266 4541
3041 5577
156 987
925 2468
4303 686
636 5561
630 4021
5875 3560
3726 2250
4060 945
2178 3964
5321 2811
4173 3310
4033 2138
3057 2621
2730 1190
4680 4800
5835 4671
3288 4358
682 1071
5801 977
1436 1998
836 1589
3138 4805
1262 3298
3602 4331
2499 3973
4886 3006
2350 1107
1598 5076
5631 4475
3261 1303
4143 1672
3932 4059
3025 3565
5797 4291
5394 4237
3677 5020
2687 4969
3486 3348
828 3306
1291 1116
2018 5556
4882 529
4058 1794
4375 3689
489 3389
4495 1693
4126 4837
848 2131
1663 3838
1589 2738
2889 5939
4457 26
1030 4068
5576 2499
4082 918
1245 5628
4176 3978
3184 1860
5010 1890
903 5062
3164 4444
2943 5967
319 5850
62 4893
3968 3409
974 716
473 2816
3983 3233
4717 2789
2575 466
5115 1344
2582 5720
4202 1777
4254 1411
4549 1778
5339 4140
120 3055
1437 5046
5069 1286
1312 4299
4858 126
2998 4518
68 2622
4046 925
2445 491
4117 46
5488 4422
3318 738
3568 5546
2787 118
2525 200
1828 1143
2110 5328
3065 5364
4843 2863
5012 4559
4267 4781
3331 227
1152 3951
3133 904
473 376
2313 3715
5500 3650
3477 5892
1986 2477
5425 2764
3226 2986
1667 4080
52 1615
310 350
133 3038
1510 1801
96 1269
2580 5686
1969 1318
4239 377
3149 1614
905 2678
3354 290
5507 4703
3418 2373
560 2683
2 2831
743 470
2339 3940
5997 5397
1216 5021
5986 5914
5790 3928
2118 5479
4661 449
5060 1455
929 4653
4115 1284
2875 2790
997 1656
5238 627
5095 4420
335 4359
1721 5780
2879 1410
2075 3070
2525 2756
4264 5754
1191 4578
817 1842
700 4575
141 1111
4522 1547
1813 1691
5 3174
76 1869
2384 648
630 3087
5991 881
4443 2056
4028 4838
777 1671
1109 979
5719 4403
5956 4768
436 3212
3114 1316
5845 763
4717 5434
1492 4606
272 407
1162 5804
4449 974
5726 828
535 3381
2681 3041
1974 156
2312 5807
1848 5033
4986 1550
3693 2851
1695 1577
5479 4315
1816 1135
5467 4653
1665 3653
1936 4251
1889 4253
1048 4512
3490 4646
624 965
5850 500
2439 3322
65 3449
354 2943
3706 347
2953 1788
1371 2672
1284 5498
5405 2583
3626 3553
2526 1139
4949 1393
381 3003
2811 791
3632 3019
4909 3575
1974 1570
5679 759
2996 598
4725 1121
2851 2519
367 2848
167 676
5778 2960
4838 3385
3704 4345
1988 1017
3538 3763
429 595
5755 2531
1547 1222
350 3852
4868 4295
5689 1789
4380 722
2843 3969
3860 451
697 4287
3337 4917
4612 303
2457 5017
5461 744
2903 3796
2816 5926
1435 5616
4560 2266
3805 1699
866 1167
5941 4049
4247 4219
3274 61
5238 1994
3114 1302
5445 4247
1121 2718
4257 5666
3067 5079
2140 2034
2617 4644
1838 862
5439 4356
1135 4606
5677 1542
2123 5209
5065 825
2344 4079
2229 2713
1416 4899
4243 809
5035 2705
4942 816
3327 5266
2853 656
2645 2337
4045 5828
1053 2292
4546 3604
1676 3763
2693 4212
1966 5295
2274 4908
5147 139
1664 3294
3766 5121
5015 1638
332 3017
5692 4024
654 4540
24 179
1857 4953
1375 5348
4753 5281
3448 1070
858 4990
2859 2292
404 1448
5014 2972
2372 63
3496 304
3645 3493
1881 5884
3918 3051
5651 1948
339 4371
256 3439
4015 1559
2077 2365
5250 1352
1334 5809
782 5689
2185 1333
5097 4617
742 202
386 4618
930 1559
496 4950
270 1531
776 5705
3056 2824
5408 5799
5348 4739
57 3189
1496 3399
3875 2445
1629 3080
479 2675
5432 37
3270 607
5763 2814
5000 3433
5834 4655
2016 2214
375 3098
560 4724
1012 4435
5882 5648
5593 1256
3898 4493
1438 5127
3808 4521
5557 56
4848 4916
4626 801
1502 3532
1031 2638
4089 4075
3148 321
3582 2467
5678 2532
5726 1565
4252 757
5209 2042
4743 4293
2593 307
3874 1658
4628 4845
280 1885
1248 4046
5086 1481
1857 4589
1990 2144
4589 2491
5158 5854
5983 2646
5889 102
4647 5215
4435 3702
150 1149
2417 2412
4906 1453
432 934
4590 700
3083 971
610 1010
1184 2169
5927 3884
5479 4199
983 3668
5844 3335
4902 2594
374 4039
911 135
4399 5906
4425 3332
173 3432
2327 4960
1730 1880
959 4034
4145 3598
1373 5733
5465 4060
4891 4317
4635 5597
2236 5330
4917 2188
4036 4412
4997 837
2030 3027
3366 5473
4546 4020
3424 4434
1787 3974
4075 5921
3032 749
4830 383
3592 3505
5498 461
3757 1983
1068 662
441 2716
4408 4372
3749 548
5138 3606
1562 5205
2412 5422
5236 856
161 2896
81 4609
998 5246
5140 2973
2760 5971
3454 3025
4145 4022
3403 4378
5777 4844
5318 4013
2936 5686
2553 501
5816 5856
3000 3861
4922 3577
4188 2072
2403 2540
3623 2490
4325 3083
295 3258
2598 3008
4352 3089
2584 184
849 5667
3265 361
3825 1104
2727 4264
5958 3941
1548 5525
4157 3526
2993 5894
3956 2678
502 2093
1013 4533
3105 1133
661 1825
1994 4870
496 221
5019 2451
2326 5380
2753 5352
3637 5865
2983 1546
3919 2323
4558 1512
5512 4399
700 2244
4970 5444
4990 5460
3952 5731
5375 748
3563 2240
2930 4371
221 5198
5945 4885
3793 240
4662 5354
5663 799
2357 205
3767 3731
2279 4899
2360 4059
3104 4658
3426 1943
2775 3765
3148 1640
3759 2540
2333 3495
2655 253
28 2641
574 5786
4415 196
3465 1858
717 3556
1542 4384
14 3611
2602 3983
4118 328
2630 3341
4267 469
1721 5154
5364 4338
892 910
1784 1088
1310 2674
3268 5212
2816 186
5116 4363
4934 5217
4209 4641
5929 3100
5045 2371
4058 3714
1840 3734
3907 1035
2783 4877
3355 4228
5589 4138
3445 3504
720 4724
2147 3720
3216 4115
5904 498
1068 643
5986 1990
1195 3102
965 2731
655 2100
5512 918
4689 478
522 5836
483 3934
4002 4884
2860 1221
5952 4497
4695 1518
4084 4860
5410 470
478 1200
4122 4144
2974 5933
5146 3736
4366 4369
5547 5777
5057 822
2520 4850
2059 2571
483 5718
973 366
1382 2248
1689 4216
2936 2384
2380 4761
528 1111
5956 3181
2682 4990
4428 356
4719 3943
5615 4583
4523 2969
1475 1188
3817 5715
4744 5231
4103 3127
4352 1601
1682 736
5546 40
3856 5606
5093 4707
2869 2368
1934 4478
2012 2621
5498 599
4453 1452
5554 1326
1365 3905
5865 2543
5247 4058
5489 1695
3205 5966
730 5919
5773 2812
5342 2434
543 184
3604 5416
4299 3576
1229 1150
1187 3696
3465 3470
2814 1379
3497 405
2237 1515
3113 4394
4729 5294
2772 1446
1782 3965
3575 4422
2416 1933
1751 4146
3051 3789
4465 676
3269 2153
2780 2437
365 247
689 5286
4464 3303
2167 586
1884 1047
4124 5207
5852 4361
5331 3419
915 5915
2249 855
1797 1203
14 826
3633 707
429 5938
5474 4236
2023 1821
3154 4478
3815 3017
894 2715
1416 4569
3668 759
4441 5259
2757 5034
5049 4146
5343 1328
1936 1341
5314 5386
5132 2207
1010 4454
4408 3565
1387 2587
3244 1182
3399 4657
2994 4319
4677 1345
1054 3076
2608 781
5462 1664
3138 2065
3596 3663
2126 4805
2590 4323
1132 3148
4 2897
5267 2907
4714 754
1583 2525
1745 4342
3685 5263
3532 5841
2568 4967
3863 940
2909 2605
4776 2939
4502 149
995 3800
3471 3308
1735 1941
3857 937
3478 5837
3299 5037
4555 2344
950 5882
265 2167
5918 1835
3463 499
2636 1797
3064 2254
402 3250
4768 2249
865 3335
3494 976
4662 4409
3220 3276
2699 5322
3143 4398
465 5916
554 337
1416 1015
3377 3933
547 4906
5461 4258
5800 5620
2561 146
4730 615
2492 3878
3593 4568
1922 5489
1857 3391
234 2923
1967 5795
3660 4730
5214 5140
2283 4988
3438 5240
5391 800
1082 4450
3724 5125
5703 5107
5792 2160
2802 2569
5744 5135
3502 4885
5421 1951
1927 2
3064 3572
3436 3459
2950 2354
1011 1180
4438 696
5842 2117
5183 3023
2293 3332
5865 4624
1215 791
2788 4500
4509 5521
3418 2996
5907 3334
303 4217
3104 3252
4465 4444
363 4386
4390 2656
2975 1242
1001 3133
3988 3143
542 4880
609 3947
253 4485
1737 4111
3755 5887
1146 4093
1321 1352
1163 892
3498 5618
4997 5262
3512 99
1792 3849
2779 3007
1468 979
1091 120
4746 5096
4107 5515
4998 2109
3563 4450
3475 2385
391 5255
2741 5891
2218 3320
5100 1151
5301 2186
4721 204
3922 3583
4389 737
4196 5461
5680 3064
4159 5780
1496 3690
3224 1876
1583 525
3506 1004
1747 2342
5946 1498
128 3513
5145 984
5484 4121
3307 5110
2878 1866
2463 5304
3221 4997
4613 5498
334 1998
3777 2369
3288 4468
1301 1998
1897 4237
1561 669
968 120
2341 74
2048 1653
2235 398
2033 146
2955 3614
5019 2354
2645 156
3746 3157
3762 3748
5103 1820
4397 4209
5856 4742
2037 5860
1632 2975
85 2576
350 3673
4643 4017
947 4660
1971 789
4910 3947
2061 513
753 5000
5704 2200
2702 5496
5488 289
2583 5347
1820 3861
5231 1373
51 2732
5295 3400
5022 4933
3419 1992
5931 5618
4294 2611
4222 1338
20 5944
5932 384
3155 3645
5035 1129
5243 1907
3496 2132
2281 4394
367 3398
1999 1309
5110 2877
5526 892
34 3630
1323 5913
3278 3752
5563 2173
3621 5572
2213 580
3670 1208
3951 1748
221 4182
1625 5691
820 1193
5472 3839
5929 2399
2628 3733
2861 4020
3153 4347
1328 1159
502 1251
4134 3847
443 3119
5942 2501
1376 5607
5726 3051
1478 1410
5143 2817
5533 1326
5005 4830
5504 5827
3435 5330
4733 1498
3378 2763
4270 3356
3622 1924
4042 798
4402 2279
2807 980
5087 4461
3123 3116
1198 1856
5620 3217
2927 495
2845 5435
5864 5134
1098 5800
1109 3823
1929 718
5298 5708
40 3682
1735 1025
4234 3857
4119 4061
5290 550
3786 4914
857 762
4798 139
5241 1664
1396 1990
5961 561
576 3556
3154 5631
3973 4219
5842 5938
2608 2317
4537 3447
2467 1039
2599 277
4720 4394
3818 170
2407 5964
4828 2749
4214 1553
4832 4436
5800 2303
4361 5335
383 5420
1600 3019
1595 145
5614 3348
258 3118
2840 1621
3306 489
1977 1840
5622 4088
3973 176
726 3254
5679 5376
5456 5719
1085 2113
657 5955
642 3286
1310 223
4390 5879
4738 953
2351 1924
5531 3487
5978 300
5526 4259
3323 1440
666 3768
956 836
791 3422
5695 260
5521 5309
3384 1339
5556 4308
4040 4831
3218 2355
24 599
4228 4739
4322 1690
316 5189
2123 1421
4204 4815
1208 2024
1251 86
3938 5042
4523 2466
1564 4758
3852 4915
1972 1088
1497 250
5865 2910
2316 4081
5766 2193
189 901
1798 2055
814 3923
3673 549
5143 4861
3806 2775
901 3181
613 1176
5609 1961
4537 4236
3687 4147
1570 1133
4264 2536
1263 5222
2208 1087
5601 3431
629 3955
3123 3807
1403 1274
1730 2118
4305 3750
5543 271
4299 1246
752 2793
4876 4730
1185 2029
1490 4517
3960 1786
4532 3531
95 2897
3994 1417
1866 2540
787 536
4895 4045
1886 2099
158 2803
5897 1907
3717 2654
2090 3025
802 4306
1614 5683
2677 3612
1006 4978
5050 1827
3424 1453
3921 500
3316 672
1473 4818
2468 1530
5675 2126
2831 4489
4314 5578
5430 124
2950 3180
402 2750
470 4287
1687 4967
3836 3596
4902 206
3702 675
3704 3337
5911 5758
1532 3614
5747 2077
4459 2089
813 1722
2395 5907
1302 3365
1930 2290
193 1074
3835 3238
3299 2537
3020 2916
1576 392
153 5236
3756 2864
5454 3220
5088 2430
3061 3091
1983 3297
911 4790
137 987
1045 2229
5685 3008
3972 872
694 2520
1308 4138
2705 4468
5965 3110
3302 3060
5664 350
4009 1509
3838 1926
1811 5525
5474 4954
995 2809
718 3775
697 2462
1428 4344
1341 5066
5423 1471
3238 735
5542 1686
148 3205
4445 4387
1431 2854
2502 2778
5707 4428
1367 135
3038 5427
880 106
1879 2449
5422 5060
2358 5265
2220 1638
2742 2344
1099 1838
4328 1617
2434 911
3136 3675
4361 4814
2997 3765
3975 634
3108 5480
4554 3972
5128 3681
1772 3308
5005 2895
5064 2218
5638 1502
2902 329
3645 4068
2500 3551
5463 583
4146 3041
1882 3820
5673 839
4952 5895
3846 1949
69 2960
689 764
5651 5434
3676 5987
5752 3599
1011 5797
379 1478
2201 123
1515 313
2598 910
1690 344
4331 4103
4218 1902
1606 3081
2600 4172
2990 958
1128 1558
5318 3996
2584 4784
3539 4411
2652 1942
3263 5745
3024 5719
3446 5838
5549 3291
2641 4673
850 3420
1068 862
3983 3058
1806 4021
995 2791
4453 854
2243 5373
1969 3162
593 1777
5277 5541
5552 3633
5718 2915
3977 2752
2175 349
2754 4956
1699 3648
5544 2827
1406 4471
4536 1838
4910 5025
322 2573
5290 814
5182 784
2123 2037
3728 1933
3743 320
3727 3244
1365 1401
3176 3907
3994 5973
4030 4315
4403 978
5173 2388
4024 1865
5605 2128
3546 5046
5961 60
600 4974
4394 5813
2451 1935
1687 4256
5611 2203
969 4292
310 2813
2894 3765
175 3630
2105 1015
2706 5527
3801 3345
5002 2225
3155 3121
2901 4457
1981 578
5869 1736
3710 933
5898 1801
905 1415
2820 2784
4943 470
3197 5415
414 815
3755 3978
5410 1970
2046 5859
5178 3552
4124 3644
1702 1790
5693 5933
5166 1109
2936 1782
3884 4150
370 852
212 1623
3832 2696
1279 1542
2060 2432
1743 1652
2747 1688
5454 3545
1421 5039
1864 4459
2504 5448
2962 2099
4654 3727
5249 2100
1764 512
3730 3511
2130 3191
2935 2546
3970 4465
3335 290
5619 135
5990 1340
3689 1225
3299 1579
2072 2882
3788 1918
5886 2887
2287 2447
1982 1486
5890 3647
1988 2856
3833 4882
3224 2554
3690 4588
2978 1364
5623 288
5691 1509
645 4028
3325 3396
1124 4001
2493 1232
4163 2350
5496 2249
4949 5390
4562 4173
2308 5020
169 5812
1121 823
2032 2719
2934 1932
4693 225
5545 5411
5630 2356
2711 3476
2497 626
1001 1227
4186 5159
830 4388
3914 3932
3110 4560
1051 3642
2456 2600
634 1242
2714 5344
4189 2869
2165 521
2966 1060
3994 2352
1254 4975
1509 4419
651 3277
2045 3953
155 3754
1793 5510
222 2143
1460 5961
1093 2491
3090 158
4194 4635
724 398
1620 4878
324 2333
5380 1578
1279 3654
1608 5507
666 5979
2044 3088
2310 3324
5335 1910
4578 2037
234 5651
1859 3447
896 4711
1652 5216
2852 217
3618 5187
969 1124
5182 3941
2965 1669
2704 4984
11 4403
3142 3344
5832 4697
3536 4273
4071 3939
3649 3062
3347 2003
5010 1260
4129 4333
287 174
1391 533
3053 5946
3365 5010
193 4164
2835 4610
2506 4910
2170 574
4876 3679
1431 3040
1676 2916
5702 2427
5324 5559
5308 2860
3947 1808
372 5751
532 2124
2108 3819
1777 107
4472 4709
933 5991
267 1437
2528 1387
2401 1747
3840 393
1904 5784
2180 4417
231 20
2011 3930
933 197
5575 2799
1612 4781
3800 2310
4155 4882
3680 1710
3747 2283
3820 4146
529 726
5439 1666
4372 4686
2477 1461
3749 1443
5590 3326
1972 442
341 2841
3513 203
1166 956
5237 1434
1908 4763
3596 909
3863 2443
5418 4941
4724 2210
5252 3332
4603 2835
4917 2941
2038 3566
5335 2057
1774 5400
5687 1271
4318 2538
1632 4114
430 4731
5119 1506
3872 5476
2589 5348
2689 5761
1659 3322
5280 4885
5099 1067
5128 492
4010 391
145 5853
1268 4120
921 5913
1953 3589
2759 4147
5871 1611
2946 5039
3929 2405
2491 2162
2824 5557
5345 913
1896 4735
5402 1001
1248 1393
5200 2241
3332 1367
3038 1739
596 3782
4202 3610
2361 1199
1756 5696
671 4116
1742 2550
4389 745
614 5874
3383 2693
612 3663
1783 3785
3835 3856
818 550
2248 3645
4181 4133
592 4506
312 5101
1558 1483
4966 689
371 4033
5742 425
4002 3889
5001 1836
5845 4216
3450 5812
1635 1706
3897 4979
820 1940
4164 5777
347 1702
3119 1665
4566 3077
3327 2299
1675 3322
2204 1716
1549 1106
759 928
3727 5778
1195 3515
2860 261
1540 3362
4141 4510
1576 3717
5801 4806
4275 1267
5622 5112
5478 2250
1794 811
5126 1408
5155 5291
3515 237
1819 5932
2734 2927
5500 1838
4065 5734
1298 4146
3933 1262
1485 2473
1929 2488
332 1532
3206 4561
3485 3246
2192 1138
1128 3303
785 1509
1149 3143
702 2549
3128 218
5389 4123
4923 3793
5330 3187
5826 4325
3170 4516
4852 4558
461 1845
1773 2104
3011 5430
3629 1497
409 4838
1968 3286
4102 4098
1038 640
5230 5077
3779 3219
4902 1051
2995 2839
605 1689
443 4777
450 3631
1626 5645
2384 1735
2496 3062
5017 4126
382 2415
1401 1060
3386 125
2778 1430
1441 5715
3293 5218
3950 1472
1342 3557
1129 1393
4784 3705
1326 4502
1612 2274
1083 247
3709 1821
1506 3135
1911 3484
1078 1583
2378 2930
4367 1340
2872 2146
3471 2916
4523 2578
5523 5564
16 5538
1520 5110
4630 71
3056 3439
2151 2026
767 2722
5206 2557
1661 5508
5714 2913
1215 3905
5821 2064
714 4837
31 5766
3106 1533
2117 613
2782 2101
5641 78
2095 280
5166 1287
3415 2537
897 1061
4755 1785
87 4826
3998 4990
1515 1912
5373 4473
5720 3904
638 792
4703 2497
1936 3243
3142 1899
2432 4846
4195 4119
4739 1940
178 3835
3662 3724
3678 5009
4844 2366
1749 427
2242 2114
1080 4140
4526 1218
2179 3185
4634 2188
3246 4034
4452 4288
1535 5408
5485 5474
3908 563
282 5629
273 2923
4186 1059
2590 1736
2326 3045
5693 1311
1102 4539
1009 4707
508 2356
4037 3848
5873 3823
1377 2292
2242 2001
507 3354
412 3979
4921 2783
1886 1204
991 5363
5395 2660
3064 2533
5139 2843
898 746
843 2656
3409 3449
2578 892
201 5759
3395 4701
1735 5373
3992 2325
2955 3206
4348 3416
3486 879
2266 5537
1997 4899
433 2730
2356 3199
2635 265
4295 2552
3417 5030
1477 2387
4449 850
2349 5094
1841 3043
2960 5653
332 3889
4769 2634
717 2921
3999 2718
2500 1940
5854 5159
1558 3520
216 3423
2766 2006
5937 562
5364 2189
1508 5191
5108 1591
2295 3472
4329 5819
4458 4133
1403 2990
3314 4559
5035 5890
2308 2436
2772 2152
2264 4289
5633 1405
5027 2695
4080 2067
2514 33
1329 836
3375 5388
489 2240
2444 833
3 2071
94 695
900 656
2715 2416
75 4878
1253 4310
5665 573
1553 5645
2590 5202
1148 3993
3621 2077
1111 4615
5008 2861
1608 3951
4520 4515
3155 5522
125 1332
2906 2973
1109 5256
2940 4360
4109 2086
1326 2363
2291 2765
2466 2671
4869 2684
4420 2598
1061 5094
2897 2058
5391 2366
3648 1656
2072 4517
5809 1054
1055 494
3656 4916
5519 4682
5894 4921
2 1475
3892 1798
5670 923
4341 2022
1524 4047
2793 2003
2894 3330
5385 5446
4181 5880
5243 3645
567 1726
2404 5191
1934 4688
5478 573
2337 2220
456 321
1297 2204
5744 73
5589 1847
2797 4420
2945 4337
5767 4129
2567 3268
2975 219
2600 2398
3001 3739
4496 1909
3033 1518
4188 2395
5528 1389
2283 3835
3568 4333
1344 3297
3190 3522
2481 3404
4442 4086
4115 5934
4168 2676
3308 2597
3057 5848
1445 5999
3480 5837
623 3879
650 116
690 296
5121 4701
68 3615
1813 231
1373 1978
4553 5479
2940 4581
5516 2145
75 3883
1614 3730
5553 2859
1258 2092
2057 4188
4796 3272
3149 2278
4861 3341
4258 1570
577 125
2566 5008
4405 2329
4520 334
1148 4772
4722 3523
82 5250
5633 1946
92 1373
810 3655
3355 3001
2574 88
5481 3868
4426 1074
517 4921
1390 570
5149 663
3251 5942
1163 5205
3339 1176
2613 4369
771 474
4734 3890
4430 3505
5829 3269
2204 4906
5237 3553
4113 853
4512 107
3923 4514
3246 5813
5976 3340
1859 5114
4407 5895
4833 5204
224 2967
5961 1479
5982 3980
3110 5604
1685 4847
1856 258
5679 483
4376 1125
1576 3850
5452 4915
787 2211
5480 4156
4481 5866
821 3852
5943 4152
361 1184
1587 5746
2169 3966
473 2431
4800 5236
1153 4922
866 1205
3913 1763
1174 4271
4286 5533
5935 124
2060 3793
3156 552
1948 1280
1105 2672
5285 1506
1251 2830
4839 5923
1538 1872
4519 1397
2232 1437
9 2561
5974 152
443 4341
4823 1451
4841 1571
866 1386
5934 1420
3069 183
1484 5886
5973 80
4119 268
1341 2010
550 1701
71 2516
2447 4347
2375 2816
4867 1795
73 4270
2321 3370
5549 953
4739 2314
5379 4929
5725 544
1321 3070
692 5350
2319 5394
3304 5563
1060 3390
662 1529
1413 554
3784 3223
1723 5429
80 68
344 3131
1812 1108
5342 5469
4264 1342
2170 3646
2776 2498
3307 4014
436 3076
2236 5683
5219 1573
1037 5633
5384 3790
4601 4189
2538 2699
2437 2064
4505 1957
4022 496
3329 559
241 5983
5041 4803
2657 1414
1182 4677
5758 958
1902 2798
4809 4132
4052 2587
244 1392
1237 633
2906 334
3762 5251
308 5923
352 4217
3958 1073
104 2219
4289 3014
5244 4257
548 3843
5415 5245
1221 2775
2780 5272
3662 5643
5760 1334
1346 3674
2531 364
3283 2620
2219 2398
5797 2346
5177 3483
2082 5059
5590 1223
5432 450
398 2574
1504 3614
2723 2456
2504 1902
5051 704
1100 341
5399 5983
2427 5493
1047 2774
603 5228
2461 1270
133 4245
2533 3765
61 3075
3717 4417
4780 5320
5868 1870
4603 5870
5724 791
5274 5981
4384 2962
537 5819
5754 1803
5545 107
5448 4967
4259 1043
4555 2644
3371 370
3669 583
4451 804
5762 1924
2392 4916
1561 4970
4978 1292
4289 5676
5399 2033
1522 4834
3688 1760
125 885
49 5823
3777 4166
213 4773
3437 382
229 1953
765 2681
4791 1549
746 483
3298 3483
5624 2945
5063 3747
2572 2452
2767 2227
5885 4794
931 3707
1058 1223
5985 4920
138 3902
4951 5456
2937 2175
5113 1637
3197 138
4441 327
2604 3864
2425 423
1660 2024
643 4607
2965 3401
2360 1815
176 2478
294 3920
5124 2238
3949 3253
5701 2303
897 4246
4169 1185
3220 1048
4317 243
4888 870
5349 1516
1156 324
5708 24
2383 3676
5784 590
2969 4027
1350 1101
5102 1699
175 14
416 226
2205 4336
2192 2471
4214 1113
2877 1191
189 1181
2799 2147
3344 5719
3697 4223
5517 1970
1040 5525
5325 3058
4196 3170
5920 5950
3637 5767
3954 1770
387 5743
3484 1310
5394 3695
1764 2799
3036 5079
5786 1238
2506 3410
872 1310
617 1424
1593 1248
1458 1597
31 2039
885 3654
2298 5072
1516 5533
90 4793
832 956
3018 452
168 5377
838 1611
549 806
364 743
4898 3956
2448 4316
5320 5629
2583 3247
378 3722
2599 3537
2530 4920
5252 5087
115 5834
955 2371
110 317
635 5757
914 2998
4643 601
1063 3194
4074 4336
517 4977
5159 5688
2367 4367
5473 4495
867 3967
826 357
4142 602
1780 5161
3642 234
4744 3301
5274 2968
4083 3039
40 1240
5844 4675
1137 5693
5957 4844
5371 4044
4926 3287
193 3122
1804 4767
2882 5379
2850 3491
4150 5670
975 2217
5893 2561
3141 3287
2018 5230
3072 445
4469 4696
5136 3565
5979 3836
4763 142
4888 1980
5761 45
1991 4603
801 4497
1009 2594
1302 3891
435 5177
1152 752
580 1078
3068 1550
230 3693
2860 3176
5665 4789
552 3395
2501 5572
3268 3274
3743 5508
913 2570
922 4918
5122 5374
5818 1724
5230 1517
4715 1238
5463 1027
1305 3424
5026 1293
5687 5723
1731 1135
2816 4192
595 2812
5629 3816
4763 4533
2501 4944
5226 3824
4412 3895
549 500
3383 5999
4734 4069
1432 2956
3626 5556
1950 1657
1337 4867
717 5610
