638 7847 100
0 16
0 25
0 30
0 136
0 147
0 151
0 165
0 189
0 216
0 225
0 272
0 305
0 316
0 319
0 344
0 345
0 352
0 383
0 384
0 402
0 403
0 406
0 432
0 438
0 440
0 449
0 456
0 473
0 475
0 522
0 526
0 527
0 549
0 550
0 571
0 574
0 585
0 624
0 635
1 296
2 44
2 74
2 76
2 97
2 105
2 117
2 127
2 129
2 155
2 176
2 193
2 304
2 324
2 385
2 398
2 418
2 456
2 457
2 460
2 461
2 488
2 491
2 531
2 578
2 595
2 627
3 11
3 17
3 35
3 49
3 66
3 78
3 125
3 174
3 198
3 201
3 205
3 249
3 269
3 273
3 288
3 289
3 306
3 308
3 309
3 314
3 334
3 347
3 359
3 361
3 363
3 380
3 386
3 397
3 400
3 404
3 409
3 415
3 416
3 425
3 426
3 463
3 467
3 484
3 517
3 518
3 520
3 536
3 555
3 559
3 563
3 594
3 596
3 599
3 612
3 615
3 617
4 23
4 100
4 170
4 180
4 187
4 191
4 213
4 218
4 227
4 235
4 240
4 341
4 360
4 417
4 420
4 451
4 498
4 503
4 511
4 516
4 583
4 586
4 589
4 608
4 611
5 46
6 273
7 99
8 12
8 15
8 21
8 29
8 32
8 39
8 46
8 55
8 79
8 106
8 109
8 118
8 139
8 142
8 163
8 168
8 197
8 228
8 231
8 234
8 244
8 248
8 262
8 264
8 266
8 275
8 280
8 287
8 293
8 296
8 311
8 315
8 322
8 326
8 335
8 336
8 340
8 350
8 377
8 382
8 391
8 401
8 408
8 419
8 421
8 423
8 433
8 468
8 471
8 474
8 481
8 486
8 489
8 510
8 515
8 542
8 556
8 566
8 582
8 592
8 598
8 618
8 619
8 634
8 636
9 75
9 95
9 103
9 119
9 133
9 141
9 158
9 159
9 161
9 163
9 182
9 256
9 274
9 297
9 330
9 392
9 405
9 459
9 469
9 478
9 495
9 499
9 593
9 601
9 614
10 222
10 407
11 17
11 35
11 49
11 66
11 78
11 125
11 174
11 198
11 201
11 205
11 249
11 258
11 269
11 273
11 288
11 289
11 306
11 308
11 309
11 314
11 334
11 347
11 359
11 361
11 363
11 380
11 386
11 397
11 400
11 404
11 409
11 415
11 416
11 425
11 426
11 463
11 467
11 484
11 517
11 518
11 520
11 536
11 555
11 559
11 563
11 594
11 596
11 599
11 612
11 615
11 617
12 15
12 21
12 29
12 32
12 39
12 46
12 55
12 79
12 106
12 109
12 118
12 139
12 142
12 163
12 168
12 197
12 231
12 234
12 244
12 248
12 262
12 264
12 266
12 275
12 280
12 287
12 293
12 296
12 311
12 315
12 322
12 326
12 335
12 336
12 340
12 350
12 377
12 382
12 391
12 401
12 408
12 419
12 421
12 423
12 433
12 468
12 471
12 474
12 481
12 486
12 489
12 510
12 515
12 542
12 556
12 566
12 582
12 592
12 598
12 618
12 619
12 634
12 636
13 437
14 53
15 21
15 28
15 29
15 32
15 39
15 46
15 55
15 79
15 106
15 109
15 118
15 139
15 142
15 163
15 168
15 197
15 231
15 234
15 244
15 248
15 262
15 264
15 266
15 275
15 280
15 287
15 293
15 296
15 311
15 315
15 322
15 326
15 335
15 336
15 340
15 350
15 377
15 382
15 391
15 401
15 408
15 419
15 421
15 423
15 433
15 468
15 471
15 474
15 481
15 486
15 489
15 510
15 515
15 542
15 556
15 566
15 582
15 592
15 598
15 618
15 619
15 634
15 636
16 25
16 30
16 70
16 147
16 151
16 165
16 189
16 216
16 225
16 272
16 305
16 316
16 319
16 344
16 345
16 352
16 383
16 384
16 402
16 403
16 406
16 432
16 438
16 440
16 449
16 456
16 473
16 475
16 522
16 526
16 527
16 549
16 550
16 571
16 574
16 585
16 624
16 635
17 35
17 49
17 66
17 78
17 125
17 174
17 198
17 201
17 205
17 249
17 269
17 273
17 288
17 289
17 306
17 308
17 309
17 314
17 334
17 347
17 359
17 361
17 363
17 380
17 386
17 397
17 400
17 404
17 409
17 415
17 416
17 425
17 426
17 463
17 467
17 484
17 517
17 518
17 520
17 536
17 555
17 559
17 563
17 594
17 596
17 599
17 612
17 615
17 617
18 455
19 112
19 281
20 542
21 29
21 32
21 39
21 46
21 55
21 79
21 106
21 109
21 118
21 139
21 142
21 163
21 168
21 197
21 231
21 234
21 244
21 248
21 262
21 264
21 266
21 275
21 280
21 287
21 293
21 296
21 311
21 315
21 322
21 326
21 335
21 336
21 340
21 350
21 367
21 377
21 382
21 391
21 396
21 401
21 408
21 419
21 421
21 423
21 433
21 468
21 471
21 474
21 481
21 486
21 489
21 510
21 515
21 542
21 556
21 566
21 582
21 592
21 598
21 618
21 619
21 634
21 636
22 34
22 36
22 41
22 52
22 56
22 58
22 71
22 81
22 112
22 114
22 115
22 132
22 137
22 164
22 168
22 178
22 186
22 195
22 203
22 206
22 209
22 223
22 230
22 242
22 247
22 257
22 259
22 263
22 282
22 290
22 292
22 313
22 328
22 339
22 342
22 356
22 362
22 365
22 414
22 427
22 430
22 442
22 443
22 445
22 450
22 490
22 505
22 533
22 541
22 545
22 548
22 551
22 552
22 554
22 558
22 564
22 572
22 575
22 577
22 584
22 591
22 602
22 605
22 637
23 100
23 170
23 180
23 187
23 191
23 213
23 218
23 227
23 235
23 240
23 341
23 360
23 417
23 420
23 451
23 498
23 503
23 511
23 516
23 583
23 586
23 589
23 608
23 611
24 74
25 30
25 147
25 151
25 165
25 189
25 216
25 225
25 272
25 305
25 316
25 319
25 344
25 345
25 352
25 383
25 384
25 402
25 403
25 406
25 432
25 438
25 440
25 449
25 456
25 473
25 475
25 522
25 526
25 527
25 549
25 550
25 571
25 574
25 585
25 624
25 635
26 40
26 547
27 471
28 610
29 32
29 39
29 46
29 55
29 79
29 106
29 109
29 118
29 139
29 142
29 163
29 168
29 197
29 231
29 234
29 244
29 248
29 262
29 264
29 266
29 275
29 280
29 287
29 293
29 296
29 311
29 315
29 322
29 326
29 335
29 336
29 340
29 350
29 377
29 382
29 391
29 401
29 408
29 419
29 421
29 423
29 433
29 468
29 471
29 474
29 481
29 486
29 489
29 510
29 515
29 542
29 556
29 566
29 582
29 587
29 592
29 598
29 618
29 619
29 634
29 636
30 147
30 151
30 165
30 189
30 216
30 225
30 272
30 305
30 316
30 319
30 344
30 345
30 352
30 383
30 384
30 402
30 403
30 406
30 432
30 438
30 440
30 449
30 456
30 473
30 475
30 522
30 526
30 527
30 549
30 550
30 571
30 574
30 585
30 624
30 635
31 314
32 39
32 46
32 55
32 79
32 106
32 109
32 118
32 139
32 142
32 163
32 168
32 197
32 231
32 234
32 244
32 248
32 262
32 264
32 266
32 275
32 280
32 287
32 293
32 296
32 311
32 315
32 322
32 326
32 335
32 336
32 340
32 350
32 377
32 382
32 391
32 401
32 408
32 419
32 421
32 423
32 433
32 468
32 471
32 474
32 481
32 486
32 489
32 510
32 515
32 542
32 556
32 566
32 582
32 592
32 598
32 618
32 619
32 634
32 636
33 45
33 82
33 91
33 93
33 102
33 108
33 122
33 126
33 128
33 145
33 177
33 184
33 185
33 212
33 214
33 219
33 285
33 307
33 333
33 355
33 471
33 528
33 534
33 560
33 588
34 36
34 41
34 52
34 56
34 58
34 71
34 81
34 112
34 114
34 115
34 132
34 137
34 164
34 168
34 178
34 186
34 195
34 203
34 206
34 209
34 223
34 230
34 242
34 247
34 257
34 259
34 263
34 282
34 290
34 292
34 313
34 328
34 339
34 342
34 356
34 362
34 365
34 414
34 427
34 430
34 442
34 443
34 445
34 450
34 490
34 505
34 533
34 541
34 545
34 548
34 551
34 552
34 554
34 558
34 564
34 572
34 575
34 577
34 584
34 591
34 602
34 605
34 637
35 49
35 66
35 78
35 125
35 174
35 198
35 201
35 205
35 249
35 269
35 273
35 288
35 289
35 306
35 308
35 309
35 314
35 334
35 347
35 359
35 361
35 363
35 380
35 386
35 397
35 400
35 404
35 409
35 415
35 416
35 425
35 426
35 452
35 463
35 467
35 484
35 517
35 518
35 520
35 536
35 555
35 559
35 563
35 594
35 596
35 599
35 612
35 615
35 617
36 41
36 52
36 56
36 58
36 71
36 81
36 112
36 114
36 115
36 132
36 137
36 164
36 168
36 178
36 186
36 195
36 203
36 206
36 209
36 223
36 230
36 242
36 247
36 257
36 259
36 263
36 282
36 290
36 292
36 313
36 328
36 339
36 342
36 356
36 362
36 365
36 414
36 427
36 430
36 442
36 443
36 445
36 450
36 490
36 505
36 533
36 541
36 545
36 548
36 551
36 552
36 554
36 558
36 564
36 572
36 575
36 577
36 584
36 591
36 602
36 605
36 637
37 241
38 78
38 86
39 46
39 55
39 79
39 106
39 109
39 118
39 139
39 142
39 163
39 168
39 197
39 231
39 234
39 244
39 248
39 262
39 264
39 266
39 275
39 280
39 287
39 293
39 296
39 311
39 315
39 322
39 326
39 335
39 336
39 340
39 350
39 377
39 382
39 391
39 401
39 408
39 419
39 421
39 423
39 433
39 447
39 468
39 471
39 474
39 481
39 486
39 489
39 510
39 515
39 542
39 556
39 566
39 582
39 592
39 598
39 618
39 619
39 634
39 636
40 155
40 523
41 52
41 56
41 58
41 71
41 81
41 112
41 114
41 115
41 132
41 137
41 164
41 168
41 178
41 186
41 195
41 203
41 206
41 209
41 223
41 230
41 242
41 247
41 257
41 259
41 263
41 282
41 290
41 292
41 313
41 328
41 339
41 342
41 356
41 362
41 365
41 414
41 427
41 430
41 442
41 443
41 445
41 450
41 490
41 505
41 533
41 541
41 545
41 548
41 551
41 552
41 554
41 558
41 564
41 572
41 575
41 577
41 584
41 591
41 602
41 605
41 637
42 580
43 353
44 61
44 74
44 76
44 97
44 105
44 117
44 127
44 129
44 155
44 157
44 176
44 193
44 304
44 324
44 385
44 398
44 418
44 431
44 456
44 457
44 460
44 461
44 488
44 491
44 531
44 578
44 595
45 82
45 91
45 93
45 102
45 108
45 122
45 126
45 128
45 145
45 177
45 184
45 185
45 212
45 214
45 219
45 285
45 307
45 333
45 355
45 471
45 528
45 534
45 560
45 588
46 55
46 79
46 106
46 109
46 118
46 139
46 142
46 163
46 168
46 197
46 231
46 234
46 244
46 248
46 262
46 264
46 266
46 275
46 280
46 287
46 293
46 296
46 311
46 315
46 322
46 326
46 335
46 336
46 340
46 350
46 377
46 382
46 391
46 401
46 408
46 419
46 421
46 423
46 433
46 468
46 471
46 474
46 481
46 486
46 489
46 510
46 515
46 542
46 556
46 566
46 582
46 592
46 598
46 618
46 619
46 634
46 636
47 309
47 607
48 340
49 66
49 78
49 125
49 174
49 198
49 201
49 205
49 249
49 269
49 273
49 288
49 289
49 306
49 308
49 309
49 314
49 334
49 347
49 359
49 361
49 363
49 380
49 386
49 397
49 400
49 404
49 409
49 415
49 416
49 425
49 426
49 463
49 467
49 484
49 517
49 518
49 520
49 536
49 555
49 559
49 563
49 594
49 596
49 599
49 612
49 615
49 617
50 123
50 544
51 482
52 56
52 58
52 71
52 81
52 112
52 114
52 115
52 132
52 137
52 164
52 168
52 178
52 186
52 195
52 203
52 206
52 209
52 223
52 230
52 242
52 247
52 257
52 259
52 263
52 282
52 290
52 292
52 313
52 328
52 339
52 342
52 356
52 362
52 365
52 414
52 427
52 430
52 442
52 443
52 445
52 450
52 490
52 505
52 533
52 541
52 545
52 548
52 551
52 552
52 554
52 558
52 564
52 572
52 575
52 577
52 584
52 591
52 602
52 605
52 637
53 270
54 277
55 79
55 106
55 109
55 118
55 139
55 142
55 163
55 168
55 197
55 231
55 234
55 244
55 248
55 262
55 264
55 266
55 275
55 280
55 287
55 293
55 296
55 311
55 315
55 322
55 326
55 335
55 336
55 340
55 350
55 377
55 382
55 391
55 401
55 408
55 419
55 421
55 423
55 433
55 468
55 471
55 474
55 481
55 486
55 489
55 510
55 515
55 538
55 542
55 556
55 566
55 582
55 592
55 598
55 618
55 619
55 634
55 636
56 58
56 71
56 81
56 112
56 114
56 115
56 132
56 137
56 164
56 168
56 178
56 186
56 195
56 203
56 206
56 209
56 223
56 230
56 242
56 247
56 257
56 259
56 263
56 282
56 290
56 292
56 295
56 313
56 328
56 339
56 342
56 356
56 362
56 365
56 414
56 427
56 430
56 442
56 443
56 445
56 450
56 490
56 505
56 533
56 541
56 545
56 548
56 551
56 552
56 554
56 558
56 564
56 572
56 575
56 577
56 584
56 591
56 602
56 605
56 637
57 460
58 71
58 81
58 112
58 114
58 115
58 132
58 137
58 164
58 168
58 178
58 186
58 195
58 203
58 206
58 209
58 223
58 230
58 242
58 247
58 257
58 259
58 263
58 282
58 290
58 292
58 313
58 328
58 339
58 342
58 356
58 362
58 365
58 414
58 427
58 430
58 442
58 443
58 445
58 450
58 465
58 490
58 505
58 533
58 541
58 545
58 548
58 551
58 552
58 554
58 558
58 564
58 572
58 575
58 577
58 584
58 591
58 602
58 605
58 637
59 318
60 111
60 222
60 349
60 460
60 537
60 576
62 127
63 470
64 135
64 347
64 512
64 630
65 105
66 78
66 125
66 174
66 198
66 201
66 205
66 249
66 269
66 273
66 288
66 289
66 306
66 308
66 309
66 314
66 334
66 347
66 359
66 361
66 363
66 380
66 386
66 397
66 400
66 404
66 409
66 415
66 416
66 425
66 426
66 463
66 467
66 484
66 517
66 518
66 520
66 536
66 555
66 559
66 563
66 594
66 596
66 599
66 612
66 615
66 617
67 522
68 277
68 535
69 398
71 81
71 112
71 114
71 115
71 132
71 137
71 164
71 168
71 178
71 186
71 195
71 203
71 206
71 209
71 223
71 230
71 242
71 247
71 257
71 259
71 263
71 282
71 290
71 292
71 313
71 328
71 337
71 339
71 342
71 356
71 362
71 365
71 414
71 427
71 430
71 442
71 443
71 445
71 450
71 490
71 505
71 533
71 541
71 545
71 548
71 551
71 552
71 554
71 558
71 564
71 572
71 575
71 577
71 584
71 591
71 602
71 605
71 637
72 415
73 466
74 76
74 97
74 105
74 117
74 127
74 129
74 155
74 176
74 193
74 304
74 324
74 385
74 398
74 418
74 456
74 457
74 460
74 461
74 488
74 491
74 509
74 531
74 578
74 595
75 95
75 103
75 119
75 133
75 141
75 158
75 159
75 161
75 163
75 182
75 256
75 274
75 297
75 330
75 392
75 405
75 459
75 469
75 478
75 495
75 499
75 593
75 601
75 614
76 97
76 105
76 117
76 127
76 129
76 155
76 176
76 193
76 304
76 324
76 385
76 398
76 418
76 456
76 457
76 460
76 461
76 488
76 491
76 531
76 578
76 595
77 598
78 125
78 174
78 198
78 201
78 205
78 249
78 269
78 273
78 288
78 289
78 306
78 308
78 309
78 314
78 334
78 347
78 359
78 361
78 363
78 380
78 386
78 397
78 400
78 404
78 409
78 415
78 416
78 425
78 426
78 463
78 467
78 484
78 493
78 517
78 518
78 520
78 536
78 555
78 559
78 563
78 594
78 596
78 599
78 612
78 615
78 617
79 106
79 109
79 118
79 139
79 142
79 163
79 168
79 197
79 231
79 234
79 244
79 248
79 262
79 264
79 266
79 275
79 280
79 287
79 293
79 296
79 311
79 315
79 322
79 326
79 335
79 336
79 340
79 350
79 377
79 382
79 391
79 401
79 408
79 419
79 421
79 423
79 433
79 466
79 468
79 471
79 474
79 481
79 486
79 489
79 510
79 515
79 542
79 556
79 566
79 582
79 592
79 598
79 618
79 619
79 634
79 636
80 289
80 389
81 112
81 114
81 115
81 132
81 137
81 164
81 168
81 178
81 186
81 195
81 203
81 206
81 209
81 223
81 230
81 242
81 247
81 257
81 259
81 263
81 282
81 290
81 292
81 313
81 328
81 339
81 342
81 356
81 362
81 365
81 414
81 427
81 430
81 442
81 443
81 445
81 450
81 490
81 505
81 533
81 541
81 545
81 548
81 551
81 552
81 554
81 558
81 564
81 572
81 575
81 577
81 584
81 591
81 602
81 605
81 637
82 91
82 93
82 102
82 108
82 122
82 126
82 128
82 145
82 177
82 184
82 185
82 212
82 214
82 219
82 285
82 307
82 333
82 355
82 471
82 528
82 534
82 560
82 588
83 626
84 378
85 186
86 446
87 155
87 524
88 594
89 630
90 531
91 93
91 102
91 108
91 122
91 126
91 128
91 145
91 177
91 184
91 185
91 212
91 214
91 219
91 285
91 307
91 333
91 355
91 471
91 528
91 534
91 560
91 588
92 125
93 102
93 108
93 122
93 126
93 128
93 145
93 177
93 184
93 185
93 212
93 214
93 219
93 285
93 307
93 333
93 355
93 471
93 528
93 534
93 560
93 588
94 118
95 103
95 119
95 133
95 141
95 158
95 159
95 161
95 163
95 182
95 256
95 274
95 297
95 330
95 392
95 405
95 459
95 469
95 478
95 495
95 499
95 593
95 601
95 614
96 342
97 105
97 117
97 127
97 129
97 155
97 176
97 193
97 194
97 304
97 324
97 385
97 398
97 418
97 456
97 457
97 460
97 461
97 488
97 491
97 531
97 578
97 595
98 198
99 347
100 170
100 180
100 187
100 191
100 213
100 218
100 227
100 235
100 240
100 341
100 360
100 417
100 420
100 451
100 498
100 503
100 511
100 516
100 583
100 586
100 589
100 608
100 611
101 559
101 581
102 108
102 122
102 126
102 128
102 145
102 177
102 184
102 185
102 212
102 214
102 219
102 285
102 307
102 333
102 355
102 471
102 528
102 534
102 560
102 588
103 119
103 133
103 141
103 158
103 159
103 161
103 163
103 182
103 256
103 274
103 297
103 330
103 392
103 405
103 459
103 469
103 478
103 495
103 499
103 593
103 601
103 614
104 493
105 117
105 127
105 129
105 155
105 176
105 193
105 304
105 324
105 385
105 398
105 413
105 418
105 456
105 457
105 460
105 461
105 488
105 491
105 531
105 578
105 595
106 109
106 118
106 139
106 142
106 163
106 168
106 197
106 231
106 234
106 244
106 248
106 262
106 264
106 266
106 275
106 280
106 287
106 293
106 296
106 311
106 315
106 322
106 326
106 335
106 336
106 340
106 350
106 377
106 382
106 391
106 401
106 408
106 419
106 421
106 423
106 433
106 468
106 471
106 474
106 481
106 486
106 489
106 510
106 515
106 542
106 556
106 566
106 582
106 592
106 598
106 618
106 619
106 634
106 636
107 172
107 254
108 122
108 126
108 128
108 145
108 177
108 184
108 185
108 212
108 214
108 219
108 285
108 307
108 333
108 355
108 471
108 528
108 534
108 560
108 588
109 118
109 139
109 142
109 163
109 168
109 197
109 202
109 231
109 234
109 244
109 248
109 262
109 264
109 266
109 275
109 280
109 287
109 293
109 296
109 311
109 315
109 322
109 326
109 335
109 336
109 340
109 350
109 377
109 382
109 391
109 401
109 408
109 419
109 421
109 423
109 433
109 468
109 471
109 474
109 481
109 486
109 489
109 510
109 515
109 542
109 556
109 566
109 582
109 592
109 598
109 618
109 619
109 634
109 636
110 112
112 114
112 115
112 132
112 137
112 164
112 168
112 178
112 186
112 195
112 203
112 206
112 209
112 223
112 230
112 242
112 247
112 257
112 259
112 263
112 282
112 290
112 292
112 313
112 328
112 339
112 342
112 356
112 362
112 365
112 414
112 427
112 430
112 442
112 443
112 445
112 450
112 490
112 505
112 533
112 541
112 545
112 548
112 551
112 552
112 554
112 558
112 564
112 572
112 575
112 577
112 584
112 591
112 602
112 605
112 637
113 552
114 115
114 132
114 137
114 164
114 168
114 178
114 186
114 195
114 203
114 206
114 209
114 223
114 230
114 242
114 247
114 257
114 259
114 263
114 282
114 290
114 292
114 313
114 328
114 339
114 342
114 356
114 362
114 365
114 414
114 427
114 430
114 442
114 443
114 445
114 450
114 490
114 505
114 533
114 541
114 545
114 548
114 551
114 552
114 554
114 558
114 564
114 572
114 575
114 577
114 584
114 591
114 602
114 605
114 637
115 132
115 137
115 164
115 168
115 178
115 186
115 195
115 203
115 206
115 209
115 223
115 230
115 242
115 247
115 253
115 257
115 259
115 263
115 282
115 290
115 292
115 313
115 328
115 339
115 342
115 356
115 362
115 365
115 414
115 427
115 430
115 442
115 443
115 445
115 450
115 490
115 505
115 533
115 541
115 545
115 548
115 551
115 552
115 554
115 558
115 564
115 572
115 575
115 577
115 584
115 591
115 602
115 605
115 637
116 286
117 127
117 129
117 155
117 176
117 193
117 304
117 324
117 378
117 385
117 398
117 418
117 456
117 457
117 460
117 461
117 488
117 491
117 531
117 578
117 595
118 139
118 142
118 163
118 168
118 197
118 231
118 234
118 244
118 248
118 262
118 264
118 266
118 275
118 280
118 287
118 293
118 296
118 311
118 315
118 322
118 326
118 335
118 336
118 340
118 350
118 377
118 382
118 391
118 401
118 408
118 419
118 421
118 423
118 433
118 468
118 471
118 474
118 481
118 486
118 489
118 510
118 515
118 542
118 556
118 566
118 582
118 592
118 598
118 618
118 619
118 634
118 636
119 133
119 141
119 158
119 159
119 161
119 163
119 182
119 256
119 274
119 297
119 330
119 392
119 405
119 459
119 469
119 478
119 495
119 499
119 593
119 601
119 614
120 497
121 215
122 126
122 128
122 145
122 177
122 184
122 185
122 212
122 214
122 219
122 285
122 307
122 333
122 355
122 471
122 528
122 534
122 560
122 588
123 327
124 306
125 174
125 198
125 201
125 205
125 249
125 269
125 273
125 288
125 289
125 306
125 308
125 309
125 314
125 334
125 347
125 359
125 361
125 363
125 380
125 386
125 397
125 400
125 404
125 409
125 415
125 416
125 425
125 426
125 463
125 467
125 484
125 517
125 518
125 520
125 536
125 555
125 559
125 563
125 594
125 596
125 599
125 612
125 615
125 617
126 128
126 145
126 177
126 184
126 185
126 212
126 214
126 219
126 285
126 307
126 333
126 355
126 471
126 528
126 534
126 560
126 588
127 129
127 155
127 176
127 193
127 304
127 324
127 385
127 398
127 418
127 448
127 456
127 457
127 460
127 461
127 488
127 491
127 531
127 578
127 595
128 145
128 177
128 184
128 185
128 212
128 214
128 219
128 285
128 307
128 333
128 355
128 471
128 528
128 534
128 560
128 588
129 155
129 156
129 176
129 193
129 276
129 304
129 324
129 385
129 398
129 418
129 456
129 457
129 460
129 461
129 488
129 491
129 531
129 578
129 595
130 203
131 162
131 595
132 137
132 164
132 168
132 178
132 186
132 195
132 203
132 206
132 209
132 223
132 230
132 242
132 247
132 257
132 259
132 263
132 282
132 290
132 292
132 313
132 328
132 339
132 342
132 356
132 362
132 365
132 414
132 427
132 430
132 442
132 443
132 445
132 450
132 454
132 490
132 505
132 533
132 541
132 545
132 548
132 551
132 552
132 554
132 558
132 564
132 572
132 575
132 577
132 584
132 591
132 602
132 605
132 637
133 141
133 158
133 159
133 161
133 163
133 182
133 256
133 274
133 297
133 330
133 392
133 405
133 459
133 469
133 478
133 495
133 499
133 593
133 601
133 614
134 525
137 164
137 168
137 178
137 186
137 195
137 203
137 206
137 209
137 223
137 230
137 242
137 247
137 257
137 259
137 263
137 282
137 290
137 292
137 313
137 328
137 339
137 342
137 356
137 362
137 365
137 414
137 427
137 430
137 442
137 443
137 445
137 450
137 490
137 505
137 533
137 541
137 545
137 548
137 551
137 552
137 554
137 558
137 564
137 572
137 575
137 577
137 584
137 591
137 602
137 605
137 637
138 333
139 142
139 163
139 168
139 197
139 231
139 234
139 244
139 248
139 262
139 264
139 266
139 275
139 280
139 287
139 293
139 296
139 311
139 315
139 322
139 326
139 335
139 336
139 340
139 350
139 377
139 382
139 391
139 401
139 408
139 419
139 421
139 423
139 433
139 468
139 471
139 474
139 481
139 486
139 489
139 510
139 515
139 542
139 556
139 566
139 582
139 592
139 598
139 618
139 619
139 634
139 636
140 348
141 158
141 159
141 161
141 163
141 182
141 256
141 274
141 297
141 330
141 392
141 405
141 459
141 469
141 478
141 495
141 499
141 593
141 601
141 614
142 163
142 168
142 197
142 231
142 234
142 244
142 248
142 262
142 264
142 266
142 275
142 280
142 287
142 293
142 296
142 311
142 315
142 322
142 326
142 335
142 336
142 340
142 350
142 377
142 382
142 391
142 401
142 408
142 419
142 421
142 423
142 433
142 468
142 471
142 474
142 481
142 486
142 489
142 510
142 515
142 542
142 556
142 566
142 582
142 592
142 598
142 618
142 619
142 634
142 636
143 336
144 150
145 177
145 184
145 185
145 212
145 214
145 219
145 285
145 307
145 333
145 355
145 471
145 528
145 534
145 560
145 588
146 188
147 151
147 165
147 189
147 216
147 225
147 272
147 305
147 316
147 319
147 344
147 345
147 352
147 383
147 384
147 402
147 403
147 406
147 432
147 438
147 440
147 449
147 456
147 473
147 475
147 522
147 526
147 527
147 549
147 550
147 571
147 574
147 585
147 624
147 635
148 253
149 416
150 204
150 237
150 388
150 439
150 590
150 597
151 165
151 189
151 216
151 225
151 272
151 305
151 316
151 319
151 344
151 345
151 352
151 383
151 384
151 402
151 403
151 406
151 432
151 438
151 440
151 449
151 456
151 473
151 475
151 522
151 526
151 527
151 549
151 550
151 571
151 574
151 585
151 624
151 635
152 500
153 590
154 622
155 176
155 193
155 304
155 324
155 385
155 398
155 418
155 456
155 457
155 460
155 461
155 488
155 491
155 531
155 578
155 595
155 621
156 437
158 159
158 161
158 163
158 182
158 256
158 274
158 297
158 330
158 392
158 405
158 459
158 469
158 478
158 495
158 499
158 593
158 601
158 614
159 160
159 161
159 163
159 182
159 256
159 274
159 297
159 330
159 392
159 405
159 459
159 469
159 478
159 495
159 499
159 593
159 601
159 614
161 163
161 182
161 256
161 274
161 297
161 330
161 392
161 405
161 459
161 469
161 478
161 495
161 499
161 593
161 601
161 614
163 168
163 182
163 197
163 200
163 231
163 234
163 244
163 248
163 256
163 262
163 264
163 266
163 274
163 275
163 280
163 287
163 293
163 296
163 297
163 311
163 315
163 322
163 326
163 330
163 335
163 336
163 340
163 350
163 377
163 382
163 391
163 392
163 401
163 405
163 408
163 419
163 421
163 423
163 433
163 459
163 468
163 469
163 471
163 474
163 478
163 481
163 486
163 489
163 495
163 499
163 510
163 515
163 542
163 556
163 566
163 582
163 592
163 593
163 598
163 601
163 614
163 618
163 619
163 634
163 636
164 168
164 178
164 186
164 195
164 203
164 206
164 209
164 223
164 230
164 242
164 247
164 257
164 259
164 263
164 282
164 290
164 292
164 313
164 328
164 339
164 342
164 356
164 362
164 365
164 414
164 427
164 430
164 442
164 443
164 445
164 450
164 490
164 505
164 533
164 541
164 545
164 548
164 551
164 552
164 554
164 558
164 564
164 572
164 575
164 577
164 584
164 591
164 602
164 605
164 637
165 189
165 216
165 225
165 272
165 305
165 316
165 319
165 344
165 345
165 352
165 383
165 384
165 402
165 403
165 406
165 432
165 438
165 440
165 449
165 456
165 473
165 475
165 522
165 526
165 527
165 549
165 550
165 571
165 574
165 585
165 624
165 635
166 371
166 563
167 340
168 178
168 186
168 195
168 197
168 203
168 206
168 209
168 223
168 230
168 231
168 234
168 242
168 244
168 245
168 247
168 248
168 257
168 259
168 262
168 263
168 264
168 266
168 275
168 280
168 282
168 287
168 290
168 292
168 293
168 296
168 311
168 313
168 315
168 322
168 326
168 328
168 335
168 336
168 339
168 340
168 342
168 350
168 353
168 356
168 362
168 365
168 368
168 377
168 382
168 391
168 401
168 408
168 414
168 419
168 421
168 423
168 427
168 430
168 433
168 442
168 443
168 445
168 450
168 468
168 471
168 474
168 481
168 486
168 489
168 490
168 505
168 510
168 515
168 533
168 541
168 542
168 545
168 548
168 551
168 552
168 554
168 556
168 558
168 564
168 566
168 572
168 575
168 577
168 582
168 584
168 591
168 592
168 598
168 602
168 605
168 618
168 619
168 634
168 636
168 637
169 250
170 180
170 187
170 191
170 213
170 218
170 227
170 235
170 240
170 341
170 360
170 417
170 420
170 451
170 498
170 503
170 511
170 516
170 583
170 586
170 589
170 608
170 611
171 341
173 322
174 198
174 201
174 205
174 249
174 269
174 273
174 288
174 289
174 306
174 308
174 309
174 314
174 334
174 347
174 359
174 361
174 363
174 380
174 386
174 397
174 400
174 404
174 409
174 415
174 416
174 425
174 426
174 444
174 455
174 463
174 467
174 484
174 517
174 518
174 520
174 536
174 555
174 559
174 563
174 594
174 596
174 599
174 612
174 615
174 617
175 540
176 193
176 304
176 324
176 385
176 398
176 418
176 456
176 457
176 460
176 461
176 488
176 491
176 531
176 578
176 595
176 620
177 184
177 185
177 212
177 214
177 219
177 285
177 307
177 333
177 355
177 471
177 528
177 534
177 560
177 588
178 186
178 195
178 203
178 206
178 209
178 223
178 230
178 242
178 247
178 257
178 259
178 263
178 282
178 290
178 292
178 313
178 328
178 339
178 342
178 356
178 362
178 365
178 414
178 427
178 430
178 442
178 443
178 445
178 450
178 490
178 505
178 533
178 541
178 545
178 548
178 551
178 552
178 554
178 558
178 564
178 572
178 575
178 577
178 584
178 591
178 602
178 605
178 637
179 370
179 410
179 532
180 187
180 191
180 213
180 218
180 227
180 235
180 240
180 341
180 360
180 417
180 420
180 451
180 498
180 503
180 511
180 516
180 583
180 586
180 589
180 608
180 611
181 349
182 256
182 274
182 297
182 330
182 392
182 405
182 459
182 469
182 478
182 495
182 499
182 593
182 601
182 614
183 278
184 185
184 212
184 214
184 219
184 285
184 307
184 333
184 355
184 471
184 528
184 534
184 560
184 588
185 212
185 214
185 219
185 285
185 307
185 333
185 355
185 471
185 528
185 534
185 560
185 588
186 195
186 203
186 206
186 209
186 223
186 230
186 242
186 247
186 257
186 259
186 263
186 282
186 290
186 292
186 313
186 328
186 339
186 342
186 356
186 362
186 365
186 414
186 427
186 430
186 442
186 443
186 445
186 450
186 490
186 505
186 533
186 541
186 545
186 548
186 551
186 552
186 554
186 558
186 564
186 572
186 575
186 577
186 584
186 591
186 602
186 605
186 637
187 191
187 213
187 218
187 227
187 235
187 240
187 341
187 360
187 417
187 420
187 451
187 498
187 503
187 511
187 516
187 583
187 586
187 589
187 608
187 611
188 358
188 568
189 216
189 225
189 272
189 305
189 316
189 319
189 344
189 345
189 352
189 383
189 384
189 402
189 403
189 406
189 432
189 438
189 440
189 449
189 456
189 473
189 475
189 522
189 526
189 527
189 549
189 550
189 571
189 574
189 585
189 624
189 635
190 213
191 213
191 218
191 227
191 235
191 240
191 341
191 360
191 417
191 420
191 451
191 498
191 503
191 511
191 516
191 583
191 586
191 589
191 608
191 611
192 460
193 270
193 304
193 324
193 385
193 393
193 398
193 418
193 456
193 457
193 460
193 461
193 488
193 491
193 531
193 578
193 595
194 364
195 203
195 206
195 209
195 223
195 230
195 242
195 247
195 257
195 259
195 263
195 282
195 290
195 292
195 313
195 328
195 339
195 342
195 356
195 362
195 365
195 414
195 427
195 430
195 442
195 443
195 445
195 450
195 490
195 505
195 533
195 541
195 545
195 548
195 551
195 552
195 554
195 558
195 564
195 572
195 575
195 577
195 584
195 591
195 602
195 605
195 637
196 260
196 552
197 231
197 234
197 244
197 248
197 262
197 264
197 266
197 275
197 280
197 287
197 293
197 296
197 311
197 315
197 322
197 326
197 335
197 336
197 340
197 350
197 377
197 382
197 391
197 401
197 408
197 419
197 421
197 423
197 433
197 468
197 471
197 474
197 481
197 486
197 489
197 510
197 515
197 542
197 556
197 566
197 582
197 592
197 598
197 618
197 619
197 634
197 636
198 201
198 205
198 249
198 269
198 273
198 288
198 289
198 306
198 308
198 309
198 314
198 334
198 347
198 359
198 361
198 363
198 380
198 386
198 397
198 400
198 404
198 409
198 415
198 416
198 425
198 426
198 434
198 463
198 467
198 484
198 517
198 518
198 520
198 536
198 555
198 559
198 563
198 594
198 596
198 599
198 612
198 615
198 617
199 308
199 625
201 205
201 249
201 269
201 273
201 288
201 289
201 306
201 308
201 309
201 314
201 334
201 347
201 359
201 361
201 363
201 380
201 386
201 397
201 400
201 404
201 409
201 415
201 416
201 425
201 426
201 463
201 467
201 484
201 517
201 518
201 520
201 536
201 555
201 559
201 563
201 594
201 596
201 599
201 612
201 615
201 617
203 206
203 209
203 223
203 230
203 242
203 247
203 257
203 259
203 263
203 282
203 290
203 292
203 313
203 328
203 339
203 342
203 356
203 362
203 365
203 414
203 427
203 430
203 442
203 443
203 445
203 450
203 490
203 505
203 533
203 541
203 545
203 548
203 551
203 552
203 554
203 558
203 564
203 572
203 575
203 577
203 584
203 591
203 602
203 605
203 637
205 249
205 269
205 271
205 273
205 288
205 289
205 306
205 308
205 309
205 314
205 334
205 347
205 359
205 361
205 363
205 380
205 386
205 397
205 400
205 404
205 409
205 415
205 416
205 425
205 426
205 463
205 467
205 484
205 517
205 518
205 520
205 536
205 555
205 559
205 563
205 594
205 596
205 599
205 612
205 615
205 617
206 209
206 223
206 230
206 242
206 247
206 257
206 259
206 263
206 282
206 290
206 292
206 313
206 328
206 339
206 342
206 356
206 362
206 365
206 414
206 427
206 430
206 442
206 443
206 445
206 450
206 490
206 505
206 533
206 541
206 545
206 548
206 551
206 552
206 554
206 558
206 564
206 572
206 575
206 577
206 584
206 591
206 602
206 605
206 633
206 637
207 409
208 445
209 223
209 230
209 242
209 247
209 257
209 259
209 263
209 282
209 290
209 292
209 313
209 328
209 339
209 342
209 356
209 362
209 365
209 414
209 427
209 430
209 442
209 443
209 445
209 450
209 490
209 505
209 533
209 541
209 545
209 548
209 551
209 552
209 554
209 558
209 564
209 572
209 575
209 577
209 584
209 591
209 602
209 605
209 637
210 380
211 450
211 458
212 214
212 219
212 285
212 307
212 333
212 355
212 471
212 528
212 534
212 560
212 588
213 218
213 227
213 235
213 240
213 341
213 360
213 417
213 420
213 451
213 498
213 503
213 511
213 516
213 583
213 586
213 589
213 608
213 611
214 219
214 285
214 307
214 333
214 355
214 471
214 528
214 534
214 560
214 561
214 588
215 243
215 494
216 225
216 272
216 305
216 316
216 319
216 344
216 345
216 352
216 383
216 384
216 402
216 403
216 406
216 432
216 438
216 440
216 449
216 456
216 473
216 475
216 522
216 526
216 527
216 549
216 550
216 571
216 574
216 585
216 624
216 635
217 340
218 227
218 235
218 240
218 341
218 360
218 394
218 417
218 420
218 451
218 498
218 503
218 511
218 516
218 583
218 586
218 589
218 608
218 611
219 285
219 307
219 333
219 355
219 471
219 528
219 534
219 560
219 588
220 600
221 487
222 366
223 230
223 242
223 247
223 257
223 259
223 263
223 282
223 290
223 292
223 313
223 328
223 339
223 342
223 356
223 362
223 365
223 414
223 427
223 430
223 442
223 443
223 445
223 450
223 490
223 505
223 533
223 541
223 545
223 548
223 551
223 552
223 554
223 558
223 564
223 572
223 575
223 577
223 584
223 591
223 602
223 605
223 637
224 325
225 272
225 305
225 316
225 319
225 344
225 345
225 352
225 383
225 384
225 402
225 403
225 406
225 432
225 438
225 440
225 449
225 456
225 473
225 475
225 522
225 526
225 527
225 549
225 550
225 571
225 574
225 585
225 624
225 635
226 349
227 235
227 240
227 341
227 358
227 360
227 417
227 420
227 451
227 498
227 503
227 511
227 516
227 583
227 586
227 589
227 608
227 611
227 622
229 433
230 242
230 247
230 257
230 259
230 263
230 282
230 290
230 292
230 313
230 328
230 339
230 342
230 356
230 362
230 365
230 414
230 427
230 430
230 442
230 443
230 445
230 450
230 490
230 505
230 533
230 541
230 545
230 548
230 551
230 552
230 554
230 558
230 564
230 572
230 575
230 577
230 584
230 591
230 602
230 605
230 637
231 234
231 244
231 248
231 262
231 264
231 266
231 275
231 280
231 287
231 293
231 296
231 311
231 315
231 322
231 326
231 335
231 336
231 340
231 350
231 377
231 382
231 391
231 401
231 408
231 419
231 421
231 423
231 433
231 468
231 471
231 474
231 481
231 486
231 489
231 510
231 515
231 542
231 556
231 566
231 582
231 592
231 598
231 618
231 619
231 634
231 636
232 458
233 566
234 244
234 248
234 262
234 264
234 266
234 275
234 280
234 287
234 293
234 296
234 311
234 315
234 322
234 326
234 335
234 336
234 340
234 350
234 377
234 382
234 391
234 401
234 408
234 419
234 421
234 423
234 433
234 468
234 471
234 474
234 481
234 486
234 489
234 510
234 515
234 542
234 556
234 566
234 582
234 592
234 598
234 618
234 619
234 634
234 636
235 240
235 261
235 341
235 360
235 417
235 420
235 451
235 498
235 503
235 511
235 516
235 583
235 586
235 589
235 608
235 611
236 348
238 595
239 288
240 341
240 360
240 417
240 420
240 451
240 498
240 503
240 511
240 516
240 583
240 586
240 589
240 608
240 611
241 373
242 247
242 257
242 259
242 263
242 282
242 290
242 292
242 313
242 328
242 339
242 342
242 356
242 362
242 365
242 414
242 427
242 430
242 442
242 443
242 445
242 450
242 490
242 505
242 533
242 541
242 545
242 548
242 551
242 552
242 554
242 558
242 564
242 572
242 575
242 577
242 584
242 591
242 602
242 605
242 637
243 511
243 616
244 248
244 262
244 264
244 266
244 275
244 280
244 287
244 293
244 296
244 311
244 315
244 322
244 326
244 335
244 336
244 340
244 350
244 377
244 382
244 391
244 401
244 408
244 419
244 421
244 423
244 433
244 468
244 471
244 474
244 481
244 486
244 489
244 510
244 515
244 542
244 556
244 566
244 582
244 592
244 598
244 618
244 619
244 634
244 636
246 456
247 257
247 259
247 263
247 282
247 290
247 292
247 313
247 328
247 339
247 342
247 356
247 362
247 365
247 414
247 427
247 430
247 442
247 443
247 445
247 450
247 490
247 505
247 533
247 541
247 545
247 548
247 551
247 552
247 554
247 558
247 564
247 572
247 575
247 577
247 584
247 591
247 602
247 605
247 637
248 262
248 264
248 266
248 275
248 280
248 287
248 293
248 296
248 311
248 315
248 322
248 326
248 335
248 336
248 340
248 350
248 377
248 382
248 391
248 401
248 408
248 419
248 421
248 423
248 433
248 468
248 471
248 474
248 481
248 486
248 489
248 510
248 515
248 542
248 556
248 566
248 582
248 592
248 598
248 618
248 619
248 634
248 636
249 269
249 273
249 288
249 289
249 306
249 308
249 309
249 314
249 334
249 347
249 359
249 361
249 363
249 380
249 386
249 397
249 400
249 404
249 409
249 415
249 416
249 425
249 426
249 463
249 467
249 484
249 517
249 518
249 520
249 536
249 547
249 555
249 559
249 563
249 594
249 596
249 599
249 612
249 615
249 617
249 628
250 301
251 424
251 594
252 320
252 460
254 494
255 409
256 274
256 297
256 330
256 392
256 405
256 459
256 469
256 478
256 492
256 495
256 499
256 593
256 601
256 614
257 259
257 263
257 282
257 290
257 292
257 313
257 328
257 339
257 342
257 356
257 362
257 365
257 414
257 427
257 430
257 442
257 443
257 445
257 450
257 490
257 505
257 533
257 541
257 545
257 548
257 551
257 552
257 554
257 558
257 564
257 572
257 575
257 577
257 584
257 591
257 602
257 605
257 637
259 263
259 282
259 290
259 292
259 313
259 328
259 339
259 342
259 356
259 362
259 365
259 414
259 427
259 430
259 442
259 443
259 445
259 450
259 490
259 505
259 533
259 541
259 545
259 548
259 551
259 552
259 554
259 558
259 564
259 572
259 575
259 577
259 579
259 584
259 591
259 602
259 605
259 637
262 264
262 266
262 275
262 280
262 287
262 293
262 296
262 311
262 315
262 322
262 326
262 335
262 336
262 340
262 350
262 377
262 382
262 391
262 401
262 408
262 419
262 421
262 423
262 433
262 468
262 471
262 474
262 481
262 486
262 489
262 510
262 515
262 542
262 556
262 566
262 582
262 592
262 598
262 618
262 619
262 634
262 636
263 282
263 290
263 292
263 313
263 328
263 339
263 342
263 356
263 362
263 365
263 414
263 427
263 430
263 442
263 443
263 445
263 450
263 490
263 505
263 533
263 541
263 545
263 548
263 551
263 552
263 554
263 558
263 564
263 572
263 575
263 577
263 584
263 591
263 602
263 605
263 637
264 266
264 275
264 280
264 287
264 293
264 296
264 311
264 315
264 322
264 326
264 335
264 336
264 340
264 350
264 377
264 382
264 391
264 401
264 408
264 419
264 421
264 423
264 433
264 468
264 471
264 474
264 481
264 486
264 489
264 510
264 515
264 542
264 556
264 566
264 582
264 592
264 598
264 618
264 619
264 634
264 636
265 558
266 275
266 280
266 287
266 293
266 296
266 311
266 315
266 322
266 326
266 335
266 336
266 340
266 350
266 377
266 382
266 391
266 401
266 408
266 419
266 421
266 423
266 433
266 468
266 471
266 474
266 481
266 486
266 489
266 510
266 515
266 542
266 556
266 566
266 582
266 592
266 598
266 618
266 619
266 634
266 636
267 509
268 365
269 273
269 288
269 289
269 306
269 308
269 309
269 314
269 334
269 347
269 359
269 361
269 363
269 380
269 386
269 397
269 400
269 404
269 409
269 415
269 416
269 425
269 426
269 463
269 467
269 484
269 517
269 518
269 520
269 536
269 555
269 559
269 563
269 594
269 596
269 599
269 612
269 615
269 617
270 325
270 470
270 472
272 305
272 316
272 319
272 344
272 345
272 352
272 383
272 384
272 402
272 403
272 406
272 432
272 438
272 440
272 449
272 456
272 473
272 475
272 522
272 526
272 527
272 549
272 550
272 571
272 574
272 585
272 624
272 635
273 288
273 289
273 306
273 308
273 309
273 314
273 334
273 347
273 359
273 361
273 363
273 380
273 386
273 397
273 400
273 404
273 409
273 415
273 416
273 425
273 426
273 463
273 467
273 484
273 517
273 518
273 520
273 536
273 555
273 559
273 563
273 594
273 596
273 599
273 612
273 615
273 617
274 297
274 330
274 392
274 405
274 453
274 459
274 469
274 478
274 495
274 499
274 593
274 601
274 614
275 280
275 287
275 293
275 296
275 311
275 315
275 322
275 326
275 335
275 336
275 340
275 350
275 377
275 382
275 391
275 401
275 408
275 419
275 421
275 423
275 433
275 468
275 471
275 474
275 481
275 486
275 489
275 510
275 515
275 542
275 556
275 566
275 582
275 592
275 598
275 618
275 619
275 623
275 634
275 636
276 565
276 573
277 439
278 412
278 541
279 450
280 287
280 293
280 296
280 311
280 315
280 322
280 326
280 335
280 336
280 340
280 350
280 377
280 382
280 391
280 401
280 408
280 419
280 421
280 423
280 433
280 468
280 471
280 474
280 481
280 486
280 487
280 489
280 510
280 515
280 542
280 556
280 566
280 582
280 592
280 598
280 618
280 619
280 634
280 636
281 351
282 290
282 292
282 313
282 328
282 339
282 342
282 356
282 362
282 365
282 414
282 427
282 430
282 442
282 443
282 445
282 450
282 490
282 505
282 533
282 541
282 545
282 548
282 551
282 552
282 554
282 558
282 564
282 572
282 575
282 577
282 584
282 591
282 602
282 605
282 637
283 419
284 319
285 307
285 333
285 355
285 471
285 528
285 534
285 560
285 588
286 435
287 293
287 296
287 311
287 315
287 322
287 326
287 335
287 336
287 340
287 350
287 377
287 382
287 391
287 401
287 408
287 419
287 421
287 423
287 433
287 468
287 471
287 474
287 481
287 486
287 489
287 510
287 515
287 542
287 556
287 566
287 582
287 592
287 598
287 618
287 619
287 634
287 636
288 289
288 306
288 308
288 309
288 314
288 334
288 347
288 359
288 361
288 363
288 380
288 386
288 397
288 400
288 404
288 409
288 415
288 416
288 425
288 426
288 463
288 467
288 484
288 517
288 518
288 520
288 536
288 555
288 559
288 563
288 594
288 596
288 599
288 612
288 615
288 617
289 306
289 308
289 309
289 314
289 334
289 347
289 359
289 361
289 363
289 380
289 386
289 397
289 400
289 404
289 409
289 415
289 416
289 425
289 426
289 463
289 467
289 484
289 517
289 518
289 520
289 536
289 555
289 559
289 563
289 594
289 596
289 599
289 612
289 615
289 617
290 292
290 313
290 328
290 339
290 342
290 356
290 362
290 365
290 414
290 427
290 430
290 442
290 443
290 445
290 450
290 490
290 505
290 533
290 541
290 545
290 548
290 551
290 552
290 554
290 558
290 564
290 572
290 575
290 577
290 584
290 591
290 602
290 605
290 637
291 631
292 313
292 328
292 339
292 342
292 356
292 362
292 365
292 414
292 427
292 430
292 442
292 443
292 445
292 450
292 490
292 505
292 533
292 541
292 545
292 548
292 551
292 552
292 554
292 558
292 564
292 567
292 572
292 575
292 577
292 584
292 591
292 602
292 605
292 637
293 296
293 311
293 315
293 322
293 326
293 335
293 336
293 340
293 350
293 377
293 382
293 391
293 401
293 408
293 419
293 421
293 423
293 433
293 468
293 471
293 474
293 481
293 486
293 489
293 510
293 515
293 542
293 556
293 566
293 582
293 592
293 598
293 618
293 619
293 634
293 636
294 590
295 604
296 311
296 315
296 322
296 326
296 335
296 336
296 340
296 350
296 369
296 377
296 382
296 391
296 401
296 408
296 419
296 421
296 423
296 433
296 468
296 471
296 474
296 481
296 486
296 489
296 510
296 515
296 542
296 556
296 566
296 582
296 592
296 598
296 618
296 619
296 634
296 636
297 330
297 392
297 405
297 459
297 469
297 478
297 495
297 499
297 593
297 601
297 614
298 547
299 602
300 558
301 462
302 384
303 395
304 324
304 385
304 398
304 418
304 456
304 457
304 460
304 461
304 488
304 491
304 500
304 531
304 578
304 595
305 316
305 319
305 344
305 345
305 352
305 383
305 384
305 402
305 403
305 406
305 432
305 438
305 440
305 449
305 456
305 473
305 475
305 522
305 526
305 527
305 549
305 550
305 571
305 574
305 585
305 624
305 635
306 308
306 309
306 314
306 334
306 347
306 359
306 361
306 363
306 380
306 386
306 397
306 400
306 404
306 409
306 415
306 416
306 425
306 426
306 463
306 467
306 484
306 517
306 518
306 520
306 536
306 555
306 559
306 563
306 594
306 596
306 599
306 612
306 613
306 615
306 617
307 333
307 355
307 471
307 528
307 534
307 560
307 588
308 309
308 314
308 334
308 347
308 359
308 361
308 363
308 380
308 386
308 397
308 400
308 404
308 409
308 415
308 416
308 425
308 426
308 463
308 467
308 484
308 517
308 518
308 520
308 536
308 555
308 559
308 563
308 594
308 596
308 599
308 612
308 615
308 617
309 314
309 334
309 347
309 359
309 361
309 363
309 380
309 386
309 397
309 400
309 404
309 409
309 415
309 416
309 425
309 426
309 441
309 463
309 467
309 484
309 517
309 518
309 520
309 536
309 555
309 559
309 563
309 594
309 596
309 599
309 612
309 615
309 617
310 439
311 315
311 322
311 326
311 335
311 336
311 340
311 350
311 377
311 382
311 391
311 401
311 408
311 419
311 421
311 423
311 433
311 468
311 471
311 474
311 481
311 486
311 489
311 510
311 515
311 542
311 556
311 563
311 566
311 582
311 592
311 598
311 618
311 619
311 634
311 636
312 611
313 328
313 339
313 342
313 356
313 362
313 365
313 414
313 427
313 430
313 442
313 443
313 445
313 450
313 490
313 505
313 533
313 541
313 545
313 548
313 551
313 552
313 554
313 558
313 564
313 572
313 575
313 577
313 584
313 591
313 602
313 605
313 637
314 334
314 347
314 359
314 361
314 363
314 380
314 386
314 397
314 400
314 404
314 409
314 415
314 416
314 425
314 426
314 463
314 467
314 484
314 517
314 518
314 520
314 536
314 555
314 559
314 563
314 594
314 596
314 599
314 612
314 615
314 617
315 322
315 326
315 335
315 336
315 340
315 350
315 377
315 382
315 391
315 401
315 408
315 419
315 421
315 423
315 433
315 468
315 471
315 474
315 481
315 486
315 489
315 510
315 515
315 542
315 556
315 566
315 582
315 592
315 598
315 618
315 619
315 634
315 636
316 319
316 344
316 345
316 352
316 383
316 384
316 402
316 403
316 406
316 432
316 438
316 440
316 449
316 456
316 473
316 475
316 522
316 526
316 527
316 549
316 550
316 571
316 574
316 585
316 624
316 635
317 596
318 578
319 344
319 345
319 352
319 383
319 384
319 402
319 403
319 406
319 432
319 438
319 440
319 449
319 456
319 473
319 475
319 522
319 526
319 527
319 549
319 550
319 571
319 574
319 585
319 624
319 635
321 348
322 326
322 335
322 336
322 340
322 350
322 377
322 382
322 391
322 401
322 408
322 419
322 421
322 423
322 433
322 468
322 471
322 474
322 481
322 486
322 489
322 510
322 515
322 542
322 556
322 566
322 582
322 592
322 598
322 618
322 619
322 634
322 636
323 433
324 385
324 398
324 418
324 456
324 457
324 460
324 461
324 488
324 491
324 531
324 578
324 595
324 603
326 335
326 336
326 340
326 350
326 377
326 382
326 391
326 401
326 408
326 419
326 421
326 423
326 433
326 468
326 471
326 474
326 481
326 486
326 489
326 510
326 515
326 542
326 556
326 566
326 582
326 592
326 598
326 618
326 619
326 634
326 636
327 461
327 483
328 339
328 342
328 356
328 362
328 365
328 414
328 427
328 430
328 442
328 443
328 445
328 450
328 490
328 505
328 533
328 541
328 545
328 548
328 551
328 552
328 554
328 557
328 558
328 564
328 569
328 572
328 575
328 577
328 584
328 591
328 602
328 605
328 637
329 439
330 392
330 405
330 459
330 469
330 478
330 495
330 499
330 593
330 601
330 614
331 401
332 353
333 355
333 471
333 528
333 534
333 560
333 588
334 347
334 359
334 361
334 363
334 380
334 386
334 397
334 400
334 404
334 409
334 415
334 416
334 425
334 426
334 463
334 467
334 484
334 514
334 517
334 518
334 520
334 536
334 555
334 559
334 563
334 594
334 596
334 599
334 612
334 615
334 617
335 336
335 340
335 350
335 377
335 382
335 391
335 401
335 408
335 419
335 421
335 423
335 433
335 468
335 471
335 474
335 476
335 481
335 486
335 489
335 510
335 515
335 530
335 542
335 553
335 556
335 566
335 582
335 592
335 598
335 618
335 619
335 634
335 636
336 340
336 350
336 372
336 376
336 377
336 382
336 391
336 401
336 408
336 419
336 421
336 423
336 433
336 468
336 471
336 474
336 481
336 486
336 489
336 510
336 515
336 542
336 556
336 566
336 582
336 592
336 598
336 618
336 619
336 634
336 636
338 342
339 342
339 356
339 362
339 365
339 414
339 427
339 430
339 442
339 443
339 445
339 450
339 490
339 505
339 533
339 541
339 545
339 548
339 551
339 552
339 554
339 558
339 564
339 572
339 575
339 577
339 584
339 591
339 602
339 605
339 637
340 350
340 377
340 382
340 391
340 401
340 408
340 419
340 421
340 423
340 433
340 468
340 471
340 474
340 481
340 486
340 489
340 510
340 515
340 542
340 556
340 566
340 582
340 592
340 598
340 618
340 619
340 634
340 636
341 360
341 417
341 420
341 451
341 498
341 503
341 511
341 516
341 583
341 586
341 589
341 608
341 611
342 356
342 362
342 365
342 414
342 427
342 430
342 442
342 443
342 445
342 450
342 490
342 505
342 533
342 541
342 545
342 548
342 551
342 552
342 554
342 558
342 564
342 572
342 575
342 577
342 584
342 591
342 602
342 605
342 637
343 375
343 518
344 345
344 352
344 383
344 384
344 402
344 403
344 406
344 432
344 438
344 440
344 449
344 456
344 473
344 475
344 522
344 526
344 527
344 549
344 550
344 571
344 574
344 585
344 624
344 635
345 352
345 383
345 384
345 402
345 403
345 406
345 432
345 438
345 440
345 449
345 456
345 473
345 475
345 522
345 526
345 527
345 549
345 550
345 571
345 574
345 585
345 624
345 635
346 384
347 359
347 361
347 363
347 380
347 386
347 397
347 400
347 404
347 409
347 415
347 416
347 425
347 426
347 463
347 467
347 484
347 517
347 518
347 520
347 536
347 555
347 559
347 563
347 594
347 596
347 599
347 612
347 615
347 617
348 559
349 387
350 377
350 382
350 391
350 401
350 408
350 419
350 421
350 423
350 433
350 468
350 471
350 474
350 481
350 486
350 489
350 510
350 515
350 542
350 556
350 566
350 582
350 592
350 598
350 618
350 619
350 634
350 636
352 383
352 384
352 402
352 403
352 406
352 432
352 438
352 440
352 449
352 456
352 473
352 475
352 522
352 526
352 527
352 549
352 550
352 571
352 574
352 585
352 624
352 635
354 385
355 471
355 528
355 534
355 560
355 588
356 362
356 365
356 414
356 427
356 430
356 442
356 443
356 445
356 450
356 490
356 505
356 533
356 541
356 545
356 548
356 551
356 552
356 554
356 558
356 564
356 572
356 575
356 577
356 584
356 591
356 602
356 605
356 637
357 488
357 501
359 361
359 363
359 380
359 386
359 397
359 400
359 404
359 409
359 415
359 416
359 425
359 426
359 463
359 467
359 484
359 517
359 518
359 520
359 536
359 555
359 559
359 563
359 594
359 596
359 599
359 612
359 615
359 617
360 417
360 420
360 451
360 498
360 503
360 511
360 516
360 583
360 586
360 589
360 608
360 611
361 363
361 380
361 386
361 397
361 400
361 404
361 409
361 415
361 416
361 425
361 426
361 463
361 464
361 467
361 484
361 517
361 518
361 520
361 536
361 555
361 559
361 563
361 594
361 596
361 599
361 612
361 615
361 617
362 365
362 414
362 427
362 430
362 442
362 443
362 445
362 450
362 490
362 505
362 533
362 541
362 545
362 548
362 551
362 552
362 554
362 558
362 564
362 572
362 575
362 577
362 584
362 591
362 602
362 605
362 637
363 380
363 386
363 397
363 400
363 404
363 409
363 415
363 416
363 425
363 426
363 463
363 467
363 484
363 517
363 518
363 520
363 536
363 555
363 559
363 563
363 594
363 596
363 599
363 612
363 615
363 617
365 414
365 427
365 430
365 442
365 443
365 445
365 450
365 490
365 505
365 533
365 539
365 541
365 545
365 548
365 551
365 552
365 554
365 558
365 564
365 572
365 575
365 577
365 584
365 591
365 602
365 605
365 637
367 543
371 479
373 467
374 611
377 382
377 391
377 401
377 408
377 419
377 421
377 423
377 433
377 468
377 471
377 474
377 481
377 486
377 489
377 510
377 515
377 542
377 556
377 566
377 582
377 592
377 598
377 618
377 619
377 634
377 636
379 382
380 386
380 397
380 400
380 404
380 409
380 415
380 416
380 425
380 426
380 463
380 467
380 484
380 517
380 518
380 520
380 536
380 555
380 559
380 563
380 594
380 596
380 599
380 612
380 615
380 617
381 486
382 391
382 401
382 408
382 419
382 421
382 423
382 433
382 468
382 471
382 474
382 481
382 486
382 489
382 510
382 515
382 542
382 556
382 566
382 582
382 592
382 598
382 618
382 619
382 634
382 636
383 384
383 402
383 403
383 406
383 432
383 438
383 440
383 449
383 456
383 473
383 475
383 522
383 526
383 527
383 549
383 550
383 571
383 574
383 585
383 624
383 635
384 402
384 403
384 406
384 432
384 438
384 440
384 449
384 456
384 473
384 475
384 522
384 526
384 527
384 549
384 550
384 571
384 574
384 585
384 624
384 635
385 398
385 418
385 456
385 457
385 460
385 461
385 488
385 491
385 531
385 578
385 595
386 395
386 397
386 400
386 404
386 409
386 415
386 416
386 425
386 426
386 463
386 467
386 484
386 517
386 518
386 520
386 536
386 555
386 559
386 563
386 594
386 596
386 599
386 612
386 615
386 617
388 513
390 466
391 401
391 408
391 419
391 421
391 423
391 433
391 468
391 471
391 474
391 481
391 486
391 489
391 510
391 515
391 542
391 556
391 566
391 582
391 592
391 598
391 618
391 619
391 634
391 636
392 405
392 459
392 469
392 478
392 495
392 499
392 593
392 601
392 614
397 400
397 404
397 409
397 415
397 416
397 425
397 426
397 463
397 467
397 484
397 517
397 518
397 520
397 536
397 555
397 559
397 563
397 594
397 596
397 599
397 612
397 615
397 617
398 418
398 439
398 456
398 457
398 460
398 461
398 488
398 491
398 531
398 578
398 595
399 636
400 404
400 409
400 415
400 416
400 425
400 426
400 463
400 467
400 484
400 517
400 518
400 520
400 536
400 555
400 559
400 563
400 594
400 596
400 599
400 612
400 615
400 617
400 629
401 408
401 419
401 421
401 423
401 433
401 468
401 471
401 474
401 481
401 486
401 489
401 510
401 515
401 542
401 556
401 566
401 582
401 592
401 598
401 618
401 619
401 634
401 636
402 403
402 406
402 432
402 438
402 440
402 449
402 456
402 473
402 475
402 522
402 526
402 527
402 549
402 550
402 571
402 574
402 585
402 624
402 635
403 406
403 432
403 438
403 440
403 449
403 456
403 473
403 475
403 522
403 526
403 527
403 549
403 550
403 571
403 574
403 585
403 624
403 635
404 409
404 415
404 416
404 425
404 426
404 463
404 467
404 484
404 517
404 518
404 520
404 536
404 555
404 559
404 563
404 594
404 596
404 599
404 612
404 615
404 617
405 459
405 469
405 478
405 495
405 499
405 593
405 601
405 614
406 432
406 438
406 440
406 449
406 456
406 473
406 475
406 522
406 526
406 527
406 549
406 550
406 571
406 574
406 585
406 624
406 635
408 419
408 421
408 423
408 433
408 468
408 471
408 474
408 481
408 486
408 489
408 510
408 515
408 542
408 556
408 566
408 582
408 592
408 598
408 618
408 619
408 634
408 636
409 415
409 416
409 425
409 426
409 463
409 467
409 484
409 517
409 518
409 520
409 536
409 555
409 559
409 563
409 594
409 596
409 599
409 612
409 615
409 617
411 558
414 427
414 430
414 442
414 443
414 445
414 450
414 490
414 505
414 533
414 541
414 545
414 548
414 551
414 552
414 554
414 558
414 564
414 572
414 575
414 577
414 584
414 591
414 602
414 605
414 637
415 416
415 425
415 426
415 463
415 467
415 484
415 517
415 518
415 520
415 536
415 555
415 559
415 563
415 594
415 596
415 599
415 612
415 615
415 617
416 425
416 426
416 463
416 467
416 484
416 517
416 518
416 520
416 536
416 555
416 559
416 563
416 594
416 596
416 599
416 612
416 615
416 617
417 420
417 451
417 498
417 503
417 511
417 516
417 583
417 586
417 589
417 608
417 611
418 456
418 457
418 460
418 461
418 485
418 488
418 491
418 531
418 578
418 595
419 421
419 423
419 433
419 468
419 471
419 474
419 481
419 486
419 489
419 510
419 515
419 542
419 556
419 566
419 582
419 592
419 598
419 618
419 619
419 626
419 634
419 636
420 451
420 498
420 503
420 511
420 516
420 583
420 586
420 589
420 608
420 611
421 423
421 433
421 468
421 471
421 474
421 481
421 486
421 489
421 510
421 515
421 542
421 556
421 566
421 582
421 592
421 598
421 618
421 619
421 634
421 636
422 544
423 433
423 468
423 471
423 474
423 481
423 486
423 489
423 510
423 515
423 542
423 556
423 566
423 582
423 592
423 598
423 618
423 619
423 634
423 636
425 426
425 463
425 467
425 484
425 517
425 518
425 520
425 536
425 555
425 559
425 563
425 594
425 596
425 599
425 612
425 615
425 617
426 463
426 467
426 477
426 484
426 517
426 518
426 520
426 536
426 555
426 559
426 563
426 594
426 596
426 599
426 612
426 615
426 617
427 430
427 442
427 443
427 445
427 450
427 490
427 505
427 533
427 541
427 545
427 548
427 551
427 552
427 554
427 558
427 564
427 572
427 575
427 577
427 584
427 591
427 602
427 605
427 637
428 634
429 456
429 519
430 442
430 443
430 445
430 450
430 490
430 505
430 533
430 541
430 545
430 548
430 551
430 552
430 554
430 558
430 564
430 572
430 575
430 577
430 584
430 591
430 602
430 605
430 637
431 504
431 506
431 511
432 438
432 440
432 449
432 456
432 473
432 475
432 522
432 526
432 527
432 549
432 550
432 571
432 574
432 585
432 624
432 635
433 468
433 471
433 474
433 481
433 486
433 489
433 510
433 515
433 542
433 556
433 566
433 582
433 592
433 598
433 618
433 619
433 634
433 636
435 554
436 603
437 631
438 440
438 449
438 456
438 473
438 475
438 522
438 526
438 527
438 549
438 550
438 571
438 574
438 585
438 624
438 635
440 449
440 456
440 473
440 475
440 522
440 526
440 527
440 549
440 550
440 571
440 574
440 585
440 624
440 635
442 443
442 445
442 450
442 490
442 505
442 533
442 541
442 545
442 548
442 551
442 552
442 554
442 558
442 564
442 572
442 575
442 577
442 584
442 591
442 602
442 605
442 637
443 445
443 450
443 490
443 505
443 533
443 541
443 545
443 548
443 551
443 552
443 554
443 558
443 562
443 564
443 572
443 575
443 577
443 584
443 591
443 602
443 605
443 637
445 450
445 490
445 505
445 533
445 541
445 545
445 548
445 551
445 552
445 554
445 558
445 564
445 572
445 575
445 577
445 584
445 591
445 602
445 605
445 637
448 482
448 600
449 456
449 473
449 475
449 522
449 526
449 527
449 549
449 550
449 571
449 574
449 585
449 624
449 635
450 490
450 505
450 533
450 541
450 545
450 548
450 551
450 552
450 554
450 558
450 564
450 572
450 575
450 577
450 584
450 591
450 602
450 605
450 637
451 498
451 503
451 511
451 516
451 583
451 586
451 589
451 608
451 611
456 457
456 460
456 461
456 473
456 475
456 488
456 491
456 522
456 526
456 527
456 531
456 549
456 550
456 571
456 574
456 578
456 585
456 595
456 624
456 635
457 460
457 461
457 462
457 488
457 491
457 531
457 578
457 595
459 469
459 478
459 495
459 499
459 593
459 601
459 614
460 461
460 488
460 491
460 531
460 578
460 595
461 488
461 491
461 531
461 578
461 595
463 467
463 484
463 517
463 518
463 520
463 536
463 555
463 559
463 563
463 594
463 596
463 599
463 612
463 615
463 617
464 497
467 484
467 517
467 518
467 520
467 536
467 555
467 559
467 563
467 594
467 596
467 599
467 612
467 615
467 617
468 471
468 474
468 481
468 486
468 489
468 510
468 515
468 542
468 556
468 566
468 582
468 592
468 598
468 618
468 619
468 634
468 636
469 478
469 495
469 499
469 593
469 601
469 614
471 474
471 481
471 486
471 489
471 510
471 515
471 528
471 534
471 542
471 556
471 560
471 566
471 582
471 588
471 592
471 598
471 618
471 619
471 634
471 636
472 529
473 475
473 522
473 526
473 527
473 549
473 550
473 571
473 574
473 585
473 624
473 635
474 481
474 486
474 489
474 510
474 515
474 542
474 556
474 566
474 582
474 592
474 598
474 618
474 619
474 634
474 636
475 522
475 526
475 527
475 549
475 550
475 571
475 574
475 585
475 624
475 635
478 495
478 499
478 593
478 601
478 614
480 531
481 486
481 489
481 510
481 515
481 542
481 556
481 566
481 582
481 592
481 598
481 618
481 619
481 634
481 636
482 632
483 508
484 517
484 518
484 520
484 536
484 555
484 559
484 563
484 594
484 596
484 599
484 612
484 615
484 617
486 489
486 510
486 515
486 542
486 556
486 566
486 582
486 592
486 598
486 618
486 619
486 634
486 636
488 491
488 531
488 578
488 595
489 510
489 515
489 542
489 556
489 566
489 582
489 592
489 598
489 618
489 619
489 634
489 636
490 505
490 533
490 541
490 545
490 548
490 551
490 552
490 554
490 558
490 564
490 572
490 575
490 577
490 584
490 591
490 602
490 605
490 637
491 531
491 578
491 595
494 496
495 499
495 593
495 601
495 614
498 503
498 511
498 516
498 583
498 586
498 589
498 608
498 611
499 593
499 601
499 614
500 532
502 540
503 511
503 516
503 583
503 586
503 589
503 608
503 611
505 533
505 541
505 545
505 548
505 551
505 552
505 554
505 558
505 564
505 572
505 575
505 577
505 584
505 591
505 602
505 605
505 637
507 575
510 515
510 542
510 556
510 566
510 582
510 592
510 598
510 618
510 619
510 634
510 636
511 516
511 583
511 586
511 589
511 608
511 611
515 542
515 556
515 566
515 582
515 592
515 598
515 618
515 619
515 634
515 636
516 583
516 586
516 589
516 608
516 611
517 518
517 520
517 536
517 555
517 559
517 563
517 594
517 596
517 599
517 612
517 615
517 617
518 520
518 536
518 555
518 559
518 563
518 594
518 596
518 599
518 612
518 615
518 617
520 536
520 555
520 559
520 563
520 594
520 596
520 599
520 612
520 615
520 617
521 622
522 526
522 527
522 549
522 550
522 571
522 574
522 585
522 624
522 635
525 594
526 527
526 549
526 550
526 571
526 574
526 585
526 624
526 635
527 549
527 550
527 571
527 574
527 585
527 624
527 635
528 534
528 560
528 588
531 578
531 595
533 541
533 545
533 548
533 551
533 552
533 554
533 558
533 564
533 572
533 575
533 577
533 584
533 591
533 602
533 605
533 637
534 560
534 588
536 555
536 559
536 563
536 594
536 596
536 599
536 612
536 615
536 617
540 567
541 545
541 548
541 551
541 552
541 554
541 558
541 564
541 572
541 575
541 577
541 584
541 591
541 602
541 605
541 637
542 556
542 566
542 582
542 592
542 598
542 618
542 619
542 634
542 636
545 548
545 551
545 552
545 554
545 558
545 564
545 572
545 575
545 577
545 584
545 591
545 602
545 605
545 637
546 552
548 551
548 552
548 554
548 558
548 564
548 572
548 575
548 577
548 584
548 591
548 602
548 605
548 637
549 550
549 571
549 574
549 585
549 624
549 635
550 571
550 574
550 585
550 624
550 635
551 552
551 554
551 558
551 564
551 572
551 575
551 577
551 584
551 591
551 602
551 605
551 637
552 554
552 558
552 564
552 572
552 575
552 577
552 584
552 591
552 602
552 605
552 637
554 558
554 564
554 572
554 575
554 577
554 584
554 591
554 602
554 605
554 637
555 559
555 563
555 594
555 596
555 599
555 612
555 615
555 617
556 566
556 582
556 592
556 598
556 609
556 618
556 619
556 634
556 636
558 564
558 572
558 575
558 577
558 584
558 591
558 602
558 605
558 637
559 563
559 594
559 596
559 599
559 612
559 615
559 617
560 588
563 594
563 596
563 599
563 612
563 615
563 617
564 572
564 575
564 577
564 584
564 591
564 602
564 605
564 637
566 582
566 592
566 598
566 618
566 619
566 634
566 636
570 617
571 574
571 585
571 624
571 635
572 575
572 577
572 584
572 591
572 602
572 605
572 637
574 585
574 624
574 635
575 577
575 584
575 591
575 602
575 605
575 637
577 584
577 591
577 602
577 605
577 637
578 595
580 620
582 592
582 598
582 618
582 619
582 634
582 636
583 586
583 589
583 608
583 611
584 591
584 602
584 605
584 637
585 624
585 635
586 589
586 608
586 611
589 608
589 611
591 602
591 605
591 637
592 598
592 618
592 619
592 634
592 636
593 601
593 614
594 596
594 599
594 612
594 615
594 617
596 599
596 612
596 615
596 617
598 618
598 619
598 634
598 636
599 612
599 615
599 617
601 614
602 605
602 637
605 637
606 609
608 611
612 615
612 617
615 617
618 619
618 634
618 636
619 634
619 636
624 635
634 636
582 435
632 18
537 155
139 52
215 175
172 220
54 290
481 502
560 618
212 500
0 293
525 362
583 422
260 404
277 563
337 360
349 146
285 200
535 591
146 311
633 516
61 223
191 332
179 30
633 183
219 353
614 530
322 40
261 188
154 339
75 300
180 557
138 424
72 35
425 475
516 422
331 585
9 400
483 179
625 496
300 200
230 222
83 120
487 627
28 545
107 469
476 89
217 95
626 175
637 543
342 357
65 207
544 75
348 635
462 470
585 85
540 64
455 533
471 534
543 101
172 492
252 87
236 579
551 617
178 44
291 564
414 381
245 331
260 21
152 319
375 83
339 105
55 540
490 301
227 427
181 425
587 545
606 223
474 567
313 627
195 437
410 273
505 438
275 452
33 175
441 128
628 168
134 432
511 298
42 203
506 187
573 296
344 497
633 294
283 484
62 549
69 22
553 390
79 527
273 100
