500 499 100
0 271
1 110
1 116
2 136
2 322
2 436
3 328
3 444
4 110
4 386
4 474
4 481
5 234
6 214
6 398
7 24
7 51
7 119
7 148
7 191
7 232
7 233
7 308
7 373
7 376
7 477
8 352
8 358
9 462
9 496
10 48
10 124
10 446
11 93
11 446
12 416
13 477
14 146
14 418
15 339
16 349
16 442
17 128
17 343
17 428
17 462
18 168
18 309
18 463
19 313
19 368
20 392
21 26
21 52
21 89
21 319
21 321
21 378
22 498
23 210
23 298
25 99
26 108
27 29
27 167
27 368
27 439
28 106
29 178
30 121
31 116
32 59
32 97
32 163
32 211
32 371
32 472
33 374
34 392
35 301
36 475
37 130
38 243
38 484
39 162
39 346
40 351
41 99
41 243
42 99
43 274
43 448
44 348
45 241
46 433
47 187
49 72
50 478
51 442
51 447
51 479
52 142
52 169
52 268
52 279
52 394
53 198
53 334
53 438
54 386
55 256
56 460
57 129
58 92
60 317
61 426
62 214
63 440
64 281
65 380
66 103
66 105
67 179
68 243
69 137
69 418
70 339
71 383
72 144
72 304
72 421
73 194
73 433
74 152
75 187
75 391
76 124
77 160
77 165
77 235
77 301
77 413
78 91
79 241
80 375
80 415
81 256
82 101
83 120
84 96
84 273
85 178
85 256
85 325
86 219
86 286
86 344
87 111
87 400
88 97
89 205
90 97
91 252
92 381
92 398
94 218
95 208
96 181
96 368
96 389
98 231
100 398
101 148
102 133
102 140
102 175
102 290
102 312
102 408
102 433
103 143
104 210
106 154
106 167
106 365
106 448
106 481
107 138
107 175
109 302
109 347
110 326
111 167
111 243
111 263
111 356
111 426
112 463
113 185
113 215
113 259
113 263
113 452
114 263
114 492
115 466
117 281
118 448
119 318
119 358
120 167
121 195
121 202
121 241
121 408
122 418
123 322
125 207
125 230
126 152
126 312
126 451
127 315
129 498
130 162
130 427
131 287
131 289
132 331
133 435
134 398
134 430
134 486
135 387
139 303
139 320
141 350
142 334
142 360
143 171
144 199
144 220
144 433
145 171
145 316
146 201
146 243
147 310
149 222
150 281
150 382
151 195
151 200
152 245
153 332
155 485
156 285
156 368
156 385
157 204
157 222
158 232
158 458
159 491
161 171
162 177
162 237
163 456
164 305
166 338
167 324
167 345
167 485
167 488
168 299
169 206
169 217
169 243
169 252
169 454
170 448
171 332
171 426
172 180
172 233
172 390
173 213
174 405
174 472
175 335
176 230
178 182
179 226
179 494
183 244
184 261
186 229
186 308
186 403
187 380
188 269
188 365
189 229
190 399
192 459
193 244
195 470
196 331
197 380
203 402
204 301
204 327
204 395
206 254
206 460
207 211
207 372
207 465
208 361
208 374
208 379
208 459
208 475
208 494
209 418
210 211
210 342
210 446
211 243
211 433
212 365
213 462
215 337
216 224
217 471
218 234
218 359
218 400
219 252
219 383
221 439
223 462
224 272
225 287
226 276
227 320
227 334
228 481
228 491
229 261
230 384
230 410
230 414
231 239
231 249
233 249
233 388
235 311
236 411
238 267
238 449
240 271
240 370
240 414
241 330
241 443
242 483
243 266
243 380
243 396
243 444
243 468
244 323
244 346
246 404
247 311
248 281
248 366
250 290
251 466
252 449
252 493
253 307
255 396
255 467
257 340
257 431
257 489
258 341
258 478
260 281
262 420
262 494
264 428
265 418
267 278
268 333
268 348
269 369
270 302
271 434
272 282
272 452
275 488
277 305
277 339
277 380
279 280
279 314
279 457
281 387
281 439
283 461
284 322
287 321
287 463
288 414
291 491
292 337
293 467
294 351
295 350
295 362
296 327
297 485
300 489
301 346
302 449
302 455
306 310
306 396
307 457
308 432
312 375
312 412
315 483
317 434
319 429
321 440
322 426
322 476
329 463
331 439
331 445
332 409
336 400
338 396
339 464
342 393
344 406
346 355
346 472
351 424
352 483
353 446
354 380
357 362
358 490
362 426
363 452
363 480
364 448
367 377
368 489
372 469
376 408
377 380
380 494
381 422
392 441
392 473
392 477
397 446
397 482
398 481
399 466
399 494
401 454
402 444
404 463
407 443
411 494
416 494
417 461
418 437
419 489
423 481
424 479
425 446
426 497
427 478
432 495
440 450
440 487
443 499
444 453
448 462
461 475
477 498
332 418
138 277
76 479
381 439
161 358
84 261
183 446
439 415
197 166
344 164
20 362
25 302
450 194
0 296
91 131
450 241
61 22
12 402
327 479
99 497
226 444
374 485
499 322
298 445
170 162
457 32
326 256
246 489
58 318
239 424
30 293
404 175
293 221
285 437
112 151
496 313
484 276
174 106
151 351
466 249
438 171
58 313
159 10
331 60
352 338
207 326
50 456
82 254
202 66
260 135
111 103
259 253
297 147
115 180
19 446
325 41
494 156
232 253
460 337
66 388
496 50
251 93
332 116
337 7
66 146
282 125
386 460
114 95
266 310
291 46
142 490
225 249
277 475
157 223
333 95
359 296
226 327
48 36
478 195
217 69
26 445
90 476
69 339
483 477
327 305
68 223
233 315
13 462
99 158
475 458
490 418
247 125
474 177
329 4
415 277
372 186
231 239
50 238
492 166
255 30
