299 4064 100
0 3
0 9
0 22
0 24
0 29
0 37
0 44
0 50
0 89
0 108
0 112
0 128
0 137
0 144
0 154
0 160
0 206
0 214
0 219
0 235
0 243
0 244
0 262
0 296
1 10
1 14
1 33
1 34
1 36
1 40
1 58
1 60
1 64
1 68
1 73
1 75
1 76
1 84
1 87
1 95
1 100
1 110
1 127
1 129
1 140
1 141
1 142
1 145
1 146
1 147
1 152
1 153
1 156
1 168
1 179
1 186
1 195
1 198
1 203
1 234
1 248
1 274
1 284
1 286
1 287
2 134
3 9
3 22
3 24
3 29
3 37
3 44
3 89
3 108
3 112
3 128
3 137
3 144
3 154
3 160
3 206
3 214
3 219
3 235
3 243
3 244
3 262
3 294
3 296
4 98
4 125
4 143
4 172
4 181
4 272
4 281
5 20
5 27
5 31
5 35
5 40
5 51
5 52
5 55
5 57
5 67
5 70
5 79
5 83
5 94
5 96
5 102
5 106
5 109
5 117
5 131
5 132
5 133
5 150
5 162
5 178
5 180
5 182
5 187
5 191
5 204
5 220
5 224
5 240
5 241
5 246
5 254
5 259
5 290
5 292
6 11
6 12
6 15
6 26
6 45
6 51
6 53
6 62
6 82
6 85
6 88
6 103
6 105
6 114
6 119
6 123
6 134
6 167
6 170
6 183
6 207
6 210
6 216
6 226
6 232
6 237
6 239
6 242
6 244
6 249
6 251
6 253
6 256
6 260
6 264
6 271
6 275
6 283
6 293
7 30
7 43
7 47
7 64
7 69
7 86
7 115
7 116
7 120
7 122
7 130
7 135
7 148
7 155
7 159
7 171
7 173
7 188
7 194
7 197
7 200
7 218
7 225
7 238
7 245
7 250
7 268
7 270
7 279
7 280
7 297
8 124
8 251
9 22
9 24
9 29
9 37
9 44
9 89
9 108
9 112
9 128
9 137
9 144
9 154
9 160
9 206
9 214
9 219
9 235
9 243
9 244
9 262
9 296
10 14
10 33
10 34
10 36
10 40
10 58
10 60
10 64
10 68
10 73
10 75
10 76
10 84
10 87
10 95
10 100
10 110
10 127
10 129
10 140
10 141
10 145
10 146
10 147
10 152
10 153
10 156
10 168
10 179
10 186
10 195
10 198
10 203
10 234
10 248
10 274
10 286
10 287
11 12
11 15
11 26
11 45
11 51
11 53
11 62
11 82
11 85
11 88
11 103
11 105
11 114
11 119
11 123
11 134
11 167
11 170
11 183
11 207
11 210
11 216
11 226
11 232
11 237
11 239
11 242
11 244
11 249
11 251
11 253
11 256
11 260
11 264
11 271
11 275
11 283
11 293
12 15
12 17
12 19
12 26
12 28
12 38
12 45
12 49
12 51
12 53
12 59
12 62
12 65
12 72
12 74
12 78
12 80
12 82
12 85
12 88
12 97
12 103
12 105
12 107
12 113
12 114
12 119
12 123
12 134
12 136
12 139
12 161
12 165
12 166
12 167
12 170
12 175
12 183
12 189
12 190
12 196
12 199
12 202
12 205
12 207
12 208
12 210
12 211
12 216
12 226
12 227
12 228
12 229
12 232
12 233
12 237
12 239
12 242
12 244
12 249
12 251
12 253
12 256
12 260
12 263
12 264
12 267
12 269
12 271
12 275
12 277
12 282
12 283
12 291
12 293
12 295
13 60
13 176
14 33
14 34
14 36
14 40
14 58
14 60
14 64
14 68
14 73
14 75
14 76
14 84
14 87
14 95
14 100
14 110
14 127
14 129
14 140
14 141
14 145
14 146
14 147
14 152
14 153
14 156
14 168
14 179
14 186
14 195
14 198
14 203
14 213
14 234
14 248
14 274
14 286
14 287
15 26
15 45
15 51
15 53
15 62
15 82
15 85
15 88
15 103
15 105
15 114
15 119
15 123
15 134
15 167
15 170
15 183
15 207
15 210
15 216
15 226
15 232
15 237
15 239
15 242
15 244
15 249
15 251
15 253
15 256
15 260
15 264
15 271
15 275
15 283
15 293
16 91
16 92
16 151
16 237
16 252
16 273
16 285
17 19
17 28
17 38
17 49
17 59
17 65
17 72
17 74
17 78
17 80
17 97
17 107
17 113
17 136
17 139
17 161
17 165
17 166
17 175
17 189
17 190
17 196
17 199
17 202
17 205
17 208
17 211
17 227
17 228
17 229
17 233
17 263
17 267
17 269
17 277
17 282
17 291
17 295
18 120
19 28
19 38
19 49
19 59
19 65
19 72
19 74
19 78
19 80
19 97
19 107
19 113
19 136
19 139
19 161
19 165
19 166
19 175
19 189
19 190
19 196
19 199
19 202
19 205
19 208
19 211
19 227
19 228
19 229
19 233
19 263
19 267
19 269
19 277
19 282
19 291
19 295
20 27
20 31
20 35
20 40
20 51
20 52
20 55
20 57
20 67
20 70
20 79
20 83
20 94
20 96
20 102
20 106
20 109
20 117
20 131
20 132
20 133
20 150
20 162
20 178
20 180
20 182
20 187
20 191
20 204
20 220
20 224
20 240
20 241
20 246
20 254
20 259
20 290
20 292
21 200
22 24
22 29
22 37
22 44
22 63
22 89
22 108
22 112
22 128
22 137
22 144
22 154
22 160
22 206
22 214
22 219
22 235
22 243
22 244
22 262
22 296
23 48
23 99
23 101
23 171
23 222
23 265
23 289
24 29
24 37
24 44
24 89
24 108
24 112
24 128
24 137
24 144
24 154
24 160
24 164
24 206
24 214
24 219
24 235
24 243
24 244
24 262
24 296
25 234
26 45
26 51
26 53
26 62
26 82
26 85
26 88
26 103
26 105
26 114
26 119
26 123
26 134
26 167
26 170
26 183
26 207
26 210
26 216
26 226
26 232
26 237
26 239
26 242
26 244
26 249
26 251
26 253
26 256
26 260
26 264
26 271
26 275
26 283
26 293
27 31
27 35
27 40
27 51
27 52
27 55
27 57
27 67
27 70
27 79
27 83
27 94
27 96
27 102
27 106
27 109
27 117
27 131
27 132
27 133
27 149
27 150
27 162
27 178
27 180
27 182
27 187
27 191
27 204
27 220
27 224
27 240
27 241
27 246
27 254
27 259
27 290
27 292
28 38
28 49
28 59
28 65
28 72
28 74
28 78
28 80
28 97
28 107
28 113
28 136
28 139
28 161
28 165
28 166
28 175
28 189
28 190
28 196
28 199
28 202
28 205
28 208
28 211
28 227
28 228
28 229
28 233
28 263
28 267
28 269
28 277
28 282
28 291
28 295
29 37
29 44
29 89
29 108
29 112
29 128
29 137
29 144
29 154
29 160
29 206
29 214
29 219
29 235
29 243
29 244
29 262
29 296
30 43
30 47
30 64
30 69
30 86
30 115
30 116
30 120
30 122
30 130
30 135
30 148
30 155
30 159
30 171
30 173
30 188
30 194
30 197
30 200
30 218
30 225
30 238
30 245
30 250
30 268
30 270
30 279
30 280
30 297
31 35
31 40
31 51
31 52
31 54
31 55
31 57
31 67
31 70
31 79
31 83
31 94
31 96
31 102
31 106
31 109
31 117
31 131
31 132
31 133
31 143
31 150
31 162
31 178
31 180
31 182
31 187
31 191
31 204
31 220
31 224
31 240
31 241
31 246
31 254
31 259
31 290
31 292
32 141
33 34
33 36
33 39
33 40
33 58
33 60
33 64
33 68
33 73
33 75
33 76
33 84
33 87
33 95
33 100
33 110
33 127
33 129
33 140
33 141
33 145
33 146
33 147
33 152
33 153
33 156
33 168
33 179
33 186
33 195
33 198
33 203
33 234
33 248
33 274
33 286
33 287
34 36
34 40
34 58
34 60
34 64
34 68
34 73
34 75
34 76
34 84
34 87
34 95
34 100
34 110
34 127
34 129
34 140
34 141
34 145
34 146
34 147
34 152
34 153
34 156
34 168
34 179
34 186
34 195
34 198
34 203
34 234
34 248
34 274
34 286
34 287
35 40
35 51
35 52
35 55
35 57
35 67
35 70
35 79
35 83
35 94
35 96
35 102
35 104
35 106
35 109
35 117
35 131
35 132
35 133
35 150
35 162
35 178
35 180
35 182
35 187
35 191
35 204
35 220
35 224
35 240
35 241
35 246
35 254
35 259
35 290
35 292
36 40
36 58
36 60
36 64
36 68
36 73
36 75
36 76
36 84
36 87
36 95
36 100
36 110
36 127
36 129
36 140
36 141
36 145
36 146
36 147
36 152
36 153
36 156
36 168
36 179
36 184
36 186
36 195
36 198
36 203
36 234
36 248
36 274
36 286
36 287
37 44
37 89
37 108
37 112
37 128
37 137
37 144
37 154
37 160
37 206
37 214
37 219
37 235
37 243
37 244
37 262
37 296
38 49
38 59
38 65
38 72
38 74
38 78
38 80
38 97
38 107
38 113
38 136
38 139
38 161
38 165
38 166
38 175
38 189
38 190
38 196
38 199
38 202
38 205
38 208
38 211
38 227
38 228
38 229
38 233
38 263
38 267
38 269
38 277
38 282
38 291
38 295
40 51
40 52
40 55
40 57
40 58
40 60
40 64
40 67
40 68
40 70
40 73
40 75
40 76
40 79
40 83
40 84
40 87
40 94
40 95
40 96
40 100
40 102
40 106
40 109
40 110
40 117
40 127
40 129
40 131
40 132
40 133
40 140
40 141
40 145
40 146
40 147
40 150
40 152
40 153
40 156
40 162
40 168
40 178
40 179
40 180
40 182
40 186
40 187
40 191
40 195
40 198
40 203
40 204
40 220
40 224
40 234
40 240
40 241
40 246
40 248
40 254
40 259
40 274
40 286
40 287
40 290
40 292
41 274
42 179
43 47
43 64
43 69
43 86
43 115
43 116
43 120
43 122
43 130
43 135
43 148
43 155
43 159
43 169
43 171
43 173
43 188
43 194
43 197
43 200
43 218
43 225
43 238
43 245
43 250
43 268
43 270
43 279
43 280
43 297
44 89
44 108
44 112
44 128
44 137
44 144
44 154
44 160
44 206
44 214
44 219
44 235
44 243
44 244
44 262
44 296
45 51
45 53
45 62
45 82
45 85
45 88
45 103
45 105
45 114
45 119
45 123
45 134
45 167
45 170
45 183
45 207
45 210
45 216
45 226
45 232
45 237
45 239
45 242
45 244
45 249
45 251
45 253
45 256
45 260
45 264
45 271
45 275
45 283
45 293
46 204
47 64
47 69
47 86
47 115
47 116
47 120
47 122
47 130
47 135
47 148
47 155
47 159
47 171
47 173
47 188
47 194
47 197
47 200
47 218
47 225
47 238
47 245
47 250
47 268
47 270
47 279
47 280
47 297
48 99
48 101
48 171
48 222
48 265
48 289
49 59
49 65
49 72
49 74
49 78
49 80
49 97
49 107
49 113
49 136
49 139
49 161
49 165
49 166
49 175
49 189
49 190
49 196
49 199
49 202
49 205
49 208
49 211
49 227
49 228
49 229
49 233
49 263
49 267
49 269
49 277
49 282
49 291
49 295
51 52
51 53
51 55
51 57
51 62
51 67
51 70
51 79
51 82
51 83
51 85
51 88
51 94
51 96
51 102
51 103
51 105
51 106
51 109
51 114
51 117
51 119
51 123
51 131
51 132
51 133
51 134
51 150
51 162
51 167
51 170
51 178
51 180
51 182
51 183
51 187
51 191
51 204
51 207
51 210
51 216
51 220
51 224
51 226
51 232
51 237
51 239
51 240
51 241
51 242
51 244
51 246
51 249
51 251
51 253
51 254
51 256
51 259
51 260
51 264
51 271
51 275
51 283
51 290
51 292
51 293
52 55
52 57
52 67
52 70
52 79
52 83
52 94
52 96
52 102
52 106
52 109
52 117
52 131
52 132
52 133
52 150
52 162
52 178
52 180
52 182
52 187
52 191
52 204
52 220
52 224
52 240
52 241
52 246
52 254
52 259
52 290
52 292
53 62
53 82
53 85
53 88
53 103
53 105
53 114
53 119
53 123
53 134
53 167
53 170
53 183
53 207
53 210
53 216
53 226
53 232
53 237
53 239
53 242
53 244
53 249
53 251
53 253
53 256
53 260
53 264
53 271
53 275
53 283
53 293
55 57
55 67
55 70
55 79
55 83
55 94
55 96
55 102
55 106
55 109
55 117
55 131
55 132
55 133
55 150
55 162
55 178
55 180
55 182
55 187
55 191
55 204
55 220
55 224
55 240
55 241
55 246
55 254
55 259
55 290
55 292
56 248
57 67
57 70
57 79
57 83
57 94
57 96
57 102
57 106
57 109
57 117
57 131
57 132
57 133
57 150
57 162
57 178
57 180
57 182
57 187
57 191
57 204
57 220
57 224
57 240
57 241
57 246
57 254
57 259
57 290
57 292
58 60
58 64
58 68
58 71
58 73
58 75
58 76
58 84
58 87
58 95
58 100
58 110
58 127
58 129
58 138
58 140
58 141
58 145
58 146
58 147
58 152
58 153
58 156
58 168
58 179
58 186
58 195
58 198
58 203
58 234
58 248
58 274
58 286
58 287
59 65
59 72
59 74
59 78
59 80
59 97
59 107
59 113
59 136
59 139
59 161
59 165
59 166
59 175
59 189
59 190
59 196
59 199
59 202
59 205
59 208
59 211
59 227
59 228
59 229
59 233
59 263
59 267
59 269
59 277
59 282
59 291
59 295
60 61
60 64
60 68
60 73
60 75
60 76
60 84
60 87
60 95
60 100
60 110
60 127
60 129
60 140
60 141
60 145
60 146
60 147
60 152
60 153
60 156
60 168
60 179
60 186
60 195
60 198
60 203
60 234
60 248
60 274
60 286
60 287
62 82
62 85
62 88
62 103
62 105
62 114
62 119
62 123
62 134
62 167
62 170
62 183
62 207
62 210
62 216
62 226
62 232
62 237
62 239
62 242
62 244
62 249
62 251
62 253
62 256
62 260
62 264
62 271
62 275
62 283
62 293
64 68
64 69
64 73
64 75
64 76
64 84
64 86
64 87
64 95
64 100
64 110
64 115
64 116
64 120
64 122
64 127
64 129
64 130
64 135
64 140
64 141
64 145
64 146
64 147
64 148
64 152
64 153
64 155
64 156
64 159
64 168
64 171
64 173
64 179
64 186
64 188
64 194
64 195
64 197
64 198
64 200
64 203
64 218
64 225
64 234
64 238
64 245
64 248
64 250
64 268
64 270
64 274
64 279
64 280
64 286
64 287
64 297
65 72
65 74
65 78
65 80
65 97
65 107
65 113
65 136
65 139
65 161
65 165
65 166
65 175
65 189
65 190
65 196
65 199
65 202
65 205
65 208
65 211
65 227
65 228
65 229
65 233
65 263
65 267
65 269
65 277
65 282
65 291
65 295
66 251
67 70
67 79
67 83
67 94
67 96
67 102
67 106
67 109
67 117
67 131
67 132
67 133
67 150
67 162
67 178
67 180
67 182
67 187
67 191
67 204
67 220
67 224
67 240
67 241
67 246
67 254
67 259
67 290
67 292
68 73
68 75
68 76
68 81
68 84
68 87
68 95
68 100
68 110
68 127
68 129
68 140
68 141
68 145
68 146
68 147
68 152
68 153
68 156
68 168
68 179
68 186
68 195
68 198
68 203
68 234
68 248
68 274
68 286
68 287
69 86
69 115
69 116
69 120
69 122
69 130
69 135
69 148
69 155
69 159
69 171
69 173
69 188
69 194
69 197
69 200
69 218
69 225
69 238
69 245
69 250
69 268
69 270
69 279
69 280
69 297
70 79
70 83
70 94
70 96
70 102
70 106
70 109
70 117
70 131
70 132
70 133
70 150
70 162
70 178
70 180
70 182
70 187
70 191
70 204
70 220
70 224
70 240
70 241
70 246
70 254
70 259
70 290
70 292
71 230
72 74
72 78
72 80
72 97
72 107
72 113
72 136
72 139
72 161
72 165
72 166
72 175
72 189
72 190
72 196
72 199
72 202
72 205
72 208
72 211
72 227
72 228
72 229
72 233
72 263
72 267
72 269
72 277
72 282
72 291
72 295
73 75
73 76
73 84
73 87
73 95
73 100
73 110
73 127
73 129
73 140
73 141
73 145
73 146
73 147
73 152
73 153
73 156
73 168
73 179
73 186
73 195
73 198
73 203
73 234
73 248
73 274
73 286
73 287
74 78
74 80
74 97
74 107
74 113
74 136
74 139
74 161
74 165
74 166
74 175
74 189
74 190
74 196
74 199
74 202
74 205
74 208
74 211
74 227
74 228
74 229
74 233
74 263
74 267
74 269
74 277
74 282
74 291
74 295
75 76
75 84
75 87
75 95
75 100
75 110
75 127
75 129
75 140
75 141
75 145
75 146
75 147
75 152
75 153
75 156
75 168
75 179
75 186
75 195
75 198
75 203
75 234
75 248
75 274
75 286
75 287
76 84
76 87
76 95
76 100
76 110
76 127
76 129
76 140
76 141
76 145
76 146
76 147
76 152
76 153
76 156
76 168
76 179
76 186
76 195
76 198
76 203
76 234
76 248
76 274
76 286
76 287
77 275
78 80
78 97
78 107
78 113
78 136
78 139
78 161
78 165
78 166
78 175
78 189
78 190
78 196
78 199
78 202
78 205
78 208
78 211
78 227
78 228
78 229
78 233
78 263
78 267
78 269
78 277
78 282
78 291
78 295
79 83
79 94
79 96
79 102
79 106
79 109
79 117
79 131
79 132
79 133
79 150
79 162
79 178
79 180
79 182
79 187
79 191
79 204
79 220
79 224
79 240
79 241
79 246
79 254
79 257
79 259
79 290
79 292
80 97
80 107
80 113
80 136
80 139
80 161
80 165
80 166
80 175
80 189
80 190
80 196
80 199
80 202
80 205
80 208
80 211
80 227
80 228
80 229
80 233
80 263
80 267
80 269
80 277
80 282
80 291
80 295
82 85
82 88
82 103
82 105
82 114
82 119
82 123
82 134
82 167
82 170
82 183
82 207
82 210
82 216
82 226
82 232
82 237
82 239
82 242
82 244
82 249
82 251
82 253
82 256
82 260
82 264
82 271
82 275
82 283
82 293
83 94
83 96
83 102
83 106
83 109
83 117
83 131
83 132
83 133
83 150
83 162
83 178
83 180
83 182
83 187
83 191
83 204
83 220
83 224
83 240
83 241
83 246
83 254
83 259
83 290
83 292
84 87
84 95
84 100
84 110
84 127
84 129
84 140
84 141
84 145
84 146
84 147
84 152
84 153
84 156
84 168
84 179
84 186
84 195
84 198
84 203
84 234
84 248
84 274
84 286
84 287
85 88
85 103
85 105
85 114
85 119
85 123
85 134
85 167
85 170
85 183
85 207
85 209
85 210
85 216
85 226
85 232
85 237
85 239
85 242
85 244
85 249
85 251
85 253
85 256
85 260
85 264
85 271
85 275
85 283
85 293
86 115
86 116
86 120
86 122
86 130
86 135
86 148
86 155
86 159
86 171
86 173
86 188
86 194
86 197
86 200
86 218
86 225
86 238
86 245
86 250
86 268
86 270
86 279
86 280
86 297
87 95
87 100
87 110
87 127
87 129
87 140
87 141
87 145
87 146
87 147
87 152
87 153
87 156
87 168
87 179
87 186
87 195
87 198
87 203
87 234
87 248
87 274
87 286
87 287
88 103
88 105
88 114
88 119
88 123
88 134
88 167
88 170
88 183
88 207
88 210
88 216
88 226
88 232
88 237
88 239
88 242
88 244
88 249
88 251
88 253
88 256
88 260
88 264
88 271
88 275
88 283
88 293
89 108
89 112
89 128
89 137
89 144
89 154
89 160
89 206
89 214
89 219
89 235
89 243
89 244
89 262
89 296
90 293
91 92
91 151
91 237
91 252
91 273
91 285
92 151
92 237
92 252
92 273
92 285
93 287
94 96
94 102
94 106
94 109
94 117
94 131
94 132
94 133
94 150
94 162
94 178
94 180
94 182
94 187
94 191
94 204
94 220
94 224
94 240
94 241
94 246
94 254
94 259
94 290
94 292
95 100
95 110
95 127
95 129
95 140
95 141
95 145
95 146
95 147
95 152
95 153
95 156
95 168
95 179
95 186
95 195
95 198
95 203
95 234
95 248
95 274
95 286
95 287
96 102
96 106
96 109
96 117
96 131
96 132
96 133
96 150
96 162
96 178
96 180
96 182
96 187
96 191
96 204
96 220
96 224
96 240
96 241
96 246
96 254
96 259
96 290
96 292
97 107
97 113
97 136
97 139
97 161
97 165
97 166
97 175
97 189
97 190
97 196
97 199
97 202
97 205
97 208
97 211
97 227
97 228
97 229
97 233
97 263
97 267
97 269
97 277
97 282
97 291
97 295
98 125
98 143
98 172
98 181
98 272
98 281
99 101
99 171
99 222
99 265
99 289
100 110
100 127
100 129
100 140
100 141
100 145
100 146
100 147
100 152
100 153
100 156
100 168
100 179
100 186
100 195
100 198
100 203
100 234
100 248
100 274
100 286
100 287
101 171
101 222
101 265
101 289
102 106
102 109
102 117
102 131
102 132
102 133
102 150
102 162
102 178
102 180
102 182
102 187
102 191
102 204
102 220
102 224
102 240
102 241
102 246
102 254
102 259
102 290
102 292
103 105
103 114
103 119
103 123
103 134
103 167
103 170
103 183
103 207
103 210
103 216
103 226
103 232
103 237
103 239
103 242
103 244
103 249
103 251
103 253
103 256
103 260
103 264
103 271
103 275
103 283
103 293
105 114
105 119
105 123
105 134
105 167
105 170
105 183
105 207
105 210
105 216
105 226
105 232
105 237
105 239
105 242
105 244
105 249
105 251
105 253
105 256
105 260
105 264
105 271
105 275
105 283
105 293
106 109
106 111
106 117
106 131
106 132
106 133
106 150
106 162
106 178
106 180
106 182
106 187
106 191
106 201
106 204
106 215
106 220
106 223
106 224
106 231
106 240
106 241
106 246
106 254
106 258
106 259
106 276
106 290
106 292
107 113
107 136
107 139
107 161
107 165
107 166
107 175
107 189
107 190
107 196
107 199
107 202
107 205
107 208
107 211
107 227
107 228
107 229
107 233
107 263
107 267
107 269
107 277
107 282
107 291
107 295
108 112
108 128
108 137
108 144
108 154
108 160
108 206
108 214
108 219
108 235
108 243
108 244
108 262
108 296
109 117
109 131
109 132
109 133
109 150
109 162
109 178
109 180
109 182
109 187
109 191
109 204
109 220
109 224
109 240
109 241
109 246
109 254
109 259
109 290
109 292
110 127
110 129
110 140
110 141
110 145
110 146
110 147
110 152
110 153
110 156
110 168
110 179
110 186
110 195
110 198
110 203
110 234
110 248
110 274
110 286
110 287
111 201
111 215
111 223
111 231
111 258
111 276
112 128
112 137
112 144
112 154
112 160
112 206
112 214
112 219
112 235
112 243
112 244
112 262
112 296
113 136
113 139
113 161
113 165
113 166
113 175
113 189
113 190
113 196
113 199
113 202
113 205
113 208
113 211
113 227
113 228
113 229
113 233
113 263
113 267
113 269
113 277
113 282
113 291
113 295
114 119
114 123
114 134
114 167
114 170
114 183
114 207
114 210
114 216
114 226
114 232
114 237
114 239
114 242
114 244
114 249
114 251
114 253
114 256
114 260
114 264
114 271
114 275
114 283
114 293
115 116
115 120
115 122
115 130
115 135
115 148
115 155
115 159
115 171
115 173
115 188
115 194
115 197
115 200
115 218
115 225
115 238
115 245
115 250
115 268
115 270
115 279
115 280
115 297
116 120
116 122
116 130
116 135
116 148
116 155
116 159
116 171
116 173
116 188
116 194
116 197
116 200
116 218
116 225
116 238
116 245
116 250
116 268
116 270
116 279
116 280
116 297
117 131
117 132
117 133
117 150
117 162
117 178
117 180
117 182
117 187
117 191
117 204
117 220
117 224
117 240
117 241
117 246
117 254
117 259
117 290
117 292
118 171
119 123
119 134
119 167
119 170
119 183
119 207
119 210
119 216
119 226
119 232
119 237
119 239
119 242
119 244
119 249
119 251
119 253
119 256
119 260
119 264
119 271
119 275
119 283
119 293
120 122
120 130
120 135
120 148
120 155
120 159
120 171
120 173
120 188
120 194
120 197
120 200
120 218
120 225
120 238
120 245
120 250
120 268
120 270
120 279
120 280
120 297
121 203
122 130
122 135
122 148
122 155
122 159
122 171
122 173
122 188
122 194
122 197
122 200
122 218
122 225
122 238
122 245
122 250
122 268
122 270
122 279
122 280
122 297
123 134
123 167
123 170
123 183
123 207
123 210
123 216
123 226
123 232
123 237
123 239
123 242
123 244
123 249
123 251
123 253
123 256
123 260
123 264
123 271
123 275
123 283
123 293
125 143
125 172
125 181
125 272
125 281
126 146
127 129
127 140
127 141
127 145
127 146
127 147
127 152
127 153
127 156
127 168
127 179
127 186
127 195
127 198
127 203
127 234
127 248
127 274
127 286
127 287
128 137
128 144
128 154
128 160
128 206
128 214
128 219
128 235
128 243
128 244
128 262
128 296
129 140
129 141
129 145
129 146
129 147
129 152
129 153
129 156
129 168
129 177
129 179
129 186
129 195
129 198
129 203
129 212
129 234
129 248
129 274
129 286
129 287
130 135
130 148
130 155
130 157
130 159
130 171
130 173
130 188
130 194
130 197
130 200
130 218
130 225
130 238
130 245
130 250
130 268
130 270
130 278
130 279
130 280
130 297
131 132
131 133
131 150
131 162
131 178
131 180
131 182
131 187
131 191
131 204
131 220
131 224
131 240
131 241
131 246
131 254
131 259
131 290
131 292
132 133
132 150
132 162
132 178
132 180
132 182
132 187
132 191
132 204
132 220
132 224
132 240
132 241
132 246
132 254
132 259
132 290
132 292
133 150
133 162
133 178
133 180
133 182
133 187
133 191
133 204
133 220
133 224
133 240
133 241
133 246
133 254
133 259
133 290
133 292
134 167
134 170
134 183
134 207
134 210
134 216
134 226
134 232
134 237
134 239
134 242
134 244
134 249
134 251
134 253
134 256
134 260
134 264
134 271
134 275
134 283
134 293
135 148
135 155
135 159
135 171
135 173
135 188
135 194
135 197
135 200
135 218
135 225
135 238
135 245
135 250
135 268
135 270
135 279
135 280
135 297
136 139
136 161
136 165
136 166
136 175
136 189
136 190
136 196
136 199
136 202
136 205
136 208
136 211
136 227
136 228
136 229
136 233
136 263
136 267
136 269
136 277
136 282
136 291
136 295
137 144
137 154
137 160
137 206
137 214
137 219
137 235
137 243
137 244
137 262
137 296
139 161
139 165
139 166
139 175
139 189
139 190
139 196
139 199
139 202
139 205
139 208
139 211
139 227
139 228
139 229
139 233
139 263
139 267
139 269
139 277
139 282
139 291
139 295
140 141
140 145
140 146
140 147
140 152
140 153
140 156
140 168
140 179
140 186
140 195
140 198
140 203
140 234
140 248
140 274
140 286
140 287
141 145
141 146
141 147
141 152
141 153
141 156
141 168
141 179
141 186
141 195
141 198
141 203
141 234
141 248
141 274
141 286
141 287
143 172
143 181
143 272
143 281
144 154
144 160
144 206
144 214
144 219
144 235
144 243
144 244
144 262
144 296
145 146
145 147
145 152
145 153
145 156
145 168
145 174
145 179
145 186
145 195
145 198
145 203
145 234
145 248
145 274
145 286
145 287
146 147
146 152
146 153
146 156
146 168
146 179
146 186
146 195
146 198
146 203
146 234
146 248
146 274
146 286
146 287
147 152
147 153
147 156
147 168
147 179
147 186
147 195
147 198
147 203
147 234
147 248
147 274
147 286
147 287
148 155
148 159
148 171
148 173
148 188
148 194
148 197
148 200
148 218
148 225
148 238
148 245
148 250
148 268
148 270
148 279
148 280
148 297
150 162
150 178
150 180
150 182
150 187
150 191
150 204
150 220
150 224
150 240
150 241
150 246
150 254
150 259
150 290
150 292
151 237
151 252
151 273
151 285
152 153
152 156
152 168
152 179
152 186
152 195
152 198
152 203
152 234
152 248
152 274
152 286
152 287
153 156
153 168
153 179
153 186
153 195
153 198
153 203
153 234
153 248
153 274
153 286
153 287
154 160
154 163
154 206
154 214
154 219
154 235
154 243
154 244
154 247
154 262
154 296
155 159
155 171
155 173
155 188
155 194
155 197
155 200
155 218
155 225
155 238
155 245
155 250
155 268
155 270
155 279
155 280
155 297
156 168
156 179
156 186
156 195
156 198
156 203
156 234
156 248
156 274
156 286
156 287
158 260
159 171
159 173
159 188
159 194
159 197
159 200
159 218
159 225
159 238
159 245
159 250
159 268
159 270
159 279
159 280
159 297
160 206
160 214
160 219
160 235
160 243
160 244
160 262
160 296
161 165
161 166
161 175
161 189
161 190
161 196
161 199
161 202
161 205
161 208
161 211
161 227
161 228
161 229
161 233
161 263
161 267
161 269
161 277
161 282
161 291
161 295
162 178
162 180
162 182
162 187
162 191
162 204
162 220
162 224
162 240
162 241
162 246
162 254
162 259
162 290
162 292
165 166
165 175
165 189
165 190
165 196
165 199
165 202
165 205
165 208
165 211
165 227
165 228
165 229
165 233
165 263
165 267
165 269
165 277
165 282
165 291
165 295
166 175
166 189
166 190
166 196
166 199
166 202
166 205
166 208
166 211
166 227
166 228
166 229
166 233
166 263
166 267
166 269
166 277
166 282
166 291
166 295
167 170
167 183
167 207
167 210
167 216
167 217
167 226
167 232
167 237
167 239
167 242
167 244
167 249
167 251
167 253
167 256
167 260
167 264
167 271
167 275
167 283
167 293
168 179
168 186
168 195
168 198
168 203
168 234
168 248
168 274
168 286
168 287
170 183
170 207
170 210
170 216
170 226
170 232
170 237
170 239
170 242
170 244
170 249
170 251
170 253
170 256
170 260
170 264
170 271
170 275
170 283
170 293
171 173
171 188
171 194
171 197
171 200
171 218
171 222
171 225
171 238
171 245
171 250
171 265
171 268
171 270
171 279
171 280
171 289
171 297
172 181
172 272
172 281
173 188
173 194
173 197
173 200
173 218
173 225
173 238
173 245
173 250
173 268
173 270
173 279
173 280
173 297
175 189
175 190
175 196
175 199
175 202
175 205
175 208
175 211
175 227
175 228
175 229
175 233
175 263
175 267
175 269
175 277
175 282
175 291
175 295
178 180
178 182
178 187
178 191
178 204
178 220
178 224
178 240
178 241
178 246
178 254
178 259
178 290
178 292
179 186
179 195
179 198
179 203
179 234
179 248
179 274
179 286
179 287
180 182
180 187
180 191
180 204
180 220
180 224
180 240
180 241
180 246
180 254
180 259
180 290
180 292
181 272
181 281
182 187
182 191
182 204
182 220
182 224
182 240
182 241
182 246
182 254
182 259
182 290
182 292
183 207
183 210
183 216
183 226
183 232
183 237
183 239
183 242
183 244
183 249
183 251
183 253
183 256
183 260
183 264
183 271
183 275
183 283
183 293
185 255
186 195
186 198
186 203
186 234
186 248
186 274
186 286
186 287
187 191
187 204
187 220
187 224
187 240
187 241
187 246
187 254
187 255
187 259
187 290
187 292
188 194
188 197
188 200
188 218
188 225
188 238
188 245
188 250
188 268
188 270
188 279
188 280
188 297
189 190
189 196
189 199
189 202
189 205
189 208
189 211
189 227
189 228
189 229
189 233
189 263
189 267
189 269
189 277
189 282
189 291
189 295
190 196
190 199
190 202
190 205
190 208
190 211
190 227
190 228
190 229
190 233
190 263
190 267
190 269
190 277
190 282
190 291
190 295
191 204
191 220
191 224
191 240
191 241
191 246
191 254
191 259
191 290
191 292
192 245
193 230
194 197
194 200
194 218
194 225
194 238
194 245
194 250
194 268
194 270
194 279
194 280
194 297
195 198
195 203
195 234
195 236
195 248
195 274
195 286
195 287
196 199
196 202
196 205
196 208
196 211
196 227
196 228
196 229
196 233
196 263
196 267
196 269
196 277
196 282
196 291
196 295
197 200
197 218
197 225
197 238
197 245
197 250
197 268
197 270
197 279
197 280
197 297
198 203
198 234
198 248
198 274
198 286
198 287
199 202
199 205
199 208
199 211
199 227
199 228
199 229
199 233
199 263
199 267
199 269
199 277
199 282
199 291
199 295
200 218
200 225
200 238
200 245
200 250
200 268
200 270
200 279
200 280
200 297
201 215
201 223
201 231
201 258
201 276
202 205
202 208
202 211
202 227
202 228
202 229
202 233
202 263
202 267
202 269
202 277
202 282
202 291
202 295
203 234
203 248
203 274
203 286
203 287
204 220
204 224
204 240
204 241
204 246
204 254
204 259
204 290
204 292
205 208
205 211
205 227
205 228
205 229
205 233
205 263
205 267
205 269
205 277
205 282
205 291
205 295
206 214
206 219
206 235
206 243
206 244
206 262
206 296
207 210
207 216
207 226
207 232
207 237
207 239
207 242
207 244
207 249
207 251
207 253
207 256
207 260
207 264
207 271
207 275
207 283
207 293
208 211
208 227
208 228
208 229
208 233
208 263
208 267
208 269
208 277
208 282
208 291
208 295
210 216
210 226
210 232
210 237
210 239
210 242
210 244
210 249
210 251
210 253
210 256
210 260
210 264
210 271
210 275
210 283
210 293
211 227
211 228
211 229
211 233
211 263
211 267
211 269
211 277
211 282
211 291
211 295
214 219
214 235
214 243
214 244
214 262
214 296
215 223
215 231
215 258
215 276
216 226
216 232
216 237
216 239
216 242
216 244
216 249
216 251
216 253
216 256
216 260
216 264
216 271
216 275
216 283
216 293
218 225
218 238
218 245
218 250
218 268
218 270
218 279
218 280
218 297
219 235
219 243
219 244
219 262
219 296
220 224
220 240
220 241
220 246
220 254
220 259
220 290
220 292
221 248
222 265
222 289
223 231
223 258
223 276
224 240
224 241
224 246
224 254
224 259
224 290
224 292
225 238
225 245
225 250
225 268
225 270
225 279
225 280
225 297
226 232
226 237
226 239
226 242
226 244
226 249
226 251
226 253
226 256
226 260
226 264
226 271
226 275
226 283
226 293
227 228
227 229
227 233
227 263
227 267
227 269
227 277
227 282
227 291
227 295
228 229
228 233
228 263
228 267
228 269
228 277
228 282
228 291
228 295
229 233
229 263
229 267
229 269
229 277
229 282
229 291
229 295
231 258
231 276
232 237
232 239
232 242
232 244
232 249
232 251
232 253
232 256
232 260
232 264
232 266
232 271
232 275
232 283
232 293
233 263
233 267
233 269
233 277
233 282
233 291
233 295
234 248
234 274
234 286
234 287
235 243
235 244
235 262
235 296
237 239
237 242
237 244
237 249
237 251
237 252
237 253
237 256
237 260
237 264
237 271
237 273
237 275
237 283
237 285
237 293
238 245
238 250
238 268
238 270
238 279
238 280
238 297
239 242
239 244
239 249
239 251
239 253
239 256
239 260
239 264
239 271
239 275
239 283
239 293
240 241
240 246
240 254
240 259
240 290
240 292
241 246
241 254
241 259
241 290
241 292
242 244
242 249
242 251
242 253
242 256
242 260
242 264
242 271
242 275
242 283
242 293
243 244
243 262
243 296
244 249
244 251
244 253
244 256
244 260
244 262
244 264
244 271
244 275
244 283
244 293
244 296
245 250
245 268
245 270
245 279
245 280
245 297
246 254
246 259
246 290
246 292
248 274
248 286
248 287
248 288
249 251
249 253
249 256
249 260
249 264
249 271
249 275
249 283
249 293
250 268
250 270
250 279
250 280
250 297
251 253
251 256
251 260
251 264
251 271
251 275
251 283
251 293
252 273
252 285
253 256
253 260
253 264
253 271
253 275
253 283
253 293
254 259
254 290
254 292
256 260
256 264
256 271
256 275
256 283
256 293
258 276
259 290
259 292
260 264
260 271
260 275
260 283
260 293
261 287
262 296
263 267
263 269
263 277
263 282
263 291
263 295
264 271
264 275
264 283
264 293
264 298
265 289
267 269
267 277
267 282
267 291
267 295
268 270
268 279
268 280
268 297
269 277
269 282
269 291
269 295
270 279
270 280
270 297
271 275
271 283
271 293
272 281
273 285
274 286
274 287
275 283
275 293
277 282
277 291
277 295
279 280
279 297
280 297
282 291
282 295
283 293
286 287
290 292
291 295
64 0
209 107
217 145
194 172
23 10
267 194
17 287
55 231
223 1
215 164
266 235
199 161
149 55
65 219
164 14
214 197
74 18
144 290
153 79
30 164
279 89
178 215
278 185
60 273
277 54
57 101
259 104
232 82
33 116
226 93
222 15
246 15
280 250
175 136
143 146
220 256
94 249
72 116
61 150
191 22
195 263
119 248
210 180
280 20
116 259
265 137
196 24
290 111
164 254
200 271
142 182
46 86
164 103
130 124
105 15
12 109
155 242
272 130
201 171
255 212
208 71
167 140
86 206
149 195
189 23
74 86
274 75
48 114
87 165
280 200
107 171
106 109
45 7
204 148
193 153
235 104
157 266
232 247
38 195
195 123
196 106
159 189
205 290
298 205
32 138
38 145
33 62
72 291
42 30
16 260
214 44
202 83
134 85
293 25
275 291
137 217
231 32
246 209
286 73
86 266
