5000 4999 4000
0 2199
1 592
2 4931
3 4777
4 2465
5 55
5 1428
6 2727
6 3935
7 3070
8 2191
8 2919
9 3445
9 4867
10 79
10 1559
11 4153
12 2643
13 768
14 814
15 3674
16 659
16 1637
17 2275
17 4709
18 1325
19 3777
20 1819
20 4002
21 1332
22 238
23 1992
24 2159
24 4293
25 2431
26 2376
27 538
27 2643
27 3600
27 4880
28 3233
29 137
29 874
29 2991
30 559
30 2268
30 3520
30 4013
31 818
32 2530
32 3568
32 4517
33 1404
33 3556
33 3654
34 3284
35 1503
35 1959
36 4631
37 175
37 2250
37 3746
37 4351
38 2466
39 1397
40 4564
41 478
41 3344
42 3703
43 1639
44 2823
45 1942
46 1445
46 1459
46 2437
47 2151
48 1259
48 2317
48 3053
48 3788
49 657
50 854
51 2266
52 3717
53 2037
53 2493
54 969
54 4745
56 4948
57 3226
58 1745
58 4155
58 4420
59 4019
60 2557
61 4012
62 2390
62 3286
63 2432
64 2857
65 1350
66 2347
66 3946
66 4563
67 2291
67 3500
68 2970
69 2444
70 3446
71 123
71 906
72 3345
72 4806
73 2552
74 1355
74 2858
74 3619
74 3820
74 4704
75 1340
75 1861
75 3318
75 4684
76 2793
77 1166
78 4562
79 2318
79 4229
80 1647
80 3528
80 3702
81 189
82 2818
83 3257
84 4867
85 600
85 3520
85 4159
86 3170
86 3842
86 4357
86 4983
87 4898
88 226
88 1846
89 3862
90 4017
91 1266
91 1937
92 3081
93 1196
93 1495
93 2864
94 4877
95 3253
95 3657
95 4950
96 436
96 657
96 697
97 1849
98 3899
98 3987
98 4099
99 2987
100 746
100 3291
101 3917
102 1450
102 4695
103 293
104 4928
105 3079
106 477
107 2029
108 3902
109 4920
110 4360
111 1907
111 4803
112 3656
112 4707
113 1086
114 1454
115 1267
115 4833
116 1577
116 4105
117 438
117 4449
117 4600
118 2612
119 3199
119 3653
120 2882
121 4608
122 1658
124 3022
125 493
125 2448
126 2927
126 3435
127 2199
128 619
129 711
130 2132
130 3465
131 883
131 981
131 2011
131 3235
131 4532
131 4590
132 1939
132 2087
133 4765
134 2414
135 3572
136 661
136 2560
136 2839
138 3016
139 2299
139 2317
140 2382
141 267
141 549
141 3485
141 4197
142 488
143 1469
143 1832
143 4722
144 2126
145 1912
145 2777
145 2994
146 2389
146 2707
146 3110
147 1859
147 4597
148 692
149 1604
149 2958
149 3108
149 3979
150 2833
151 796
152 345
153 2021
153 2096
153 4864
154 1042
154 1423
154 3844
154 4624
154 4993
155 1858
156 1123
157 1573
158 1910
159 2291
160 796
160 1967
160 2572
160 3018
161 2979
162 2939
162 4848
163 2240
164 3929
165 1033
165 1964
165 3652
166 571
166 3908
167 2526
168 974
169 2245
170 1100
170 1160
171 1826
172 617
173 630
173 1299
173 1472
173 2180
174 538
174 2425
175 1178
175 1313
176 2215
176 3684
176 4344
177 4043
178 308
179 1105
180 978
180 3367
180 4518
181 4134
182 335
182 1072
182 4287
182 4615
183 560
183 1929
183 4275
184 1067
184 2760
184 4667
185 1494
186 4076
187 2278
188 1955
188 2403
189 2285
189 4520
189 4763
190 645
190 2204
191 496
192 676
193 1505
194 1218
195 867
195 3355
196 3305
197 4487
198 1633
199 3978
199 4983
200 639
200 3040
201 2276
201 2428
201 2776
202 2823
202 3168
203 416
203 615
203 1729
203 3684
204 1625
205 1978
205 3174
206 698
206 1411
206 2027
206 3273
206 3700
207 352
207 1193
207 4462
208 804
208 871
208 3625
209 2882
210 1940
211 495
211 2222
212 2770
212 3031
212 3873
213 4250
214 4582
215 577
215 1153
215 1689
216 2567
217 4987
218 1757
219 430
219 1054
219 1901
220 1525
221 4362
222 3847
222 4084
223 1603
224 514
224 2606
225 2415
225 2646
227 2663
228 940
228 4912
229 1597
229 1983
229 2091
229 2818
229 3834
229 4056
230 3645
231 3860
232 3084
232 4452
233 342
233 3143
234 1345
234 2393
234 2862
234 3663
234 4099
234 4183
235 3205
236 245
236 1906
237 1475
238 3240
238 4017
239 1664
239 2879
239 3385
240 2744
241 2449
241 4510
242 3046
242 4720
243 1840
243 4638
243 4663
244 3052
244 4005
245 1701
245 2983
246 4784
247 818
247 4398
248 4658
249 873
249 4805
250 604
250 1208
250 1810
250 2405
250 2660
250 4851
251 4210
251 4387
252 761
252 1433
252 3725
252 4070
253 1255
253 1609
253 3628
253 4382
254 3221
254 3676
255 3110
256 3388
257 4061
257 4442
258 898
258 2641
259 3412
260 2174
261 1639
262 941
263 1456
264 731
265 739
265 1366
265 2644
266 508
266 1076
266 3791
266 3890
266 3973
267 4844
268 2381
268 4648
269 4315
270 475
271 2086
271 2597
271 2830
272 2459
272 2863
272 2904
272 4076
272 4210
273 1263
273 1865
273 4312
274 4515
275 1347
275 4282
276 1684
276 2639
277 2545
278 2782
279 2455
279 3102
279 4097
280 1945
281 2826
282 4042
283 2854
284 2017
285 731
285 2166
285 2947
285 2970
286 1854
286 2987
287 4985
288 1186
288 2543
288 2715
288 3381
288 4811
289 2166
290 1754
290 2036
290 3109
290 3635
291 2587
291 4340
292 4802
293 2765
293 4325
294 2719
294 3635
295 2075
296 356
296 2813
297 1141
297 2677
298 3127
299 1315
300 3678
301 1679
301 4970
302 4042
302 4504
303 743
303 1494
303 3212
303 4522
304 1936
304 4045
305 2018
306 2995
307 409
307 1582
308 1073
309 1528
310 4310
311 3743
312 1818
312 3823
313 954
313 1652
313 3296
313 3997
314 3411
315 1316
315 2377
316 2619
316 4744
317 977
318 583
319 1330
320 783
320 4467
321 3466
322 4329
322 4378
323 2858
324 1326
325 1109
325 2478
326 2199
327 1127
327 2951
327 3121
327 3714
327 4535
328 3824
328 3925
328 4638
329 3120
330 2351
330 2853
330 3004
330 3054
330 4082
331 946
331 3468
331 4311
331 4964
331 4983
332 3332
333 869
333 3392
334 1132
334 2665
335 2270
336 1479
336 2250
337 1244
338 1576
338 3135
339 2764
339 4840
340 2153
341 420
342 2176
343 4226
344 774
344 1681
344 2068
344 2219
344 3628
344 4050
344 4618
345 2697
345 3280
346 1466
346 2638
346 3566
346 4893
347 4660
348 2729
349 1610
350 1741
350 3900
351 3146
352 3526
352 4540
353 1692
353 4109
354 691
355 3684
355 4087
356 4081
357 2117
358 536
359 1412
360 2570
361 2907
362 706
362 3378
363 3079
364 2470
364 2724
364 3923
365 974
365 1791
366 1375
366 1916
367 4059
368 3002
368 3656
369 853
369 2130
370 1091
370 2943
370 4164
371 3443
371 4014
372 1836
373 4035
374 1868
375 579
375 1014
375 2889
375 3842
376 3865
376 4080
377 707
378 4525
379 3589
379 4602
380 2571
380 4095
380 4601
381 1837
381 2225
381 4036
382 2536
383 2901
384 692
384 1246
384 1804
384 2358
385 499
386 1710
386 1807
386 2202
386 4272
387 1281
387 1957
388 2832
389 1421
389 1861
389 2557
389 4032
390 4799
391 3033
392 640
393 546
394 4006
395 4228
396 3393
397 1503
397 1846
397 2768
397 4269
397 4699
398 1794
399 2104
400 960
401 3397
402 4355
403 1637
404 2287
404 3670
405 3837
406 713
406 3281
407 1269
407 3320
408 2209
409 807
409 2056
409 2127
409 4657
410 2537
410 2586
411 869
412 759
412 2112
413 4162
414 930
415 2108
416 2648
416 4570
416 4734
417 2297
418 1744
418 3366
419 2638
419 3752
420 2879
421 2781
422 3052
423 2377
423 2955
424 2050
425 1077
425 1640
425 3097
426 3663
427 4283
427 4422
428 1477
429 2772
431 3458
431 4597
432 454
433 2058
434 616
435 2430
435 3290
437 4367
438 857
438 3991
438 4215
438 4923
439 3226
440 1242
440 1615
440 2101
440 3399
440 3633
441 1104
442 3237
442 4101
442 4485
443 461
443 540
443 2808
443 4327
443 4682
444 2721
444 3848
445 4271
446 3135
447 3534
448 3703
449 1845
449 1857
449 1917
449 2992
449 4421
450 2996
451 2805
452 3979
453 1704
454 3427
454 4172
455 3533
456 4258
457 4833
458 756
458 3516
458 3521
459 808
459 1726
459 2253
460 1191
461 560
461 3190
461 4635
461 4722
462 1068
462 1826
462 2291
462 2542
462 3298
463 3284
464 3541
465 475
465 1672
466 4492
467 1189
468 1938
468 2372
469 4472
470 1175
471 1390
471 3779
472 1811
472 4626
473 4338
474 1050
474 2957
475 734
475 1294
475 1785
476 4526
477 1116
478 2630
478 4970
479 4057
480 2688
481 1863
482 4231
483 4357
484 854
484 2334
484 4377
485 3868
486 1460
486 2730
486 4036
486 4381
487 4662
488 1005
488 2090
489 1484
490 1987
491 967
492 4481
494 1921
495 704
495 1700
495 4592
496 714
497 748
497 3252
497 4629
498 2236
499 2883
499 3093
500 2923
501 889
501 1195
501 3195
502 2218
502 2258
502 2347
503 2450
504 4556
505 791
505 1084
506 3120
507 1463
507 4562
509 783
510 3895
511 2642
512 2273
512 3430
513 2684
513 4475
515 1659
515 4860
516 4485
517 2609
517 4494
518 4142
519 3150
520 2800
521 2125
521 2868
522 2295
522 2591
523 1170
523 3260
523 3284
523 4837
524 1268
524 3483
525 3323
526 3400
527 3597
527 3694
528 1018
529 3231
530 1830
531 716
531 3065
532 630
533 1322
534 3081
535 2070
535 2642
535 2918
535 3820
536 1061
536 1997
537 924
537 3133
538 2378
538 2474
539 2170
539 4035
540 770
540 886
540 906
540 1415
540 1749
540 2177
540 2365
540 3316
540 4589
540 4634
540 4936
541 2005
542 1789
543 2218
544 3543
545 4661
546 1346
546 1545
546 3446
547 4135
548 2887
548 4281
549 4100
550 3837
551 3282
551 3879
552 2757
552 3937
553 1382
553 3003
553 4894
554 4186
555 2043
555 3038
555 3289
556 1763
556 3072
556 3880
557 4209
558 4031
560 1006
561 1901
561 2058
561 3054
561 3648
561 3704
561 4624
562 3137
563 3569
564 2210
565 4100
565 4198
566 4796
567 2512
568 4056
569 866
570 1225
570 2134
570 3945
572 2426
572 4771
573 1941
573 4368
574 959
574 1992
574 2229
575 3737
576 4806
578 1118
580 4950
581 4042
582 968
582 2873
583 4808
584 1796
584 2197
584 2699
585 1604
586 812
586 4707
587 4787
588 3809
588 4135
589 2481
590 4890
591 1035
591 1234
591 2520
592 1491
592 2002
592 2066
592 2267
592 4619
593 1616
594 1284
594 2500
595 4795
596 1084
596 3332
596 4192
597 4679
598 1107
599 2382
599 3491
600 2365
601 2934
601 3034
602 3359
603 680
603 4174
603 4557
603 4918
604 2029
604 4450
604 4704
605 1041
606 4206
607 2024
608 2012
609 3701
609 4940
610 939
610 1951
610 3236
610 3268
610 4264
610 4776
611 1995
612 3384
612 4804
613 1165
613 1408
613 4443
614 754
614 2831
616 2028
616 2448
616 3770
616 4064
616 4917
617 1340
618 4516
618 4560
619 1739
620 1966
621 2247
621 2770
622 1822
622 2915
622 3585
623 2690
623 4280
624 3660
625 3702
626 751
626 2316
627 1606
628 1332
629 2098
631 2111
632 4697
633 1952
633 3970
634 1844
634 3967
634 4194
635 814
636 1430
637 1892
638 639
638 3243
639 1438
639 3805
639 4834
640 3731
640 4195
641 2811
642 3077
642 4425
643 772
643 1901
643 2561
643 3132
643 4996
644 3691
644 4494
646 1385
646 4386
647 3316
648 1519
649 924
649 3482
650 3541
651 2574
652 2741
653 3881
654 1549
654 1570
655 4310
656 4651
657 3651
657 4210
658 2424
658 2591
658 3229
658 3388
658 4218
659 4718
660 4902
662 2426
663 2574
664 2168
664 2558
665 2035
665 3305
665 4890
666 3856
667 3448
667 4335
668 1132
669 886
670 1314
670 2061
670 3421
671 795
672 4579
673 2315
673 4933
674 1073
675 2991
676 840
676 3527
676 4180
677 4135
677 4240
678 2431
678 3215
679 1299
680 2989
681 953
682 724
682 1347
682 3259
682 4461
683 3192
683 4347
684 1593
684 2030
684 2610
684 4630
685 700
686 955
687 1321
687 3603
688 2746
688 4636
689 2518
689 4219
690 3246
691 1706
691 2902
691 4056
691 4784
693 3685
694 4291
695 2585
695 4400
696 1254
696 2906
696 3386
697 4714
699 2030
699 4089
700 2584
700 3594
701 1045
701 1451
701 1518
701 3498
701 4026
702 1829
703 707
703 1511
704 1453
704 3907
705 4036
706 1461
706 3194
706 4116
706 4753
707 3963
707 4374
707 4752
708 2972
708 4616
709 2272
710 1310
711 2476
711 4781
712 3466
712 3875
714 1997
714 4418
714 4848
715 2512
716 2470
716 3219
716 3814
716 4267
717 1305
718 2343
719 2418
720 1276
721 4561
722 2050
722 3475
722 4427
723 1724
723 1868
723 3317
723 4933
725 3132
726 2896
727 4214
728 4099
729 2320
729 4389
730 1135
730 3049
731 844
732 1168
732 1441
732 2228
733 4014
734 1874
734 3667
734 3690
735 2067
735 3352
736 2610
737 2317
738 2608
740 1012
740 2307
740 4545
741 4157
742 752
742 1775
743 1283
743 2103
744 1332
744 1476
744 1746
744 2780
744 2905
745 4026
747 1098
747 2223
748 3648
749 2366
749 2933
749 3393
749 4226
749 4271
750 3471
751 809
751 2312
751 2910
751 3341
751 3607
751 4934
752 2999
752 3356
753 770
753 1721
753 3046
754 3960
754 4665
755 1420
755 2173
755 3645
756 2737
757 3711
758 3578
759 1463
760 915
760 1124
760 2072
760 3722
760 3920
761 1127
761 2321
761 2643
761 4007
761 4628
762 3695
763 3865
764 1513
764 2316
765 783
766 4007
767 1967
767 3155
768 2111
768 3919
769 1943
769 3526
770 1519
770 1833
770 2213
770 2454
770 2480
770 2620
770 3645
770 3817
770 4510
770 4575
771 982
773 1833
774 2168
774 2797
775 1488
775 2307
776 4088
777 4430
778 1463
778 4440
779 3067
779 4586
780 4320
780 4667
781 1639
782 3244
782 4879
783 1253
783 2377
783 2750
783 3541
783 3614
783 4552
784 1282
785 906
785 3107
785 4605
785 4765
786 4001
787 2238
788 3356
788 4998
789 1739
790 3168
791 4883
792 4135
793 2851
794 4274
795 2325
796 1944
796 4349
797 2832
798 1937
799 2354
799 3063
799 3244
800 2564
801 1322
802 3171
803 2954
803 4924
804 3685
804 4393
805 961
805 1153
805 1451
805 1498
805 2522
805 2945
805 3970
806 4668
810 1589
810 3260
811 1638
811 2439
811 3843
812 1059
813 2945
813 4773
814 2199
814 4077
814 4149
815 4964
816 909
816 1062
816 1536
816 2133
816 2658
816 4704
817 2116
819 2789
819 4073
820 3350
820 4214
821 1149
821 4598
822 3970
823 4397
824 2026
825 4622
826 4584
827 1094
827 1637
827 2606
827 4076
827 4213
827 4842
828 3353
829 1307
829 3100
830 1461
831 1421
831 1473
831 2411
831 2520
831 2773
831 3907
831 4537
831 4789
832 2917
833 2113
834 1058
834 1504
834 1549
834 2066
834 3860
834 4169
834 4799
835 2196
836 2443
837 4911
838 3959
838 4059
839 4068
840 1984
841 1251
842 1862
842 3550
842 4918
843 1686
844 2106
845 4953
846 3678
846 4576
847 4118
848 3087
849 2380
849 3914
849 4028
849 4955
850 3596
851 2124
851 2691
851 4430
852 1746
853 1428
853 3107
853 4587
855 4864
856 1073
856 1208
856 1462
858 2984
859 2552
860 1378
860 1480
860 4011
860 4055
861 2711
861 2968
861 3907
862 4609
863 4273
864 972
864 1178
864 2076
864 2928
864 3555
864 4045
864 4822
865 2152
866 948
867 1083
867 1835
867 2045
867 3404
867 3819
867 4250
868 1127
868 2901
868 4543
869 1253
870 1761
872 1575
872 2265
872 2454
872 3612
873 1924
873 1979
873 2575
873 2679
873 3428
873 4033
875 4432
876 3766
876 3905
877 3462
877 3664
878 3645
879 2228
880 4288
881 4411
882 2484
883 3983
884 2333
885 4256
886 922
886 1012
886 1748
886 1915
886 3485
886 4267
886 4855
887 904
887 1574
887 4094
888 4046
890 2526
891 1780
891 3165
892 1556
893 907
893 4269
893 4676
894 2576
895 2850
896 1352
896 3328
897 4279
899 3823
900 4553
900 4919
901 3250
902 3345
903 2017
904 1473
904 2585
904 2589
904 3300
904 4022
905 1736
905 4654
906 1547
906 1741
906 2124
906 3323
906 4886
907 2129
907 3720
908 2869
909 2898
909 4481
910 4638
911 2167
911 3149
911 3304
911 4519
912 4970
913 4890
914 3498
915 4268
916 3515
916 4628
917 2108
917 3960
918 979
918 2015
918 2137
918 2700
918 3016
919 2631
920 1902
920 2908
921 966
921 3215
922 3841
922 4602
923 1365
923 4804
924 2037
924 2446
924 2559
924 3457
924 4774
925 3973
926 2732
926 3351
927 3911
927 3980
928 3027
929 2752
930 2616
931 3545
932 1086
933 1673
934 2172
935 3257
935 3877
936 1360
936 4018
937 2091
938 1157
938 4992
941 4043
942 1199
942 2708
942 3343
943 1741
943 2465
943 3167
944 1605
945 1406
945 4498
947 4316
948 1467
948 2372
948 3583
949 2032
949 2750
950 2440
951 1461
951 2943
951 3313
951 3666
951 3926
951 4701
952 2240
952 3132
953 1802
953 2104
953 4354
955 1464
956 3364
957 1146
958 4866
960 2638
961 1329
961 1476
961 1774
961 2314
961 3684
961 4575
962 1402
962 4395
962 4826
963 1044
964 3212
965 1257
966 3857
966 3884
967 2289
967 3000
967 4043
967 4549
967 4866
970 1357
971 2445
973 2470
974 1552
974 3320
975 2043
975 4367
976 2292
977 4876
979 1319
980 2933
981 2427
982 4256
983 999
984 3291
985 3892
985 4396
986 2707
986 3099
987 2836
988 4911
989 2794
990 4134
991 1094
992 1463
992 3565
993 2027
994 2399
994 3601
995 2673
996 1190
997 2330
997 4450
998 1477
999 1194
1000 3882
1001 1123
1001 3065
1002 4329
1003 2750
1004 1057
1004 2134
1004 3632
1006 1770
1006 4237
1007 4821
1008 2821
1009 4108
1009 4449
1010 1792
1010 3801
1011 1187
1012 4694
1013 2710
1015 1465
1016 2355
1016 3000
1016 3472
1017 2814
1017 3530
1018 2311
1018 2561
1018 2779
1019 4451
1020 1897
1021 4371
1022 3279
1023 3073
1024 2374
1025 4715
1025 4781
1026 4311
1027 2112
1028 3052
1028 4921
1029 1668
1029 2035
1030 1809
1031 1619
1031 3264
1032 3032
1032 4522
1033 3423
1034 1892
1034 3438
1035 2775
1035 4239
1036 2361
1036 3627
1037 1793
1037 2073
1038 4147
1039 1543
1039 1778
1039 4289
1040 1886
1040 2342
1040 3447
1040 4021
1041 3715
1043 2744
1043 2916
1043 4099
1043 4112
1043 4434
1043 4857
1044 1264
1045 1362
1045 3830
1046 2861
1047 2977
1048 1225
1048 2198
1049 3201
1049 4626
1051 1852
1052 1814
1053 2028
1053 2252
1054 3148
1055 4622
1056 4345
1057 1278
1058 2886
1058 4659
1060 2391
1060 3395
1061 4698
1062 3958
1063 1600
1064 3217
1065 1464
1066 2005
1067 1569
1067 2303
1069 2479
1070 2912
1070 3766
1071 2051
1073 1140
1073 1896
1073 3630
1073 3999
1074 3494
1075 1757
1075 3048
1075 3184
1075 4571
1077 2793
1078 3097
1079 4272
1080 2421
1081 1400
1081 1820
1081 3247
1081 4521
1081 4554
1082 3175
1083 1339
1083 3524
1084 3692
1085 1311
1086 1133
1087 1632
1087 1812
1087 2914
1088 3067
1089 4371
1090 2582
1092 1221
1093 1774
1094 3989
1094 4943
1095 2740
1096 1568
1096 2548
1096 4501
1097 1420
1097 3484
1099 2151
1099 2439
1099 3684
1099 3941
1100 4821
1101 1641
1102 4126
1102 4548
1103 2596
1103 4825
1104 2166
1105 3022
1105 4930
1106 3476
1106 3674
1107 1795
1108 3647
1110 1971
1111 4977
1112 2396
1113 2046
1113 3152
1114 1194
1114 1305
1115 2524
1116 4057
1117 2627
1117 3400
1118 1262
1118 2217
1118 3371
1119 3275
1120 2153
1121 1453
1122 4124
1125 2862
1126 4863
1127 2207
1127 2512
1127 2646
1127 3700
1127 4556
1127 4704
1128 2337
1129 3584
1130 1686
1131 2976
1132 1533
1132 2237
1132 3947
1133 2223
1133 4261
1134 2356
1134 2606
1134 3785
1135 2387
1135 4178
1135 4790
1136 2058
1137 4558
1138 3906
1138 3990
1139 3910
1140 3204
1141 1539
1141 3289
1142 1741
1143 3873
1144 3153
1145 3017
1145 4960
1146 1626
1146 1857
1147 1408
1148 3673
1149 2319
1150 1970
1151 4806
1152 3373
1152 4999
1153 1869
1153 2656
1153 4858
1154 2395
1155 1159
1155 3146
1155 4278
1156 4114
1157 3131
1158 3215
1161 3364
1162 3979
1163 1182
1163 3007
1164 1359
1164 2936
1166 1285
1166 3134
1166 4180
1166 4318
1167 1928
1167 3624
1168 3774
1169 3810
1169 4578
1171 2679
1172 3158
1172 4409
1173 1829
1174 2031
1175 1429
1175 1451
1175 2113
1176 3938
1177 4217
1178 2484
1178 2953
1178 4952
1179 4185
1179 4416
1180 4887
1181 3157
1182 1590
1182 2105
1182 2322
1182 4745
1182 4962
1183 1722
1183 2094
1183 2095
1184 3671
1185 1840
1186 2709
1187 1416
1187 1426
1187 1782
1188 4222
1189 2132
1190 3912
1191 3900
1191 4187
1192 2091
1192 2357
1195 1529
1195 2197
1195 2992
1195 4016
1197 1695
1198 3886
1198 4530
1198 4957
1200 2789
1201 2137
1202 3042
1203 3973
1204 2279
1205 1991
1206 1883
1207 2533
1208 2823
1208 4024
1209 3515
1210 1927
1210 4135
1211 4150
1211 4859
1212 3144
1213 1526
1213 2228
1213 4749
1214 2978
1214 3491
1214 4561
1215 4637
1216 2448
1217 1636
1218 2132
1219 4686
1220 4970
1221 4031
1222 2262
1223 4218
1223 4249
1224 3542
1225 1571
1225 2323
1226 2351
1226 4778
1226 4963
1227 4173
1227 4522
1228 2763
1228 3792
1229 2611
1229 4180
1229 4874
1230 3426
1231 2469
1231 2783
1231 4079
1232 1557
1233 3755
1235 2798
1235 2830
1236 1686
1237 4519
1238 2343
1239 2721
1240 3072
1241 3215
1243 1883
1244 1388
1245 1983
1246 1522
1246 2837
1246 3734
1246 3907
1247 1761
1247 4063
1247 4639
1248 3353
1248 4205
1249 4106
1250 4510
1251 3508
1252 2144
1253 3658
1253 3971
1254 2050
1254 3340
1254 3429
1254 4171
1256 4315
1256 4768
1257 2945
1257 3126
1258 3045
1260 1378
1260 2348
1260 4127
1261 4618
1262 2541
1264 3063
1264 4137
1264 4551
1265 3127
1268 1296
1270 4407
1271 2481
1271 2708
1272 2233
1272 2632
1272 3909
1273 2081
1274 1639
1275 3159
1276 3684
1277 3200
1279 3097
1279 4835
1280 2353
1280 3931
1280 4097
1281 2861
1282 3092
1282 4026
1284 1913
1286 3056
1287 1370
1288 1904
1288 3323
1289 2092
1289 2495
1290 1643
1290 2004
1290 2169
1290 4270
1291 3890
1291 4234
1292 2471
1292 3502
1292 4293
1293 4295
1294 1961
1294 4538
1294 4830
1295 1814
1296 1461
1297 4231
1298 1394
1299 1302
1299 1584
1299 2364
1299 3043
1299 4974
1300 2496
1300 3070
1300 3953
1300 4827
1300 4850
1301 2463
1303 1494
1304 4915
1305 1382
1305 1384
1305 3251
1306 3253
1307 3323
1307 3921
1308 3941
1308 4795
1309 3266
1310 2850
1311 3366
1312 3285
1312 3506
1315 4704
1316 2016
1317 1609
1317 1849
1317 1967
1317 1973
1318 3459
1318 3892
1320 4525
1321 1410
1321 3322
1321 4172
1321 4802
1322 1370
1322 1894
1322 3597
1322 4396
1323 4497
1324 2291
1324 3008
1324 3262
1325 4426
1326 4980
1327 1660
1327 1741
1328 2018
1328 3964
1328 4624
1330 1405
1330 4117
1330 4548
1331 2819
1333 4070
1334 4818
1335 4890
1336 1510
1336 3418
1337 4206
1338 4683
1341 4059
1342 3695
1343 3241
1344 1586
1344 4927
1344 4981
1347 2173
1347 3791
1348 1482
1348 2729
1349 2231
1349 3006
1349 3936
1349 3990
1349 4881
1350 1570
1350 2390
1351 4915
1353 4790
1354 2323
1356 2564
1357 3302
1357 3977
1358 3649
1359 1671
1359 2513
1359 4218
1361 4382
1363 3203
1364 3296
1365 4700
1367 2875
1368 3553
1369 3879
1370 1806
1370 4364
1371 1586
1372 2401
1372 3405
1373 4361
1374 4271
1375 4067
1376 2278
1377 1514
1378 3756
1378 3895
1379 3062
1380 1501
1380 4493
1381 4199
1382 3353
1383 2633
1385 1744
1386 4142
1387 1764
1387 3907
1388 2899
1389 3896
1389 4366
1390 1917
1390 3547
1391 2816
1391 4343
1392 3437
1393 2322
1393 4533
1394 1452
1394 3572
1395 1796
1396 2753
1396 3303
1397 1673
1398 1804
1399 3911
1401 4578
1403 4291
1407 3133
1407 4496
1409 3247
1410 1509
1410 2729
1410 2762
1410 4088
1410 4768
1410 4806
1411 1499
1411 3838
1411 4008
1412 1685
1412 1720
1413 4501
1414 3057
1414 4147
1415 3487
1415 4138
1416 2123
1416 2273
1416 2412
1416 3131
1416 4696
1417 3387
1418 2659
1418 3277
1419 4494
1421 2717
1422 1484
1422 4141
1423 1932
1424 3623
1424 4232
1425 1594
1426 4068
1426 4397
1426 4560
1427 1744
1427 2099
1428 2457
1430 3388
1430 4230
1431 4862
1432 4048
1433 1872
1433 3328
1434 2774
1434 3354
1434 3535
1435 4719
1436 2864
1437 2664
1439 3312
1439 3703
1439 3775
1439 4664
1439 4772
1440 3067
1441 4573
1442 3198
1442 4202
1443 4373
1444 2854
1444 4038
1444 4194
1445 1718
1446 2616
1447 2849
1448 2413
1449 2928
1451 4528
1451 4994
1452 2319
1453 2716
1453 3871
1454 3591
1454 3976
1454 4730
1455 2243
1455 4746
1456 4461
1457 4296
1458 3271
1458 4346
1459 2853
1459 3896
1460 3930
1461 2914
1461 3953
1461 4525
1463 2192
1463 2195
1463 4370
1463 4468
1464 2124
1464 3650
1465 3226
1467 3022
1468 4916
1469 2803
1470 3535
1471 3466
1473 1837
1473 4405
1474 3824
1475 3031
1475 4417
1476 3532
1477 2482
1477 3261
1478 1955
1480 3678
1481 2559
1483 4668
1484 1673
1485 1824
1485 4043
1485 4488
1486 3691
1487 1637
1489 2950
1490 2395
1492 3527
1493 1676
1493 2171
1493 4180
1494 2386
1496 3416
1497 2614
1497 2715
1497 4748
1498 3426
1499 1851
1500 4634
1501 2688
1502 2765
1503 1537
1503 4033
1503 4492
1503 4515
1504 3624
1505 2514
1505 2778
1505 4001
1505 4605
1506 1648
1506 3139
1507 4426
1508 2943
1510 2468
1510 4561
1512 2758
1512 3614
1512 4433
1514 3266
1514 3309
1514 3343
1514 3598
1514 4693
1514 4845
1515 4376
1516 1740
1517 1803
1517 3382
1520 3795
1521 1926
1522 4687
1523 2826
1524 1826
1525 1850
1525 4175
1527 1620
1528 4678
1530 3112
1531 3475
1532 1563
1532 4449
1533 3051
1534 1749
1535 4787
1537 1552
1537 1702
1537 3464
1537 3543
1537 4756
1538 4544
1539 4291
1540 3576
1540 3621
1540 4377
1541 1695
1541 3791
1542 4261
1544 4414
1545 1712
1545 2428
1546 2541
1546 4341
1547 1956
1548 4021
1549 3068
1549 3881
1549 4785
1550 2902
1551 2000
1551 2293
1551 2467
1551 3672
1553 2355
1554 2131
1554 3596
1554 3821
1554 4628
1554 4751
1555 1738
1555 2723
1556 3674
1557 4027
1557 4063
1558 3474
1558 4996
1559 3894
1560 1987
1561 2677
1561 4241
1562 4790
1564 1900
1564 2226
1564 4736
1565 3660
1565 4266
1565 4944
1566 3159
1567 2593
1568 2697
1572 2349
1573 2038
1575 2511
1575 4196
1576 2956
1577 4677
1578 3713
1579 2461
1579 2792
1579 2857
1579 3176
1580 2869
1581 3917
1583 2522
1583 3689
1583 4414
1584 4436
1585 3491
1587 4925
1588 1628
1590 2623
1591 4197
1592 1807
1593 4589
1594 2026
1595 2007
1596 4124
1596 4292
1597 2671
1597 4092
1598 4449
1599 4023
1600 2655
1600 4313
1601 4970
1602 4828
1603 1771
1603 2040
1604 2499
1604 4710
1604 4794
1605 1763
1605 1799
1605 3161
1605 4323
1606 3052
1607 3087
1608 3347
1609 3174
1610 3316
1611 1709
1611 2760
1611 3402
1612 2259
1612 2317
1612 4355
1612 4458
1612 4597
1613 3452
1614 3005
1616 4874
1617 3092
1618 4162
1618 4374
1619 1703
1619 3123
1619 3953
1619 4561
1620 3287
1621 3740
1622 2570
1623 2560
1623 3544
1624 4750
1625 1859
1626 2383
1627 3292
1627 4723
1628 3113
1628 3396
1628 4455
1629 2424
1629 2807
1630 2877
1631 4156
1633 4109
1634 3150
1634 4691
1635 2652
1635 2715
1635 2833
1636 2475
1636 3697
1636 4365
1638 3116
1639 2228
1639 2479
1640 3027
1640 3246
1640 3528
1640 4507
1641 4213
1642 2508
1643 1651
1643 2026
1643 2586
1643 4789
1644 3707
1645 4726
1645 4749
1646 3938
1648 2153
1648 3684
1649 3742
1650 3778
1652 4681
1653 4687
1654 1787
1655 4127
1656 4038
1656 4279
1657 3655
1658 2084
1658 3633
1658 4042
1659 1739
1660 3383
1661 2716
1662 2190
1662 4149
1662 4693
1663 2183
1664 2142
1664 2852
1664 2923
1664 4541
1665 3216
1666 4670
1667 2927
1669 1835
1670 4635
1673 3685
1674 4274
1675 3875
1677 3581
1678 3989
1679 2686
1680 3109
1682 3896
1683 2702
1685 1898
1685 3068
1686 1870
1686 2739
1687 1808
1687 1954
1687 2014
1687 3130
1688 4541
1690 3178
1691 3424
1693 1744
1694 4373
1695 2249
1696 4707
1697 4001
1698 1834
1698 2881
1699 2239
1699 2952
1699 4000
1699 4358
1702 2147
1702 4473
1703 4478
1704 2083
1704 3699
1705 2688
1706 2162
1706 4273
1707 1842
1708 3287
1708 3453
1710 2007
1710 4060
1711 4667
1713 2154
1713 3541
1714 1728
1714 1934
1715 3505
1715 3873
1716 2411
1716 4738
1716 4966
1717 4047
1719 2228
1722 2358
1723 1972
1723 3755
1723 4353
1724 1809
1724 3436
1724 4675
1724 4782
1725 4063
1726 2512
1726 2842
1726 3287
1727 2630
1728 4245
1728 4388
1730 2925
1731 2614
1732 2080
1732 4777
1733 4288
1734 2038
1734 3620
1735 3085
1737 3045
1739 3633
1739 4584
1740 2335
1740 3218
1741 2073
1741 2947
1741 2948
1741 3803
1741 4118
1741 4396
1742 3842
1742 4960
1743 4437
1744 2694
1744 4017
1745 2453
1746 3765
1746 4300
1747 3052
1750 3028
1751 4101
1752 4545
1753 1832
1754 3220
1754 3477
1754 3858
1755 3611
1756 4269
1757 3102
1757 3222
1757 3233
1757 4702
1758 2157
1758 3845
1759 2646
1760 4839
1761 2182
1762 1804
1763 2126
1763 2310
1763 3349
1763 4299
1765 2582
1765 4466
1766 1784
1766 2420
1766 3948
1767 2789
1767 4613
1768 3029
1769 3722
1771 2562
1771 3950
1772 1788
1773 3388
1774 2714
1776 3413
1777 2734
1778 2109
1778 2552
1779 2176
1779 3513
1781 2350
1781 2976
1781 3957
1781 4644
1783 3251
1784 4260
1786 1901
1787 1856
1788 4573
1789 2659
1790 2600
1790 3909
1790 4902
1792 2115
1792 2201
1792 3420
1794 2995
1794 4395
1795 4568
1796 3709
1797 2977
1797 3403
1797 4259
1798 2059
1800 3029
1801 2907
1801 3893
1801 4399
1803 2184
1803 4912
1805 4012
1807 3424
1811 2844
1812 4209
1813 2565
1813 3588
1814 2958
1814 3434
1815 4808
1816 2887
1816 4274
1816 4741
1817 1843
1817 2721
1817 3357
1817 4788
1818 3267
1820 2804
1820 4244
1821 4668
1823 2147
1823 3604
1825 3542
1825 4312
1825 4852
1825 4987
1826 2812
1826 3577
1827 2890
1827 4688
1828 3525
1828 3930
1829 4115
1829 4949
1830 2567
1830 3310
1830 3614
1831 2054
1831 4636
1832 2100
1832 3548
1833 2560
1833 3859
1834 4024
1835 2876
1836 4655
1837 1971
1837 2388
1837 2721
1837 3863
1838 2467
1838 2811
1839 4214
1841 2643
1842 4933
1843 3090
1845 2163
1845 2682
1845 2819
1845 4904
1846 4712
1847 4864
1848 4155
1849 2360
1850 2754
1850 3693
1852 2890
1852 4336
1853 4480
1854 4348
1855 2323
1856 3633
1856 4057
1857 2224
1858 3271
1859 2145
1859 2726
1860 3889
1861 2230
1861 4103
1863 4210
1864 4305
1866 2814
1867 3914
1868 4695
1869 3679
1870 3817
1871 4430
1873 4835
1875 2180
1876 2048
1876 2491
1876 4929
1877 1953
1878 2976
1879 2942
1879 4990
1880 3627
1881 4082
1882 2025
1882 3336
1883 2802
1883 3486
1883 3559
1884 4321
1885 2411
1887 3157
1888 2062
1889 2071
1890 2944
1891 2948
1892 4079
1893 4533
1894 2601
1894 2755
1895 2211
1897 3457
1899 4189
1899 4739
1900 3042
1900 4744
1901 1988
1901 3535
1901 4059
1901 4836
1903 3842
1904 2477
1905 2059
1905 3071
1906 4742
1908 3754
1909 2139
1910 2557
1911 2563
1911 4970
1912 4722
1914 3190
1915 3636
1916 3856
1916 4560
1917 2310
1917 3981
1917 4983
1918 2011
1918 2368
1918 3808
1919 3484
1920 4156
1921 2191
1922 2247
1923 3731
1924 2541
1924 3685
1924 4243
1925 2310
1926 3998
1926 4652
1929 2667
1929 4514
1930 2152
1931 3221
1933 1995
1933 2605
1935 2677
1937 2564
1939 2147
1940 3743
1940 4704
1942 2185
1945 2608
1945 3906
1946 2541
1947 2113
1948 2659
1949 2377
1950 3581
1951 4610
1953 3978
1955 2418
1955 2828
1955 3127
1957 4453
1958 2744
1960 3755
1961 2734
1961 2928
1961 3657
1961 3670
1961 4343
1962 4608
1962 4827
1962 4938
1963 4834
1963 4897
1964 3125
1965 2761
1965 3173
1966 2066
1967 3010
1967 4152
1968 2167
1968 2455
1968 4391
1969 4149
1969 4766
1970 2187
1970 2569
1970 2598
1970 3874
1970 4425
1970 4428
1972 2899
1973 2579
1973 4359
1974 2348
1975 2699
1976 2781
1976 3434
1977 2301
1977 2576
1977 4054
1977 4238
1979 2672
1979 4186
1979 4531
1980 1983
1981 2312
1982 2319
1983 3911
1984 4154
1985 3245
1986 2786
1986 4079
1986 4099
1987 2815
1987 4789
1988 3410
1988 4909
1989 3515
1990 3184
1990 3334
1991 3678
1992 4076
1993 2689
1993 2763
1994 4671
1995 3374
1995 4796
1996 2161
1997 3700
1998 2706
1998 3829
1999 2061
2001 3472
2002 2602
2002 3727
2003 2479
2003 4567
2005 4985
2006 3126
2008 2253
2008 4647
2009 3161
2010 2394
2011 2321
2011 2544
2011 2597
2011 3674
2012 4828
2013 2874
2013 3266
2014 2254
2017 3629
2018 3073
2019 3502
2020 2527
2020 4518
2022 3898
2023 2891
2024 3647
2024 4704
2026 2305
2027 2822
2027 3111
2028 2743
2028 3281
2028 3629
2028 3882
2028 4652
2029 2736
2029 2977
2029 4518
2029 4564
2030 4490
2031 2188
2033 4371
2033 4640
2034 3879
2034 4183
2035 2124
2035 3394
2035 4043
2037 2085
2037 3405
2037 4049
2037 4429
2038 2175
2038 4452
2039 4100
2041 3041
2041 3142
2041 4053
2041 4374
2042 2181
2042 4532
2044 4521
2045 2416
2045 4432
2047 2076
2048 2669
2049 4453
2050 2838
2051 4555
2052 3019
2052 3953
2053 4109
2054 2343
2054 4059
2054 4199
2055 2732
2055 4649
2055 4658
2057 3027
2057 4200
2058 3914
2059 2432
2060 4956
2061 4526
2062 4099
2063 2451
2063 3054
2064 3144
2064 3156
2064 4161
2064 4446
2064 4451
2065 3465
2066 2930
2067 3389
2067 3406
2067 4635
2068 3256
2069 2575
2071 3727
2072 2894
2074 4090
2075 2641
2076 2845
2076 2913
2076 3769
2076 4686
2077 2722
2078 3597
2079 2949
2079 3693
2079 4093
2079 4873
2081 2414
2081 3932
2081 4140
2082 3615
2082 4169
2083 3250
2083 4249
2084 2809
2084 4202
2084 4546
2085 2974
2086 2834
2088 3569
2089 3229
2090 2127
2090 3128
2090 3257
2090 3274
2090 3741
2090 4177
2090 4253
2093 4393
2097 3986
2098 4432
2099 2854
2099 2878
2099 4892
2100 3747
2101 3590
2102 3835
2102 4443
2104 2866
2104 4594
2107 3176
2108 2555
2110 4128
2111 3649
2111 4866
2113 4829
2114 4854
2116 3704
2117 2165
2117 4217
2117 4300
2118 4537
2119 4506
2120 2785
2121 3032
2122 3614
2122 4442
2124 2983
2124 4326
2125 2622
2127 2958
2127 3337
2128 3338
2131 2570
2131 2854
2131 4677
2132 2928
2132 3420
2132 4010
2134 3110
2134 3181
2134 3372
2134 3700
2135 2269
2136 2239
2138 3441
2138 4970
2139 3386
2140 2700
2141 4630
2143 2986
2143 3503
2144 4636
2146 2183
2147 4025
2148 2727
2149 2445
2150 2472
2151 4888
2152 4933
2155 2870
2156 3689
2157 4415
2158 4121
2160 2445
2161 2685
2161 4997
2162 2784
2164 2347
2164 2507
2164 3283
2165 2444
2165 3800
2166 3058
2167 2962
2170 2613
2170 4798
2172 2470
2173 3029
2173 4385
2174 2650
2174 3342
2174 3924
2175 2438
2175 2690
2175 4979
2178 4693
2179 4996
2180 2288
2180 3324
2180 4354
2180 4671
2183 3686
2183 3821
2184 2479
2184 4223
2185 3024
2185 4453
2186 4908
2187 2492
2188 2663
2189 2346
2189 3777
2189 4149
2189 4350
2189 4363
2189 4390
2190 3353
2190 3783
2190 3870
2191 2241
2191 2818
2191 3901
2192 2684
2192 3217
2192 3823
2192 4595
2193 3356
2194 2278
2195 2244
2195 4959
2196 2212
2196 3676
2197 2352
2197 3368
2197 4591
2200 2452
2202 3311
2203 2934
2204 4354
2205 2972
2206 3065
2208 4583
2209 2732
2210 4461
2211 3035
2211 3432
2211 4195
2211 4787
2214 4298
2216 3189
2216 3961
2218 2473
2219 3208
2220 3102
2220 3681
2221 2697
2221 3067
2221 4644
2225 3753
2225 4622
2225 4637
2226 3276
2226 4843
2227 2336
2227 2602
2228 2445
2228 3173
2228 4777
2232 2744
2232 3712
2232 4324
2234 4395
2235 4661
2236 2341
2237 3816
2237 4834
2238 2495
2239 3228
2239 3773
2239 3943
2239 4751
2242 2564
2242 2921
2242 3120
2242 3772
2242 4524
2245 4628
2246 2405
2246 4037
2247 3640
2248 4828
2250 3248
2250 3748
2251 2393
2251 3118
2252 3939
2254 2419
2255 3302
2255 4495
2256 3569
2256 3669
2257 4157
2260 4950
2261 3564
2261 4216
2262 4677
2263 2935
2264 2891
2265 3730
2265 4574
2266 2495
2266 3387
2266 4482
2267 4470
2269 3963
2271 3531
2272 4350
2273 2324
2274 3305
2277 4202
2277 4808
2278 3495
2278 3971
2279 4830
2280 3210
2281 4194
2282 4327
2283 4656
2283 4850
2284 4915
2286 2693
2286 3343
2288 3680
2290 3757
2292 4134
2292 4870
2294 3212
2296 3497
2296 3597
2297 4156
2298 3900
2299 2320
2300 4628
2301 3190
2302 3162
2304 3953
2306 3936
2308 2548
2308 4971
2309 3883
2312 2756
2312 3395
2312 3609
2312 4817
2313 3599
2314 2981
2314 3627
2315 4927
2317 4335
2317 4628
2318 2975
2319 3408
2319 4276
2319 4310
2319 4328
2321 3549
2321 3889
2322 3917
2322 4701
2322 4991
2323 4697
2325 4605
2326 2486
2327 2832
2328 4490
2329 2536
2331 3825
2331 4308
2331 4914
2332 2461
2332 3088
2333 3912
2337 2988
2337 4526
2338 3160
2338 3722
2339 2864
2339 4083
2340 2942
2341 2629
2341 3210
2342 3742
2342 3754
2342 3762
2342 3793
2342 3811
2342 4768
2342 4901
2343 3948
2344 3256
2345 3273
2347 3000
2348 2396
2349 2661
2349 2977
2352 3514
2352 3798
2353 4072
2354 4759
2359 2402
2360 3574
2362 2697
2363 3948
2365 3912
2366 2549
2366 2966
2367 2742
2367 3908
2367 4484
2369 2703
2369 2976
2369 3069
2370 2633
2370 4803
2371 3008
2373 2575
2374 2918
2375 3009
2376 2575
2376 4599
2379 3541
2381 3428
2383 2452
2383 2681
2383 4708
2383 4831
2384 3583
2384 4779
2385 3621
2387 2404
2387 4693
2392 3519
2393 3265
2393 4775
2393 4939
2394 3165
2394 4625
2395 3883
2396 3768
2397 4032
2397 4502
2398 2513
2398 4717
2400 4033
2401 3719
2402 4638
2403 4877
2404 2636
2404 4167
2404 4922
2405 3575
2406 3578
2407 4572
2408 3420
2408 3966
2409 4770
2410 4252
2411 3637
2411 3972
2411 4143
2413 2447
2413 4696
2414 3056
2417 2637
2418 3887
2418 4459
2421 4174
2422 4782
2423 3075
2424 4056
2426 2525
2426 2670
2426 3023
2426 4008
2428 3140
2428 3645
2429 4065
2430 2705
2431 4220
2432 2458
2432 2885
2432 3424
2432 4832
2433 4370
2434 4701
2435 2479
2435 4084
2436 2635
2440 3507
2441 3380
2441 4024
2442 3226
2442 3327
2443 3857
2445 2855
2445 2973
2445 4768
2446 4534
2448 2528
2448 2530
2448 2960
2448 3226
2448 3787
2450 3107
2450 4970
2453 4817
2454 2520
2454 2627
2454 3202
2454 4729
2455 2973
2455 3325
2455 4638
2455 4796
2456 4027
2458 3827
2458 4623
2460 2895
2461 2462
2461 3172
2461 4334
2461 4828
2462 3346
2462 3985
2463 2477
2463 3303
2463 4670
2464 3654
2466 4655
2470 3676
2471 2867
2472 3200
2478 2823
2478 3501
2478 3540
2479 4098
2480 4165
2483 2803
2484 3182
2485 2947
2486 3953
2487 2991
2488 2736
2488 4508
2489 2713
2490 3684
2493 2993
2494 2646
2497 2575
2497 3416
2498 4129
2500 2765
2501 3543
2502 4509
2503 3405
2504 2721
2504 4643
2505 4636
2506 4422
2508 4109
2509 2733
2509 2965
2510 4722
2512 3201
2512 4668
2512 4728
2515 2559
2515 3103
2515 4003
2515 4867
2516 2993
2517 3876
2517 4950
2518 3903
2519 2686
2520 2684
2520 3521
2520 3842
2520 4011
2521 4305
2522 3257
2522 3387
2522 4125
2523 2628
2523 2645
2523 4441
2524 3911
2526 2987
2526 3529
2527 3634
2529 3417
2530 3469
2530 3868
2530 4113
2530 4226
2530 4469
2530 4524
2530 4624
2530 4631
2531 3697
2532 4615
2533 4430
2534 4313
2535 3614
2536 2681
2536 2888
2536 4136
2538 3731
2539 3962
2540 2637
2540 4783
2541 3209
2542 3780
2543 4797
2544 3739
2545 3614
2546 2901
2547 2658
2548 4611
2550 3151
2550 4437
2551 3405
2551 4755
2552 2812
2552 4432
2553 4014
2554 2643
2556 4837
2558 2577
2558 3706
2559 2945
2562 4809
2565 3767
2566 3130
2568 2692
2568 3454
2568 4198
2568 4733
2569 3146
2569 3490
2569 3829
2569 4798
2569 4841
2571 3791
2573 4132
2574 3629
2575 3668
2575 4735
2578 3150
2580 4091
2580 4221
2580 4388
2581 4985
2582 3436
2583 4816
2586 4305
2588 4291
2590 2821
2590 2943
2592 3993
2593 4852
2594 2606
2595 2890
2595 3106
2595 4731
2597 2626
2599 4402
2603 3413
2604 4069
2606 4148
2607 4308
2612 3469
2615 3253
2616 3160
2616 3207
2616 3740
2616 3781
2616 4180
2617 2637
2617 3270
2618 3353
2621 4373
2621 4460
2622 2710
2622 4798
2623 2907
2624 2932
2624 4287
2625 4765
2627 4371
2628 3560
2631 3824
2632 4075
2632 4304
2632 4823
2633 4228
2634 3135
2635 2712
2637 2896
2637 4345
2638 2644
2639 3490
2640 3056
2641 3410
2643 3064
2643 3853
2643 4524
2644 3511
2646 3903
2646 4047
2646 4284
2647 3019
2647 4184
2649 3659
2649 3661
2649 4059
2649 4407
2650 2850
2650 2887
2650 3165
2651 4275
2652 2745
2653 3989
2653 4916
2654 3433
2656 2836
2656 3026
2656 4090
2656 4925
2657 4726
2659 3293
2659 4463
2660 4290
2662 3234
2663 2924
2664 4675
2665 2683
2666 3528
2667 2900
2668 4280
2669 2814
2669 2995
2669 3215
2669 3242
2669 3245
2669 3717
2669 4449
2671 4724
2673 2760
2673 4743
2674 3268
2674 3567
2675 2875
2675 4084
2676 4142
2677 4651
2678 2961
2678 4180
2680 3926
2681 3185
2682 2741
2682 4263
2682 4871
2684 2973
2684 4402
2684 4693
2684 4828
2685 4036
2687 4642
2688 3160
2688 3764
2688 4654
2689 2832
2689 4224
2694 4500
2695 3822
2695 4337
2696 2928
2697 4865
2697 4886
2698 4926
2699 3942
2701 4053
2702 2990
2704 4243
2710 2897
2712 3190
2713 4127
2714 3580
2715 3290
2716 3582
2717 3526
2717 4065
2718 3536
2720 3098
2721 4908
2722 4579
2723 3013
2725 4558
2727 3244
2728 3664
2731 4150
2732 3109
2732 4257
2735 4010
2738 4288
2740 3664
2740 4556
2744 4674
2747 3640
2748 4368
2749 4022
2751 2891
2752 4648
2753 4294
2754 4019
2755 4150
2757 3566
2759 2977
2760 4388
2760 4469
2760 4782
2764 3564
2764 4614
2765 4764
2766 4204
2766 4448
2767 4948
2769 2960
2771 4268
2772 3253
2772 3499
2774 3335
2774 3724
2782 3895
2783 2787
2785 4787
2788 4602
2789 4540
2790 4513
2791 3647
2792 4347
2794 4548
2795 4531
2796 3466
2797 2847
2799 4283
2800 2938
2800 4428
2800 4810
2801 3296
2802 4620
2805 2879
2805 2920
2806 3806
2810 4194
2813 3001
2813 4695
2814 3546
2814 3771
2816 2829
2817 3592
2817 4668
2818 4910
2820 4950
2821 4236
2821 4703
2823 4218
2824 4108
2825 4195
2826 4458
2827 3657
2827 4809
2828 3698
2828 4758
2828 4807
2832 3917
2833 4954
2835 4172
2835 4982
2840 3786
2841 4310
2841 4976
2843 4395
2846 3691
2848 3508
2848 4302
2849 4436
2849 4569
2850 3581
2850 3873
2851 2899
2853 4109
2853 4206
2854 3960
2855 3045
2856 4269
2859 2895
2860 3385
2864 4633
2865 4285
2867 2984
2867 3211
2867 3695
2867 4920
2868 4020
2868 4498
2869 2914
2870 3710
2870 3979
2871 4924
2872 3756
2873 4557
2876 3595
2877 4478
2880 3943
2882 3165
2883 4210
2884 4684
2887 4453
2890 3059
2890 4034
2890 4401
2890 4750
2891 4551
2892 3507
2893 3325
2895 4478
2895 4818
2899 3424
2900 3613
2902 4895
2903 4462
2904 4254
2904 4847
2908 4518
2909 3299
2910 3442
2911 3745
2913 3147
2914 4833
2915 3923
2916 3081
2916 3096
2917 4181
2922 3613
2924 3760
2924 3842
2924 4207
2924 4419
2925 3669
2926 3919
2927 2975
2928 3036
2929 3107
2931 4858
2932 3348
2933 3961
2934 4118
2935 2964
2935 3692
2935 4295
2937 4537
2940 3695
2941 3379
2942 3862
2942 4510
2943 4131
2944 3449
2944 4617
2945 4376
2946 3115
2947 3171
2947 4252
2949 3326
2950 3696
2950 4789
2954 2963
2954 4513
2955 4039
2957 4892
2959 3624
2959 4737
2964 4646
2965 3331
2965 4972
2967 4007
2969 4669
2971 4664
2972 3437
2972 4256
2972 4411
2973 3056
2973 3127
2973 3614
2973 4170
2973 4261
2973 4432
2973 4704
2975 3766
2975 3815
2975 4869
2976 4653
2979 4917
2980 4630
2982 3745
2982 4123
2983 3012
2985 4623
2986 3083
2986 4652
2987 4768
2990 4982
2991 3627
2992 3608
2992 4301
2995 3360
2995 4179
2996 4864
2996 4953
2997 3179
2997 4445
2998 3201
3000 3091
3002 4973
3003 4580
3004 3509
3005 4011
3009 3865
3011 3821
3011 4834
3013 3564
3014 3501
3015 4421
3016 3869
3016 4053
3019 4071
3020 4341
3021 3410
3022 3579
3022 4374
3023 4891
3025 3506
3025 3551
3028 4777
3029 4919
3030 4204
3033 4372
3037 4056
3039 4754
3042 3244
3043 3513
3044 3144
3046 3839
3047 3558
3048 4520
3050 4129
3050 4863
3050 4870
3052 3656
3052 3889
3052 4539
3054 4870
3055 4800
3057 4622
3059 4011
3060 3612
3061 3645
3062 4972
3063 3485
3063 4362
3063 4915
3066 4428
3068 3321
3070 4394
3073 3737
3073 4247
3074 4738
3075 4515
3076 4706
3078 3512
3078 3601
3079 3968
3080 4397
3082 3348
3083 4661
3085 4977
3086 4082
3087 3159
3088 3191
3089 4879
3090 3522
3094 3804
3094 4011
3094 4577
3095 3598
3098 4837
3100 4884
3101 3186
3102 3669
3102 3952
3104 3117
3104 3892
3105 3329
3105 4866
3107 3976
3107 4153
3107 4485
3109 3510
3112 4040
3113 3963
3114 3224
3115 4074
3115 4560
3116 3622
3119 3648
3120 4120
3122 3541
3123 3992
3123 4512
3124 4082
3125 4395
3127 4609
3127 4692
3129 4164
3130 3789
3132 4650
3135 3949
3135 4936
3135 4958
3136 4700
3137 4618
3138 3974
3141 3363
3144 4868
3145 4074
3146 3672
3150 3921
3150 4544
3151 3466
3152 3829
3153 4228
3154 3561
3155 3812
3156 4086
3156 4098
3156 4146
3156 4424
3157 4235
3158 3901
3159 4267
3160 3587
3160 3889
3160 4426
3162 3235
3163 3210
3163 3995
3164 4974
3166 4748
3169 3201
3171 3519
3171 4135
3171 4620
3172 4339
3174 3558
3175 3178
3175 3955
3177 3673
3178 4870
3179 4527
3180 4866
3181 3913
3183 3409
3183 3449
3184 3715
3185 4596
3186 3333
3186 4776
3187 3307
3188 3325
3190 4246
3193 3909
3193 4946
3196 4402
3197 3336
3199 4911
3200 3614
3201 3682
3201 3831
3202 3628
3203 4313
3203 4602
3205 3485
3205 3693
3205 4119
3205 4582
3206 3263
3206 3637
3207 4800
3210 3578
3210 3918
3210 3931
3211 3490
3212 4856
3213 3917
3214 4580
3216 3766
3217 4033
3218 4525
3223 3928
3224 3259
3225 3862
3227 3497
3230 4468
3231 3466
3232 3238
3234 3604
3238 3733
3238 4527
3238 4924
3239 4436
3241 4520
3243 4298
3244 3419
3249 4633
3252 3254
3255 3360
3257 3601
3258 3782
3258 4285
3258 4452
3258 4942
3259 4122
3261 3521
3265 3557
3268 3842
3268 4483
3269 4706
3270 4233
3271 3916
3272 3539
3272 3662
3272 3855
3274 4814
3275 4721
3278 3948
3279 4515
3280 3965
3281 3319
3284 3584
3288 3330
3289 4040
3289 4283
3289 4911
3290 3299
3290 3390
3290 4503
3291 3749
3291 4322
3292 4924
3294 4696
3295 3315
3295 3424
3296 3456
3296 4169
3297 4347
3299 3521
3300 4222
3301 3611
3301 3889
3301 4438
3302 4035
3303 4685
3305 4262
3306 3949
3307 3889
3308 3321
3312 3415
3313 3703
3313 4006
3314 4579
3317 4819
3321 4408
3323 3504
3323 4655
3330 4556
3331 3684
3331 4316
3336 4135
3337 3828
3337 4004
3337 4157
3338 4019
3339 3916
3345 3439
3347 4713
3348 4134
3348 4770
3353 4754
3354 3631
3356 3670
3356 4231
3358 4371
3359 4446
3360 3927
3361 3851
3362 3606
3363 4380
3364 3488
3364 4024
3365 4574
3369 4215
3370 3613
3370 4965
3375 4137
3376 4801
3377 4572
3378 4435
3379 3676
3379 4660
3387 4522
3387 4862
3391 3578
3394 3412
3394 4669
3394 4941
3395 3545
3395 4786
3397 4473
3398 4363
3401 4370
3405 4907
3406 3836
3407 4252
3411 3820
3413 3673
3414 3720
3417 3692
3422 4574
3422 4725
3424 3953
3424 4354
3424 4432
3424 4536
3424 4989
3425 3602
3431 3967
3433 3902
3433 4423
3433 4449
3440 4516
3444 3518
3444 4342
3445 4559
3446 4509
3449 3485
3449 4977
3450 3851
3450 4129
3451 3650
3452 4230
3455 4889
3460 4934
3461 4260
3463 3787
3466 3697
3466 4031
3466 4292
3467 4655
3469 3716
3470 4002
3471 3866
3471 4935
3473 4934
3478 3684
3479 3640
3480 4949
3481 4250
3482 3646
3487 4431
3489 4393
3490 3822
3490 4585
3492 4395
3493 3865
3494 3755
3496 4306
3496 4402
3502 3956
3507 4260
3508 4006
3508 4392
3517 4340
3518 4213
3521 3671
3521 3697
3523 4402
3528 4541
3528 4747
3528 4768
3531 4623
3533 3680
3534 3587
3535 4189
3536 3584
3537 3911
3538 4625
3542 4212
3543 4014
3543 4340
3551 4589
3552 3908
3553 4901
3554 4362
3560 4967
3561 4524
3561 4899
3561 4928
3562 4735
3563 4777
3564 4709
3566 3972
3566 4168
3570 4446
3571 4894
3573 3575
3579 4497
3581 3907
3582 4201
3586 3763
3587 3729
3588 4334
3593 3713
3594 4428
3596 4181
3596 4489
3596 4709
3598 4480
3599 4002
3599 4868
3601 4903
3602 4560
3605 4879
3606 3702
3610 3790
3614 4558
3614 4780
3616 3874
3617 4665
3618 4989
3626 3799
3627 4878
3628 4486
3629 3691
3633 3697
3633 3975
3633 4182
3633 4825
3635 4011
3637 3673
3637 3796
3638 3890
3639 4731
3641 4190
3642 4430
3643 4492
3644 4991
3645 4690
3645 4791
3649 3904
3654 3682
3655 3692
3655 3837
3656 4673
3657 4886
3659 4114
3660 4261
3662 3888
3665 4904
3669 4018
3670 3802
3672 3861
3672 4372
3673 4144
3673 4804
3673 4900
3675 4024
3677 4324
3682 3833
3682 4403
3683 4986
3684 3749
3687 4362
3688 4391
3690 3711
3690 4361
3692 4226
3692 4838
3697 3916
3700 4258
3703 3852
3704 4523
3705 4366
3707 4970
3708 4485
3713 4565
3714 4555
3718 4022
3721 4588
3723 4397
3726 4346
3727 3807
3727 4286
3727 4913
3728 4650
3729 4885
3730 3759
3731 3758
3731 4621
3732 4853
3735 4864
3736 3892
3736 4107
3738 4773
3739 4853
3740 4464
3743 4139
3744 3849
3744 4148
3744 4331
3745 4564
3749 4521
3750 4930
3751 4898
3757 4622
3761 4419
3763 4633
3764 4211
3765 4642
3766 3778
3766 4449
3766 4798
3776 4728
3781 4984
3784 4097
3786 3832
3786 4575
3788 3891
3789 3931
3790 4243
3791 4447
3793 4956
3794 4098
3795 3854
3797 3949
3799 4238
3805 4454
3805 4583
3806 4149
3808 4317
3813 4733
3817 4452
3818 4008
3818 4015
3825 4782
3826 4900
3840 4900
3842 4662
3845 4484
3846 4656
3850 4181
3854 4870
3854 4876
3861 3934
3864 4191
3864 4379
3865 4933
3866 4775
3867 4914
3871 4297
3872 4879
3876 4793
3878 3973
3882 4227
3883 4314
3883 4798
3885 3979
3885 4439
3888 4024
3888 4679
3895 4277
3895 4377
3897 4677
3898 4336
3906 4522
3907 4040
3909 4722
3910 4914
3912 4849
3914 4815
3915 4648
3919 4547
3922 4183
3927 4460
3928 4040
3929 4340
3931 4680
3931 4801
3933 4418
3938 4310
3940 4320
3941 4193
3944 4212
3946 4046
3948 4185
3951 4957
3953 4023
3953 4169
3954 3983
3957 4069
3962 4663
3963 4548
3968 4650
3969 4041
3971 4506
3972 4214
3972 4479
3974 4887
3982 4539
3982 4761
3984 4210
3986 4524
3986 4632
3988 4256
3989 4128
3993 4482
3994 4058
3996 4360
4004 4012
4004 4208
4009 4048
4009 4620
4011 4360
4012 4727
4029 4992
4030 4151
4032 4044
4033 4338
4038 4476
4039 4145
4040 4713
4041 4283
4042 4248
4043 4887
4051 4148
4052 4993
4053 4142
4056 4398
4058 4228
4058 4526
4062 4312
4063 4472
4063 4524
4066 4305
4076 4704
4078 4684
4085 4391
4086 4368
4088 4683
4093 4812
4096 4249
4099 4469
4102 4436
4103 4404
4104 4985
4106 4526
4110 4557
4111 4626
4112 4568
4113 4781
4117 4689
4118 4898
4121 4425
4122 4824
4125 4816
4130 4260
4132 4261
4133 4804
4150 4757
4151 4378
4156 4887
4157 4457
4157 4606
4158 4292
4160 4506
4163 4396
4166 4814
4170 4303
4171 4226
4171 4557
4171 4633
4176 4902
4188 4485
4190 4268
4191 4989
4195 4837
4203 4954
4204 4557
4208 4604
4210 4641
4212 4968
4218 4839
4221 4945
4224 4905
4225 4626
4228 4510
4231 4854
4232 4809
4235 4927
4242 4272
4242 4352
4249 4384
4251 4292
4252 4465
4253 4906
4255 4863
4265 4610
4267 4410
4273 4940
4275 4931
4278 4995
4281 4593
4283 4356
4283 4499
4288 4430
4292 4329
4296 4821
4307 4920
4309 4456
4309 4829
4310 4886
4310 4988
4312 4413
4316 4719
4319 4948
4321 4488
4328 4530
4330 4706
4332 4381
4333 4930
4345 4443
4365 4889
4369 4788
4370 4740
4374 4627
4374 4668
4375 4934
4380 4516
4383 4439
4388 4678
4405 4762
4406 4838
4411 4605
4412 4531
4415 4474
4418 4612
4421 4566
4428 4487
4432 4560
4432 4798
4441 4475
4443 4789
4444 4631
4452 4491
4458 4817
4460 4949
4463 4873
4467 4603
4471 4721
4477 4525
4478 4721
4484 4701
4489 4529
4492 4578
4492 4951
4498 4760
4505 4568
4511 4777
4518 4875
4524 4787
4536 4542
4541 4588
4547 4961
4548 4924
4550 4886
4556 4864
4557 4672
4565 4589
4568 4607
4572 4935
4579 4597
4581 4789
4587 4645
4588 4978
4623 4711
4623 4792
4628 4947
4635 4821
4666 4702
4668 4852
4685 4999
4690 4896
4705 4930
4706 4929
4708 4769
4713 4986
4716 4837
4722 4985
4732 4818
4746 4887
4764 4903
4767 4814
4768 4969
4773 4932
4777 4926
4786 4937
4788 4861
4809 4813
4820 4937
4846 4932
4851 4882
4865 4872
4877 4980
4904 4975
4948 4979
4423 3360
2870 2359
1362 1593
2265 4882
263 4827
2854 4865
3986 1646
2497 2445
868 3597
1015 1763
119 1045
4702 3301
1189 1819
1112 3809
656 1455
1709 596
4001 107
3667 4171
4071 4878
2250 3333
4570 1947
1590 1752
2766 1989
781 301
3099 2037
28 209
4139 3825
1159 743
4289 3346
4138 4184
1234 3408
4983 3701
119 495
2500 3263
50 1195
4402 3914
1497 4957
2537 4749
3744 2400
3824 5
4707 2477
2213 2060
214 719
2802 1764
2965 1602
1910 691
1605 3279
3502 3488
2734 597
1085 4046
4723 3413
3822 4139
3264 251
3397 2309
2415 759
1501 4692
4506 2582
4506 3011
322 2484
4979 741
2317 4028
4063 3949
4858 170
2163 1664
1986 1282
2363 2582
4407 734
1944 487
2903 821
1720 1495
3681 2954
4192 1278
2500 3381
2882 2574
2449 1869
1031 2
1224 4399
1900 731
4768 4825
3776 46
4357 1223
1756 4707
4642 1143
1604 538
220 911
3157 62
722 3975
4294 824
1452 1278
123 2975
1168 1144
2780 3737
929 4172
1637 2731
1692 2603
4298 1670
3079 2119
1890 2785
3105 4196
2353 3669
214 1417
1263 1085
2352 3322
4680 3143
4861 3053
2214 2540
3855 910
4164 1697
3281 3313
4758 3394
4112 4485
3243 1355
4840 407
915 678
83 4304
737 845
4415 878
1465 1675
595 1828
4424 4172
1745 3285
2557 3436
4019 4217
1150 2640
4482 1858
2223 4622
3379 958
2439 308
2000 3050
1875 46
4736 2865
3482 2917
1893 2618
3482 4164
4269 4520
4558 4974
870 205
3558 4460
3719 3979
4372 996
762 612
2248 1562
390 3440
215 626
4910 1809
3214 1797
985 3058
3095 2955
4304 2499
1355 1878
369 3094
3554 4248
1079 2541
2762 572
4815 44
518 4996
1154 679
1412 1779
208 2697
3291 1935
1789 95
4618 4422
2213 3192
4119 2068
3704 3790
1050 682
1251 1616
993 3872
4220 665
2649 23
995 805
673 1698
3879 526
2710 2423
4077 4877
651 2878
888 4956
1332 2805
2222 4115
188 3127
4524 1287
2528 1459
4151 4663
4108 1330
4175 4875
2103 4547
869 538
1531 1291
4097 1628
2746 3716
1201 3441
3146 2626
1363 50
648 1784
2441 974
3600 4548
1685 471
3559 2105
391 4222
4197 1263
2877 3395
4158 3614
4103 4235
3819 4441
3682 2030
4995 913
2028 2947
4690 193
3549 2950
3247 4453
4680 2435
843 842
1965 1655
4161 1686
3222 4566
3303 2203
4825 1688
695 3371
4007 3216
1267 854
881 2384
859 3031
1424 2410
2898 1039
2423 2557
4499 4859
340 2951
4267 2388
3641 4897
743 1520
4398 1833
2622 1607
1047 1223
1547 3824
3317 4217
281 107
3283 4476
507 3393
1368 1095
3264 2831
8 1032
2678 2290
4384 261
1946 4689
1020 2976
2074 4656
1366 1601
3569 4059
4465 91
2083 2053
2550 4003
1089 536
387 1260
3817 4751
2582 3116
2244 1892
3755 361
3697 4226
102 2900
610 1846
3873 2173
2840 4469
1043 40
4129 4757
1991 2414
4193 1987
1128 4065
3860 1460
2451 3803
4181 4841
3741 1399
2303 1879
4091 616
2385 2202
1999 4251
2660 4906
1686 2466
1959 2414
3014 1000
3541 4859
849 4359
360 1771
4679 2360
1099 4413
2773 350
4070 2964
3302 2196
638 4700
2822 2531
3673 3483
2477 1755
1652 3368
4300 3805
4905 3352
1777 2894
94 1094
3541 719
4663 1061
4034 4105
3227 1267
542 4093
2553 3468
3525 3278
1861 4536
765 853
4925 149
4121 3445
4758 1628
1667 1959
2929 3505
1207 3271
1580 1379
4534 3701
2441 4634
3228 132
2439 3221
526 4720
454 1277
2829 2520
449 4396
451 2078
3764 4288
1702 958
1598 3062
848 4214
2453 1168
245 4464
666 3472
3341 1045
4530 737
2850 1744
1688 3251
706 1894
4154 2977
1245 1459
2022 2059
2189 4463
3676 995
4522 4623
4556 3455
4552 2812
3569 2957
30 1508
1159 1224
4039 3799
4638 1901
3676 1503
1520 4848
3885 2797
4495 631
4816 265
1271 2114
3782 291
2054 3479
2544 3514
3016 1436
4690 2239
9 3564
1739 2797
1704 2457
2674 1399
306 951
4771 2767
2974 2618
3636 2966
1092 4701
4543 2692
4826 1312
376 1531
1572 676
3974 3936
836 3888
2196 1600
1990 3156
4031 507
2400 784
3564 4068
4837 1070
4146 1771
1313 340
1150 1862
3125 3296
525 4270
272 1955
3472 2595
4908 2495
3278 960
3920 3866
4662 3420
3968 3912
4416 1533
4516 4660
1122 3002
2822 4969
2852 1257
2927 3170
1317 587
3475 3485
1852 74
1014 3244
1804 2297
4023 3191
1456 2972
1302 2483
1930 3192
1553 1877
4649 2744
1493 2823
1745 145
1178 1401
1968 1799
3393 436
4787 3516
2226 1541
957 4587
332 2642
242 274
4539 4223
895 3838
2982 3377
4906 194
931 898
3406 1194
3284 502
3161 2641
2805 2806
3854 3108
3825 1696
4458 134
701 1215
3084 2412
3574 3052
4706 887
3999 4300
268 639
1244 564
466 2697
185 3587
1824 482
3257 1195
397 2359
1594 3284
3601 4947
3198 4309
3333 3178
103 399
4112 3875
4737 3323
2309 562
4163 1386
1878 3727
2913 887
2024 1257
3052 4153
2451 3906
2846 3682
4029 3181
1881 4739
3854 587
2701 1292
4673 4131
3724 4513
3491 99
1747 3260
4014 3230
2001 3571
297 590
4504 1819
3417 4563
2208 3757
1923 1899
3906 2943
4514 4938
3673 1549
112 635
4972 2655
2143 2605
4412 3693
1890 2062
3656 4432
1287 4375
2385 4964
2392 2857
940 4149
4946 512
3447 2032
2607 3544
4696 381
1469 3251
787 2800
1958 3039
646 4404
2575 3110
4877 1096
3442 4626
2586 3526
528 3376
472 1373
2041 1106
3093 4289
4989 1664
2467 4821
557 240
3688 1266
3832 1015
2736 2323
4411 3105
1900 1070
817 871
786 1935
4493 4996
4701 3264
1075 2693
3508 1063
4077 7
333 370
2578 1855
1758 3794
4127 2347
384 123
4599 3877
3362 1139
724 130
445 436
2248 3296
3840 4658
1991 2290
2547 1529
4015 1288
473 1825
952 1293
787 3978
3587 4524
3084 557
2936 2554
1286 4148
1876 4938
2000 1984
600 3416
2868 3251
2668 4400
95 2371
3654 3247
1327 1360
3519 2282
603 2615
3807 1341
4868 1020
572 4670
598 2331
2313 4693
4772 4946
1896 1280
3931 2508
1072 2877
3379 933
1343 1531
2255 2502
975 829
2026 1566
1607 672
4094 1152
1813 2171
4101 3846
2763 3519
2178 2165
2979 1965
4825 2426
3878 2905
1673 1899
836 4300
596 1638
4895 2292
923 223
2730 3229
3312 2924
1813 2009
1634 4690
2825 3266
973 1113
832 19
2018 4853
843 3369
1140 3231
3876 1124
2098 1703
2767 1092
1198 1655
895 2603
555 4362
1880 4872
1556 2936
3699 4061
3997 1791
3145 1449
4767 3418
4582 1726
4292 2000
3521 4901
3425 4337
4176 57
1962 605
2222 2760
1894 3822
883 3592
2734 491
3540 4077
827 2433
3168 1269
1958 3723
920 2159
2425 3271
4940 4517
2422 2628
59 1412
2261 107
2390 2027
1591 1254
3476 143
3492 2708
3080 1615
957 3761
1125 575
3567 4568
4143 4055
2483 4838
576 111
1447 3361
1548 2157
2943 1413
13 3994
814 2982
3459 2034
4932 1049
3486 3877
3875 1649
4607 1536
2640 2828
4656 1542
4567 3967
3307 2846
4584 3681
1842 507
19 2395
4610 692
2913 3919
2975 1371
4392 3091
2016 4706
1381 573
2999 2590
3798 4962
1430 4729
1363 2052
1510 2366
1941 4553
4201 1264
4670 3056
2376 3228
4813 83
468 3269
1314 3749
2334 3320
3003 701
828 3871
2808 4784
3364 2545
4273 4222
3075 2174
739 4107
2428 2485
2564 59
165 271
716 2224
3352 2795
2943 1109
2596 1684
2944 514
4722 30
1221 3844
4221 3431
646 2642
1092 3177
4847 4631
38 102
3232 975
597 4693
2621 2238
3671 4983
1439 2001
4887 515
444 3425
780 3006
2498 3916
2256 1972
2604 1533
385 2236
536 587
695 2808
4145 2961
4546 4563
1632 3503
1680 4388
3143 4908
4545 1488
1899 2595
2645 72
2056 3092
1220 1136
517 2638
1728 4171
3333 3200
2124 1904
3168 4828
4148 1453
1772 1858
1779 4562
762 1594
4768 4910
2184 2356
1277 4438
2096 1120
148 2579
3761 4375
4614 2491
3809 253
1251 4154
4889 3075
4031 1247
3117 214
177 1650
2921 3872
4278 3331
526 4496
806 2374
2020 661
3247 2563
1949 1705
4121 3283
1482 2291
142 3335
4571 870
4553 3543
158 2391
3663 682
1590 4455
76 1003
3540 627
1758 4243
3597 3626
2766 4040
1338 3474
2366 4602
3530 4842
777 4079
1640 1793
3286 273
3514 901
4436 4582
501 3430
3856 1550
4931 1434
423 131
16 4779
3301 3273
1246 2496
4394 2065
1077 576
2940 3383
3052 2892
4585 4611
1765 946
1934 2925
4669 4844
3046 194
3950 655
188 769
279 865
3074 3761
2702 3901
3375 1804
2093 3649
1553 124
4278 923
2797 1753
3719 2715
1672 2880
2358 2607
3761 3392
4887 2091
4186 2571
3113 4574
2800 4981
2571 1391
2405 993
1943 3352
1488 4274
4270 4534
463 4824
4753 2758
4544 3566
3730 837
3480 4571
1844 724
2318 859
3443 3416
772 3051
4705 1154
2393 382
3238 3208
2793 4532
1923 246
4945 809
2828 4666
1240 4230
1624 2736
4272 733
1747 1326
1089 3919
2612 1600
60 1730
2446 2895
4911 4135
1156 3545
4083 2314
1259 3500
2440 2650
4513 3649
4601 2377
1414 3876
2273 4035
1947 2907
209 220
2333 1342
4592 3273
197 2342
1472 3632
4527 455
4334 3432
2285 800
2081 3586
4150 3220
3471 3533
223 4008
3583 4157
1971 2620
4017 1414
425 1000
2998 2298
689 2261
1575 3219
673 2760
2093 4209
2380 958
682 634
964 4511
4054 4074
537 2678
2760 623
1330 618
2658 2896
45 1388
4554 3044
2046 3125
1000 4608
2259 2673
828 771
3667 3353
4193 3401
2086 1462
3544 4556
705 4349
4466 1288
1863 4808
3000 2642
3657 4271
1308 3848
1967 3787
3912 3795
534 3634
3219 77
4434 4658
377 424
64 1603
1773 2730
1775 4374
4056 115
225 3062
3642 1569
1750 1174
655 4546
448 1752
686 2758
4244 3005
3277 2236
4070 450
4261 2612
4366 4097
3564 2315
4513 4136
2344 3195
1632 535
2702 3839
2144 1012
1148 1436
4857 4998
614 544
1936 23
3107 1150
2983 4338
3135 2651
3837 4684
2962 467
2999 143
2124 1086
2545 173
673 4907
888 2197
1586 3489
3852 3560
46 1802
4963 2348
330 4324
3716 2387
1773 1549
1995 299
852 3583
4186 4054
3842 4501
4100 4720
4017 2463
2338 4234
4650 535
1513 2533
3570 981
1670 2331
1040 4263
707 4517
1326 3723
1710 3185
1164 2036
2073 3344
4331 1003
3771 501
3201 922
1896 4395
2819 2785
3434 4147
2981 493
1771 4246
999 2105
4411 102
3867 1101
2591 3894
2302 3849
767 2693
2491 3819
2381 3656
4865 3140
3651 4976
2200 2838
2216 3697
285 2639
1186 2011
3451 4419
4481 20
3420 1254
2820 1245
3131 3616
2618 377
43 3441
4198 1959
4896 1141
3767 3664
298 4453
3325 1215
891 1516
2985 3689
2544 4887
2673 245
1097 2251
3200 4063
4910 2004
2669 1003
3882 1599
582 3012
4124 4511
3221 1102
1534 271
46 3664
4758 2491
4492 3975
2755 222
2417 3266
2193 3222
1542 2861
3456 3358
4265 1048
794 3270
4683 3404
2272 1788
1486 3147
3344 1702
1068 3137
1283 3094
3561 4277
158 628
1757 3743
4824 1327
2917 3449
2433 2419
1306 3499
182 3485
4641 4096
3873 4939
4856 84
194 2343
3857 2373
3505 1384
3678 2991
4664 1287
3398 11
2531 1399
3591 1958
1980 3100
3189 2359
2207 112
824 2223
4549 2387
299 2656
4635 1895
796 1321
125 2592
815 3133
1695 756
19 4074
4542 2951
1945 3817
4770 4678
3463 1670
1052 3863
2144 4401
3016 1598
1353 816
3205 1883
4211 1933
4511 3582
2424 2293
339 4587
69 4776
3250 372
4300 2292
4265 2350
1761 1581
2868 1585
1530 2985
4186 1791
4917 1700
1764 3564
4542 2623
4947 4323
363 4372
1103 4807
4739 1648
4448 3050
4685 2804
1968 395
1969 275
360 4877
4390 4712
3144 1484
4605 222
1514 1286
176 2908
1347 4296
1963 87
313 2592
3808 2629
2349 2685
3142 3448
2467 4144
4166 44
3342 1065
1288 4794
3410 2401
4689 3620
1322 683
2894 944
1767 609
3745 1402
4094 884
3044 2820
893 2976
3439 1697
176 342
1884 2113
1189 1600
219 424
4645 3414
1926 2223
1236 142
2683 1085
3367 974
2318 554
4929 2595
4674 946
4866 3263
3215 4852
1085 948
2509 1327
1257 2262
3398 3658
240 2811
3311 328
2906 1892
122 177
2789 4384
413 846
1541 481
2276 4981
1440 3912
4468 1019
1085 464
440 9
351 1483
2939 1335
1637 3583
198 4519
1519 3513
2523 2831
4061 2623
3522 1354
150 3058
2454 3623
4076 209
4784 3215
4846 462
1490 19
1776 2898
801 1442
4810 4991
1311 4861
1733 230
3998 3700
4119 3517
1760 1453
3755 246
1534 299
1590 2692
3750 4162
3980 1085
1033 882
2859 2290
408 928
2179 4965
161 3615
2693 4835
187 4180
3605 3835
4989 2174
1928 566
4305 1440
2639 2400
4217 3833
3633 3221
509 4748
2294 3009
1145 2787
3997 3708
3936 762
851 1885
4401 4810
3459 1162
2565 274
104 1671
2018 4089
2788 487
453 2282
3302 3015
435 2236
3595 4517
3517 4606
2563 2839
3702 495
1528 4580
4851 3333
3043 1961
4021 1745
72 4283
259 1863
2225 977
3845 328
34 2874
2648 4957
426 1677
4975 257
2768 1824
2267 36
1734 4173
703 2197
171 1804
1819 2819
2909 1000
4351 4304
112 2070
3676 4314
2207 3870
1439 3669
2675 564
3991 4644
4059 353
1690 4955
1836 3790
2869 1211
1100 2560
1688 3099
3568 3906
462 3373
833 4271
49 2708
976 3739
3671 3745
1890 4975
2557 3012
174 1474
1865 1190
2583 2087
3607 262
1718 3491
995 4207
3166 3137
2247 1614
555 3656
975 1300
3618 4596
28 456
335 3549
1397 1605
2992 2260
419 3322
3192 4629
1763 4740
2258 1281
975 303
3535 1880
4427 484
616 4257
1655 534
3339 169
375 1870
1393 3587
4339 2723
3888 2842
4667 2469
2069 1875
807 3156
3251 3829
3408 2410
3129 708
3220 2399
1943 989
852 3201
4320 1650
4252 1219
3970 3691
4528 3457
3637 3684
4201 395
3213 1800
2586 3761
580 309
3716 312
4940 375
2810 4947
3497 697
4112 4940
1492 2297
2107 2363
1375 3369
4984 3643
2395 2188
1923 885
3556 2293
2901 76
3590 1360
1499 3261
1849 791
2686 2540
383 1490
3604 190
2624 4454
3438 1530
343 321
806 748
376 4576
2713 1654
3784 2318
1339 4186
107 3697
3679 701
4150 1944
2578 310
4907 997
1560 561
4290 1694
491 156
1588 2174
2569 2858
107 4314
806 3095
1040 1428
4665 3415
1565 465
2174 4321
4683 971
273 3817
918 1718
4391 2668
3329 461
4406 113
1021 842
4852 33
3566 4013
409 2406
3391 854
3395 521
3737 4814
611 605
2983 4587
826 4556
2062 989
1987 2188
831 2930
204 3968
2422 1275
1321 2952
416 3410
2244 443
2067 3291
2071 4340
4775 420
3902 3243
2745 480
2871 693
2405 4117
2008 4706
1258 697
2457 2063
4529 3789
3090 97
1980 2084
1518 1119
1017 1195
4706 3401
2121 1519
4854 987
87 369
946 4260
555 195
4555 2522
4229 3418
1033 4273
3569 12
597 2950
4416 2007
1099 4295
157 1075
4891 2936
2018 1534
3990 2351
3515 1043
3569 2324
2706 3982
3696 3259
2039 3637
4942 4832
1745 4940
2396 4416
3062 4917
3114 2978
3017 2522
4082 3479
3237 3934
2754 1352
1871 3168
1396 4254
2702 1549
4173 3429
3074 1364
2760 3923
3408 1408
1165 4733
955 3102
1840 463
917 134
3108 2453
3732 1839
4035 4741
2617 554
1012 4919
2196 1420
1307 4884
2553 4004
3892 2040
4597 310
1964 3256
109 1418
3696 583
880 2769
4580 3613
4008 1005
2854 4040
1488 4863
136 3083
2310 3230
1571 1311
62 261
4542 4115
488 3270
3619 4368
4814 3127
3915 4883
295 2921
2465 4632
196 4617
494 1566
1226 2183
2519 2268
2168 1116
1617 1057
1280 1489
3519 461
3125 2218
898 921
4074 3671
2720 414
1332 1124
3411 4801
3172 295
996 2856
3426 4565
308 2815
184 2501
2023 1447
1382 992
3243 2461
2398 4637
674 3789
1955 2428
3073 4937
3114 4182
3731 267
254 3373
1656 2698
3139 4655
2702 1194
1058 2492
3000 732
3311 2073
392 2124
2718 4916
685 4047
4841 2006
3179 3363
4644 2971
1551 2730
4111 1500
4973 1851
53 599
2905 443
4520 1712
2016 1469
717 459
3672 1950
2492 804
1642 990
1682 441
1765 4395
3513 37
1127 4658
4269 1724
2489 3778
4102 3153
4798 4018
274 4779
1641 4627
363 1229
3895 4005
2956 2990
4049 4583
3983 820
1174 4090
2554 28
1042 1700
3760 1121
713 1469
3595 1978
2114 3564
4753 2188
207 3017
598 3671
4130 4508
383 1587
4810 2573
2812 2268
4859 3148
644 3150
4054 2478
3893 2046
1646 1135
462 1295
1798 1773
2027 4431
3995 607
814 4823
3029 3346
1527 805
4281 1662
1830 1320
2396 2571
4296 1548
427 1512
3238 3484
4182 2640
2693 1011
1880 3150
3503 107
4348 2978
2384 2869
722 636
679 3050
3455 441
558 128
3791 307
1575 86
2292 4143
367 2939
4803 1388
1240 1714
973 856
4656 4265
4852 2868
3167 207
923 2246
4797 1430
1443 1439
2631 3582
1789 4940
2760 4349
2792 113
3684 1195
2785 3007
1366 3895
279 4095
4784 1353
1671 1452
1468 3127
1915 1017
4545 2801
1964 4070
3961 3143
35 3432
4299 2013
507 2705
961 2278
2535 4063
4118 839
2567 299
1102 1442
53 3630
1413 2697
3554 3686
85 341
3826 2530
3093 2529
4776 3862
3510 4666
2969 2746
2252 2117
424 1971
1092 1261
2650 203
3304 4690
4492 1413
2244 1656
202 3992
1334 476
877 1737
2114 1341
1129 1806
2756 1609
653 1667
1667 1504
3443 3162
657 1652
4568 3459
1414 610
3432 1021
2968 2338
2350 212
4781 3967
2761 908
360 164
421 4419
1419 4138
1992 4003
2771 1299
3927 202
81 1610
535 3499
3995 4146
4347 1113
4277 221
4987 4944
852 2364
1602 1752
1275 2530
3289 1116
3420 600
339 1653
4191 3942
1913 4683
2358 2658
3021 676
4309 349
170 536
2642 3088
762 2279
2101 710
786 1119
1799 573
2595 4196
1810 4564
3820 104
4383 2849
1054 1857
2950 4358
3757 3673
3404 2086
2544 700
2393 4653
2496 740
2324 4293
3634 3176
546 302
1829 3816
3123 1919
4913 83
3985 3078
1357 3011
2531 1856
3541 1729
1082 2941
3980 4908
915 4977
864 4679
4321 2820
4476 3905
4287 633
719 452
4916 818
3043 3143
806 3802
951 2811
2016 4419
860 797
4231 2296
3722 4268
2132 43
4179 3109
4715 4289
3839 4343
332 4555
2014 1918
3827 3232
1415 2507
4627 4288
4154 1742
1925 3082
3410 2393
3793 156
2427 2063
2340 111
3627 3778
1675 1795
3993 4583
2859 3031
3672 2318
1463 4597
3663 1426
3384 620
1155 2727
1868 1398
2215 1070
87 4362
2180 4933
409 901
2085 2439
979 2862
88 1732
405 4958
4368 3681
923 3632
3978 15
2549 4360
2472 1426
917 3403
921 1621
1681 400
782 2242
2281 211
3802 4844
4402 821
1052 4485
1680 4720
4485 720
3405 4708
1953 443
3373 3866
3206 2772
1556 3111
1354 14
4727 2037
3349 2565
681 1554
169 2066
4312 3104
1354 4963
4287 3424
3750 709
2184 1018
313 1244
539 1846
1272 4253
3314 3225
217 543
2824 554
1876 3755
2526 3165
489 4541
16 4667
1424 1280
2289 3065
562 1916
2785 2439
253 1934
3592 4006
4366 4937
2759 2315
4270 235
4311 453
2490 3707
1444 2995
4083 1981
2461 51
411 47
3991 118
3050 2182
2017 17
2527 1585
733 790
4548 3546
1007 294
1733 2201
4803 3068
1267 3968
3673 3394
4747 4818
2160 2733
1902 631
4929 1524
3487 4458
2758 3716
4025 4285
4678 1697
4724 1182
4194 2465
3805 4460
503 1429
3724 113
3911 3505
1968 3950
1524 3151
547 4721
809 2361
1708 3336
4927 807
1255 3457
1767 1612
1129 2691
3601 3550
2296 474
1157 3640
4228 2327
1297 1176
2599 3216
3942 1462
3685 1857
2334 4167
993 3233
81 3406
1457 1679
3028 1741
1345 3137
704 539
697 3760
803 3971
3780 4710
1024 2605
784 4352
4794 657
146 4351
4246 2913
1356 1033
3339 3364
1929 3118
4697 3071
191 1235
927 58
258 3500
4108 573
822 4988
3644 2751
1868 1460
850 3586
3468 524
3660 281
2822 4259
2853 3161
2189 1862
4069 3406
4371 450
2998 1405
503 1825
1545 223
2514 4040
2022 3121
3362 2277
509 889
4520 4858
2215 4611
1759 2982
3420 420
2600 2872
1481 2715
3866 65
3527 3244
3308 4794
3415 2621
1474 3723
3360 2861
1006 3003
3958 4947
4120 4238
3736 34
2049 3655
2517 998
3811 3482
1847 3032
4640 802
2986 610
1587 1468
4034 4732
2604 3707
458 251
4908 4208
3464 4497
4764 4186
307 4439
1887 2133
4674 4312
1007 4687
2638 2280
729 535
207 3416
2037 1595
664 380
1417 341
827 2674
677 4908
1875 3536
686 3162
190 4063
4957 4483
520 4038
2841 1269
4129 331
4330 348
365 4161
2301 753
2061 1900
3462 2697
2262 3574
1551 1439
3603 110
2554 2183
1976 2166
1454 3490
2577 4571
3123 1793
1620 1595
4808 4015
4879 1787
4955 1271
1715 1244
3878 103
4946 3737
544 111
1629 1406
2650 1591
3718 3137
4118 2936
3066 4259
3091 870
2752 3504
3960 2337
2730 3287
3158 4426
1559 1874
3294 2349
2742 2595
208 2320
2440 1697
2495 612
1229 3972
3616 2802
2880 4615
782 134
4337 3266
2874 3049
4455 2239
1910 1446
4309 817
3413 3249
715 4499
641 3540
3746 4538
72 2297
2188 2498
252 2104
2941 2972
4781 130
4335 3995
4923 4943
643 1226
351 2291
4323 2676
2016 2764
3480 2585
444 1684
997 2714
3281 407
1393 247
1165 4820
2847 2079
3749 1758
4401 1189
4781 3682
2050 2172
1222 1277
1871 2082
2505 840
4187 3833
4698 2403
3790 3513
3353 947
207 2369
1317 4244
38 3417
4625 696
4792 824
4856 4781
3204 952
2269 2201
196 1470
2878 1389
3230 1990
2687 4641
1253 3145
4603 379
4322 4732
553 3247
623 4867
3613 2260
1172 3508
1021 1675
99 4584
4717 3762
1195 3439
998 1434
3800 4757
1406 3590
2798 3339
4556 1160
2938 4216
2177 579
1830 3539
4040 3479
66 4882
2131 26
4830 1084
3408 448
3757 1640
1900 4075
2698 1047
385 75
2807 3853
565 2766
3406 3953
1902 714
3724 2145
3223 426
657 1575
4888 775
337 4160
3765 1047
2621 3126
3759 4732
509 3105
1755 2376
2868 2821
4281 3349
3423 1589
3969 3742
2988 1046
1453 3744
3463 1129
1263 1157
451 4815
2246 1222
1007 4707
4722 1144
3116 2041
2736 2689
148 842
3749 181
4470 2493
979 554
3525 3556
3011 3769
1661 2055
2038 3149
3873 3994
1691 2744
2283 1673
3294 2007
1082 2998
2695 4786
2778 2376
729 1723
814 4559
4857 3287
767 2859
67 3737
1572 2953
4281 3947
2355 4743
2462 4770
4675 4456
3479 3598
3192 2872
483 1404
1239 1824
2739 2270
3824 1355
4358 3881
4359 4961
3328 3672
293 1048
4558 1005
3549 4246
4129 3663
4598 3652
862 3793
3960 3275
2754 2727
3601 1906
3546 3288
4436 2701
4546 371
3639 63
1536 1973
754 4302
1046 2127
4554 4012
4887 425
985 1658
4832 3729
2994 4304
1681 3203
1955 4754
4112 1593
1118 4339
3393 3968
187 1378
4816 2008
4710 2350
4226 4039
4278 3223
3239 2336
721 2268
4719 4407
1617 966
3332 4466
3269 3563
1582 2546
3781 2055
3597 3653
1584 2472
2035 2562
3844 3395
1503 483
4533 4711
3272 1594
1655 2610
3457 1237
785 2067
66 326
4606 527
4063 3977
4413 714
1344 722
2900 608
766 4491
3987 1637
508 4148
3150 2383
3794 2908
1598 4586
4522 2426
2887 3388
4295 1905
4318 729
2493 1335
3036 1785
2368 2914
4268 771
430 3541
4943 3561
2224 2502
441 208
1643 1604
1236 1398
396 275
1828 3803
4488 1907
3294 536
1718 2293
818 3905
4157 646
4506 308
1302 1805
3197 307
920 913
4436 866
2306 3445
1897 1571
1431 3691
3080 3444
2826 2753
273 439
1259 4533
1752 3063
1800 2235
4090 2982
2201 2742
2019 2426
1514 4346
4916 4780
1614 991
344 1746
1213 3915
3359 1329
265 478
4907 526
331 4661
2936 351
2285 4918
2245 1514
2322 3107
3450 4154
2825 4578
2597 3953
1476 2287
3425 1307
2759 2342
3326 3702
4252 3988
2654 4639
4519 4351
4912 3727
4652 3612
2964 1361
2503 1975
1918 1906
361 1932
3523 3414
1048 4988
3198 1411
3693 4581
3299 1246
1976 3908
4773 4340
4790 3378
1629 4386
3560 1085
1602 1900
413 4601
2509 2708
4594 4565
3058 3883
3902 2232
2116 2314
2196 1463
2763 103
2956 4865
3861 3605
3123 1373
3144 3318
2133 1559
2526 3490
4523 3049
232 1812
1660 4129
1994 3259
323 1085
4992 4073
737 1981
2361 872
3024 2674
1383 1314
3190 3257
4217 4158
941 1677
555 4190
1059 2637
4521 181
2574 3730
607 1552
2622 392
1952 3064
3975 4932
4183 46
654 2901
865 4967
3569 122
4997 4059
4935 2356
3931 4055
1669 4325
3660 334
2264 1723
4770 4555
2055 4935
371 4558
896 524
126 1879
2680 1358
681 1968
1791 3788
189 2530
2655 3669
1192 1348
1632 3964
2410 2344
4388 2887
3502 1290
2164 3
4179 3024
2926 4740
3454 1236
327 3789
4619 4355
2137 1644
2442 1647
1081 3821
2959 587
2998 1576
1450 474
4038 2907
2164 1733
4468 3150
560 690
2494 774
4115 1416
4302 4726
3898 1205
1034 4478
2056 2874
4460 2555
3349 2811
2639 1632
4661 1790
2010 293
2623 1472
122 4665
4892 2309
1765 3562
2805 4224
337 4065
4349 3776
1523 878
795 3015
1716 2951
4602 3557
1689 2152
4553 2970
310 1300
3378 2998
2493 51
3329 1617
1629 1280
3833 3436
1970 4112
595 4290
2687 3309
1398 2568
2870 4267
2683 3336
1228 4604
1438 376
303 2673
3924 2458
4122 1909
3437 1889
1164 4142
3611 2587
1351 2266
2223 4948
3784 726
794 4865
3216 648
4193 4795
550 2431
1032 3615
4665 7
1861 2097
1778 3526
2873 833
2062 3605
1020 891
825 387
1894 48
60 851
1509 30
1822 1036
2601 2587
1297 745
711 3514
2209 823
618 3335
3663 3540
1337 1458
462 4135
2809 3328
3595 4193
1200 155
4383 984
4657 4236
1223 252
3595 806
852 4141
1717 3065
350 3297
3886 4453
2819 1515
3898 2761
4003 3740
770 2777
1490 1064
991 1982
3217 4755
1868 4154
632 1627
853 1512
4178 4634
1172 3933
3100 4808
524 2353
894 2047
9 3908
3690 58
266 3060
1453 3551
1434 3910
1492 1230
415 3110
1838 4927
656 3589
4132 2099
4109 4845
2607 1020
4608 81
2946 4012
1520 3930
4959 3491
708 2431
2120 2192
789 339
1627 1815
3670 2100
4157 3187
779 357
4970 4141
1371 377
1266 113
2495 4474
3341 3292
3024 1024
4807 3774
3083 3598
3312 1997
872 2703
166 4974
4629 3161
1809 4659
4599 3850
97 3564
3841 859
3821 1807
2468 3889
4981 3901
1848 1284
1829 3374
2934 4206
4263 1296
1790 3600
265 4351
4048 4756
1491 1387
167 4789
2153 3105
42 2567
935 2617
924 610
2615 1070
1149 385
428 401
930 2988
250 1223
4007 4296
1169 4529
3549 4304
1129 1019
4143 4249
2230 145
1647 2784
1569 2820
1911 1698
3765 542
4510 1041
915 2137
1267 3308
507 4875
2294 1245
2743 2433
3322 4368
4919 3122
4041 3451
3637 506
2936 3730
2983 4588
163 4407
1984 4942
4274 3644
1390 4750
1113 553
3114 1532
3458 922
2857 3015
3409 2578
2944 3766
2709 207
538 4789
3031 4433
2757 1996
2608 3683
2234 3299
1657 3993
2862 1549
1723 2125
3804 4462
524 3947
1969 3163
2839 1997
4222 2279
1336 2728
2673 3721
3198 4195
3205 454
2232 795
3503 831
3176 2430
1445 3258
2616 1762
4114 617
749 1033
3595 1714
1314 3621
2279 3581
4503 242
1896 985
3258 4143
3643 174
3907 4269
3312 1502
2094 4173
2336 4432
1291 2113
4600 3650
1219 1075
2362 3690
713 4530
877 4585
882 4395
4611 1115
2043 4950
392 3023
1498 3311
3517 1883
4565 3311
183 1136
581 4144
2644 579
3211 3842
1395 4017
3373 4410
4501 2083
3112 1065
3437 3538
4830 3088
3087 2610
3492 3574
4917 2470
3396 3935
3223 4568
2111 1951
3121 4402
3477 3220
412 4068
1646 4164
3619 1770
1106 14
1363 3300
2095 1226
3660 229
944 1813
2141 2989
2658 2691
1108 4328
4074 4737
3660 4426
2048 4
2009 3209
1429 1555
2972 3512
4859 2170
367 1334
231 2255
125 3101
1325 2448
1895 3332
4819 3511
1266 2869
158 679
4171 3859
744 2341
3739 1245
4202 2149
4838 905
764 4273
1692 1118
578 575
1072 1566
4317 2316
1221 3924
3308 4964
203 1435
1684 4403
1521 259
488 2650
2603 3053
3760 1323
1845 2575
3760 133
3047 3937
4288 980
3126 3547
4208 4867
163 2433
1655 3543
2241 81
4104 4340
2018 3607
2522 2623
202 4181
4889 3744
4971 3699
3029 1912
478 556
1632 1627
1531 129
4216 4477
1268 4569
1597 2792
3958 251
1609 3081
2894 1894
4342 1235
93 1003
1320 4925
4304 2137
1780 3058
556 4924
1201 2600
2328 3133
1906 2415
3789 1871
1179 4473
594 553
4783 2706
222 1331
3953 794
2954 1533
2090 4630
2783 2431
4119 1252
1148 2859
3434 845
4181 2935
956 1065
3356 4918
669 32
3565 635
4337 1556
1174 4176
2998 73
3170 2305
634 770
850 3871
2324 4986
3350 781
3903 2025
1628 3933
4572 3371
3877 3053
865 3154
1933 1734
4747 3802
2797 1031
2818 2115
784 3674
3169 2656
2951 713
1880 1234
1653 2486
4050 3576
672 3885
1265 126
124 1622
1253 2515
315 4998
1986 3811
4097 637
1032 4315
1239 1165
1430 2007
4823 4265
855 1486
2277 4858
4852 1865
3042 25
2214 845
3659 3480
1171 4599
449 2182
4004 257
2383 1264
1202 843
4964 2122
2726 914
4327 4768
3661 4909
2599 1146
4683 1980
1404 303
3641 4852
4760 2486
989 1252
2572 3689
2525 1456
3298 4890
4529 1829
4447 4934
566 3138
3647 2237
2867 1510
4263 3233
3937 3675
4824 324
2296 3545
2507 4430
285 3438
1901 1662
142 1858
3107 4356
2062 2152
4132 3115
204 4156
2139 1020
2881 3990
1110 1080
1037 771
3095 130
1596 1333
4877 3390
109 3369
3355 2632
675 2171
1532 1304
1932 4898
4255 4381
4493 4727
625 2045
1195 2658
3320 4933
2384 3005
1781 3784
4691 3800
2553 1421
4107 1880
3452 2893
1786 1863
350 3673
1559 4888
4965 1783
4907 4550
2254 2198
1598 4283
3809 661
2560 1014
84 2007
1447 2594
4739 2710
3986 4728
2260 4351
4730 310
3026 1051
4535 1750
3490 2241
2973 1750
4792 280
3040 2345
2269 559
2210 2574
3313 3438
2209 4418
3691 1479
3048 1091
3448 2984
704 1007
4478 419
4832 1838
384 1329
550 1241
977 2243
4463 4199
2897 2777
1969 652
4785 3065
1316 2338
4035 4122
1687 4161
3173 2754
192 1314
3958 1908
1418 3358
1604 1353
3067 1688
1287 492
2482 465
1793 3461
1663 4055
1231 1732
2968 1910
3283 2122
3233 830
2966 3296
795 835
840 194
3390 1024
515 1953
4165 1939
1396 3050
2070 4937
3148 164
2265 1307
1263 3944
1762 1602
3739 1055
1532 4972
2822 1541
4618 3108
271 4482
3042 4329
2357 3126
818 2500
3729 1535
283 4176
403 2949
1748 3367
3533 4732
3729 3446
4824 3693
3143 650
2743 2177
4340 3269
1276 1351
1276 1804
3316 78
1146 2549
2881 1176
3912 3543
4126 2004
3485 4714
29 85
2886 1280
617 3031
1697 4498
4617 1693
704 4843
4036 1561
2846 2085
1395 2272
1374 4306
1063 4872
4666 2031
1668 999
4781 194
2293 2048
3 2262
4222 3957
4146 3928
2866 2533
1641 4880
2463 109
4411 808
1295 2436
1991 4598
2043 867
705 1972
2397 2875
401 2596
3747 2479
292 3390
4195 2828
3407 451
2097 4416
2718 3106
847 2079
3538 1105
4469 3684
1262 2144
2362 4241
3233 4448
1743 1669
2330 4550
1157 584
2293 3449
4023 1573
1765 2591
1928 4161
834 4800
237 1266
2326 3261
3002 3469
3995 3689
3939 3451
4315 1987
4153 3543
3030 3252
3218 3116
754 610
2122 4848
1673 2696
772 2161
4502 3365
3138 4929
2702 1094
1192 2473
605 1367
4837 1519
1596 1966
1524 1459
3305 1087
4821 651
3877 1794
589 4053
3730 1153
1006 4971
4088 3497
3555 3768
4312 4231
4385 4250
3879 4443
1149 4799
3064 3365
4555 4893
863 2262
4307 2850
16 3701
320 1311
2251 2158
1003 789
670 4068
1028 1442
717 3105
1552 1445
2990 1439
3457 1580
3501 4355
4390 3307
2047 3214
3554 2014
2777 3545
1918 4598
3709 1484
612 876
3838 3839
4525 3922
2826 1409
1766 4282
1318 1893
2150 4462
3134 571
3927 1363
4753 2856
2773 283
4293 358
4693 3073
3545 229
329 4835
2908 2697
2527 4346
4117 131
522 4341
4109 2578
879 1705
2 2414
725 19
1084 2418
4449 1955
2119 928
4064 2272
2426 2990
1774 4595
3388 4937
39 1074
4451 4562
358 3490
1676 4772
1923 2681
3772 1918
3867 3803
4049 3337
3592 3670
4211 1169
437 1154
2988 1625
2421 4
4253 2594
4581 1498
4887 2874
1295 1225
2122 4023
3364 1461
518 4337
2103 1389
2447 942
3044 1856
2591 3772
4518 4552
3812 2418
1337 2758
1994 851
3924 458
3811 4860
4823 26
3309 2344
4523 2424
4089 3747
2317 1621
3873 4404
3977 2855
1700 2429
2837 2739
3163 4474
213 1871
2210 4511
3179 191
3825 1437
2605 3983
3576 4069
782 4121
3816 3455
836 1072
4163 4936
4083 143
4044 1471
1998 2042
116 65
4947 3364
2453 2259
4262 2340
4174 3356
2534 1031
3145 4661
559 4190
1308 520
2025 1200
3185 2480
1280 1853
1749 819
1804 2030
4853 2688
4617 310
3316 1376
1419 4064
3413 1513
3469 3463
1459 4793
2179 2566
4586 602
2112 1476
4000 4958
3669 3916
4690 3774
4793 2967
4874 229
2316 4289
552 1442
4735 3282
3821 67
406 2038
2415 1538
58 2262
491 3817
1203 1422
3740 3528
141 1030
2012 3695
3272 4392
2968 1121
1641 3928
2936 2965
3371 4851
4006 174
599 3050
2217 1155
1579 4342
2697 2071
599 2604
2331 1213
3907 2085
586 4197
3535 2388
3775 883
3174 638
4990 2972
1856 3146
935 4406
1642 4246
3149 3082
888 4671
590 1675
3047 2901
4638 4788
2157 2575
2351 1248
4167 781
1532 2819
3154 3982
2713 558
4052 1587
224 670
4964 3617
3131 29
4477 1499
3759 1723
2247 1429
4167 3680
3434 2097
135 4481
3250 3278
3159 904
2207 59
1264 698
1709 510
3486 2244
3274 4925
899 1776
3800 22
256 3234
1525 3480
2171 4962
2495 2677
3486 1708
1849 1872
114 4879
2284 813
3687 230
3321 1497
1804 3800
3784 3881
2924 1073
4833 3741
3673 1360
2146 2569
1044 2466
749 3865
2336 3025
1255 2405
1317 4917
3228 2656
4339 4576
1929 4166
1470 4518
4173 171
30 1132
97 2755
95 3016
683 959
2674 688
2675 1913
3479 655
379 1227
4932 319
4107 3929
1196 2851
2791 4864
1293 3107
2860 1498
164 335
518 2524
2974 2423
850 1105
809 3415
1231 3371
878 4858
412 2881
1301 2597
4819 3372
1805 4446
2599 1270
4833 2539
4451 347
3128 2164
4749 2967
4817 2204
3869 1556
4408 3259
3245 293
2453 1352
4862 2219
3982 65
2683 3562
2306 4495
118 700
1313 1664
324 2175
2905 693
4169 4058
1304 1544
3029 2671
2278 1565
2990 1971
1945 4946
2105 3283
2202 4482
2316 2309
318 3729
1920 4805
1650 4617
1029 1787
405 1286
3008 3742
4394 3458
584 3385
1797 1188
2873 1662
3552 1839
2002 738
437 2038
1862 2620
3380 2655
314 566
973 901
3118 4038
4656 4508
1903 1451
413 2113
1995 3675
766 37
3144 4519
1830 4847
1275 951
4011 927
2149 4145
2470 352
4440 2809
2948 3063
31 2425
4151 1825
2672 3763
3258 3181
460 4566
3901 2160
29 2320
3795 1470
1880 2644
2489 2110
1159 3535
1508 1800
4338 2533
662 1298
1346 2339
3263 1304
1587 576
3290 813
2284 2492
3754 1692
1338 2137
2406 3698
279 4176
403 2707
4586 3947
4476 2928
4910 2404
4770 4429
1371 900
4837 1210
2573 32
1065 3354
639 2571
2633 320
4372 3084
32 4085
3282 3565
4018 4173
2784 890
4397 1999
3829 4674
2313 2102
2850 1849
3801 4943
705 4510
3 2459
1366 4693
2531 1219
2620 3275
4167 3794
4696 1966
2914 1782
1071 3581
785 4140
235 3855
4634 2701
1935 2577
674 1127
2473 1376
3199 3933
4828 2769
1087 680
2310 166
1792 498
470 1252
2208 3920
4291 314
684 252
3791 2978
3079 705
721 2954
1386 4103
1305 376
1684 2947
1870 869
3909 551
4679 71
4088 3470
4632 344
1362 1941
700 1831
2531 3246
3467 3120
4766 2156
581 1733
1040 1956
3696 4681
1015 2620
3144 4246
3776 121
2739 4091
260 4091
2470 1763
3950 2924
735 539
4076 1393
2906 977
2082 1122
250 627
2024 4805
2562 2170
4646 4708
1787 3322
223 3549
3284 2841
1876 3737
145 2940
1469 3336
660 3320
4 499
1588 1017
671 613
4137 1450
1201 3363
3712 1347
390 3527
1605 2437
3293 4957
862 1838
3798 1051
1471 3155
3307 642
3172 2490
1466 1950
1920 2533
4348 4603
3444 776
3234 3259
2043 1472
2533 484
4976 235
2742 183
2871 2565
2400 4320
1459 819
84 2485
3868 285
2922 4688
4420 2062
2883 2590
2772 1095
3467 2145
4748 4542
4423 1898
1438 1278
1958 44
1778 757
1259 3116
4844 3170
3892 58
2693 4395
804 3525
621 2478
1109 4253
3867 2022
4990 4694
1236 2346
2000 4398
3040 3464
1958 3567
3926 1293
458 3248
1249 4593
803 3016
4945 3234
1952 4363
362 1845
1643 4218
284 2190
3699 4534
3195 1989
3232 3747
59 540
4232 3631
339 1781
906 1925
30 399
4332 2433
4468 53
4181 2006
1894 1002
897 2148
4112 316
1548 2234
41 1629
2046 202
1025 489
445 4623
3520 424
4511 3231
2666 2345
2179 2831
3235 2031
3732 439
2197 3546
2016 4214
2695 4620
192 2638
2977 3024
1875 24
3229 1974
4341 2463
2484 4892
3711 2871
2641 3628
3102 2128
1142 2376
1247 3075
2223 2192
3009 4542
2868 4599
4696 3154
3641 817
2297 1631
2569 3778
1164 141
3292 87
2759 397
1152 717
846 702
4389 3065
2482 3005
3200 739
2662 3025
555 2994
1673 4153
4472 4500
4669 1298
4719 3352
293 2000
3438 4063
280 2950
2600 4576
3912 3050
1460 3048
2914 312
2309 1308
722 2078
4896 3486
3097 4124
1265 4335
4255 156
2141 2269
4321 2860
2247 3802
4836 868
4833 4804
2417 2402
4276 1674
905 612
137 1855
710 3163
17 974
252 57
85 2930
2161 750
280 3497
1029 1417
1717 2388
3604 3472
1347 1068
1963 2193
4581 3812
2701 2849
3349 1718
3973 1489
3605 2164
1977 467
1209 646
1664 2386
1114 1206
3671 707
444 4623
3561 3422
746 4436
1089 393
1469 2574
3104 2878
332 1194
3323 2760
3281 3950
3324 1722
4387 1134
1804 1719
4934 4371
3034 3768
4938 4331
2386 3993
368 260
2337 4183
4530 1765
591 1173
1607 653
688 2
1648 23
4480 1580
644 4826
4725 3657
1207 718
281 2811
2223 3655
4243 2614
2759 2405
3769 4002
832 2430
3692 1565
297 1478
2976 156
4096 790
1115 3195
672 2100
3824 3006
3412 449
3286 719
3833 4972
699 1011
271 3644
4920 526
2960 640
4523 4865
299 596
1650 201
2516 828
937 4881
2535 4075
1851 1954
2376 742
2298 2928
3266 337
2235 1725
2756 2653
2439 2057
168 3667
448 4875
4090 1758
2401 3785
1363 1718
4690 2719
2617 1890
3689 1689
2755 4635
574 4792
4943 1243
1800 888
4436 1951
1168 1666
1355 3069
4481 1619
939 4673
3048 3879
333 2451
122 4487
1742 4884
2309 3548
2433 2624
503 4614
4984 4234
1052 4159
2510 2803
1594 4662
2841 1299
3617 1595
1215 304
4623 1756
4382 4912
4745 1425
4723 3171
2479 2418
3637 1255
4275 2814
1011 245
4309 526
2546 705
3186 1868
3258 321
1652 3747
3297 3033
4153 4005
3382 3377
4345 1772
4810 1173
657 4419
3876 1657
4203 987
764 717
3281 2170
3186 3582
1079 952
4480 3208
2592 2785
3035 4858
4361 923
1398 23
4854 4365
2785 3917
3372 1766
331 4502
4669 1761
4655 3155
2667 178
1475 871
2944 2229
353 1040
694 4944
4203 579
1804 2022
4144 2658
3096 4056
2583 1440
1081 942
2333 3747
611 2599
189 2916
2440 2278
1843 1268
52 2476
579 2070
4690 1583
4882 4719
3340 1708
4217 844
564 4331
826 2469
3553 2057
2135 545
4169 2290
2209 3306
3375 1946
1176 1204
1905 1767
53 4950
137 1589
123 3602
3696 4744
444 2998
4698 4892
1712 1345
2368 2737
1290 3310
4439 1050
3998 3646
2605 2814
4123 4511
2211 2737
1152 3607
28 2117
2554 4750
3674 2011
2372 4166
2567 2913
1214 3525
199 3052
2750 4424
2912 2311
4946 3940
4671 1974
68 1849
4583 3295
547 3439
4510 4213
300 4685
4971 2975
4625 3838
3907 2379
2376 4266
2667 605
6 2431
3539 2350
554 755
4462 3669
4036 1761
224 3394
115 3691
2037 1555
2564 3654
459 4319
3455 2670
2959 2944
4208 2621
2509 2000
645 2488
4569 4711
2536 4596
3199 2939
4996 3030
2882 483
3085 3410
553 3076
1473 1116
4395 3982
4777 883
3649 414
4259 2683
1060 2176
4587 4231
4600 2342
358 3018
841 2326
3152 1334
77 2994
46 4256
2696 1372
4493 1630
2988 3210
4249 3881
4503 4850
4823 4388
3482 1207
4524 570
830 2836
4621 3375
4836 3898
3624 4828
1367 4827
2457 2728
1732 2210
1474 2843
1217 3806
3032 4470
4632 1928
4564 4984
4099 333
4101 556
4506 1948
2744 4911
939 1248
995 1823
180 4297
3853 4861
1187 1075
1424 3608
4477 3055
2647 3129
2352 2566
2063 1849
4521 2184
1173 520
245 3363
615 3428
2934 1924
3059 2403
2883 1821
972 3440
167 305
3654 3926
4122 3558
438 4928
1207 1619
2467 953
260 3016
2512 137
1070 243
1091 170
4125 3145
1013 1430
3324 1308
4909 3472
3659 808
1136 3585
2909 3254
4993 2984
2207 620
3067 4587
4932 1208
1475 3120
2907 4354
2548 817
2453 2381
752 4711
3447 3858
2995 1778
427 1201
3068 2481
3795 764
659 1651
3899 4053
3390 2945
4956 4266
2070 177
4689 3176
4464 4861
2005 1790
2108 3957
2445 605
1109 2802
2208 4194
1188 4544
1245 4902
4305 4265
1876 4917
3016 630
1113 1989
3026 4815
2065 3070
3386 288
2914 106
1234 3484
237 3944
34 4121
4706 1999
2669 638
4050 2504
3318 2314
1657 4930
3299 3623
1315 2000
4797 1830
276 2330
3448 350
2254 1969
3136 4883
1612 1260
191 1840
2523 2854
1795 373
1121 1906
4573 1868
2899 3190
1601 1287
399 1028
2576 2831
2960 2512
124 356
3739 1211
414 693
3528 2998
116 2943
2111 3278
4917 1250
421 941
1711 2209
1741 125
4032 511
4669 1155
3206 246
3274 4413
57 1635
4132 4468
4973 4740
3957 1751
1991 4760
4912 962
260 3771
2812 2824
2510 3995
1152 4561
3324 1236
4609 934
2866 83
2653 1752
4563 4896
2923 2172
1276 2700
2480 2797
4175 1125
3432 1977
368 806
3498 4779
3386 1952
182 4209
2159 2304
221 4138
1659 4556
3420 1385
2743 1955
685 3324
591 2717
4714 724
1177 2804
2054 3821
933 2752
4586 512
2611 1133
3258 1126
3171 2372
3407 2415
4594 2209
2833 783
378 856
3270 2269
4403 3526
4903 4876
3830 4881
3653 2567
4845 1732
4572 1320
3044 4602
318 2762
783 1896
2911 1709
4320 1919
2545 250
2714 263
2791 2492
3123 2485
3371 3993
1825 3216
4434 366
709 4914
4492 2931
2764 4101
4287 2710
948 2355
4034 1903
412 109
4630 2273
1562 1383
4992 3351
2924 4232
871 1466
1615 2164
2371 1975
2364 4535
3701 161
4501 840
1756 4949
2508 319
1536 2480
4325 3482
4399 903
2542 3566
3568 1619
4034 3429
3385 1736
1538 2234
801 1781
1034 1534
3449 1745
3191 4598
4871 4589
3165 42
1664 365
3067 338
504 3395
2875 1009
2504 1085
319 2744
2843 1150
237 1715
310 875
2051 1927
1925 4541
3257 887
3773 1574
3873 4952
4303 2294
2301 3591
2650 3284
2484 1622
3920 3504
3432 1121
4945 454
878 2893
2234 3647
69 3189
213 3781
3644 2848
1165 3262
2653 4741
2853 4547
18 3063
86 4596
3867 2107
837 3184
3886 2309
3203 576
2082 639
4797 4019
4245 4287
4172 1245
3052 3702
46 3912
3026 1943
3195 1056
2586 1525
690 4237
608 214
3465 2356
3655 2284
66 1237
707 1515
2403 4245
4828 4431
3700 4732
1727 280
1475 3753
2074 3120
2277 535
317 1243
