1000 9549
381 392
425 438
540 553
100 112
63 76
464 476
104 115
544 556
530 531
781 785
587 590
327 331
642 645
601 606
203 214
960 971
523 539
742 749
293 297
847 854
482 498
942 958
85 87
506 508
640 652
400 417
821 835
807 816
882 883
95 98
813 819
460 477
320 328
688 696
891 899
708 715
491 497
791 796
424 438
888 891
61 63
445 448
669 672
302 315
883 896
666 678
840 845
622 627
662 666
3 11
140 144
608 616
594 599
965 972
490 492
970 978
103 104
468 475
692 699
550 553
681 686
844 846
872 875
45 47
49 52
286 299
325 335
441 450
120 127
563 575
853 857
508 510
881 892
606 611
901 903
940 947
465 469
710 717
702 717
474 476
864 876
850 851
300 304
923 933
67 71
342 351
162 177
91 93
829 839
885 891
856 859
229 231
581 594
347 356
80 89
171 178
461 468
104 111
967 974
492 494
446 459
160 176
638 639
786 796
470 477
109 115
843 853
501 505
303 311
821 822
271 277
865 878
627 635
661 669
322 335
363 377
71 72
515 516
986 998
4 7
903 917
886 887
766 777
826 830
61 67
528 536
88 95
476 478
222 238
925 939
250 255
662 678
50 54
287 295
953 959
861 862
383 398
628 639
442 444
649 650
46 58
892 896
880 888
827 835
644 651
22 35
97 98
244 247
405 409
154 155
870 871
197 199
771 776
810 814
763 770
589 598
663 671
25 31
957 958
854 858
600 613
512 519
305 319
234 239
163 169
1 6
606 607
914 915
871 873
806 808
426 428
906 914
263 275
750 757
785 791
185 195
404 411
228 231
506 513
621 632
252 253
842 851
312 314
43 58
209 214
284 288
266 279
110 118
256 257
941 942
601 613
372 821
583 589
485 498
604 616
401 405
167 170
705 711
62 68
407 411
86 94
380 383
494 499
981 995
412 418
584 595
549 559
803 819
809 818
848 856
687 689
65 66
322 339
236 237
165 167
296 298
562 573
341 358
895 899
680 688
623 624
245 250
852 854
249 255
47 52
605 618
457 458
883 888
666 670
406 413
575 578
541 558
155 159
545 555
364 367
934 935
567 579
788 796
849 858
408 416
83 94
373 376
671 673
126 128
805 811
220 221
2 8
282 296
943 957
607 608
611 613
480 481
542 545
102 104
233 239
31 36
693 699
824 838
186 191
663 675
386 397
673 679
945 954
620 636
348 351
646 658
149 154
721 723
462 467
525 527
285 298
68 78
360 373
510 511
582 595
825 830
20 24
574 579
314 317
81 94
704 717
147 151
591 592
924 933
266 267
980 985
170 175
561 566
123 133
748 752
752 755
761 779
632 637
501 512
804 817
380 387
56 57
368 379
204 209
902 918
482 495
28 39
32 34
584 591
731 736
803 815
809 814
8 11
947 952
986 990
145 150
700 704
151 152
830 839
448 449
680 684
202 208
421 434
840 850
822 838
307 311
60 69
387 399
683 688
273 276
40 41
478 479
982 991
625 626
774 775
444 458
463 478
201 203
880 896
681 689
150 156
831 835
516 517
25 38
654 655
767 770
720 723
315 317
600 605
802 809
949 950
626 628
863 865
703 712
162 170
954 958
369 374
280 289
635 639
63 254
381 391
756 757
425 437
540 554
100 113
63 79
464 477
104 116
544 557
781 784
327 330
601 605
657 659
960 972
523 538
66 67
446 447
293 296
847 849
482 499
942 959
85 86
104 417
506 509
640 653
400 418
821 834
807 819
813 818
460 478
320 329
688 697
891 898
491 496
274 278
791 799
424 439
888 892
61 62
740 741
302 312
883 899
666 679
226 238
61 175
840 846
987 993
622 624
662 667
3 10
140 145
913 919
608 617
594 596
965 971
892 893
490 493
533 535
970 979
644 656
103 107
550 558
384 385
681 685
844 847
872 876
45 46
286 296
325 334
441 449
120 128
563 574
853 856
508 511
881 883
606 608
901 902
465 468
667 669
876 877
474 477
864 877
300 305
923 932
67 70
342 348
91 92
829 838
885 890
229 230
581 593
347 359
846 847
80 90
461 467
967 969
492 495
446 456
160 177
786 797
109 114
843 852
113 119
501 504
303 310
714 715
933 939
271 276
860 861
627 634
661 668
865 877
322 332
363 376
71 75
515 519
146 158
769 779
986 999
903 916
142 146
826 831
61 66
528 537
251 444
476 479
222 239
925 938
250 252
164 172
662 679
442 458
64 72
944 952
50 55
287 294
953 958
383 393
628 632
442 445
46 59
340 348
892 897
880 889
827 834
22 32
405 408
197 198
771 779
884 896
520 521
810 815
763 773
589 597
935 937
663 670
187 193
25 30
854 859
600 614
305 318
234 236
163 168
1 5
96 133
871 872
806 809
612 616
426 429
906 915
263 274
785 790
185 194
621 631
252 254
842 848
312 315
280 281
209 213
284 289
266 276
110 119
256 258
601 612
583 588
485 497
604 617
401 404
705 710
62 69
407 410
86 95
494 496
981 994
412 419
584 596
549 558
803 818
809 817
848 857
8 16
687 688
467 469
322 336
236 238
165 166
296 299
562 570
341 357
895 898
680 689
623 627
245 249
852 855
249 254
47 55
605 617
883 891
666 671
541 557
155 158
545 554
141 159
502 506
567 578
788 797
537 539
849 857
408 417
83 97
671 672
675 677
126 129
805 810
220 222
2 9
884 885
334 338
282 297
943 956
607 611
611 612
480 482
542 550
102 105
233 238
31 39
693 698
824 839
186 188
663 674
386 394
673 678
945 953
620 637
646 659
149 153
721 722
462 464
525 526
285 297
68 79
360 374
486 490
582 592
825 829
20 25
574 576
668 669
81 93
704 718
868 869
290 291
147 150
591 595
924 934
980 986
170 172
561 565
123 132
748 753
752 756
761 778
632 638
804 818
56 58
204 210
761 763
902 919
482 492
28 32
32 35
731 739
803 814
809 813
8 12
947 955
986 991
145 149
700 705
151 155
830 836
448 450
680 685
202 209
421 433
840 851
822 839
307 310
3 17
60 70
387 398
683 691
283 289
454 458
40 42
745 747
982 988
444 459
463 473
201 202
880 897
681 688
974 975
150 157
831 834
516 518
25 37
720 724
315 316
600 606
802 806
988 989
626 629
863 864
703 715
162 171
954 959
369 373
280 290
635 638
381 390
609 611
756 758
425 436
540 555
100 114
63 78
464 478
104 117
544 558
781 783
642 643
601 604
657 658
960 973
513 519
847 848
482 496
942 956
640 654
400 419
821 833
807 818
813 817
460 479
388 396
320 330
688 698
288 296
491 499
274 279
791 798
888 893
740 742
302 313
883 898
666 676
353 359
226 239
840 847
987 992
622 625
662 664
3 13
956 957
117 119
84 96
140 146
913 918
608 618
594 597
192 193
267 273
965 970
892 894
533 534
970 976
644 657
408 409
103 106
550 559
384 386
681 684
577 579
872 877
286 297
325 333
441 448
120 129
881 882
606 609
940 941
390 394
426 438
667 668
876 878
772 773
864 878
77 79
300 306
923 935
67 73
910 911
342 349
91 95
829 837
885 889
581 592
143 149
347 358
80 91
461 466
321 327
967 968
446 457
543 549
160 178
786 794
109 113
843 855
113 118
42 58
303 305
933 938
271 279
860 862
627 637
661 667
865 876
322 333
363 379
71 74
515 518
146 159
769 778
986 996
903 919
142 147
826 828
61 65
528 538
222 236
925 937
250 253
164 173
662 676
442 459
64 73
944 953
50 52
287 289
953 957
383 392
628 633
996 997
46 56
340 349
892 898
880 890
93 99
827 837
22 33
771 778
221 223
884 897
520 522
810 812
763 772
589 596
935 936
663 665
187 192
25 29
262 274
337 339
854 856
600 615
305 317
234 237
163 171
1 4
871 875
806 814
128 129
612 617
906 912
263 269
785 789
185 193
385 391
621 630
252 255
842 849
312 316
280 282
209 212
284 290
266 277
110 116
256 259
241 251
601 619
583 591
485 496
604 618
705 709
62 74
86 92
494 497
981 993
584 597
549 557
809 816
848 858
8 17
687 691
467 468
322 337
236 239
562 571
341 356
680 690
623 626
245 248
249 253
47 54
605 616
883 890
666 668
541 556
869 879
545 553
141 158
352 353
212 213
502 507
788 798
537 538
849 856
408 418
83 96
671 675
675 676
126 134
805 809
220 223
2 6
884 886
334 339
597 599
887 893
943 959
607 610
611 615
480 483
542 551
102 110
233 237
31 38
693 697
186 189
573 575
386 395
673 677
945 952
620 638
646 656
149 152
462 465
285 296
68 72
360 375
486 491
582 593
825 828
20 26
574 577
314 315
668 670
81 92
704 719
868 870
157 159
147 153
591 594
924 935
980 987
170 173
557 559
561 564
123 135
748 754
752 757
761 777
632 639
907 913
804 819
52 56
56 59
204 211
761 762
902 916
482 493
28 33
32 36
731 738
809 812
8 13
298 299
947 954
986 988
145 148
700 706
151 154
522 538
812 816
830 837
448 451
680 686
421 432
840 852
822 836
307 313
3 16
60 71
683 690
211 213
283 288
454 459
40 43
745 746
982 989
444 452
463 472
783 789
880 898
681 695
516 519
25 36
720 725
573 579
315 319
600 607
802 807
988 990
148 149
863 867
703 714
324 325
162 168
954 956
369 372
280 291
389 399
318 319
381 389
609 610
756 759
540 548
100 115
63 73
464 479
104 118
544 559
781 782
647 657
960 974
513 518
847 851
482 497
942 957
506 507
640 655
821 832
308 309
807 813
813 816
460 472
388 397
320 331
688 699
288 297
491 498
274 276
331 333
791 793
888 894
740 743
302 318
469 471
666 677
353 358
226 236
987 995
622 630
662 665
3 12
956 958
117 118
391 397
84 97
140 147
913 917
608 619
26 38
649 659
192 194
267 272
965 969
892 895
490 491
970 977
644 658
22 26
408 410
550 556
384 387
577 578
872 878
325 332
441 455
120 130
606 614
940 942
390 395
565 567
426 439
667 671
876 879
474 475
772 774
864 879
77 78
261 263
300 307
764 776
67 72
923 934
91 94
829 836
920 928
885 888
143 148
80 92
461 465
321 326
967 971
543 548
160 179
786 795
109 112
843 854
113 117
42 59
303 304
933 937
271 278
860 863
627 636
661 666
865 867
322 330
363 378
986 997
146 156
769 777
903 918
142 144
532 536
826 829
61 64
528 539
222 237
246 247
778 779
925 936
164 174
662 677
442 456
64 74
944 954
50 53
287 288
953 956
383 395
628 634
442 443
996 998
649 655
46 57
340 350
892 899
568 569
880 891
93 98
827 836
22 38
221 222
884 898
520 523
810 813
763 775
589 595
935 939
663 664
187 195
25 28
262 275
337 338
854 857
11 17
230 231
600 616
305 316
163 170
152 153
871 874
806 815
128 130
612 618
833 835
426 427
906 913
263 268
785 788
552 553
185 192
385 390
621 629
312 317
280 283
134 138
284 291
266 274
713 715
110 117
241 250
651 653
601 618
851 853
583 590
604 619
705 708
62 75
800 816
86 93
981 992
584 598
549 556
911 917
365 379
848 859
8 18
687 690
65 71
467 471
562 568
341 355
680 691
623 637
689 699
249 252
47 49
605 615
198 199
883 893
666 669
541 555
869 878
545 552
141 157
40 48
352 354
212 214
502 504
527 537
788 799
408 419
26 30
83 99
671 674
675 679
306 318
126 135
805 808
2 7
884 887
334 336
597 598
887 892
943 958
611 614
480 484
542 548
102 111
233 236
31 33
693 696
897 899
182 183
367 377
573 574
386 392
673 676
945 959
620 639
646 657
462 470
285 295
68 73
360 376
486 488
582 598
825 835
20 27
668 671
6 18
81 83
868 871
157 158
147 152
924 928
980 996
557 558
123 134
748 755
752 758
761 776
907 912
52 57
630 634
902 917
482 490
28 34
32 37
8 14
213 219
947 957
986 989
326 330
700 707
522 539
812 817
448 452
680 687
840 853
822 837
307 312
3 19
60 64
683 693
973 979
706 718
211 212
283 291
454 456
40 44
614 618
625 631
444 453
463 475
783 788
880 899
310 314
681 694
580 588
96 97
654 658
720 726
21 31
573 578
315 318
780 796
802 804
215 217
988 991
148 150
450 458
565 579
626 627
863 866
747 753
324 326
162 169
954 957
829 831
280 292
389 398
685 699
564 572
381 388
540 549
63 72
104 119
260 268
647 656
160 168
989 999
960 975
722 738
513 517
847 850
375 377
308 310
807 812
813 815
460 473
388 398
320 332
288 298
274 277
331 332
791 792
888 895
302 319
469 470
666 674
792 793
353 357
226 237
500 508
987 994
622 631
662 670
3 15
956 959
391 396
84 98
913 916
594 595
26 39
649 658
192 195
466 478
267 275
965 968
16 17
644 659
22 27
408 411
550 557
384 388
520 528
701 719
872 879
325 331
183 189
441 454
120 131
484 492
163 177
606 615
940 943
390 392
565 566
125 127
426 436
667 670
772 775
261 262
764 777
67 75
0 16
829 835
920 929
143 151
846 850
80 93
461 464
321 325
967 970
543 551
786 792
109 111
113 116
42 56
385 869
62 63
303 307
624 632
933 936
271 273
865 866
627 639
661 665
322 331
986 994
146 157
769 776
903 913
142 145
532 537
964 972
615 617
925 935
250 251
164 175
442 457
64 75
944 955
287 291
383 394
628 635
996 999
649 654
340 351
568 570
805 819
880 892
93 97
827 839
22 39
304 312
884 899
520 524
763 774
948 956
589 594
935 938
663 667
187 194
262 272
11 16
600 617
305 307
234 235
163 173
152 154
244 256
806 812
128 131
612 619
295 297
833 834
263 271
966 970
552 554
185 199
385 389
621 628
312 318
280 284
134 139
266 275
713 714
241 249
651 652
601 617
851 852
583 585
604 612
218 219
678 679
5 7
62 72
800 817
584 599
549 555
911 916
950 954
365 378
8 19
762 766
65 70
467 470
562 569
341 354
680 692
623 636
689 698
47 48
605 614
883 892
541 554
869 877
545 559
141 156
40 49
352 355
212 215
502 505
527 536
788 792
26 31
83 98
746 750
675 678
306 319
126 132
201 211
2 4
334 337
887 895
943 953
611 617
480 485
900 908
542 549
102 108
31 32
35 37
897 898
186 187
367 376
386 393
945 958
620 632
824 825
309 319
721 727
443 457
462 471
285 294
68 74
360 377
486 489
629 631
730 734
582 599
825 834
20 36
6 19
81 82
704 705
927 937
147 155
920 921
924 929
980 997
422 434
170 171
752 759
808 809
366 367
907 915
52 58
273 819
204 205
630 635
902 906
482 491
28 35
32 38
969 971
8 15
213 218
947 956
326 331
990 994
522 536
812 818
448 453
496 497
840 854
307 315
3 18
60 65
683 692
973 978
706 719
211 215
283 290
454 457
40 45
614 619
965 979
625 630
444 454
463 474
783 791
201 207
310 315
681 693
974 978
580 589
96 98
654 659
720 727
21 30
573 577
780 797
802 805
529 539
215 216
148 151
450 459
565 578
682 686
863 877
747 752
324 327
162 166
829 830
280 293
389 397
685 698
564 573
381 387
540 550
464 465
63 75
544 545
29 39
733 735
260 269
647 659
9 11
725 735
160 169
203 205
989 998
722 739
513 516
375 376
640 641
308 311
807 815
813 814
460 474
388 399
320 333
288 299
331 335
791 795
888 896
302 316
433 435
666 675
792 794
353 356
226 234
500 509
987 997
622 628
662 671
3 14
391 399
84 99
140 141
70 74
26 36
649 657
192 196
466 479
267 274
16 18
22 24
408 412
316 317
727 733
384 389
590 591
520 529
701 718
962 974
432 433
325 330
183 188
441 453
120 132
484 493
881 887
163 176
606 612
390 393
125 126
54 58
426 437
864 865
890 993
300 301
724 725
67 74
764 778
910 914
0 17
789 799
829 834
920 930
143 150
846 851
80 94
461 463
321 324
270 271
242 254
543 550
786 793
109 110
42 57
303 306
624 633
271 272
627 638
661 664
322 328
986 995
146 154
4 12
903 912
652 656
142 150
532 538
826 827
669 671
964 973
615 616
925 934
164 168
64 76
944 956
50 51
287 290
649 653
340 344
568 571
805 818
880 893
93 96
827 838
22 36
244 252
727 737
304 313
520 525
810 811
962 978
948 957
589 593
663 666
187 197
262 273
11 19
600 618
603 605
305 306
163 172
152 155
741 743
244 257
806 813
128 132
295 296
263 270
966 971
552 555
185 198
385 388
404 416
228 236
621 627
312 319
43 49
280 285
134 136
266 272
241 248
651 655
601 616
851 855
583 584
604 613
5 6
62 73
800 818
549 554
911 919
660 661
365 377
950 955
762 767
65 69
467 473
562 566
743 757
341 353
680 693
623 639
830 831
689 697
47 51
605 613
883 895
666 667
541 553
869 876
709 711
545 558
141 155
74 78
40 50
352 356
745 755
502 510
527 539
788 793
420 421
26 28
746 751
306 316
126 133
201 210
2 5
887 894
943 952
684 696
611 616
480 486
900 909
542 554
102 109
31 35
35 36
367 379
386 390
764 765
945 957
620 633
824 826
309 318
721 726
443 456
462 468
48 56
285 293
68 75
360 378
486 494
768 769
629 630
730 735
582 596
825 833
20 37
6 16
704 706
927 936
452 456
147 154
534 538
920 922
924 930
980 998
413 419
422 435
748 749
677 679
808 810
907 914
52 59
204 206
630 632
761 767
902 907
482 488
32 39
969 970
213 217
947 959
986 987
326 328
990 995
773 775
522 537
812 819
448 454
496 498
840 855
732 733
307 314
127 133
60 66
683 695
481 499
973 977
706 716
211 214
283 293
992 993
40 46
614 616
745 751
965 978
490 498
625 629
444 455
783 790
201 206
310 312
681 692
974 979
580 590
92 96
96 99
654 656
767 777
21 29
573 576
780 798
529 538
215 219
346 358
758 759
450 456
565 577
682 687
863 876
747 755
162 167
954 955
280 294
389 396
685 697
564 574
381 386
609 615
540 551
464 466
63 74
544 546
29 38
33 35
733 734
260 270
647 658
885 899
9 10
725 734
160 170
252 256
203 204
989 997
960 961
722 736
523 529
742 743
375 379
640 642
807 814
166 178
938 939
460 475
388 392
320 334
274 275
990 991
331 334
791 794
888 897
302 317
433 434
108 116
507 513
666 672
792 795
226 235
500 510
987 996
622 629
662 668
391 398
140 142
70 75
26 37
649 656
192 197
466 476
267 277
16 19
827 829
22 25
408 413
316 318
727 732
384 390
520 530
701 717
962 975
432 434
325 329
182 194
183 191
441 452
120 133
484 494
881 886
163 179
606 613
390 398
710 711
54 59
426 434
864 866
811 813
300 302
724 726
67 77
764 779
910 915
0 18
789 798
829 833
920 931
578 579
958 959
143 145
294 295
846 848
80 95
461 462
124 136
401 419
242 255
543 545
786 790
470 471
694 695
223 229
303 317
624 634
271 275
661 679
322 329
986 992
146 155
4 13
903 915
652 657
142 151
532 539
593 595
669 670
964 974
615 619
925 933
896 897
164 169
207 213
64 77
944 957
362 366
649 652
177 179
340 345
568 572
805 817
880 894
22 37
405 419
244 253
727 736
304 314
520 526
962 979
948 958
589 592
187 196
262 278
11 18
600 619
603 604
163 175
152 156
741 742
244 258
346 350
128 133
572 576
295 299
263 265
176 177
966 968
552 556
185 197
404 417
228 237
621 626
43 48
280 286
134 137
266 273
241 255
651 654
851 854
583 587
604 614
62 78
800 819
240 256
549 553
911 918
660 662
365 376
950 952
762 764
65 68
467 472
14 15
562 567
743 756
341 352
680 694
623 638
689 696
47 50
605 612
883 894
23 37
406 407
541 552
869 875
709 710
545 557
141 154
74 79
40 51
352 357
745 754
502 511
527 538
141 235
788 794
588 596
420 422
26 29
746 748
306 317
126 138
201 209
887 889
943 955
684 697
611 619
480 487
900 910
542 555
410 414
31 34
35 39
367 378
386 391
764 766
945 956
620 634
824 827
309 317
845 859
721 725
443 459
462 469
48 57
285 292
360 379
486 495
768 770
257 259
730 732
582 597
825 832
20 38
6 17
704 707
927 939
452 457
147 157
534 539
920 923
924 931
980 999
413 418
422 432
748 750
677 678
808 811
907 917
368 369
204 207
630 633
761 766
902 904
482 489
504 512
213 216
947 958
326 329
990 992
773 774
448 455
202 218
496 499
27 29
840 856
732 734
307 317
127 132
60 67
683 694
481 498
973 976
706 717
211 217
283 292
861 879
992 994
40 47
614 617
745 750
965 977
490 499
625 628
645 655
444 448
783 785
201 205
310 313
681 699
974 976
580 591
92 97
654 657
767 776
21 28
780 799
802 803
529 537
215 218
346 359
129 139
336 337
450 457
565 576
551 557
682 684
863 879
747 754
162 164
280 295
389 395
685 696
564 575
381 385
57 59
609 614
540 544
464 467
544 547
29 37
33 34
260 271
647 653
885 898
725 733
160 171
252 257
203 207
989 996
960 962
722 737
523 528
817 819
790 794
375 378
640 643
400 408
807 809
166 179
460 468
388 393
320 335
41 43
888 898
108 117
507 512
666 673
792 796
226 232
500 511
987 999
622 634
662 669
391 393
140 143
70 72
26 34
192 198
466 477
267 276
220 236
664 672
827 828
22 30
408 414
316 319
727 735
384 391
520 531
701 716
962 972
432 435
325 328
182 195
183 190
441 459
120 134
484 495
881 885
163 178
606 618
281 291
390 399
54 56
426 435
864 867
811 812
300 303
724 727
67 76
764 772
910 912
0 19
789 797
829 832
920 932
143 144
846 849
124 137
401 418
242 252
800 808
543 544
547 549
786 791
223 228
303 316
624 635
821 831
271 274
865 871
661 678
322 326
986 993
146 152
4 14
903 914
652 658
142 148
131 133
593 594
964 975
615 618
925 932
896 898
164 170
207 212
64 78
944 958
362 367
878 879
177 178
340 346
568 573
805 816
880 895
405 418
244 254
248 249
727 739
304 315
520 527
962 976
948 959
589 591
187 199
262 279
603 607
163 174
152 157
244 259
372 376
346 351
128 134
572 577
295 298
833 839
263 264
176 178
966 969
552 557
185 196
404 418
228 238
564 576
232 233
621 625
161 179
842 858
43 51
280 287
815 817
713 719
241 254
170 178
851 857
583 586
604 615
808 816
62 79
240 257
549 552
911 913
660 663
365 375
38 39
950 953
762 765
467 475
216 217
562 564
743 759
674 678
680 695
623 633
292 293
122 126
430 431
605 611
23 36
541 551
869 874
545 556
141 153
74 76
40 52
352 358
745 753
502 508
788 795
715 717
588 597
420 423
849 851
746 749
306 314
126 139
201 208
2 3
580 596
887 888
943 954
607 617
684 698
611 618
900 911
542 552
410 415
106 110
35 38
386 388
764 767
945 947
620 635
824 828
309 316
845 858
721 724
443 458
281 283
462 474
48 58
285 291
486 492
768 771
257 258
730 733
582 586
825 839
20 39
81 87
704 708
927 938
452 458
147 156
534 536
920 924
828 829
190 194
980 992
413 417
90 94
422 433
260 276
748 751
808 812
366 370
907 916
860 876
368 370
630 638
761 765
902 905
482 486
412 413
566 570
504 513
326 334
990 993
812 813
765 779
329 331
202 219
409 419
27 28
840 857
732 735
514 518
307 316
127 135
350 354
973 975
481 497
706 714
211 216
283 295
505 507
782 783
861 878
992 995
745 749
965 976
490 496
645 654
444 449
783 784
201 204
310 318
681 698
974 977
150 151
580 584
325 339
92 98
928 936
767 779
21 27
780 792
529 536
489 491
949 959
346 356
129 138
336 338
450 454
551 556
682 685
510 514
863 878
747 757
162 165
0 8
181 199
280 296
389 394
685 695
564 568
381 384
57 58
609 613
540 545
464 468
544 548
29 36
260 264
647 652
885 897
725 732
160 172
252 258
473 475
203 206
989 995
960 963
722 734
523 531
817 818
790 795
85 95
393 395
640 644
400 409
807 808
166 176
723 725
460 469
388 394
951 957
41 42
888 899
740 748
108 118
507 515
112 113
792 797
226 233
500 504
987 998
622 635
248 256
391 392
70 73
26 35
192 199
466 474
267 279
801 819
220 237
664 673
827 831
224 232
22 31
408 415
727 734
590 594
520 532
701 715
810 818
962 973
432 436
182 192
183 185
441 458
120 135
484 488
836 837
881 884
606 619
901 911
281 290
390 396
54 57
426 432
730 738
586 590
864 868
811 815
764 773
67 79
910 913
342 343
932 933
789 796
920 933
229 239
143 147
846 854
80 81
820 821
124 138
270 274
401 417
242 253
800 809
543 547
547 548
786 788
843 845
223 231
133 139
247 253
981 983
303 319
624 636
821 830
865 870
661 677
322 327
363 369
146 153
4 15
903 909
652 659
142 149
131 132
964 968
409 411
925 931
896 899
144 152
164 171
207 215
64 79
944 959
231 237
362 364
121 131
746 758
340 347
568 574
405 417
244 255
248 250
727 738
304 316
641 659
900 916
962 977
135 137
948 952
589 590
187 198
262 276
603 606
305 311
152 158
372 377
346 348
128 135
572 578
833 838
172 176
263 267
176 179
966 974
552 558
404 419
228 239
101 103
564 577
232 234
621 624
161 178
842 859
43 50
815 816
713 718
241 253
170 179
851 856
604 608
808 817
62 76
427 433
240 258
969 979
911 912
950 958
365 374
687 697
467 474
216 218
165 175
562 565
743 758
674 679
680 696
623 632
292 294
402 418
122 127
605 610
23 39
541 550
869 873
545 547
726 738
141 152
74 77
40 53
352 359
745 752
961 979
502 509
715 716
588 598
849 850
26 27
69 71
306 315
126 136
201 215
664 665
884 892
580 597
887 891
728 736
607 616
684 699
900 904
542 553
410 412
106 111
386 389
945 946
620 628
824 829
309 315
845 857
646 650
44 56
281 282
462 475
48 59
285 290
486 493
768 772
682 694
582 587
825 838
20 32
868 876
81 86
704 709
452 459
147 159
534 537
920 925
828 830
190 195
980 993
413 416
90 95
422 438
260 277
9 19
808 813
366 371
907 919
860 877
368 371
630 639
761 764
902 910
482 487
412 414
969 975
566 571
751 757
504 514
326 335
990 998
812 814
765 778
329 330
202 216
409 418
27 31
840 858
514 519
307 319
127 134
350 355
973 974
481 496
706 715
211 219
283 294
505 506
861 877
992 996
745 748
982 983
490 497
36 37
645 653
444 450
174 175
783 787
310 319
681 697
580 585
325 338
92 99
928 937
603 617
767 778
971 973
183 197
21 26
780 793
489 490
949 958
346 357
382 383
129 137
336 339
450 455
551 559
863 873
510 515
747 756
0 9
181 198
440 448
280 297
389 393
685 694
502 514
138 139
564 569
609 612
540 546
464 469
544 549
29 35
260 265
647 655
885 896
9 15
725 731
160 173
252 259
473 474
989 994
960 964
722 735
523 530
790 792
847 857
85 94
393 394
640 645
400 410
807 811
166 177
723 724
460 470
388 395
320 321
688 689
951 956
740 749
433 439
108 119
507 514
112 114
792 798
226 230
500 505
822 826
622 632
164 176
350 351
248 257
391 395
70 78
608 609
26 32
466 475
267 278
801 818
73 75
220 238
664 674
827 830
224 233
22 28
727 729
590 595
520 533
701 714
810 819
962 970
432 437
182 193
183 184
441 457
187 189
120 136
484 489
836 838
606 616
901 910
650 654
281 289
390 397
918 919
426 433
447 453
730 739
586 591
864 869
811 814
764 774
67 78
910 918
932 934
789 795
920 934
229 238
143 146
846 855
80 82
171 173
194 198
820 822
124 139
270 275
401 416
242 250
800 810
543 546
547 551
786 789
289 299
843 844
223 230
133 138
247 252
981 982
303 318
624 637
821 829
865 869
661 676
122 134
322 324
363 368
146 150
769 771
4 8
903 908
142 154
217 219
131 135
355 357
528 529
268 276
964 969
409 410
925 930
144 153
207 214
231 236
362 365
173 179
121 130
746 759
340 356
568 575
880 881
405 416
244 248
248 251
637 639
304 317
641 658
900 917
135 136
343 357
948 953
262 277
210 218
305 310
152 159
372 378
530 908
346 349
572 579
833 837
172 177
263 266
966 975
552 559
228 232
101 102
564 578
232 235
621 623
161 177
842 856
574 575
43 53
333 339
815 819
946 958
323 325
713 717
241 252
170 176
851 859
604 609
808 818
62 77
427 432
86 87
240 259
969 978
911 915
950 959
365 373
848 849
189 199
687 696
762 763
467 477
216 219
14 18
165 174
743 753
674 676
680 697
623 635
292 295
402 419
122 124
605 609
23 38
481 491
541 549
869 872
545 546
726 739
107 113
141 151
40 54
745 759
961 978
715 719
588 599
746 747
69 70
306 312
126 137
201 214
664 666
884 893
153 155
580 598
887 890
728 737
607 619
349 359
684 692
900 905
82 98
542 558
410 413
106 108
720 736
889 899
620 629
824 830
309 314
845 856
646 651
44 57
462 472
285 289
768 773
682 695
730 731
582 584
825 837
517 519
20 33
205 219
868 877
81 85
704 710
147 158
920 926
828 831
190 192
284 285
980 994
214 218
90 92
422 439
260 278
9 18
449 459
808 814
366 368
242 258
907 918
860 878
368 372
630 636
902 911
482 484
412 415
969 974
566 568
751 756
504 515
377 379
326 332
990 999
812 815
765 777
202 217
409 417
27 30
840 859
602 614
514 516
307 318
127 129
350 352
706 712
211 218
374 378
861 876
992 997
411 413
698 699
36 38
645 652
444 451
361 363
783 786
310 316
681 696
221 239
580 586
325 337
382 386
928 938
603 616
971 972
183 196
21 25
780 794
949 957
346 354
129 136
148 156
450 452
551 558
682 683
510 512
863 872
747 759
324 332
162 163
0 10
181 197
440 449
280 298
389 392
483 485
502 515
564 570
685 693
53 59
716 717
540 547
760 761
544 550
464 470
29 34
33 39
403 405
260 266
647 654
9 14
725 730
160 174
989 993
960 965
722 732
523 533
790 793
847 856
85 93
640 646
400 411
308 316
807 810
723 727
460 471
320 322
688 690
951 959
740 750
264 265
744 745
433 438
108 112
507 517
112 115
792 799
278 318
226 231
500 506
822 827
622 633
164 177
248 258
391 394
362 374
70 79
608 610
26 33
466 472
801 817
73 74
220 239
664 675
224 234
22 29
727 728
451 453
550 551
590 592
520 534
701 713
810 816
962 971
410 418
728 729
432 438
182 198
183 187
441 456
187 188
120 137
484 490
836 839
606 617
901 909
650 655
281 288
634 638
893 899
976 977
447 452
730 736
586 588
864 870
521 523
764 775
910 919
932 935
789 794
920 935
229 237
143 157
846 852
80 83
171 172
194 199
820 823
124 132
270 272
242 251
800 811
543 557
547 550
289 298
843 847
184 192
223 225
133 137
246 258
247 255
303 313
624 638
821 828
865 868
661 675
122 135
322 325
363 371
146 151
769 770
4 9
903 911
652 653
142 155
217 218
131 134
593 599
355 356
528 530
268 277
964 970
17 19
23 29
925 929
602 606
144 154
187 284
207 209
64 65
944 945
231 239
287 297
173 178
121 129
746 756
340 357
880 882
244 249
248 252
637 638
304 318
641 657
456 457
900 918
135 139
546 558
343 356
948 954
262 266
210 219
305 309
841 843
372 379
862 866
833 836
172 178
966 972
228 233
564 579
232 236
621 622
161 176
842 857
43 52
333 338
815 818
946 959
323 324
713 716
241 243
170 177
851 858
191 197
604 610
808 819
427 435
969 977
911 914
950 956
365 372
848 850
189 198
687 699
467 476
14 19
165 173
562 563
743 752
674 677
680 698
623 634
402 416
153 606
852 856
122 125
430 434
605 608
23 33
481 490
541 548
301 319
726 736
107 112
141 150
74 75
40 55
745 758
961 977
715 718
588 592
866 878
306 313
201 213
664 667
93 95
884 894
153 154
580 599
905 907
728 738
607 618
349 358
684 693
900 906
82 99
542 559
106 109
414 418
720 737
386 387
889 898
563 577
620 630
824 831
309 313
845 855
646 648
44 58
462 473
285 288
768 774
881 899
682 692
760 768
582 585
825 836
517 518
20 34
205 218
868 878
81 84
704 711
392 393
920 927
190 193
284 286
980 995
214 219
90 93
422 436
260 279
9 17
449 458
808 815
695 697
366 369
242 259
860 879
368 373
630 637
902 908
482 485
969 973
566 569
751 759
504 516
377 378
605 674
326 333
990 996
41 51
765 776
409 416
602 615
514 517
127 128
350 353
706 713
84 85
374 379
782 786
861 875
992 998
411 412
36 39
645 651
361 362
783 797
310 317
221 238
225 235
560 568
580 587
909 919
325 336
382 387
928 939
603 619
971 975
183 199
21 24
780 795
949 956
346 355
148 157
450 453
551 553
863 875
510 513
747 758
324 333
0 11
181 196
440 450
280 299
685 692
483 484
502 512
564 571
53 58
716 718
760 762
464 471
544 551
29 33
33 38
403 404
260 267
647 649
9 13
725 729
160 175
989 992
960 966
722 733
523 532
790 798
847 859
28 29
85 92
640 647
400 412
308 317
723 726
460 464
320 323
688 691
288 289
951 958
41 47
740 751
613 615
264 266
744 746
433 437
469 479
108 113
507 516
112 116
226 228
500 507
822 824
622 638
164 178
311 317
248 259
121 123
362 375
70 76
608 611
466 473
801 816
220 232
664 676
224 235
727 731
451 452
590 593
520 535
701 712
810 817
962 968
410 419
728 730
432 439
182 199
183 186
187 191
120 138
484 491
901 908
650 652
281 295
634 639
105 107
565 575
893 898
976 978
243 245
447 455
730 737
196 197
586 589
181 183
471 477
864 871
521 522
261 271
764 768
910 916
161 171
789 793
920 936
538 539
389 491
229 236
581 583
90 98
143 156
846 853
80 84
171 175
941 959
194 196
124 133
270 273
242 248
800 812
543 556
547 553
786 787
289 297
843 846
184 193
223 224
133 136
227 229
246 259
247 254
303 312
378 379
624 639
821 827
180 181
661 674
122 132
363 370
146 148
4 10
903 910
652 654
341 343
142 152
131 137
593 598
355 359
528 531
268 278
964 971
17 18
23 28
925 928
250 258
602 607
144 155
922 934
207 208
64 66
944 946
231 238
287 296
362 363
173 177
121 128
746 757
340 358
880 883
244 250
248 253
304 319
641 656
456 458
900 919
135 138
546 559
106 118
505 515
343 359
729 739
948 955
262 267
210 216
305 308
841 842
1 19
195 197
655 657
346 347
806 807
55 369
862 867
172 179
966 973
228 234
232 237
548 549
43 55
333 337
890 894
686 687
946 956
323 327
347 349
241 242
191 196
485 487
604 611
427 434
132 133
969 976
894 895
950 957
365 371
848 851
189 197
687 698
467 479
14 16
165 172
743 755
874 878
680 699
329 339
402 417
689 691
118 119
852 857
47 57
430 435
23 32
481 489
541 547
301 318
726 737
784 792
107 115
141 149
40 56
745 757
961 976
588 593
849 855
866 879
306 310
201 212
664 668
93 94
884 895
245 259
580 592
905 906
728 739
349 357
684 694
775 777
832 833
542 556
82 96
900 907
102 103
410 411
414 419
453 455
720 738
889 897
945 951
563 576
620 631
489 499
309 312
845 854
646 649
44 59
281 287
462 478
768 775
200 201
881 898
682 693
862 863
760 769
500 516
582 590
416 417
91 97
20 35
205 217
868 879
6 10
392 394
128 388
665 675
190 198
284 287
214 216
422 437
260 272
9 16
526 527
449 457
695 696
366 374
242 256
570 578
860 872
368 374
902 909
969 972
566 574
751 758
504 517
990 997
41 50
740 756
765 775
329 335
421 423
524 536
602 612
127 131
350 358
683 685
706 710
84 86
374 376
505 511
782 787
254 258
861 874
992 999
922 926
411 415
801 811
645 650
174 178
783 796
221 237
225 234
560 569
909 918
382 384
484 496
603 618
729 731
414 415
971 974
183 198
21 39
901 919
867 869
780 788
489 495
949 955
346 352
148 158
586 598
551 552
863 874
275 277
510 518
423 437
324 334
0 12
181 195
440 451
685 691
483 487
502 513
507 509
53 57
716 719
760 763
29 32
33 37
403 407
647 648
9 12
725 728
473 479
960 967
722 730
136 137
523 535
790 799
847 858
28 30
85 91
393 399
400 413
308 318
723 729
460 465
320 324
688 692
288 290
491 493
951 953
41 46
740 744
613 614
264 267
744 747
433 436
964 976
469 478
108 114
507 519
112 117
226 229
835 837
822 825
749 759
622 639
164 179
311 316
121 122
362 372
70 77
608 612
466 470
598 599
220 233
664 677
224 236
727 730
451 455
641 651
475 477
590 598
520 536
701 711
962 969
410 416
728 731
182 196
187 190
120 139
395 397
901 907
650 653
281 294
634 636
690 698
105 106
565 574
893 897
569 571
493 499
976 979
243 244
447 454
196 198
181 182
471 476
261 270
10 14
724 732
764 769
910 917
161 170
789 792
920 937
229 235
581 582
90 99
143 159
665 667
80 85
846 858
171 174
941 958
194 197
124 134
270 278
242 249
800 813
543 559
547 552
289 296
553 555
184 194
223 227
227 228
246 256
247 249
691 693
303 315
434 438
821 826
180 182
661 673
122 133
322 323
363 373
146 149
240 248
4 11
903 905
652 655
341 342
142 153
131 136
593 597
355 358
528 532
268 279
23 31
409 415
796 797
726 730
250 259
602 604
144 156
922 935
207 211
64 67
944 947
961 971
231 233
287 299
173 176
121 135
746 754
340 359
880 884
244 251
248 254
456 459
900 912
889 891
546 556
106 119
505 514
343 358
729 738
262 264
210 217
1 18
721 739
195 196
655 656
862 864
208 216
228 235
923 925
232 238
548 550
43 54
333 336
890 895
946 957
873 875
323 326
347 348
834 838
191 199
485 486
894 898
5 15
427 437
929 939
643 645
132 134
660 668
365 370
848 852
189 196
762 774
467 478
14 17
165 171
743 754
874 879
674 675
329 338
402 414
995 997
689 690
852 858
908 916
47 56
122 123
430 432
23 35
481 488
541 546
301 317
545 551
784 793
107 114
141 148
40 57
745 756
588 594
420 428
849 854
866 876
306 311
201 219
664 669
884 888
245 258
580 593
349 356
684 695
775 776
832 834
82 97
542 557
983 997
106 107
414 416
453 454
720 739
776 777
889 896
945 950
563 579
620 624
489 498
845 853
646 654
44 52
281 286
443 449
462 479
667 673
200 202
881 897
682 690
629 639
760 770
500 517
985 995
582 591
416 418
91 96
205 216
868 872
6 11
392 395
665 674
190 199
963 965
214 217
587 593
90 91
422 426
260 273
449 456
695 699
203 217
366 375
242 257
742 754
804 805
570 579
860 873
368 375
482 483
942 943
566 575
751 753
562 578
504 518
41 49
740 757
264 272
744 752
765 774
329 334
421 422
524 537
602 613
514 515
127 130
350 359
683 684
706 711
84 87
374 377
505 510
782 784
254 259
861 873
922 927
411 414
801 810
735 737
645 649
174 179
783 799
221 236
793 795
225 233
560 570
49 59
909 917
931 933
382 385
116 117
484 497
729 730
183 193
21 38
901 918
940 956
867 868
780 789
529 531
489 494
949 954
346 353
148 159
702 706
450 451
586 599
551 555
510 519
275 276
423 436
324 335
0 13
181 194
440 452
685 690
483 486
502 518
507 508
53 56
994 998
760 764
100 101
924 925
33 36
968 969
238 239
403 406
647 651
160 161
473 478
882 898
76 77
722 731
136 138
523 534
790 796
921 931
28 31
85 90
393 398
400 414
308 319
4 16
723 728
460 466
320 325
688 693
288 291
491 492
951 952
41 45
740 745
264 268
744 748
964 977
469 477
108 115
507 518
112 118
835 836
822 830
749 758
622 636
753 755
662 663
311 319
362 373
608 613
466 471
73 79
533 539
220 234
664 678
224 237
451 454
641 650
475 476
590 599
520 537
701 710
962 966
410 417
728 732
343 349
182 197
206 207
395 396
348 356
901 906
281 293
634 637
690 699
565 573
893 896
569 570
493 498
243 247
447 449
196 199
34 38
586 587
471 479
772 776
261 269
10 15
724 733
764 770
985 987
158 159
161 169
253 259
920 938
229 234
90 96
143 158
665 666
80 86
846 859
941 957
124 135
270 279
242 246
800 814
543 558
547 555
553 554
184 195
898 899
223 226
227 231
246 257
247 248
691 692
303 314
251 253
434 439
624 625
180 183
821 825
661 672
189 191
122 130
363 372
769 775
240 249
903 904
142 158
131 139
593 596
904 905
528 533
268 272
23 30
409 414
796 798
726 731
250 256
602 605
144 157
364 376
922 932
207 210
64 68
944 948
961 970
231 232
287 298
235 237
188 189
173 175
121 134
373 375
746 755
340 352
880 885
248 255
304 305
900 913
889 890
546 557
106 116
505 513
343 353
729 737
262 265
210 214
854 855
1 17
721 738
741 751
195 199
655 659
592 593
862 865
172 173
125 139
208 217
923 924
232 239
548 551
333 335
890 892
946 954
873 874
323 329
347 351
834 839
191 198
894 899
5 14
427 436
929 938
380 396
643 644
132 135
886 898
660 669
365 369
921 923
848 853
189 195
762 775
165 170
743 749
874 876
329 337
402 415
995 996
852 859
908 917
47 59
430 433
503 517
23 34
481 495
541 545
301 316
709 719
545 550
784 794
141 147
107 117
40 58
212 216
588 595
420 429
849 853
866 877
361 371
306 308
201 218
664 670
884 889
153 159
245 257
580 594
349 355
684 688
775 779
832 835
82 94
983 996
414 417
477 479
776 778
945 949
563 578
620 625
489 497
845 852
646 655
44 53
281 285
443 448
462 476
667 672
200 203
823 829
682 691
881 896
629 638
760 771
500 518
985 994
582 588
416 419
91 99
205 215
828 836
6 8
868 873
392 396
711 717
241 259
665 673
190 196
781 799
963 964
587 592
422 427
260 274
695 698
203 216
366 372
742 755
804 806
570 576
860 874
293 295
566 572
751 752
562 579
504 519
708 709
41 48
740 758
264 273
744 753
765 773
329 333
524 538
602 610
350 356
683 687
706 708
505 509
782 785
254 256
861 872
922 924
801 809
735 736
645 648
174 176
361 367
468 469
692 693
783 798
221 235
793 794
844 856
225 232
560 571
49 58
909 916
931 932
382 390
116 118
484 498
853 855
183 192
21 37
901 917
940 957
867 871
465 475
780 790
529 530
489 493
949 953
148 152
702 707
586 596
551 554
275 279
510 516
521 531
423 439
324 328
0 14
181 193
440 453
685 689
483 489
502 519
507 511
994 999
760 765
100 102
924 926
413 415
968 970
403 409
647 650
160 162
473 477
882 899
76 78
722 728
136 139
501 503
790 797
921 930
85 89
393 397
400 415
308 312
166 170
4 17
723 731
460 467
320 326
688 694
288 292
491 495
951 955
41 44
740 746
264 269
744 749
964 978
469 476
112 119
226 227
835 839
822 831
749 757
622 637
753 754
311 318
362 370
608 614
466 468
267 269
73 78
533 538
220 235
664 679
644 645
224 238
405 407
451 457
641 649
475 479
590 596
520 538
701 709
962 967
728 733
343 348
395 399
841 851
348 357
901 905
650 651
281 292
690 696
565 572
493 497
243 246
447 448
34 39
471 478
772 777
521 527
404 405
261 268
6 65
10 12
724 734
764 771
985 986
161 168
253 258
920 939
229 233
90 97
143 153
846 856
80 87
155 551
941 956
321 339
194 195
124 128
270 276
401 411
242 247
800 815
543 553
547 554
184 196
42 46
223 237
227 230
247 251
691 695
251 252
434 436
624 626
821 824
189 190
122 131
363 375
146 147
240 250
769 774
903 907
142 159
131 138
904 906
528 534
585 587
268 273
23 25
409 413
796 799
726 728
250 257
144 158
364 377
922 933
64 69
944 949
961 969
231 235
235 236
188 190
173 174
121 133
373 374
746 752
340 353
880 886
282 294
905 915
304 306
900 914
546 554
106 117
505 512
343 352
729 736
262 270
210 215
841 847
1 16
721 737
741 750
195 198
655 658
200 208
592 594
862 870
172 174
87 93
125 138
208 218
923 927
333 334
890 893
686 690
946 955
323 328
347 350
241 247
834 836
191 193
894 896
5 13
427 439
929 937
380 397
643 647
886 899
660 670
365 368
921 922
848 854
189 194
762 772
787 789
165 169
743 748
874 877
670 674
329 336
402 412
995 999
908 918
47 58
430 438
503 516
481 494
541 544
301 315
709 718
545 549
784 795
107 116
141 146
40 59
212 217
502 503
420 430
849 852
645 659
866 874
12 16
361 370
306 309
201 217
664 671
884 890
153 158
245 256
580 595
905 911
349 354
684 689
775 778
832 836
82 95
983 999
477 478
776 779
945 948
620 626
489 496
845 851
646 652
44 54
281 284
443 451
48 49
462 477
667 675
486 487
200 204
823 828
682 688
629 637
760 772
500 519
985 993
582 589
87 97
91 98
205 214
828 837
6 9
868 874
392 397
711 716
241 258
665 672
190 197
781 798
963 967
820 836
587 595
422 424
260 275
526 530
203 219
366 373
742 752
907 909
804 807
570 577
860 875
293 294
566 573
751 755
882 894
562 576
708 710
41 55
740 759
522 526
264 274
744 754
765 772
329 332
278 279
524 539
62 430
602 611
930 938
350 357
683 686
706 709
505 508
782 790
254 257
571 577
454 455
861 871
922 925
801 808
735 739
174 177
103 117
361 366
468 470
692 694
783 793
221 234
844 857
225 239
560 572
282 286
49 57
909 915
931 935
382 391
116 119
484 499
853 854
183 195
21 36
901 916
940 958
867 870
7 17
465 474
780 791
105 115
489 492
949 952
129 131
148 153
438 439
702 704
586 597
275 278
510 517
521 530
423 438
261 279
324 329
0 15
181 192
440 454
685 688
483 488
502 516
507 510
994 996
760 766
100 103
924 927
124 125
413 414
968 971
403 408
160 163
473 476
882 896
76 79
722 729
501 502
921 929
85 88
393 396
308 313
166 171
4 18
723 730
886 890
320 327
688 695
288 293
491 494
951 954
740 747
264 270
744 750
964 979
469 475
108 109
37 39
835 838
503 716
822 828
749 756
311 313
121 127
362 371
608 615
770 778
466 469
267 268
533 537
73 77
220 228
644 646
224 239
405 406
870 874
451 456
641 648
475 478
590 597
520 539
701 708
962 964
728 734
343 351
92 93
395 398
841 850
1 11
348 358
901 904
281 299
390 391
634 635
690 697
105 111
565 571
493 496
243 249
447 451
34 36
471 473
915 917
772 778
521 526
404 406
261 267
10 13
724 735
161 175
253 257
209 219
229 232
143 152
846 857
941 955
321 338
394 398
124 129
820 828
270 277
401 410
242 244
543 552
618 619
547 557
184 197
42 47
223 236
227 233
247 250
691 694
251 255
434 437
624 627
122 128
363 374
769 773
240 251
903 906
249 259
51 53
142 156
904 907
245 247
528 535
585 586
268 274
23 24
409 412
726 729
602 603
144 159
364 378
934 938
922 930
64 70
944 950
961 968
231 234
235 239
188 191
121 132
746 753
340 354
880 887
282 295
905 914
304 307
272 273
900 915
546 555
106 114
505 519
343 355
262 271
210 212
11 13
841 846
721 736
149 151
741 749
200 209
592 595
862 871
172 175
87 92
125 137
381 383
208 219
81 99
923 926
686 691
946 952
323 331
241 246
834 837
561 571
191 192
894 897
5 12
427 438
929 936
380 398
643 646
886 896
660 671
365 367
848 855
189 193
762 773
708 739
145 155
787 788
165 168
576 577
743 751
670 675
402 413
995 998
689 695
908 919
430 439
503 519
481 493
301 314
709 717
545 548
784 796
107 119
141 145
36 953
672 673
212 218
588 589
420 431
774 778
645 658
866 875
12 17
361 369
487 497
201 216
884 891
153 157
905 910
349 353
684 690
480 496
832 837
82 92
983 998
620 627
845 850
646 653
44 55
443 450
667 674
48 50
200 205
823 831
682 689
629 636
703 709
760 773
500 512
985 992
87 96
369 379
205 213
828 838
6 14
868 875
392 398
428 436
711 719
241 257
665 679
704 843
781 797
963 966
820 837
587 594
345 355
968 976
422 425
526 531
203 218
366 378
742 753
66 78
907 908
860 868
942 946
751 754
882 895
562 577
708 711
41 54
740 752
522 527
264 275
744 755
302 303
670 671
765 771
524 532
602 608
605 607
930 939
140 156
782 791
571 576
861 870
754 758
926 930
801 815
735 738
763 765
103 116
361 365
468 471
508 516
692 695
783 792
221 233
844 858
701 703
225 238
560 573
45 59
282 287
49 56
909 914
931 934
382 388
729 735
183 194
21 35
901 915
940 959
867 873
7 16
465 473
780 784
105 114
291 293
129 130
148 154
702 705
285 287
586 594
521 529
423 433
261 278
300 316
923 937
747 749
324 330
440 455
685 687
885 887
483 491
502 517
994 997
760 767
816 817
124 126
968 972
403 411
561 579
160 164
68 597
843 857
882 897
354 358
722 726
921 928
731 733
400 401
308 314
166 168
4 19
723 733
460 461
596 597
886 891
288 294
61 79
904 912
264 271
744 751
469 474
108 110
37 38
222 226
822 829
749 755
311 312
121 126
362 368
509 511
770 779
267 271
73 76
533 536
220 229
644 647
22 23
870 875
451 459
641 655
701 707
962 965
728 735
343 350
92 94
276 277
206 210
841 849
1 10
348 359
281 298
690 694
105 110
565 570
569 575
493 495
370 378
243 248
447 450
34 37
785 795
471 472
915 916
772 779
521 525
404 407
668 676
261 266
724 728
161 174
253 256
209 218
143 155
665 671
540 541
941 954
321 337
394 399
124 130
820 829
345 347
401 409
972 976
242 245
705 715
800 801
543 555
547 556
553 559
184 198
989 991
42 44
223 239
227 232
265 267
691 697
981 991
251 254
624 628
122 129
397 399
769 772
165 179
240 252
633 635
249 258
51 52
142 157
904 908
245 246
268 275
23 27
726 734
364 379
934 939
922 931
64 71
944 951
961 975
235 238
420 436
121 139
340 355
396 397
805 807
617 619
465 758
282 292
905 913
304 308
272 274
55 57
755 757
889 895
546 552
693 695
106 115
505 518
343 354
983 989
262 268
210 213
11 12
841 845
988 996
149 150
741 748
525 539
200 210
592 596
862 868
24 32
87 95
125 136
381 382
81 98
101 111
134 135
686 688
890 891
873 879
946 953
980 981
323 330
241 245
561 570
191 195
123 137
5 11
380 399
643 649
886 897
269 279
660 664
365 366
189 192
762 770
145 154
787 791
700 716
576 578
743 750
874 875
670 672
402 410
689 694
908 912
430 436
503 518
481 492
301 313
709 716
925 927
784 797
107 118
141 144
672 674
212 219
588 590
420 424
774 779
645 657
866 872
12 18
361 368
69 79
306 307
487 496
153 156
707 709
905 909
429 439
858 859
349 352
684 691
480 497
832 838
82 93
983 993
845 849
738 739
44 48
443 453
667 677
48 51
200 206
823 830
629 635
703 708
760 774
997 999
500 513
985 999
87 99
369 378
205 212
828 839
6 15
392 399
428 437
711 718
241 256
665 678
781 796
963 969
820 838
587 597
345 354
968 977
642 654
422 430
526 528
366 379
742 758
66 79
907 911
860 869
630 631
942 947
570 574
882 892
326 327
916 917
41 53
740 753
522 524
264 276
445 459
744 756
765 770
524 533
602 609
605 606
930 936
706 707
140 157
782 788
571 579
861 869
754 759
614 615
922 923
926 931
965 967
801 814
330 334
554 558
763 764
103 119
361 364
508 517
783 795
310 311
221 232
793 799
701 702
225 237
560 574
844 859
45 58
282 284
712 713
909 913
931 937
658 659
382 389
928 929
603 609
729 734
21 34
901 914
650 658
867 872
7 19
465 472
940 952
780 785
105 113
529 535
291 292
148 155
702 710
242 778
285 286
586 595
521 528
423 432
261 277
498 499
300 317
923 936
747 748
324 331
0 1
440 456
685 686
885 886
483 490
461 479
816 818
124 127
968 973
642 658
403 410
725 739
561 578
160 165
843 856
354 359
722 727
933 935
921 935
89 99
731 732
400 402
308 315
166 169
723 732
460 462
596 598
886 888
212 351
766 770
288 295
61 78
904 913
469 473
108 111
222 227
749 754
753 759
311 315
442 454
121 125
362 369
509 510
770 776
383 389
46 47
466 467
267 270
926 927
220 230
224 225
870 872
451 458
641 654
701 706
763 777
343 345
92 95
276 278
206 211
841 848
254 255
1 9
348 352
741 759
44 105
281 297
690 695
105 109
565 569
569 574
493 494
370 379
243 251
890 898
785 794
471 475
915 919
521 524
668 677
261 265
10 11
724 729
985 991
161 173
648 649
209 217
323 337
143 154
665 670
540 542
941 953
321 336
29 31
394 396
124 131
820 830
345 346
401 408
972 977
167 177
705 714
800 802
543 554
547 559
289 291
553 558
184 199
989 990
42 45
223 238
227 235
265 266
691 696
981 990
434 435
624 629
998 999
397 398
165 178
240 253
633 634
249 257
51 55
904 909
222 223
23 26
726 735
987 989
144 145
364 372
934 936
922 928
961 974
420 437
83 85
121 138
396 398
805 806
617 618
282 293
905 912
304 309
272 275
55 56
755 756
889 894
546 553
693 694
106 112
505 517
253 255
983 988
262 269
11 15
841 844
988 997
741 747
525 538
200 211
592 597
862 869
24 33
87 94
125 135
966 967
20 21
81 97
101 110
43 45
686 689
946 950
873 878
980 982
323 333
237 239
241 244
794 798
190 191
561 569
191 194
834 835
123 136
5 10
380 392
643 648
269 278
660 665
950 951
921 927
762 771
89 91
145 153
787 790
700 717
576 579
743 745
670 673
402 411
689 693
389 687
908 913
430 437
503 513
406 418
481 483
301 312
709 715
636 637
784 798
925 926
141 143
567 573
672 675
588 591
420 425
774 776
645 656
866 873
463 469
12 19
361 375
69 78
487 499
175 577
707 708
905 908
429 438
480 498
832 839
82 90
983 992
720 728
620 621
845 848
44 49
443 452
667 676
48 52
200 207
823 825
629 634
703 711
760 775
997 998
500 514
985 998
87 98
324 336
369 377
205 211
828 832
6 12
483 497
428 438
711 713
665 677
781 795
963 968
820 839
587 596
345 353
968 978
327 337
642 655
422 431
526 529
449 451
604 605
511 517
366 376
742 759
66 76
907 910
180 196
860 870
902 903
942 944
431 437
570 575
882 893
916 918
41 52
773 779
740 754
522 525
264 277
445 458
744 757
765 769
524 534
930 937
127 137
84 92
140 158
782 789
571 578
861 868
754 756
926 928
965 966
801 813
330 335
554 559
763 767
103 118
508 518
783 794
221 231
793 798
844 852
225 236
560 575
45 57
282 285
712 714
909 912
931 936
382 394
928 930
563 565
603 608
729 733
417 419
21 33
901 913
650 659
867 875
7 18
465 479
940 953
780 786
105 112
529 534
291 295
702 711
586 592
521 535
24 25
423 435
261 276
300 318
923 939
747 751
0 2
440 457
483 493
994 995
461 478
816 819
321 331
968 974
642 659
403 413
725 738
561 577
160 166
843 859
42 54
354 356
722 724
523 525
933 934
661 663
921 934
89 98
731 735
400 403
166 174
723 735
460 463
596 599
886 889
766 771
61 77
904 914
585 595
469 472
222 224
246 250
268 504
749 753
753 758
311 314
442 455
121 124
283 285
70 71
770 777
383 388
628 629
220 231
224 226
371 373
870 873
641 653
130 138
701 705
962 963
763 776
343 344
276 279
206 208
230 234
841 855
1 8
348 353
741 758
281 296
690 692
105 108
565 568
569 573
806 818
54 55
612 613
370 376
243 250
890 899
34 35
750 751
471 474
785 793
915 918
385 395
668 678
261 264
724 730
985 990
161 172
648 650
209 216
323 336
665 669
540 543
941 952
29 30
394 397
820 831
401 415
972 978
313 315
167 176
242 243
705 713
800 803
547 558
289 290
553 557
223 233
227 234
691 699
981 989
624 630
180 188
165 177
240 254
249 256
51 54
904 910
27 33
585 591
268 269
297 299
726 732
987 988
144 146
435 437
364 373
934 937
922 929
207 217
961 973
718 719
420 438
83 84
121 137
396 399
282 290
905 919
304 310
272 276
55 59
755 759
186 198
889 893
102 114
546 550
983 991
106 113
505 516
253 254
182 186
210 211
814 815
11 14
988 998
741 746
525 537
200 212
592 598
862 874
24 34
87 89
125 134
531 533
823 837
20 22
81 96
101 109
548 556
43 44
686 694
946 951
873 877
980 983
323 332
237 238
794 799
561 568
123 139
5 9
380 393
643 651
610 618
269 277
803 805
660 666
921 926
762 768
89 90
145 152
787 793
700 718
522 534
743 744
670 678
292 296
700 701
402 408
689 692
908 914
178 179
503 512
387 389
481 482
406 419
301 311
709 714
636 638
784 799
141 142
567 572
672 676
420 426
774 777
866 870
463 468
361 374
69 77
487 498
328 329
707 711
429 437
684 685
480 499
82 91
504 505
983 995
720 729
620 622
845 847
44 50
443 455
667 679
48 53
626 638
823 824
629 633
703 710
760 776
500 515
985 997
324 337
369 376
205 210
828 833
6 13
483 496
428 439
711 712
534 535
665 676
63 69
781 794
963 971
530 538
488 489
587 599
345 352
820 832
327 336
642 652
968 979
422 428
526 534
449 450
604 606
511 516
366 377
742 756
66 77
180 197
860 871
942 945
431 436
570 572
882 890
653 659
916 919
41 59
331 337
773 778
740 755
264 278
445 457
302 306
744 758
765 768
472 473
202 206
524 535
930 934
127 136
84 93
140 159
782 794
857 859
861 867
754 757
926 929
801 812
330 332
554 556
763 766
103 113
508 519
221 230
793 797
844 853
225 227
45 56
712 715
286 290
909 911
931 939
382 395
441 443
258 259
928 931
563 564
603 611
729 732
379 643
417 418
21 32
901 912
650 656
867 874
7 13
465 478
940 954
780 787
105 119
529 533
291 294
129 135
702 708
586 593
521 534
24 26
423 434
261 275
850 858
300 319
923 938
747 750
0 3
440 458
483 492
440 441
80 96
425 427
461 477
321 330
968 975
642 656
403 412
725 737
561 576
446 450
160 167
843 858
42 55
354 357
722 725
523 524
190 967
661 662
921 933
89 97
731 734
400 404
826 838
166 175
723 734
886 894
193 195
766 768
424 425
61 76
904 915
585 594
222 225
246 251
749 752
753 757
442 452
283 284
770 774
383 391
628 630
631 637
220 224
224 227
371 372
870 878
641 652
130 139
701 704
763 779
343 347
206 209
230 235
841 854
1 15
348 354
741 757
690 693
569 572
806 819
58 59
612 614
370 377
243 253
890 896
785 792
181 191
385 394
668 679
724 731
985 989
161 163
342 354
932 936
648 651
581 591
323 339
665 668
651 657
941 951
820 824
401 414
972 979
313 314
167 179
705 712
800 804
344 352
553 556
42 43
223 232
227 237
691 698
981 988
624 631
180 189
332 336
65 75
165 176
240 255
51 57
341 351
904 911
27 32
585 590
268 270
917 919
297 298
726 733
987 991
144 147
435 436
364 374
188 196
207 216
961 972
527 533
420 439
83 87
121 136
282 291
905 918
304 311
272 277
55 58
755 758
186 199
480 488
889 892
102 115
546 551
983 990
676 934
182 187
367 373
988 999
115 117
741 745
525 536
68 69
200 213
592 599
862 875
24 35
87 88
125 133
531 532
823 836
20 23
101 108
548 557
842 846
43 47
686 695
946 948
873 876
323 335
351 357
794 796
561 575
123 138
485 495
5 8
52 53
380 394
643 650
610 619
204 216
269 276
803 804
660 667
75 77
535 537
921 925
762 769
213 215
503 509
145 159
787 792
700 719
522 535
743 747
448 456
670 679
292 297
700 702
402 409
908 915
503 515
60 76
387 388
406 416
683 697
301 310
709 713
636 639
567 575
672 677
625 635
420 427
866 871
463 471
12 13
361 373
69 76
487 493
328 330
707 710
429 436
684 686
82 88
504 506
983 994
720 730
620 623
845 846
44 51
443 454
667 678
48 54
626 639
823 827
629 632
703 705
760 777
985 996
324 338
205 209
828 834
483 499
428 432
711 715
63 68
781 793
963 970
357 359
530 539
488 490
587 598
345 359
820 833
327 339
642 653
422 429
526 535
855 857
604 607
511 519
742 757
66 74
804 812
180 198
860 864
942 950
431 439
570 573
882 891
653 658
41 58
331 336
773 777
522 523
264 279
445 456
302 307
744 759
472 474
202 207
421 431
524 528
930 935
127 139
541 543
84 94
140 152
782 795
857 858
861 866
926 934
801 803
982 994
330 333
554 557
103 112
508 512
384 392
221 229
793 796
844 854
560 561
225 226
45 55
282 283
712 716
286 291
909 910
931 938
325 327
382 392
441 442
928 932
563 567
603 610
984 992
650 657
867 877
7 12
465 477
940 955
105 118
529 532
72 73
291 297
129 134
702 709
656 657
521 533
24 27
423 429
261 274
850 859
10 18
300 312
0 4
440 459
648 656
595 597
483 495
440 442
80 97
425 426
461 476
100 108
321 329
642 657
403 415
725 736
446 451
765 767
42 52
523 527
265 275
790 791
921 932
85 99
89 96
640 656
400 405
826 839
166 172
723 737
886 895
193 194
766 769
532 533
424 426
61 75
904 916
585 593
222 230
246 248
749 751
753 756
442 453
283 287
770 775
383 390
628 631
631 636
46 50
970 974
220 225
224 228
371 375
870 879
641 643
130 136
991 997
763 778
286 287
343 346
206 214
230 232
841 853
1 14
348 355
741 756
569 579
806 816
612 615
370 374
243 252
993 995
890 897
30 34
785 799
181 190
185 187
385 393
668 672
101 119
985 988
161 162
342 355
932 937
648 652
284 296
581 590
323 338
651 656
941 950
583 597
394 395
820 825
345 351
401 413
167 178
5 19
705 719
800 805
344 353
643 657
223 235
227 236
265 271
981 987
549 551
180 190
184 185
169 171
332 337
65 74
363 365
633 639
51 56
341 350
27 35
585 589
268 271
917 918
239 788
987 990
144 148
435 439
364 375
188 197
207 219
961 963
527 532
420 432
168 169
83 86
282 288
905 917
943 949
272 278
186 196
480 489
102 112
546 548
983 985
182 184
367 372
988 992
721 731
115 116
741 744
443 445
525 535
68 70
200 214
862 872
24 36
906 910
87 91
125 132
531 535
823 839
101 107
927 933
548 558
290 298
842 847
43 46
686 692
946 949
963 977
323 334
509 519
351 356
794 797
561 574
485 494
761 771
427 429
86 98
929 931
52 54
380 395
643 653
610 616
757 759
204 217
269 275
803 807
660 676
75 76
535 536
921 924
213 214
503 508
145 158
787 795
700 712
536 537
522 532
743 746
448 457
670 676
88 96
292 298
700 703
402 406
503 514
60 77
387 391
406 417
683 696
301 309
709 712
784 785
567 574
376 377
672 678
625 634
866 868
463 470
12 14
361 372
69 75
487 492
328 331
707 713
429 435
684 687
82 89
504 507
893 895
720 731
48 55
360 361
626 636
823 826
682 698
703 704
760 778
582 583
324 339
111 117
205 208
828 835
483 498
428 433
711 714
381 399
63 71
781 792
963 973
357 358
530 536
488 491
820 834
345 358
877 879
327 338
642 650
526 532
855 856
15 17
511 518
203 209
742 746
66 75
344 345
804 813
180 199
860 865
942 951
431 438
566 567
882 888
653 657
708 716
41 57
331 339
773 776
445 455
669 679
302 304
472 475
202 204
421 430
524 529
930 932
127 138
541 542
84 95
140 153
782 792
861 865
754 755
926 935
801 802
982 995
103 115
468 476
508 513
384 393
221 228
844 855
560 562
45 54
49 51
712 717
286 288
325 326
382 393
928 933
563 566
603 613
984 993
881 891
940 948
867 876
7 15
465 476
780 781
105 117
710 714
72 74
291 296
129 133
702 714
656 658
521 532
24 28
423 428
261 273
850 856
10 19
300 313
0 5
648 657
243 257
595 596
483 494
440 443
294 298
80 98
461 475
100 109
321 328
967 977
403 414
446 448
765 766
470 474
694 698
42 53
960 976
354 355
722 723
523 526
265 274
921 939
85 98
640 657
400 406
826 836
166 173
723 736
886 892
766 774
532 534
424 427
61 74
904 917
585 592
222 231
246 249
749 750
442 450
283 286
568 576
770 772
383 385
631 639
46 51
970 975
220 226
644 652
224 229
371 374
870 876
641 642
130 137
991 996
797 799
206 215
230 233
841 852
1 13
741 755
690 691
569 578
806 817
128 136
370 375
243 255
993 994
447 457
30 35
750 754
785 798
181 189
185 186
385 392
404 412
668 673
101 118
506 518
621 639
342 352
932 938
648 653
284 297
581 589
110 111
418 419
651 659
941 949
583 596
820 826
912 913
345 350
401 412
972 973
167 173
5 18
705 718
800 806
344 354
289 295
643 656
223 234
227 239
265 270
981 986
549 550
180 191
734 738
184 186
169 170
332 338
65 73
122 138
363 364
240 241
633 638
51 59
341 349
27 34
585 588
406 410
144 149
435 438
364 368
188 198
207 218
961 962
411 417
527 535
788 789
420 433
168 170
83 89
328 336
282 289
905 916
943 948
272 279
186 197
480 490
102 113
546 549
983 984
182 185
367 375
814 818
984 985
988 993
721 730
115 119
443 444
525 534
68 71
486 498
200 215
862 873
24 37
906 911
30 31
87 90
125 131
531 534
823 838
495 497
208 209
101 106
927 932
548 559
290 299
842 844
777 779
686 693
247 257
963 976
488 496
509 518
114 118
351 359
561 573
485 493
761 770
501 519
427 428
123 125
86 99
929 930
52 55
380 388
643 652
610 617
757 758
204 218
269 274
803 806
660 677
75 79
535 539
503 511
89 95
145 157
787 794
700 713
536 538
522 533
448 458
670 677
88 97
292 299
402 407
908 909
952 953
60 78
387 390
481 487
683 699
301 308
283 297
784 786
107 109
567 569
273 275
60 61
376 378
672 679
625 633
866 869
463 465
12 15
361 379
69 74
487 495
328 332
707 712
429 434
82 86
504 508
893 894
767 773
720 732
936 937
802 814
646 647
44 45
360 362
626 637
682 699
703 707
760 779
111 116
205 207
428 434
381 398
609 619
63 70
781 791
963 972
530 537
488 492
820 835
345 357
877 878
327 333
642 651
526 533
449 455
855 859
15 16
511 513
203 208
497 499
742 747
66 72
344 346
804 814
180 192
860 866
942 948
431 433
570 571
882 889
653 656
708 717
41 56
331 338
424 432
445 454
669 678
302 305
472 476
202 205
421 429
524 530
818 819
13 19
602 618
930 933
112 210
3 5
84 88
140 154
782 793
861 864
926 932
982 992
415 417
330 331
554 555
103 114
468 477
508 514
384 394
221 227
844 848
560 563
45 53
49 50
712 718
286 289
382 398
349 351
120 121
928 934
563 569
603 612
984 994
881 890
940 949
867 879
7 14
465 467
780 782
105 116
802 818
710 715
72 75
291 299
129 132
702 715
656 659
521 539
24 29
423 431
261 272
811 817
850 857
10 16
300 314
0 6
648 658
243 256
595 599
440 444
294 299
80 99
461 474
100 110
321 335
104 105
967 976
492 496
403 417
446 449
838 839
470 475
694 699
42 50
960 977
501 511
265 273
627 629
921 938
85 97
640 658
400 407
826 837
723 739
886 893
766 775
532 535
424 428
61 73
904 918
585 599
88 89
17 35
222 228
246 254
822 823
164 165
442 451
362 378
568 577
770 773
383 384
631 638
46 48
340 341
970 972
220 227
644 653
224 230
371 377
405 415
560 576
870 877
887 897
130 134
991 999
797 798
206 212
230 238
512 513
841 859
1 12
741 754
569 577
128 137
370 372
243 254
263 277
447 456
30 32
750 755
785 797
181 188
385 399
404 413
668 674
101 117
506 519
621 638
342 353
932 939
648 654
284 298
581 588
651 658
601 611
941 948
583 599
820 827
912 914
345 349
401 403
972 974
313 319
167 172
5 17
705 717
62 66
407 413
800 807
213 478
344 355
289 294
643 659
227 238
265 269
981 985
180 184
734 739
184 187
332 339
65 72
122 139
363 367
240 242
633 637
51 58
341 348
98 99
558 559
978 979
27 37
736 737
406 411
869 871
144 150
364 369
188 199
411 416
527 534
788 790
420 434
168 171
277 279
83 88
766 767
328 337
2 14
943 951
186 194
480 491
102 118
983 987
824 832
182 190
367 374
663 677
814 819
984 986
988 994
721 729
115 118
443 447
525 533
486 499
200 216
862 878
24 38
906 908
531 537
125 130
823 833
495 496
208 210
101 105
927 935
548 552
452 453
290 296
842 845
437 439
777 778
686 698
247 256
946 947
963 979
488 497
509 517
114 119
351 358
794 795
561 572
485 492
837 839
761 769
407 417
501 518
427 431
123 124
86 96
380 389
643 655
610 614
458 459
204 219
132 136
584 585
269 273
803 809
18 19
660 678
75 78
535 538
734 735
503 510
251 257
89 94
145 156
787 797
436 437
700 714
536 539
522 530
448 459
88 98
202 214
402 404
908 910
952 954
60 79
387 393
481 486
683 698
301 307
283 296
784 787
107 108
567 568
571 573
273 274
60 62
376 379
625 632
463 464
361 378
69 73
487 494
328 333
2 18
150 154
831 837
707 715
429 433
82 87
45 97
504 509
767 772
720 733
936 938
802 815
555 557
44 46
360 363
626 634
682 696
702 703
703 706
111 119
205 206
389 391
428 435
381 397
609 618
425 435
540 556
152 277
63 65
781 790
963 975
530 534
214 215
488 493
345 356
327 332
642 648
526 538
449 454
601 603
798 799
855 858
15 19
511 512
203 211
497 498
742 744
66 73
344 347
804 815
180 193
860 867
942 949
431 432
882 886
388 389
653 655
708 718
697 699
424 433
445 453
669 677
302 310
891 893
472 477
421 428
524 531
13 18
602 619
3 4
84 89
374 375
140 155
782 798
926 933
982 993
415 416
103 109
468 478
508 515
384 395
681 683
221 226
844 849
225 231
560 564
45 52
712 719
286 294
875 877
382 399
441 447
349 350
120 122
928 935
563 568
603 615
984 995
881 889
940 950
867 878
7 9
465 466
780 783
358 359
710 712
802 819
72 76
291 298
702 712
521 538
24 30
423 430
811 816
850 854
10 17
300 315
342 346
0 7
648 659
243 259
595 598
581 599
347 353
440 445
294 296
425 431
461 473
100 111
321 334
104 106
967 979
492 497
403 416
446 454
470 472
694 696
42 51
960 978
501 510
265 272
865 875
627 628
921 937
955 957
85 96
640 659
71 77
826 834
723 738
193 199
766 772
255 257
424 429
61 72
613 619
904 919
585 598
88 90
222 229
246 255
175 177
164 166
442 448
362 379
568 578
383 387
168 176
631 633
46 49
340 342
970 973
644 654
224 231
371 376
405 414
560 577
154 158
887 896
771 773
130 135
991 998
206 213
600 608
230 239
512 514
841 858
1 3
914 918
741 753
569 576
128 138
370 373
263 276
447 459
30 33
750 752
785 796
181 187
385 398
404 414
668 675
101 116
506 516
621 637
161 167
342 358
842 854
648 655
209 211
284 299
581 587
941 947
601 610
583 598
912 915
345 348
401 402
972 975
313 318
167 175
5 16
705 716
62 67
407 412
344 356
289 293
643 658
265 268
981 984
566 578
180 185
734 736
184 188
65 79
122 136
363 366
240 243
633 636
795 797
341 347
623 629
245 255
27 36
736 738
883 885
406 408
869 870
144 151
364 370
188 192
922 938
411 419
527 529
788 791
420 435
168 172
277 278
83 91
328 338
2 15
943 950
607 613
186 195
480 492
102 119
546 547
983 986
824 833
182 191
367 369
663 676
262 263
814 816
984 987
988 995
37 889
721 728
149 159
443 446
525 532
360 368
486 496
200 217
862 879
24 39
906 909
531 536
125 129
825 827
823 832
495 499
208 211
81 91
704 712
101 104
927 934
548 553
452 454
290 297
437 438
591 597
924 936
686 699
247 259
963 978
266 270
980 988
488 498
509 516
114 116
351 353
561 563
485 491
837 838
761 768
407 416
501 517
427 430
123 127
86 97
380 390
643 654
610 615
204 212
132 137
584 586
269 272
803 808
660 679
809 811
503 505
251 256
89 93
947 949
145 147
326 338
436 438
700 715
787 796
151 157
522 531
830 834
88 99
202 215
402 405
421 439
335 337
908 911
952 955
60 72
387 392
481 485
301 306
283 299
784 788
107 111
567 571
571 572
60 63
982 986
625 639
866 867
463 467
361 377
69 72
487 489
328 334
2 19
150 155
831 836
707 714
429 432
25 35
82 84
504 510
767 775
453 459
720 734
936 939
21 23
802 812
555 556
44 47
360 364
626 635
682 697
703 717
111 118
369 371
389 390
381 396
609 617
425 434
540 557
100 116
63 64
464 472
544 552
781 789
530 535
488 494
963 974
327 335
642 649
526 539
449 453
601 602
15 18
511 515
203 210
742 745
66 70
344 348
804 808
180 194
942 954
431 435
640 648
821 839
455 457
882 887
388 390
653 654
708 719
697 698
424 434
445 452
669 676
302 311
891 892
472 478
202 203
421 427
840 841
13 17
602 616
622 623
930 931
3 7
84 90
140 148
782 799
926 938
801 807
982 998
415 419
103 108
468 479
384 396
681 682
221 225
844 850
225 230
560 565
45 51
286 295
875 876
382 396
441 446
120 123
563 571
603 614
984 996
881 888
940 951
7 8
802 816
710 713
72 77
702 713
864 872
521 537
24 31
423 425
811 819
850 855
300 308
923 929
342 347
243 258
885 895
581 598
347 352
440 446
294 297
425 430
461 472
100 104
321 333
104 107
967 978
492 498
403 419
446 455
470 473
109 119
694 697
843 849
42 48
960 979
133 135
501 509
265 279
714 718
865 874
627 631
921 936
169 179
955 956
71 76
826 835
320 336
193 198
766 773
255 256
424 430
61 71
613 618
585 597
88 91
222 234
246 252
175 176
164 167
662 674
737 739
442 449
50 58
362 376
568 579
953 955
770 771
383 386
168 177
631 632
46 54
340 343
644 655
371 379
405 413
560 578
154 159
887 899
641 647
771 772
130 132
991 993
25 27
206 218
600 609
230 236
512 515
305 315
841 857
163 165
1 2
914 919
741 752
372 373
871 877
128 139
937 939
993 999
906 918
263 279
447 458
30 38
750 753
785 787
181 186
966 978
185 191
572 573
385 397
404 415
101 115
724 736
506 517
621 636
161 166
342 359
842 855
975 977
209 210
284 292
581 586
110 114
941 946
601 609
583 593
912 916
313 317
167 174
705 707
62 64
407 415
156 157
356 357
86 90
344 357
289 292
494 495
981 999
566 579
180 186
734 737
184 189
169 175
332 333
556 557
687 693
65 78
122 137
240 244
795 796
341 346
623 628
94 98
717 719
245 254
27 39
249 251
732 736
736 739
883 884
406 409
364 371
188 193
922 939
961 967
411 418
527 528
168 173
83 90
671 677
328 339
805 815
2 12
943 945
607 612
186 192
480 493
102 116
233 235
824 834
182 188
367 368
663 679
814 817
673 675
984 988
309 311
721 735
149 158
462 463
525 531
360 369
486 497
768 776
200 218
862 876
531 539
125 128
825 826
823 835
20 28
495 498
208 212
81 90
704 713
927 929
548 554
452 455
290 294
842 843
591 596
924 937
686 696
247 258
266 271
980 989
488 499
509 515
733 739
114 117
351 352
561 562
123 129
485 490
748 756
32 320
761 775
632 633
407 419
501 516
137 139
123 126
929 935
380 391
610 612
204 213
132 138
902 914
977 979
584 587
269 271
803 811
660 672
809 810
762 778
503 504
251 259
89 92
947 948
145 146
326 339
436 439
700 708
787 799
151 156
522 528
830 835
445 447
202 212
421 438
335 336
822 834
952 956
60 73
387 395
481 484
616 617
301 305
283 298
784 789
107 110
567 570
571 575
982 987
625 638
330 338
463 466
361 376
487 488
328 335
2 16
150 152
831 839
707 717
444 445
580 581
429 431
25 34
82 85
504 511
767 774
971 977
453 458
720 735
21 22
600 601
802 813
128 196
555 559
360 365
676 677
626 632
863 869
703 716
162 174
111 113
369 370
6 7
428 429
564 565
381 395
609 616
425 433
540 558
100 117
63 67
464 473
104 112
544 553
530 532
488 495
587 589
781 788
327 334
642 646
260 261
725 727
526 536
449 452
398 399
511 514
203 213
960 968
742 750
66 71
344 349
804 809
180 195
847 853
942 955
431 434
640 649
821 838
455 456
882 884
95 97
388 391
708 712
424 435
208 538
445 451
669 675
302 308
891 895
472 479
421 426
500 501
524 525
840 842
13 16
602 617
3 6
84 91
140 149
782 796
913 915
926 939
965 975
801 806
982 999
415 418
103 111
468 472
692 696
550 554
384 397
221 224
844 851
225 229
560 566
45 50
49 55
286 292
875 879
382 397
441 445
120 124
484 485
563 570
984 997
881 895
940 944
7 11
802 817
710 718
72 78
702 718
864 873
521 536
811 818
423 424
850 852
300 309
923 928
342 344
162 178
789 791
885 894
581 597
347 355
440 447
425 429
171 177
100 105
461 471
321 332
104 108
967 973
492 499
403 418
446 452
470 478
109 118
843 848
113 115
42 49
133 134
501 508
265 278
714 719
865 873
627 630
169 178
955 959
71 79
826 832
320 337
193 197
766 778
255 259
424 431
61 70
613 617
585 596
88 92
964 965
222 235
246 253
175 179
662 675
737 738
50 59
362 377
953 954
383 397
628 636
168 178
631 635
46 55
970 971
644 648
371 378
405 412
560 579
154 156
887 898
641 646
771 775
130 133
991 992
763 769
948 949
25 26
206 219
600 610
230 237
512 516
305 314
841 856
163 164
914 916
372 374
871 876
937 938
370 371
993 998
906 919
263 278
30 39
750 758
785 786
181 185
966 979
185 190
572 574
385 396
404 408
101 114
724 737
506 514
621 635
161 165
342 356
842 852
43 57
975 976
284 293
581 585
110 115
941 945
601 608
583 592
912 917
313 316
167 169
705 706
407 414
62 65
156 158
356 358
86 91
344 358
981 998
584 592
566 576
180 187
184 190
169 174
332 334
556 558
687 692
65 77
240 245
795 799
562 574
341 345
623 631
94 99
717 718
245 253
27 38
249 250
732 737
883 887
406 414
575 577
726 727
188 194
922 936
338 339
961 966
527 531
168 174
83 93
373 379
671 676
805 814
2 13
943 944
607 615
186 193
900 901
480 494
542 546
102 117
233 234
824 835
126 127
182 189
367 371
663 678
386 398
673 674
984 989
309 310
721 734
149 157
525 530
360 370
768 777
200 219
862 877
906 907
531 538
823 834
20 29
314 318
208 213
81 89
704 714
927 928
548 555
290 295
591 599
924 938
686 697
266 268
980 990
696 697
509 514
733 738
351 355
123 128
485 489
748 757
761 774
632 634
407 418
501 515
137 138
929 934
380 384
610 613
368 376
204 214
132 139
902 915
977 978
28 36
584 588
269 270
803 810
660 673
762 779
503 507
251 258
947 951
326 336
787 798
700 709
151 159
522 529
830 832
445 446
680 681
202 213
94 95
402 403
421 437
335 339
822 835
952 957
60 74
387 394
616 618
301 304
784 790
571 574
273 279
982 984
625 637
330 339
463 477
487 491
2 17
150 153
831 838
707 716
444 446
580 582
429 430
25 33
767 769
971 976
453 457
600 602
802 810
555 558
360 366
676 678
626 633
863 868
703 719
162 175
111 112
428 430
564 566
53 55
381 394
425 432
540 559
100 118
63 66
464 474
104 113
544 554
530 533
781 787
587 588
327 329
642 647
422 423
260 262
725 726
526 537
203 212
960 969
523 537
742 751
66 68
344 350
804 810
513 515
293 299
847 852
942 952
506 510
640 650
821 837
455 459
882 885
95 96
891 897
708 713
424 436
888 889
445 450
669 674
302 309
891 894
421 425
353 355
500 502
524 526
840 843
13 15
3 9
140 150
782 797
913 914
926 936
965 974
801 805
982 996
490 494
103 110
468 473
692 697
550 555
384 398
225 228
560 567
872 873
45 49
49 54
286 293
875 878
441 444
120 125
484 486
563 573
853 859
984 998
881 894
940 945
7 10
465 471
710 719
72 79
702 719
474 478
864 874
423 427
850 853
300 310
923 931
67 69
342 345
162 179
789 790
885 893
856 857
581 596
347 354
425 428
171 176
100 106
461 470
321 323
104 109
967 972
446 453
786 798
470 479
109 117
843 851
113 114
501 507
265 277
303 309
714 716
865 872
627 633
661 671
169 177
955 958
71 78
826 833
4 5
320 338
193 196
766 779
142 143
255 258
61 69
613 616
88 93
964 966
222 232
175 178
662 672
50 56
287 293
383 396
628 637
168 179
442 446
631 634
46 52
827 833
644 649
405 411
244 245
154 157
641 645
771 774
991 995
763 768
948 950
663 669
206 216
600 611
512 517
305 313
163 167
914 917
372 375
871 879
806 810
551 621
993 997
426 430
906 916
263 273
30 36
750 759
966 976
181 184
185 189
572 575
385 387
404 409
228 229
101 113
724 738
506 515
621 634
161 164
342 357
842 853
43 56
975 979
284 294
581 584
110 112
941 944
601 615
583 595
912 918
401 407
167 168
407 409
62 70
156 159
356 359
86 88
344 359
380 381
981 997
412 416
584 593
566 577
803 817
184 191
169 173
556 559
332 335
687 695
65 76
240 246
795 798
562 575
341 344
895 897
623 630
94 96
245 252
732 738
883 886
406 415
575 576
155 157
364 365
188 195
922 937
961 965
527 530
567 577
168 175
83 92
373 378
671 679
126 130
805 813
2 10
334 335
282 298
943 947
607 614
900 902
480 495
542 547
102 106
824 836
367 370
663 673
386 399
984 990
348 349
721 733
149 156
525 529
360 371
68 76
768 778
20 30
314 319
208 214
81 88
704 715
927 931
290 292
147 149
591 598
924 939
266 269
980 991
696 698
509 513
733 737
114 115
351 354
123 131
485 488
748 758
752 753
761 773
632 635
317 319
501 514
929 933
380 385
368 377
204 215
902 912
28 37
584 589
803 813
660 674
8 9
762 776
503 506
947 950
326 337
700 710
151 158
830 833
680 682
202 210
421 436
335 338
840 848
822 832
307 309
952 958
60 75
387 397
616 619
301 303
784 791
273 278
982 985
625 636
330 336
645 647
444 456
463 476
487 490
681 691
150 158
831 833
707 719
444 447
580 583
25 32
82 83
542 543
767 768
971 979
453 456
720 721
600 603
802 811
360 367
676 679
626 630
863 871
703 718
162 172
111 115
635 637
428 431
564 567
53 54
381 393
425 439
540 552
100 119
63 77
464 475
104 114
544 555
781 786
587 591
327 328
642 644
260 263
601 607
203 215
960 970
523 536
742 748
66 69
344 351
804 811
513 514
293 298
847 855
942 953
506 511
640 651
400 416
821 836
455 458
807 817
95 99
460 476
891 896
708 714
791 797
424 437
888 890
445 449
669 673
302 314
883 897
421 424
353 354
500 503
524 527
840 844
13 14
622 626
3 8
140 151
594 598
926 937
965 973
801 804
982 997
490 495
103 105
468 474
692 698
550 552
384 399
681 687
844 845
872 874
45 48
49 53
286 298
441 451
120 126
484 487
563 572
853 858
984 999
508 509
881 893
606 610
940 946
465 470
710 716
702 716
474 479
864 875
423 426
300 311
923 930
67 68
342 350
162 176
885 892
856 858
581 595
347 357
80 88
171 179
100 107
461 469
321 322
104 110
967 975
492 493
446 458
786 799
470 476
109 116
843 850
501 506
265 276
303 308
714 717
821 823
865 879
627 632
661 670
169 176
322 334
71 73
515 517
166 167
4 6
320 339
766 776
61 68
88 94
964 967
476 477
222 233
250 254
662 673
50 57
287 292
861 863
383 399
628 638
442 447
649 651
46 53
827 832
644 650
22 34
97 99
244 246
405 410
641 644
771 777
130 131
991 994
763 771
948 951
589 599
663 668
206 217
957 959
600 612
512 518
305 312
234 238
163 166
1 7
871 878
806 811
993 996
426 431
906 917
263 272
30 37
750 756
966 977
185 188
385 386
404 410
228 230
101 112
724 739
506 512
621 633
842 850
312 313
43 59
975 978
209 215
284 295
266 278
110 113
941 943
601 614
583 594
485 499
912 919
401 406
167 171
62 71
407 408
86 89
380 382
494 498
981 996
412 417
584 594
803 816
809 819
169 172
687 694
65 67
322 338
240 247
296 297
562 572
341 359
895 896
623 625
94 97
518 519
245 251
852 853
47 53
732 739
605 619
457 459
883 889
3 51
406 412
575 579
541 559
155 156
364 366
961 964
567 576
849 859
83 95
373 377
671 678
126 131
805 812
2 11
282 299
943 946
607 609
900 903
542 544
102 107
31 37
824 837
186 190
663 672
386 396
945 955
984 991
348 350
721 732
149 155
462 466
525 528
285 299
68 77
360 372
768 779
582 594
825 831
20 31
574 578
314 316
208 215
81 95
704 716
43 150
927 930
290 293
147 148
591 593
924 932
980 984
696 699
509 512
733 736
170 174
561 567
123 130
748 759
752 754
761 772
632 636
317 318
501 513
929 932
804 816
380 386
610 611
368 378
204 208
902 913
482 494
28 38
32 33
584 590
731 737
803 812
660 675
809 815
8 10
762 777
947 953
145 151
700 711
151 153
830 838
680 683
202 211
421 435
840 849
822 833
307 308
952 959
60 68
387 396
683 689
301 302
273 277
982 990
625 627
330 337
645 646
444 457
463 479
681 690
150 159
831 832
707 718
25 39
767 771
971 978
720 722
600 604
802 808
949 951
78 79
626 631
863 870
703 713
162 173
111 114
369 375
280 288
635 636
