300
0 74 1
0 248 1
1 85 1
1 138 1
2 77 1
2 94 1
3 42 1
3 166 1
4 263 1
4 291 1
5 211 1
5 219 1
6 43 1
6 144 1
7 19 1
7 188 1
8 82 1
8 210 1
9 85 1
9 254 1
10 231 1
10 275 1
11 23 1
11 103 1
12 77 1
12 154 1
13 104 1
13 237 1
14 112 1
14 191 1
15 44 1
15 239 1
16 268 1
16 271 1
17 142 1
17 242 1
18 238 1
18 277 1
19 177 1
20 107 1
20 234 1
21 113 1
21 118 1
22 75 1
22 123 1
23 257 1
24 34 1
24 37 1
25 69 1
25 207 1
26 112 1
26 256 1
27 91 1
27 118 1
28 40 1
28 132 1
29 49 1
29 141 1
30 175 1
30 274 1
31 93 1
31 181 1
32 280 1
32 290 1
33 96 1
33 243 1
34 246 1
35 67 1
35 177 1
36 66 1
36 71 1
37 194 1
38 99 1
38 287 1
39 78 1
39 153 1
40 53 1
41 63 1
41 245 1
42 54 1
43 297 1
44 87 1
45 52 1
45 178 1
46 117 1
46 119 1
47 126 1
47 219 1
48 111 1
48 296 1
49 236 1
50 102 1
50 238 1
51 159 1
51 284 1
52 276 1
53 265 1
54 88 1
55 90 1
55 191 1
56 110 1
56 270 1
57 201 1
57 262 1
58 155 1
58 190 1
59 137 1
59 151 1
60 76 1
60 232 1
61 244 1
61 273 1
62 120 1
62 223 1
63 122 1
64 68 1
64 78 1
65 126 1
65 298 1
66 100 1
67 81 1
68 240 1
70 137 1
70 186 1
71 200 1
72 196 1
72 197 1
73 129 1
73 173 1
74 139 1
75 76 1
79 122 1
79 163 1
80 108 1
80 206 1
81 224 1
82 253 1
83 220 1
83 289 1
84 236 1
84 277 1
86 124 1
86 284 1
87 233 1
88 140 1
89 108 1
89 220 1
90 239 1
91 246 1
92 195 1
92 280 1
93 94 1
95 147 1
95 259 1
96 212 1
97 159 1
97 211 1
98 149 1
98 180 1
99 162 1
100 266 1
101 264 1
101 279 1
102 295 1
103 134 1
104 134 1
105 174 1
105 299 1
106 199 1
106 270 1
107 250 1
109 143 1
109 240 1
110 227 1
111 276 1
113 201 1
114 194 1
114 274 1
115 156 1
115 208 1
116 206 1
116 258 1
117 278 1
119 164 1
120 158 1
121 143 1
121 169 1
123 289 1
124 255 1
125 213 1
125 227 1
127 173 1
127 204 1
128 226 1
128 261 1
129 215 1
130 218 1
130 235 1
131 154 1
131 249 1
132 149 1
133 198 1
133 225 1
135 184 1
135 266 1
136 179 1
136 233 1
138 209 1
139 247 1
140 182 1
141 147 1
142 296 1
144 254 1
145 230 1
145 250 1
146 167 1
146 243 1
148 256 1
150 189 1
150 221 1
151 287 1
152 251 1
152 272 1
153 271 1
155 197 1
156 237 1
157 175 1
157 214 1
158 235 1
160 169 1
160 170 1
161 255 1
161 273 1
162 283 1
163 251 1
164 282 1
165 190 1
165 260 1
166 253 1
167 294 1
168 221 1
168 292 1
170 212 1
171 282 1
171 299 1
172 176 1
172 259 1
174 265 1
176 203 1
178 269 1
179 298 1
180 245 1
181 207 1
182 285 1
183 203 1
183 288 1
184 281 1
185 242 1
185 290 1
186 279 1
187 223 1
187 234 1
188 198 1
189 196 1
192 205 1
192 260 1
193 247 1
193 263 1
195 295 1
199 209 1
200 205 1
202 285 1
202 293 1
204 222 1
208 228 1
210 252 1
213 267 1
214 288 1
215 286 1
216 268 1
216 283 1
217 218 1
217 297 1
222 293 1
224 261 1
225 231 1
226 228 1
229 241 1
229 278 1
230 281 1
232 267 1
241 275 1
244 294 1
248 252 1
249 269 1
257 264 1
258 291 1
262 286 1
272 292 1
10
0 1 20 3 45 67 7 8 9 100
