2000
0 368 10
0 827 12
0 889 5
1 851 6
2 110 15
2 485 13
2 616 8
2 1130 4
2 1989 8
3 1029 6
4 1841 9
5 102 14
5 117 6
5 1284 15
6 466 9
6 674 11
6 711 7
6 752 11
6 1231 9
7 953 2
8 1997 13
9 653 10
10 1824 2
11 1768 9
12 144 10
13 880 15
13 1882 13
14 239 4
15 842 15
15 1038 14
15 1301 1
16 217 7
17 1077 13
18 1847 12
19 529 6
20 149 2
20 1770 8
21 735 6
21 1090 6
22 587 1
23 1423 11
24 473 10
24 1123 4
25 87 9
25 887 10
25 1286 7
25 1734 13
26 633 7
26 766 6
26 1545 5
27 150 3
27 909 13
28 758 10
29 715 13
30 680 7
31 754 13
31 1938 3
32 258 1
32 1216 4
32 1366 9
33 1766 2
34 239 4
34 1533 3
35 59 7
35 437 4
35 750 8
35 1662 9
36 1408 15
36 1601 2
37 58 6
38 536 3
38 1574 4
39 247 15
39 1623 2
40 1645 1
41 629 4
42 509 5
43 159 4
43 322 14
43 338 7
43 870 10
44 165 9
45 338 1
46 612 6
47 169 3
47 546 10
47 1055 4
47 1243 1
48 1833 11
49 218 2
49 1910 15
50 948 12
51 1879 2
52 1674 15
53 544 4
53 655 5
53 739 10
54 826 9
55 456 8
55 1442 14
56 371 3
56 680 13
56 1884 12
57 1700 12
57 1817 2
58 541 10
58 1204 10
58 1281 9
58 1294 5
58 1323 4
58 1795 15
59 86 10
60 889 5
61 839 2
62 163 5
63 660 13
64 1209 5
64 1412 11
65 584 3
66 472 3
67 1534 11
68 492 7
68 1754 7
69 1120 3
70 1380 9
71 913 8
72 159 14
72 1112 12
73 1165 7
73 1669 1
74 1010 1
75 590 8
76 1981 2
77 381 15
77 700 7
78 633 11
78 802 9
79 1188 10
80 973 3
80 1365 8
81 1411 3
81 1958 7
82 1869 2
83 664 7
84 386 3
84 778 12
84 939 12
85 460 10
85 686 3
85 805 1
85 1163 8
85 1302 1
87 1407 11
88 1319 15
89 1267 7
90 113 5
90 879 15
91 358 4
91 468 14
91 1046 10
91 1771 5
91 1815 2
92 143 3
92 691 6
93 1339 7
94 256 6
94 1107 4
94 1189 11
94 1554 3
94 1887 9
95 319 7
95 357 5
95 769 5
96 357 5
97 735 13
97 1750 8
98 391 8
98 779 14
98 1618 6
99 1751 2
100 1454 6
101 287 1
102 282 4
102 387 14
102 481 2
102 569 2
102 1206 6
102 1409 11
102 1654 11
102 1662 10
103 295 11
103 1676 11
104 818 1
104 1409 2
105 1551 13
105 1938 12
106 636 12
107 147 11
107 385 10
107 1176 3
107 1259 10
108 1602 3
108 1759 11
109 233 10
109 365 4
109 499 3
109 878 5
109 1149 1
111 1144 12
112 1108 5
113 1012 2
114 1032 14
114 1320 4
115 280 11
116 239 6
116 1378 7
116 1684 13
116 1900 5
118 1817 13
119 211 4
119 1432 14
119 1470 1
119 1904 5
120 1748 6
121 164 4
121 931 5
121 1081 15
122 446 8
123 178 4
123 804 15
124 1000 5
125 754 14
125 1433 2
126 538 1
127 623 5
128 1149 11
129 774 13
130 1018 12
130 1234 1
130 1359 1
130 1360 6
130 1715 1
131 1150 6
131 1373 8
131 1376 6
131 1522 4
131 1668 12
132 782 1
132 1697 15
133 975 1
133 1550 12
134 192 7
134 587 12
134 1549 7
135 1436 14
136 1608 3
136 1760 11
136 1765 13
136 1798 1
136 1948 3
136 1987 7
137 1435 1
138 1539 8
138 1973 9
139 168 12
139 1935 1
140 1572 6
141 451 7
142 420 10
144 329 1
144 509 2
144 1864 12
145 1998 6
146 178 3
146 1311 6
146 1757 2
148 1057 15
149 1070 3
150 504 4
151 1063 5
152 252 14
153 660 12
153 1199 13
154 728 13
154 1020 3
155 624 4
155 1116 1
156 1454 2
157 281 9
158 1394 12
158 1914 12
159 164 3
159 373 14
159 712 13
159 866 8
159 913 10
160 1152 14
160 1460 1
160 1915 2
161 345 15
161 587 9
162 302 6
162 840 6
163 951 5
163 1665 1
164 880 4
165 517 13
166 1830 7
167 219 7
167 362 4
169 310 7
170 181 4
171 431 2
171 580 13
171 1198 9
171 1412 1
172 424 4
172 481 5
172 1356 4
173 296 9
173 523 3
174 783 9
175 730 4
176 1756 7
177 1712 13
179 1064 14
179 1389 7
180 1367 14
180 1654 3
180 1749 7
181 455 1
181 1764 4
181 1858 14
182 638 12
183 506 2
183 1887 11
184 1131 9
185 823 11
185 1461 10
186 300 12
187 515 15
188 973 5
189 395 12
190 860 10
191 854 3
192 340 4
192 717 14
192 764 4
192 1658 11
192 1813 1
193 924 9
194 524 15
195 1777 14
196 399 10
196 561 8
196 670 8
196 793 15
196 1079 12
196 1192 4
196 1210 2
197 1235 7
198 584 2
198 1281 5
198 1396 8
199 1587 1
199 1683 14
200 403 6
201 294 13
202 789 15
203 1208 2
204 1643 4
205 933 5
206 615 2
207 1157 8
207 1746 10
208 598 13
209 1648 11
210 553 10
210 873 14
212 1481 3
213 748 2
213 1362 3
214 846 1
214 1069 2
214 1261 15
215 276 2
215 1754 4
216 269 12
216 1579 5
217 1057 11
217 1096 1
217 1142 4
218 870 11
218 1115 11
218 1654 7
219 1928 12
220 1111 15
221 586 8
221 1045 2
221 1371 5
221 1785 8
222 1642 4
223 890 2
223 1008 9
224 728 15
224 876 15
224 1818 6
225 388 15
225 1447 3
226 549 15
227 549 1
227 872 13
227 1913 4
228 1690 5
229 289 11
230 417 1
230 642 11
230 963 15
231 474 7
231 1330 2
231 1704 11
232 1504 2
233 1487 6
234 261 7
234 907 3
234 1478 9
235 1973 3
236 1915 3
237 1919 9
238 445 4
239 1922 15
240 809 15
240 1016 4
241 682 2
242 666 8
242 958 10
243 631 11
243 1165 7
243 1323 1
243 1512 6
243 1721 3
243 1786 12
244 1167 4
245 1924 1
245 1994 13
246 803 6
246 1667 12
248 295 3
249 952 11
250 436 1
250 719 10
250 1370 6
251 1279 3
252 524 14
252 683 9
252 850 2
252 1012 7
252 1252 12
252 1409 6
253 1627 15
254 715 14
255 1967 5
257 440 5
259 565 12
259 1824 8
260 1523 3
260 1609 6
260 1746 4
260 1786 15
262 750 3
262 858 13
263 486 6
263 617 14
263 711 1
263 1926 13
264 324 5
265 1940 3
266 463 4
266 1294 2
266 1956 8
267 899 13
268 958 13
269 682 6
269 975 5
270 1821 15
271 1906 6
272 892 4
272 1088 2
272 1094 3
273 750 7
274 633 4
274 1023 15
274 1667 4
275 777 11
275 1751 12
276 1309 3
277 979 9
277 1025 11
277 1547 3
278 456 12
279 369 2
279 1461 15
280 605 4
280 1884 15
281 515 15
281 1002 9
283 1332 13
283 1517 7
284 645 5
284 1099 1
284 1883 5
284 1913 4
285 691 8
286 415 3
287 554 13
287 1001 6
287 1322 4
288 1449 11
288 1828 9
289 639 8
289 688 14
289 874 14
290 856 8
290 1255 5
290 1570 15
291 323 7
291 909 4
291 969 7
291 983 1
292 1461 6
292 1656 7
292 1976 7
293 1567 15
293 1877 14
294 346 1
294 1190 12
294 1322 7
294 1436 11
294 1645 10
297 564 7
298 597 9
298 844 10
298 1480 12
299 1587 10
300 819 15
300 1206 15
300 1758 5
301 1526 7
303 1366 8
304 1989 6
305 309 11
305 935 1
306 1371 2
307 1003 9
307 1826 7
308 1017 14
308 1491 3
308 1967 5
309 734 7
309 1354 14
311 543 3
312 1512 3
312 1635 9
312 1641 1
312 1899 12
313 1010 11
314 1344 15
314 1925 13
315 733 13
315 1117 1
315 1528 6
316 550 12
316 1820 9
317 1875 4
318 861 13
319 568 1
319 856 1
319 1740 8
320 733 12
321 765 5
321 1265 3
321 1812 1
322 519 8
324 443 10
324 540 14
324 880 9
324 1852 15
325 922 13
326 374 1
326 1317 7
326 1319 14
327 1966 8
328 1540 13
330 1182 5
330 1456 10
330 1979 3
331 1089 4
332 633 15
333 1537 13
334 1881 7
335 1173 7
336 524 10
336 1610 1
337 1714 1
337 1909 15
338 1351 4
339 1687 15
339 1720 8
340 509 6
340 679 1
340 895 5
340 899 13
340 1350 1
340 1502 8
340 1914 14
340 1933 9
340 1936 1
341 1179 2
342 1805 3
343 1429 5
344 1855 1
347 929 7
348 1413 2
349 446 9
350 569 13
351 915 14
351 1307 7
352 772 4
353 509 11
353 822 2
353 967 4
354 402 15
354 1681 6
354 1865 12
355 701 14
355 1042 15
355 1297 9
356 1055 10
357 1342 10
357 1639 3
359 1497 9
359 1552 3
359 1685 9
359 1776 11
360 696 6
360 727 11
361 386 11
361 1325 15
362 1272 14
362 1633 14
363 1546 5
364 670 7
364 1664 12
365 522 13
366 834 4
366 1569 15
367 432 6
367 1029 9
369 649 5
369 1621 14
370 1547 10
372 656 6
372 1525 10
373 661 11
374 1658 15
375 598 3
375 747 11
375 1540 8
375 1770 9
376 1525 3
377 1154 2
378 953 3
378 1453 3
379 971 3
380 447 12
381 473 9
381 521 5
381 724 2
381 929 5
381 1286 15
381 1443 8
381 1498 14
381 1678 12
382 1555 1
383 1592 9
383 1684 14
383 1716 1
384 1333 15
384 1735 15
386 439 14
386 516 4
386 677 11
386 938 7
386 1362 3
386 1601 4
386 1737 14
387 926 5
387 1177 2
387 1657 11
387 1898 14
388 1055 9
388 1199 9
388 1309 2
388 1464 11
388 1719 13
388 1844 5
389 1243 3
389 1390 15
390 1059 11
390 1624 8
390 1806 8
392 1639 12
393 1258 7
394 1041 15
395 1400 12
395 1513 6
396 678 3
396 1428 9
397 947 3
397 1386 8
398 699 10
399 703 3
399 1693 15
400 878 11
401 753 4
401 1750 1
402 1299 9
402 1877 13
403 1674 9
404 1053 2
405 1149 11
406 1901 5
407 433 4
407 538 15
407 929 12
408 623 1
409 683 8
410 1348 9
410 1629 5
411 1024 2
411 1401 15
412 1221 12
413 1387 12
414 487 14
414 1219 6
414 1480 10
415 556 3
415 1011 7
415 1049 2
415 1496 14
416 1435 9
418 1528 14
419 1160 3
420 768 11
420 963 4
420 1481 9
420 1727 9
421 717 7
421 1127 8
422 1418 9
422 1637 10
422 1867 9
423 916 13
423 1315 6
425 938 10
426 1652 6
427 471 10
428 1335 11
429 1555 8
430 1322 8
433 1005 3
433 1369 12
433 1389 1
433 1896 10
434 685 8
435 666 12
435 908 6
435 1031 15
436 758 5
437 545 14
438 1818 3
439 1438 7
440 445 13
440 1595 2
441 1742 6
442 1248 11
444 644 5
444 1701 8
444 1788 3
445 1275 3
445 1993 11
446 728 7
446 1591 12
447 1296 15
447 1638 12
448 721 9
448 987 14
448 1536 6
449 569 13
450 1886 6
451 809 15
452 518 3
453 1535 13
454 917 7
454 1069 6
455 1211 5
455 1232 5
455 1565 8
455 1986 12
456 1901 10
457 1197 7
458 591 2
458 637 5
458 987 9
458 1636 14
459 794 6
461 1116 9
461 1481 6
462 758 15
464 829 3
465 1205 11
467 1559 7
468 776 6
469 1604 4
470 920 2
471 1461 14
472 792 5
472 1062 7
472 1362 9
473 1492 11
473 1495 13
474 794 9
475 996 10
476 1816 12
477 901 12
478 868 14
478 870 15
478 1642 1
479 683 4
480 548 1
480 1002 6
480 1155 1
481 1205 6
482 615 10
482 1747 2
482 1797 3
483 1385 5
483 1833 10
484 1542 6
485 1505 11
486 1643 1
488 916 15
489 1038 11
489 1808 10
490 1415 11
491 501 11
492 982 7
493 1033 7
494 1492 12
495 1577 1
496 751 5
496 821 11
497 1499 6
498 612 8
498 1023 9
498 1718 2
499 870 9
499 1084 2
499 1490 9
499 1535 5
499 1647 1
500 662 6
501 1152 9
502 1919 9
503 570 15
503 1174 2
503 1253 7
503 1977 8
504 1856 7
505 890 1
507 806 9
507 1679 9
507 1732 15
508 1375 10
508 1866 9
509 1267 6
509 1413 12
509 1744 6
509 1999 11
510 615 7
511 821 10
511 881 4
511 1707 13
512 1256 11
512 1364 3
512 1824 10
513 1339 11
514 1002 14
516 1105 1
516 1752 11
517 1682 1
518 733 1
519 1276 15
520 901 1
520 969 6
520 1465 2
520 1627 3
521 621 14
521 1957 7
522 1135 6
523 911 14
523 1026 8
523 1131 8
523 1254 12
523 1917 13
524 592 1
524 732 6
524 1520 2
525 1129 10
526 692 10
526 1048 4
526 1446 10
527 950 13
528 543 9
528 1062 4
528 1114 12
528 1379 12
528 1796 4
528 1949 10
529 619 10
530 1549 14
531 1941 4
531 1960 1
532 1164 13
533 1237 14
533 1759 1
534 1775 4
534 1989 7
535 1043 3
536 875 7
536 1303 10
537 989 10
537 1193 13
537 1989 10
538 542 13
538 1083 11
539 1588 5
542 859 2
543 685 15
543 1139 3
546 921 1
546 1628 10
546 1730 6
547 1042 9
548 559 3
548 1059 4
549 764 8
549 1698 4
551 643 9
551 1694 6
552 978 5
552 1567 11
552 1797 1
553 878 2
555 822 6
556 731 4
557 1115 8
558 1426 11
558 1577 5
560 1970 1
562 1445 3
562 1905 10
563 968 12
563 1069 2
564 691 5
564 956 7
564 1691 5
565 993 10
565 1002 7
565 1073 2
566 670 14
566 811 13
566 1848 1
567 1661 10
568 814 1
569 1147 14
569 1721 6
569 1888 4
571 825 14
571 1006 3
572 1546 15
572 1754 10
573 775 4
573 1735 10
573 1748 1
573 1967 12
574 1326 15
574 1892 8
575 719 11
575 837 8
576 738 5
576 1217 7
577 951 5
577 1853 4
578 1371 2
578 1524 11
579 994 8
579 1925 5
581 877 11
581 1770 12
582 1218 10
583 683 13
583 841 1
585 1439 14
585 1907 14
587 1473 2
588 704 8
588 1415 3
589 1311 6
590 765 5
590 1355 8
591 1742 11
593 1588 8
594 1930 12
595 1668 11
596 1067 12
596 1402 13
597 1223 15
599 1523 2
600 667 12
600 1900 13
601 1076 12
602 1262 15
602 1738 9
603 1502 15
603 1689 14
604 1992 12
606 827 8
607 707 8
607 1125 14
607 1654 6
607 1989 15
608 1255 15
609 1535 14
610 935 7
610 1391 12
611 1644 10
613 774 8
613 1233 15
613 1860 12
614 1033 13
616 1622 9
618 1444 3
619 1436 2
619 1564 8
620 678 8
620 1476 3
622 1055 12
623 1010 4
625 796 1
626 678 11
626 1904 9
627 1130 10
628 1813 13
629 1966 10
630 912 7
630 1076 12
631 867 12
631 1347 9
631 1741 4
632 1025 1
632 1996 9
633 951 13
633 1050 6
633 1159 5
634 744 14
635 1917 13
636 1368 14
637 733 2
638 725 1
640 1887 15
641 800 1
641 1324 1
641 1489 10
642 809 6
642 1559 2
643 1120 4
643 1381 6
646 1361 4
647 1181 4
647 1194 12
647 1723 2
648 1377 8
650 1047 1
651 1042 3
652 1587 7
653 767 9
653 1820 6
654 1230 7
654 1619 11
655 861 10
656 855 8
657 845 3
657 1104 12
657 1796 7
658 1867 12
659 944 8
660 1382 2
660 1787 4
661 812 6
661 1468 13
662 1913 13
663 1834 11
664 1009 2
665 1246 5
667 1780 8
667 1983 10
668 1824 11
669 971 4
669 1019 7
669 1133 12
669 1464 11
670 1091 1
670 1097 14
670 1314 4
670 1786 7
670 1810 2
671 1381 4
672 1786 7
673 1830 7
674 920 10
675 706 12
675 815 14
675 1723 13
676 1468 12
677 1521 11
678 1236 9
678 1706 2
679 1414 3
679 1702 8
680 1055 1
680 1171 12
681 1708 14
682 863 8
682 1073 3
682 1458 3
682 1836 3
684 950 3
685 897 10
687 851 14
688 711 15
688 787 14
689 847 6
689 1151 5
690 760 14
690 1072 6
692 1483 1
693 1660 14
694 1687 3
695 827 9
695 1248 8
695 1477 5
695 1646 15
695 1789 15
695 1833 3
695 1990 10
697 1399 13
698 1518 9
698 1720 12
699 1141 13
699 1146 9
699 1560 12
699 1761 12
701 1561 13
702 1457 5
704 1634 11
705 1406 2
708 809 10
708 1207 15
709 1614 2
710 1917 7
711 1129 9
711 1323 13
713 1872 13
714 1796 3
715 1431 14
716 1026 15
717 1398 4
717 1903 8
718 1457 7
719 1128 2
719 1377 7
719 1512 8
719 1690 1
720 1653 4
720 1654 9
720 1963 8
722 1108 14
723 1366 10
724 876 11
724 1483 1
724 1721 7
725 885 11
725 1188 11
726 747 15
727 1463 12
727 1892 8
728 1466 13
728 1667 6
728 1971 5
729 802 11
730 1249 10
730 1875 4
733 1095 11
733 1162 4
733 1652 12
735 992 8
735 1309 2
735 1425 3
735 1499 9
736 1513 3
737 1933 2
738 1932 1
740 1065 6
740 1600 9
741 1828 2
742 1584 15
743 1659 6
744 1453 2
745 1587 8
745 1964 6
745 1982 3
746 1947 14
749 1641 9
750 1897 8
754 1405 5
754 1820 9
754 1935 3
755 762 8
755 1324 2
756 1206 15
757 1178 8
757 1279 3
757 1980 5
759 1072 8
761 841 2
763 1595 13
764 1313 2
764 1879 7
765 829 5
765 1058 6
765 1095 12
765 1152 1
768 773 1
768 1271 1
770 1658 2
771 1121 7
772 1038 13
774 891 7
774 1335 13
778 980 3
780 1631 15
781 1062 10
781 1755 10
783 866 2
784 1114 4
784 1876 15
785 1132 12
786 1214 8
786 1980 12
788 1165 8
789 831 8
789 1947 14
790 1035 11
790 1305 9
791 823 10
792 871 1
793 1230 5
795 1372 7
796 1867 4
797 1482 7
797 1678 5
797 1768 8
798 1213 15
798 1397 14
799 1887 14
801 1023 6
803 1497 13
803 1867 10
803 1886 13
805 1443 8
805 1463 6
807 1418 4
808 1598 7
810 1665 11
812 1461 10
812 1974 7
812 1984 5
813 1227 2
813 1556 2
816 849 10
816 1814 15
817 1995 8
818 1962 15
820 1798 4
821 1134 14
824 1324 13
826 1534 4
826 1855 5
827 1250 13
828 1139 14
829 964 1
829 1332 1
829 1511 12
829 1569 8
830 1514 1
832 1994 8
833 996 10
833 1598 6
833 1614 14
834 1767 10
835 1147 15
835 1777 3
836 840 6
838 1355 9
839 899 2
839 1839 10
840 855 13
840 1280 3
840 1833 13
842 998 7
843 1961 3
844 1568 7
845 1902 14
848 1244 13
848 1689 3
851 1028 8
851 1962 7
852 1135 7
853 1397 2
854 1215 3
854 1355 6
855 1106 3
855 1257 3
855 1387 15
856 910 14
856 1111 6
856 1347 13
857 1926 13
860 1184 9
860 1674 12
861 892 3
861 1598 14
861 1799 12
862 1816 4
864 1678 1
865 1737 14
866 1997 1
868 961 5
868 1506 5
869 882 13
869 962 3
869 1872 3
875 898 4
876 1037 1
876 1270 8
876 1420 2
878 1121 1
879 1822 3
883 1369 1
884 1668 3
885 1673 8
886 1742 12
888 967 12
891 1086 4
891 1176 3
891 1366 12
891 1682 13
891 1772 13
892 1125 3
892 1911 2
893 919 8
893 1437 15
893 1618 9
894 1813 8
895 1055 8
895 1324 10
895 1484 11
895 1615 7
895 1721 1
896 1324 7
900 1677 8
900 1863 12
902 914 9
902 1068 14
902 1284 2
903 1484 5
904 1461 5
905 1711 4
905 1726 12
906 1354 15
907 1161 3
909 1073 14
911 1075 9
911 1134 10
912 1338 10
912 1413 3
912 1869 1
913 963 5
913 1212 12
913 1513 9
913 1542 11
913 1820 15
916 1367 3
918 1732 10
919 1323 4
919 1372 2
922 986 9
923 1082 4
923 1952 15
924 1212 9
925 1165 4
925 1339 2
925 1547 9
927 1226 12
927 1629 4
928 1678 5
928 1890 4
929 1029 12
929 1578 14
929 1728 9
930 1542 10
932 1272 13
933 1349 9
933 1983 8
934 1228 13
934 1535 8
935 1421 2
936 1917 3
937 1023 9
938 1246 15
938 1585 7
939 1954 15
940 1055 10
940 1143 11
940 1527 6
941 1945 8
941 1970 4
942 1904 7
943 1577 15
944 1620 11
944 1651 14
945 1296 6
946 1472 8
947 1938 13
948 1825 14
949 1448 1
949 1453 4
950 1134 9
950 1696 7
952 984 13
952 1103 10
952 1850 12
952 1884 2
952 1912 13
953 1277 4
954 1118 8
954 1170 2
955 1379 11
956 1056 3
957 1935 6
959 997 11
959 1197 1
959 1240 10
959 1340 13
959 1573 7
960 1977 4
962 1154 2
962 1623 5
962 1995 1
964 1805 15
965 1085 7
966 1153 5
966 1504 10
966 1762 4
967 1640 9
969 1098 8
970 1568 10
972 1076 13
973 1117 9
973 1830 10
973 1859 13
974 1101 10
976 1371 9
977 1318 15
980 1686 11
981 1705 6
983 1024 14
983 1138 1
985 1095 13
986 1633 3
988 1872 3
988 1955 13
989 1515 6
990 1560 6
990 1908 1
991 1267 8
992 1586 11
995 1336 6
995 1842 12
998 1692 12
999 1053 7
1000 1012 1
1000 1043 11
1000 1202 14
1000 1434 9
1001 1007 8
1001 1593 14
1002 1508 13
1002 1654 5
1004 1008 9
1004 1807 12
1004 1823 15
1006 1493 8
1006 1801 10
1007 1583 3
1007 1729 14
1008 1835 13
1008 1941 3
1009 1289 9
1009 1535 3
1009 1945 12
1010 1485 11
1010 1566 11
1011 1358 7
1013 1679 5
1014 1987 14
1015 1531 5
1015 1917 1
1017 1119 2
1017 1132 3
1017 1951 3
1020 1940 3
1021 1620 15
1022 1152 4
1026 1794 15
1027 1164 15
1027 1269 6
1030 1031 5
1031 1376 8
1032 1092 15
1032 1311 13
1032 1701 9
1033 1534 8
1034 1660 1
1036 1352 4
1037 1849 10
1038 1147 10
1039 1127 15
1039 1821 10
1040 1363 9
1040 1416 9
1041 1204 15
1042 1079 8
1044 1623 8
1046 1300 12
1047 1275 8
1049 1918 4
1051 1395 13
1052 1102 8
1052 1639 6
1053 1322 6
1053 1544 2
1053 1866 1
1054 1172 7
1054 1331 6
1055 1341 2
1055 1381 3
1055 1540 2
1055 1705 5
1058 1151 11
1059 1241 6
1060 1124 12
1061 1741 8
1062 1725 11
1063 1165 3
1065 1144 9
1065 1947 13
1066 1321 14
1067 1085 5
1067 1361 1
1069 1846 9
1069 1884 9
1071 1352 9
1071 1612 1
1072 1429 2
1073 1801 13
1074 1798 5
1075 1357 10
1077 1603 13
1078 1906 8
1080 1350 12
1081 1751 7
1082 1722 1
1086 1125 13
1086 1431 11
1086 1679 1
1086 1797 3
1087 1538 3
1087 1758 2
1089 1741 3
1093 1489 9
1094 1242 5
1095 1126 6
1095 1147 5
1095 1478 15
1096 1229 4
1096 1268 6
1098 1501 15
1100 1103 12
1101 1262 15
1101 1485 3
1103 1410 10
1103 1756 6
1108 1586 2
1109 1187 4
1109 1535 6
1110 1793 7
1112 1743 1
1113 1817 11
1118 1791 15
1118 1837 2
1119 1419 14
1121 1263 2
1121 1599 11
1122 1449 9
1124 1471 2
1125 1275 2
1125 1847 2
1126 1978 5
1128 1337 2
1129 1221 2
1130 1895 11
1131 1837 7
1134 1479 9
1134 1541 2
1134 1793 13
1136 1705 6
1136 1773 14
1137 1751 12
1140 1542 14
1142 1348 6
1144 1455 9
1145 1924 12
1147 1311 8
1147 1709 5
1147 1759 2
1147 1968 13
1148 1425 1
1150 1893 11
1151 1429 2
1151 1596 14
1156 1679 11
1158 1296 10
1158 1298 12
1160 1513 15
1161 1802 15
1163 1588 9
1166 1646 12
1167 1542 3
1168 1491 8
1169 1526 15
1173 1538 4
1175 1914 14
1179 1357 3
1180 1580 9
1180 1722 13
1181 1431 8
1183 1303 11
1183 1578 1
1183 1726 4
1185 1864 3
1186 1831 12
1186 1949 8
1188 1467 4
1188 1469 4
1191 1857 12
1192 1781 14
1195 1406 2
1196 1235 8
1200 1756 11
1201 1752 7
1203 1702 11
1205 1304 4
1205 1939 10
1206 1240 15
1206 1354 12
1206 1358 15
1208 1367 12
1211 1851 4
1211 1969 2
1216 1475 9
1218 1872 12
1220 1704 10
1222 1477 15
1224 1592 1
1225 1288 1
1235 1711 9
1238 1274 13
1238 1667 2
1239 1727 3
1240 1467 6
1240 1529 4
1240 1862 5
1240 1900 7
1242 1331 15
1243 1368 13
1243 1811 7
1244 1312 9
1244 1605 14
1245 1790 15
1247 1435 10
1248 1712 2
1251 1712 12
1252 1380 9
1253 1967 14
1255 1710 7
1258 1516 13
1260 1774 13
1262 1617 2
1263 1916 13
1264 1367 2
1266 1467 1
1266 1753 13
1269 1491 13
1270 1306 3
1273 1395 3
1274 1655 8
1275 1901 7
1278 1329 10
1282 1654 7
1283 1410 11
1285 1500 12
1285 1769 1
1286 1444 11
1287 1784 4
1287 1873 8
1288 1334 14
1290 1418 11
1291 1456 3
1292 1485 11
1293 1504 2
1294 1991 4
1295 1876 14
1296 1376 9
1296 1494 7
1296 1826 11
1296 1833 8
1305 1589 14
1306 1950 7
1307 1914 4
1308 1908 15
1309 1577 2
1309 1703 5
1309 1855 6
1310 1311 9
1314 1454 4
1314 1457 5
1314 1488 9
1316 1422 4
1318 1581 7
1318 1913 9
1320 1870 2
1321 1421 4
1322 1404 1
1322 1590 1
1323 1589 10
1323 1645 8
1324 1412 14
1324 1422 6
1327 1330 12
1328 1719 3
1329 1721 11
1329 1925 5
1330 1395 9
1334 1987 15
1336 1659 2
1340 1724 3
1340 1932 7
1343 1397 9
1345 1721 4
1346 1924 5
1348 1654 8
1348 1944 3
1351 1717 13
1352 1815 1
1353 1370 4
1353 1440 8
1355 1985 7
1357 1923 6
1358 1713 2
1361 1807 15
1362 1967 13
1369 1981 9
1370 1471 5
1370 1503 13
1371 1424 10
1371 1540 7
1371 1594 9
1374 1618 10
1376 1601 10
1376 1790 15
1379 1427 6
1381 1485 11
1381 1541 3
1381 1601 12
1381 1604 5
1381 1872 12
1383 1730 12
1384 1423 4
1387 1671 9
1388 1410 5
1389 1532 5
1392 1474 10
1392 1817 4
1393 1477 6
1397 1648 12
1397 1911 8
1399 1908 6
1403 1870 2
1404 1553 7
1406 1568 5
1406 1587 3
1410 1708 1
1411 1452 1
1411 1664 12
1411 1677 15
1415 1800 14
1415 1900 14
1416 1724 12
1417 1775 13
1423 1891 4
1429 1880 11
1430 1758 11
1435 1759 14
1437 1774 13
1441 1653 4
1445 1514 12
1449 1813 13
1450 1556 14
1451 1626 15
1453 1674 3
1453 1807 6
1456 1597 6
1456 1818 8
1457 1854 10
1459 1906 13
1462 1748 7
1467 1607 6
1467 1906 3
1469 1526 2
1470 1626 13
1471 1889 7
1472 1628 5
1480 1921 1
1483 1555 15
1485 1980 3
1486 1632 9
1489 1825 10
1496 1891 6
1500 1746 4
1504 1727 7
1507 1628 8
1509 1984 9
1510 1881 15
1512 1792 15
1513 1817 1
1514 1658 14
1516 1813 4
1519 1618 4
1523 1745 14
1530 1995 6
1533 1827 3
1534 1699 11
1537 1920 11
1540 1568 3
1540 1633 7
1540 1720 4
1543 1914 9
1544 1715 2
1544 1857 14
1548 1963 15
1551 1961 1
1551 1992 12
1554 1972 11
1556 1660 6
1556 1763 12
1556 1931 7
1557 1804 6
1558 1947 15
1560 1698 11
1562 1861 5
1563 1929 12
1565 1804 13
1571 1666 10
1571 1857 2
1572 1782 9
1573 1840 15
1575 1678 10
1576 1646 2
1578 1946 14
1578 1947 11
1582 1685 14
1584 1594 2
1588 1672 10
1594 1670 8
1594 1919 4
1601 1676 8
1601 1815 4
1603 1967 9
1606 1917 10
1611 1876 3
1612 1959 4
1613 1658 15
1616 1752 2
1620 1942 5
1625 1835 1
1630 1666 8
1631 1671 3
1632 1877 15
1644 1874 13
1644 1980 15
1645 1660 5
1649 1880 2
1650 1779 5
1651 1936 1
1653 1803 2
1654 1680 9
1658 1965 8
1659 1705 15
1661 1880 15
1663 1797 11
1664 1782 10
1664 1881 7
1667 1927 2
1668 1733 7
1675 1698 2
1676 1814 5
1678 1779 2
1678 1829 10
1679 1784 3
1688 1735 7
1691 1845 11
1691 1872 6
1691 1948 9
1695 1867 9
1697 1720 7
1698 1766 5
1704 1705 6
1705 1841 11
1708 1937 7
1721 1969 2
1731 1752 10
1731 1894 6
1736 1872 4
1739 1768 2
1740 1953 9
1746 1834 4
1759 1807 1
1760 1809 11
1766 1832 1
1772 1878 13
1773 1988 3
1778 1969 9
1783 1790 8
1786 1973 9
1794 1924 2
1794 1943 5
1797 1907 2
1813 1816 8
1813 1966 15
1819 1837 9
1820 1875 12
1820 1904 3
1838 1892 1
1843 1865 6
1858 1861 9
1868 1887 13
1871 1907 10
1885 1966 12
1887 1907 11
1900 1920 7
1909 1930 15
1921 1934 1
1929 1969 1
1930 1969 12
1948 1998 13
1952 1967 6
1975 1977 8
6
0 10 45 50 200 1000000
