106
0 54 1
0 72 1
1 76 1
1 89 1
2 7 1
2 96 1
3 45 1
3 64 1
4 20 1
4 89 1
5 31 1
5 67 1
6 23 1
6 35 1
7 65 1
8 60 1
8 92 1
9 71 1
9 73 1
10 22 1
10 33 1
11 25 1
11 49 1
12 18 1
12 53 1
13 78 1
13 86 1
14 32 1
14 90 1
15 62 1
15 82 1
16 34 1
16 93 1
17 30 1
17 70 1
18 43 1
19 48 1
19 66 1
20 57 1
21 43 1
21 96 1
22 30 1
23 84 1
24 58 1
24 72 1
25 88 1
26 40 1
26 88 1
27 58 1
27 70 1
28 33 1
28 76 1
29 79 1
29 101 1
31 91 1
32 97 1
34 48 1
35 52 1
36 57 1
36 73 1
37 97 1
38 46 1
38 65 1
39 59 1
39 86 1
40 63 1
41 78 1
41 83 1
42 53 1
42 60 1
44 80 1
44 84 1
45 94 1
46 91 1
47 61 1
47 63 1
49 59 1
50 55 1
50 67 1
51 55 1
51 79 1
52 100 1
54 61 1
56 82 1
56 94 1
62 69 1
64 102 1
66 81 1
68 95 1
68 105 1
69 75 1
71 102 1
74 93 1
74 103 1
75 90 1
77 87 1
77 105 1
80 101 1
81 83 1
85 103 1
85 104 1
87 100 1
92 99 1
95 104 1
98 99 1
10
0 1 20 3 45 67 7 8 9 100
