5000
0 728 4
0 1172 1
0 2275 10
0 2357 13
0 2374 8
0 4360 7
1 3975 10
1 4886 6
2 2508 5
3 927 6
4 4296 8
4 4388 6
5 661 5
6 4592 9
7 1159 9
7 2980 5
8 1335 8
9 597 14
9 675 11
9 1427 6
9 2395 10
9 3421 6
9 4138 3
9 4461 12
9 4522 11
9 4724 7
9 4831 10
10 4583 8
11 4367 3
12 4853 4
13 4980 1
14 1137 1
14 3384 9
15 4092 4
15 4221 10
16 197 14
16 4207 14
17 2881 7
17 3060 14
18 445 9
19 4831 5
20 3933 15
21 356 3
21 1325 12
22 850 1
22 3406 7
23 228 9
23 1437 3
23 1644 8
23 1666 10
23 2087 8
23 3266 7
23 4481 13
24 1563 6
24 1981 15
24 2202 15
24 4305 7
24 4693 6
25 1699 10
25 2992 4
25 3553 14
25 4926 2
26 1096 10
27 2964 15
27 4464 7
28 2131 8
28 2279 9
29 1121 13
29 2096 6
29 2941 3
29 3236 13
30 1028 1
31 1663 1
31 4981 14
32 3532 1
33 648 13
33 1715 3
33 4761 7
34 2091 11
35 1488 7
35 4793 9
35 4969 12
36 316 14
37 2219 3
38 1056 7
39 793 14
39 3112 15
40 4673 6
41 3247 3
42 3778 7
42 4006 14
43 238 5
43 430 4
43 515 6
43 2614 11
43 2782 1
43 3532 7
43 3969 6
44 1010 5
45 1930 1
46 2199 9
46 2618 13
46 4079 12
47 1717 11
47 4046 15
47 4706 13
48 798 14
49 3467 4
50 2418 3
50 2729 11
50 4861 12
51 2919 8
51 3046 11
52 3554 5
53 363 15
53 512 9
53 2126 13
53 2460 3
53 2897 6
53 3065 4
53 4348 1
54 381 2
54 4010 4
55 2846 2
55 3352 8
55 4499 12
56 209 13
56 2845 7
56 2960 11
56 4489 15
56 4561 13
56 4716 11
57 1164 6
58 1639 10
59 877 12
59 1071 5
60 1010 12
60 4735 4
61 286 1
61 1072 1
61 1246 12
61 3652 5
61 4741 4
62 1039 10
63 1627 10
64 1217 2
64 2274 15
64 2742 3
64 3724 2
65 3130 11
66 102 8
66 1206 15
66 1353 5
66 3245 14
66 4080 7
66 4452 10
67 2074 8
67 3316 14
68 1628 5
68 4115 7
69 226 8
69 1665 15
69 2037 14
70 948 8
70 2935 3
71 4534 8
72 3066 15
73 4937 7
74 2737 6
75 2830 8
75 4233 13
76 644 3
76 899 2
76 1770 8
76 2138 15
76 3032 15
76 3774 4
76 4042 9
77 3070 5
77 4979 3
78 1720 13
79 1723 8
80 1792 8
81 928 14
81 3491 1
81 4671 1
82 3535 15
83 2919 7
84 105 7
84 3829 10
85 307 3
86 1839 1
86 2775 11
87 977 6
87 1952 7
87 3569 7
87 3717 6
87 4903 1
88 1408 1
89 914 1
89 3258 7
90 2802 15
91 3685 1
92 4816 6
93 3695 9
94 1418 11
94 3202 7
95 972 12
96 215 7
97 366 5
97 2465 11
97 3864 6
98 135 7
99 2090 11
100 3787 8
100 4148 2
100 4323 6
101 421 9
103 3467 14
104 2092 1
104 3617 8
105 641 8
105 3681 1
106 741 15
106 1288 11
106 1398 10
106 2925 11
107 3799 3
108 4009 13
109 2396 8
110 717 12
110 1105 9
110 4846 12
111 437 4
112 866 14
112 965 10
113 136 4
113 3896 10
114 927 2
114 1797 10
114 2902 15
114 3046 3
115 227 5
115 2021 6
116 3135 9
117 2413 5
117 3818 11
118 502 9
118 2244 14
118 2522 14
118 2884 6
118 3174 5
119 2664 12
120 1657 11
121 3375 7
122 599 2
123 182 4
123 2352 15
124 1314 10
124 1481 5
125 3546 3
125 3831 1
126 1281 5
127 4378 14
128 661 2
129 2540 12
129 4482 13
130 2034 3
131 1749 5
132 1845 14
132 4027 12
133 3259 6
134 2975 11
135 1358 9
135 2061 3
135 3199 9
135 4383 10
136 3040 7
136 4403 13
137 643 2
137 1242 14
137 3960 2
137 4164 2
137 4740 14
138 3423 3
138 3820 3
139 329 2
139 3684 13
140 484 4
141 4080 5
142 710 4
143 1197 7
143 2142 3
143 3616 15
144 1959 1
145 2013 2
145 3304 5
146 2155 8
146 4943 2
147 559 11
148 3741 4
148 3848 14
149 1219 2
150 2634 15
150 3566 5
151 924 3
151 1570 4
151 2935 2
151 3546 3
151 4616 2
152 3779 6
152 3996 14
153 4328 6
154 3220 13
155 1279 13
156 4561 14
157 2842 15
158 264 15
158 2728 11
159 1016 5
159 1942 8
159 2562 13
159 3179 10
159 4320 4
160 775 8
160 1098 10
160 2014 9
160 3041 6
160 3781 4
160 4926 8
161 1337 12
162 328 11
163 412 12
163 3629 6
164 1249 2
164 3884 8
164 4989 14
165 3033 11
166 2958 2
166 4155 10
167 2156 9
167 2472 14
167 3751 8
167 4988 1
168 3815 12
169 1248 14
170 2771 15
170 4635 10
171 4625 1
172 2882 14
172 4354 8
173 3963 5
174 526 2
175 4907 7
176 566 14
176 3154 13
176 3493 8
176 4544 13
177 3636 1
177 4077 10
178 1560 5
179 2924 3
180 1715 5
181 1049 4
182 415 6
182 665 2
182 2209 9
182 3268 13
182 3737 15
182 3876 3
182 4398 9
183 2444 15
183 2648 9
183 3428 2
184 2412 11
185 3440 6
186 2952 11
186 3891 1
186 4815 1
187 258 2
187 1133 4
188 1041 8
188 1428 9
189 2011 12
189 2445 11
189 3821 15
189 4483 13
190 3921 5
190 4184 1
191 840 14
192 2295 15
192 2693 1
193 4997 7
194 1018 9
195 1150 5
195 4027 2
196 4859 7
198 1529 7
198 2023 11
198 4013 9
199 993 13
200 543 3
200 1404 15
200 2623 10
200 3295 6
200 4667 11
201 1156 4
201 2435 8
202 3529 15
203 1792 1
204 3058 13
205 2090 11
205 2203 5
205 3585 6
206 594 14
206 758 15
207 1439 9
208 3219 7
208 4560 5
209 3851 11
209 4416 4
210 2679 1
210 3505 1
211 3167 12
212 1519 9
212 2917 15
213 1377 15
214 847 5
215 971 3
215 2084 2
216 4792 5
217 1149 13
218 752 8
218 1765 15
218 3789 11
218 4669 15
219 339 4
219 3861 4
220 3767 5
221 1927 9
222 3476 11
223 1856 14
223 3693 9
224 973 12
225 346 14
225 1224 4
226 3893 15
227 788 2
227 4014 3
228 1076 11
228 2653 3
229 3335 6
230 1398 14
230 2416 1
230 3214 10
230 3502 4
231 2200 3
231 2519 8
232 843 15
232 1110 9
232 1877 8
232 3010 11
232 3844 3
232 4733 10
233 3010 8
234 1643 3
235 3211 15
236 655 6
237 3041 6
238 2564 12
238 4154 7
239 815 5
239 3437 5
239 4474 7
240 496 9
240 4592 7
241 2897 14
241 3922 7
242 2613 11
242 4359 14
243 556 12
243 2869 13
243 4211 7
244 1387 13
244 1753 1
244 2906 12
245 4214 10
246 369 3
246 485 11
246 2548 13
247 1772 6
248 945 10
248 991 7
248 2209 15
249 857 8
250 578 14
250 1761 7
250 3055 5
251 2179 6
251 2405 9
251 4513 15
252 1396 5
252 2080 14
252 3498 15
252 4743 9
253 4698 6
254 1453 11
254 3094 3
255 3892 9
256 1760 4
257 3499 6
257 3928 7
257 4915 1
259 3120 13
259 3775 9
259 4590 4
260 3736 2
261 4395 12
262 1362 15
262 3607 11
263 1588 12
263 3364 2
263 4761 4
265 2546 14
266 996 9
266 2441 15
266 2857 10
267 3664 6
268 4542 13
269 4289 14
269 4703 14
270 4643 3
271 2451 11
272 2924 2
273 931 9
274 2603 13
275 3445 12
276 4324 14
277 2168 15
277 2975 12
277 4570 8
278 1232 3
279 4630 15
280 854 7
280 3669 6
280 4255 3
281 4709 7
282 2867 12
282 3986 4
282 4540 13
283 2688 2
284 2151 2
285 806 3
285 1526 3
285 3602 12
286 1504 12
286 1767 13
286 4874 5
287 4087 4
288 2300 6
289 3412 10
289 4226 9
290 1037 7
291 1726 5
291 3846 9
292 1278 15
292 2840 14
293 1335 10
293 3931 3
293 3993 6
293 4244 11
294 4848 4
295 1325 2
296 1556 13
297 2224 7
298 3063 4
299 2927 4
300 725 2
300 3378 13
300 3698 8
300 4117 6
301 3065 4
302 2375 13
303 1008 15
304 1494 13
304 3653 4
304 3903 14
304 4361 6
305 727 13
305 1482 14
306 3333 1
307 579 15
307 2869 11
308 4874 3
309 2694 13
309 3061 5
310 2247 1
311 1521 9
312 405 13
312 3525 10
312 4089 11
313 3360 11
313 4615 14
314 1369 8
314 4940 3
315 983 1
316 1744 10
316 2635 8
317 4560 1
318 1055 8
319 2555 7
320 398 5
320 4021 4
320 4933 5
321 1565 6
322 3023 11
322 4704 11
323 404 4
323 2210 5
324 793 2
324 4022 9
325 3859 5
326 459 2
326 3011 11
327 1300 14
327 2085 9
327 4192 1
328 4358 13
330 657 2
330 2971 8
331 584 4
332 2648 10
332 2869 1
332 3581 12
333 961 5
333 1643 11
333 2759 1
333 3100 8
334 4354 14
335 490 2
335 1546 10
335 4997 9
336 1721 12
336 3113 6
337 1674 2
337 2996 5
337 3658 7
337 4853 3
338 4745 3
339 914 15
339 1254 1
340 947 4
340 4186 1
340 4455 4
341 1532 14
342 3168 7
343 1421 11
343 1524 5
343 2071 11
343 3625 2
344 653 11
345 1142 11
346 2814 9
347 3140 6
347 3713 4
348 3036 12
349 1951 10
350 1607 7
351 2404 15
351 3457 13
352 1396 5
353 1141 3
353 1920 3
354 3397 13
354 3844 2
354 3845 6
354 4836 1
355 1150 12
355 2483 12
356 2139 2
357 659 1
357 2568 12
357 2583 12
357 3022 12
358 687 12
358 1006 3
358 2264 3
358 3334 4
358 4931 7
359 1141 14
359 3846 6
360 4570 7
361 562 9
361 1749 10
361 1861 2
361 4460 10
362 1727 9
363 3196 1
364 4552 11
365 1664 4
366 876 1
366 1236 6
366 3852 14
367 625 11
367 787 2
367 1267 2
368 471 8
370 776 6
371 1028 9
372 986 10
373 651 5
374 1026 3
375 1023 4
375 1034 14
375 1205 10
375 1239 1
375 1553 3
376 848 1
377 1564 13
378 3503 12
379 1519 3
380 3445 11
381 1855 8
381 2546 6
381 3488 3
382 511 7
382 3577 4
383 1395 14
384 1443 7
384 3900 12
385 3490 8
385 3994 11
386 672 9
386 2725 6
386 2807 11
386 3963 10
387 3234 12
388 870 1
388 1198 11
388 1651 2
388 4543 14
389 405 15
390 3762 7
390 4621 7
390 4651 2
390 4899 2
391 1431 14
391 4862 4
392 4556 7
392 4850 1
393 1991 6
393 3118 6
394 2686 5
394 4225 6
395 1429 3
395 1806 2
395 1912 5
396 3923 6
397 1801 3
397 3761 11
398 1269 3
398 2470 7
399 451 10
399 1353 11
399 1887 7
399 2353 2
399 3706 1
399 4715 4
400 2733 13
400 4552 2
401 567 15
401 792 3
402 1582 5
402 3706 5
403 4677 1
404 3048 11
406 3539 4
407 3401 2
408 1729 13
408 2721 9
408 3365 14
409 703 7
409 2145 15
409 3419 15
410 1510 14
410 4682 1
410 4970 2
411 2274 13
412 3192 2
412 3596 9
413 3355 7
414 2416 6
416 1641 13
416 4866 3
417 3540 12
418 2460 15
418 3691 6
419 3627 3
420 3700 11
420 4928 7
421 734 2
421 2038 15
421 2120 15
421 2899 15
422 490 7
423 2746 5
424 3363 10
425 4565 6
426 2781 4
426 3825 7
427 630 14
427 847 6
427 861 13
427 1598 12
428 2414 15
429 1649 11
429 2710 3
429 3363 3
430 845 2
430 1265 5
430 1468 4
430 2033 7
430 2399 11
430 3905 3
430 4140 4
431 2200 13
432 668 1
432 1518 11
433 4188 8
434 4199 13
435 3065 12
436 1363 14
437 2919 14
438 1149 4
438 3104 6
438 4692 10
439 4203 10
440 955 5
440 1842 15
440 2935 11
440 2976 1
440 3145 9
440 4137 10
440 4731 14
440 4834 4
441 3281 15
442 3113 11
443 2490 9
444 2399 7
445 874 3
445 4707 1
446 1346 7
447 3432 9
447 4435 3
448 3574 6
448 4813 10
449 2241 4
449 3499 8
449 4691 4
450 866 9
451 3981 15
452 1379 1
453 2249 8
453 2844 15
454 4137 6
455 1803 6
456 2148 4
456 3646 5
457 4389 2
458 1633 12
458 1655 3
459 608 15
460 807 14
461 2516 14
461 3139 4
462 3977 13
463 1032 14
463 2787 5
464 529 2
464 3981 11
465 601 13
466 2705 13
467 1933 1
468 837 5
468 2763 1
469 2386 11
469 3083 14
470 1972 12
470 3309 14
471 2333 10
472 1310 11
473 2318 8
474 1594 4
474 1987 3
474 4054 10
474 4415 13
475 4943 1
476 3757 4
476 4469 10
477 2076 6
478 2702 13
479 800 10
479 1275 7
479 1856 15
479 4221 11
480 4470 8
481 1092 14
481 1623 1
481 2308 14
482 4616 10
483 659 11
483 4433 14
484 1078 14
484 1185 1
484 3583 1
484 4095 14
485 3361 13
486 3814 7
487 1032 7
487 1328 10
487 2175 14
487 2574 1
487 4110 12
488 4192 6
489 1222 5
489 1915 6
489 2936 2
490 1008 10
490 1276 1
490 3526 1
491 4046 3
492 4530 7
493 1731 14
493 3017 15
493 4840 10
494 1621 11
494 1692 2
494 4091 13
495 556 12
497 1596 9
497 1958 11
498 4646 6
499 2813 8
499 4854 6
500 729 13
501 3457 6
502 2231 1
502 2399 5
502 4448 10
503 3132 4
504 1137 7
504 3988 3
504 4175 12
505 3113 3
506 3023 10
507 2198 15
507 4284 5
508 812 2
508 1744 13
509 2998 7
510 3440 13
510 4245 8
513 3588 9
514 3834 8
515 2957 2
515 3132 5
515 3684 15
516 3525 10
517 4792 11
518 3192 3
519 4227 3
520 546 15
520 3140 14
521 1530 9
521 3143 12
521 4527 1
522 3297 8
522 4070 4
522 4567 7
523 2956 10
524 4140 1
525 3847 14
526 3097 4
526 3488 12
527 2374 8
528 1955 9
528 2176 1
530 578 9
531 4183 10
532 842 15
533 2937 6
533 3414 9
534 1755 13
534 3009 4
535 813 2
535 3220 14
535 3711 2
535 4510 6
536 563 3
536 2888 6
537 2092 9
538 1086 12
539 3833 8
540 1587 13
540 1688 8
540 2091 9
540 2511 14
541 1566 2
541 2794 15
541 3315 5
541 4202 6
542 832 6
542 3373 10
542 4725 5
544 3586 4
545 2409 9
545 4416 12
547 1470 13
547 2560 1
547 2873 7
548 2052 12
548 3264 14
549 4648 15
550 2767 10
550 3628 15
551 1544 8
552 4981 14
553 1293 13
554 2242 4
554 2328 3
555 4056 13
555 4685 14
556 723 3
556 3714 6
557 1818 1
557 2006 2
557 3412 9
558 613 9
558 1294 12
559 1878 11
559 3126 8
560 853 9
561 1862 11
562 3054 6
563 1333 8
563 2009 3
564 4426 11
564 4890 14
564 4990 5
565 1899 2
567 793 12
567 862 8
567 2272 1
567 4470 3
568 2383 3
569 914 14
569 953 15
570 2574 5
571 3361 1
572 775 5
572 1554 9
572 1907 3
572 2428 10
572 3990 11
572 4939 15
573 3564 7
574 3941 10
575 2554 14
575 3317 10
575 3987 1
575 4980 14
576 2884 10
577 1281 1
577 1868 4
577 4090 3
577 4601 10
578 1074 1
578 2121 15
579 4770 11
580 2094 6
580 3440 7
581 3034 2
582 826 12
582 2831 4
582 2896 15
582 4926 7
583 2039 10
583 2483 4
583 4565 11
584 3800 7
584 4303 10
584 4728 4
585 766 10
586 4014 10
587 4055 9
588 1664 13
589 4229 14
590 748 10
590 1397 9
590 2979 11
591 1330 14
592 912 12
593 1442 8
593 1661 8
594 2507 10
595 4094 5
596 3433 7
597 1927 9
597 2410 12
597 3720 9
598 3834 15
599 4358 8
600 3885 12
601 642 12
601 2671 3
602 1210 3
603 2964 14
603 4804 12
604 2424 13
605 3378 10
606 4202 4
606 4661 12
607 3111 11
607 3226 12
608 760 3
608 1507 9
608 2200 2
608 3897 13
608 3962 12
609 4022 14
610 3196 13
611 1643 9
611 4362 15
612 3024 4
613 1370 14
613 1597 12
613 1744 2
613 2096 5
613 2217 14
613 4535 2
613 4883 13
613 4901 6
614 2996 13
615 4268 2
615 4639 10
616 1000 1
616 3682 10
616 3700 14
617 1261 7
618 787 10
619 2925 5
619 3796 15
620 4023 11
620 4841 2
621 1888 10
622 3820 8
623 4193 4
624 3381 3
626 1223 8
626 1591 1
626 4522 4
627 4805 7
628 641 1
629 3978 8
630 2213 11
631 861 1
631 1792 3
631 2069 6
632 2080 14
633 859 9
633 2020 8
633 4385 14
633 4659 9
634 2450 8
635 4061 9
636 738 15
636 3479 4
637 1247 4
638 1979 5
638 2142 2
639 2261 12
639 4064 2
639 4335 1
640 2416 3
642 2327 12
642 4125 9
644 2338 11
645 1512 9
646 1212 15
646 3082 8
646 3549 7
646 3696 3
646 3744 14
646 4710 5
646 4883 7
647 1647 4
647 3759 11
647 3881 8
647 4982 5
649 1148 6
650 2272 7
651 941 12
651 3675 8
651 4967 1
652 4074 14
653 891 5
653 3307 4
654 3959 15
655 1455 14
655 1888 3
655 2050 13
655 2514 7
655 3633 1
656 1068 13
656 1117 3
658 4096 5
659 776 7
659 2887 4
660 3636 8
661 675 14
661 3028 8
661 3544 13
661 3579 10
661 3997 1
662 2508 6
663 2256 4
663 4355 4
663 4952 11
664 1082 7
664 1112 2
664 1621 2
664 3340 14
664 3454 10
664 4196 15
664 4652 8
666 3234 12
667 2690 3
669 1157 2
669 3599 4
670 1166 5
670 2975 13
670 3391 2
670 4351 1
670 4354 2
671 2775 14
671 4908 8
672 2839 15
673 2975 5
674 951 7
674 4900 15
675 2250 7
675 2281 12
675 4598 13
675 4637 5
675 4721 2
676 3416 2
677 4805 5
678 1462 1
679 1829 8
679 4365 8
680 3041 10
681 4772 3
682 993 14
682 3705 5
683 1666 15
684 973 12
684 2232 8
685 2578 2
686 792 3
687 943 5
687 4581 14
688 857 2
688 1856 14
688 3648 15
689 2154 3
689 2280 9
689 3618 14
689 4226 1
690 822 8
690 1800 11
691 2003 10
692 1327 13
693 4116 15
694 4192 4
695 4161 6
696 1372 9
697 4613 6
698 1985 4
699 1790 1
700 2400 10
701 1377 7
702 2836 11
703 3032 3
703 3270 9
703 4888 2
704 1010 2
705 2069 13
705 3262 8
706 2528 1
707 3246 1
707 4122 12
707 4637 14
707 4934 14
708 1099 10
708 1742 5
709 1917 13
709 2395 11
709 4096 14
710 1529 2
711 4513 4
712 1753 14
712 3856 12
713 4219 15
714 3048 3
714 4152 12
715 2811 7
715 3623 10
716 1031 15
716 3860 9
716 4000 7
717 4134 6
717 4701 12
718 2242 4
719 2366 13
719 2954 5
720 2894 3
720 4773 14
720 4798 15
721 3862 7
722 1641 14
722 2114 9
724 3649 9
725 1679 9
726 4505 2
727 821 1
728 4171 10
728 4183 11
729 3387 14
730 1991 13
731 2581 1
731 3171 1
732 3870 2
732 4051 8
733 855 4
735 2870 3
736 2110 9
737 3201 3
737 4162 14
737 4784 9
737 4923 1
737 4958 2
739 2988 4
739 4342 12
740 2418 8
740 2847 7
741 1253 4
741 3920 7
742 2553 11
742 4913 12
743 2623 6
744 2455 9
745 4690 1
746 2180 7
747 1758 9
749 4360 3
750 1074 7
751 1866 6
751 4538 8
752 2399 11
752 2842 11
753 1702 11
753 4743 1
754 2925 3
755 1047 6
755 3345 1
756 3714 15
757 3046 3
757 4476 6
757 4975 15
759 3027 2
760 1867 13
760 2840 3
760 3643 4
761 2659 7
762 4330 10
763 1792 6
764 1784 6
765 1447 13
766 2817 1
767 4296 3
767 4390 9
768 2571 10
768 3392 3
769 2355 9
769 2394 7
769 3415 1
770 3642 2
771 2176 15
771 2264 11
771 2481 12
771 2874 9
771 3336 6
771 4270 13
771 4330 5
772 3050 9
773 4690 7
774 1041 15
774 4566 10
775 1483 1
775 2731 10
775 3645 1
775 4681 4
776 1309 7
776 2398 10
777 3903 11
777 4229 14
778 3472 4
779 4827 6
780 4322 4
781 2322 6
781 2943 12
781 3270 7
781 4571 9
782 2115 10
782 2175 11
782 3813 5
782 4167 1
783 1581 9
783 2229 15
784 914 3
784 4479 11
785 2934 1
786 4592 12
787 2623 7
787 2909 11
787 3012 5
787 3118 14
788 3584 8
789 2109 6
790 4918 1
791 1007 13
793 1174 15
793 2914 2
794 2854 12
795 2837 5
795 3700 12
796 4832 6
797 4768 15
798 2382 5
798 4373 7
798 4609 13
799 1021 14
799 2538 2
801 4098 15
802 1638 6
802 1777 7
803 3623 14
804 4145 7
805 2347 11
806 2874 11
806 4209 8
807 1378 5
807 1401 8
808 1106 12
808 2508 4
808 2743 14
808 2936 5
808 4152 13
808 4292 14
808 4337 13
809 4035 3
810 1863 1
811 3859 12
813 1202 12
814 1055 3
815 1835 10
815 1899 13
815 4652 13
816 4617 10
817 4531 1
818 2523 6
818 4228 14
819 1798 5
819 2871 3
819 2945 12
820 4670 9
821 1853 12
822 1126 4
822 1165 8
822 4142 2
822 4481 9
823 1976 6
824 2988 3
825 1027 8
825 3857 13
827 1835 7
828 967 11
828 2023 10
829 4237 3
830 1100 2
830 1683 15
831 3975 10
832 4921 11
833 1932 1
834 3491 5
835 4379 13
836 4776 3
837 1541 3
837 3563 13
838 2466 14
839 1370 4
840 1687 13
840 2916 3
841 1969 4
842 2391 8
843 1725 14
844 1109 9
844 2752 1
845 1332 10
845 2023 12
845 2562 5
845 2954 8
845 4799 2
845 4901 9
846 1313 11
846 2594 4
846 2672 3
846 2711 4
846 4893 9
847 1195 7
847 1754 6
848 1768 7
848 3455 15
848 3914 15
849 2470 14
850 4134 1
851 2161 11
852 947 7
853 2619 2
855 4952 2
856 4716 3
858 4638 7
860 1315 8
861 1071 10
861 1131 3
861 2239 4
861 2347 7
861 3245 9
861 3441 4
861 3850 5
861 4611 15
862 2699 10
862 2730 1
863 2055 1
863 3684 3
864 2126 13
864 4593 7
865 3617 10
866 1844 3
866 2401 15
867 4764 1
868 1569 1
869 1399 14
869 3338 13
869 3605 13
870 3303 3
871 4733 14
872 1735 15
872 4560 3
873 2032 12
873 3121 10
874 2098 8
874 2418 15
874 4879 6
874 4984 13
875 2524 10
876 1228 15
877 1101 2
877 4518 10
878 1359 1
878 1485 15
878 3610 14
879 4547 8
880 1805 11
880 4028 6
881 3417 13
882 1728 4
883 937 10
883 1480 1
883 3933 12
884 4530 7
885 2830 7
885 3719 15
885 3966 6
886 4669 15
886 4805 3
887 1006 1
887 4746 12
888 1192 15
888 4011 8
889 3913 13
890 4576 11
891 983 4
891 1925 2
891 2041 9
892 1992 7
892 4325 12
893 2070 9
894 3192 2
894 4536 10
895 2328 12
896 3974 7
896 4852 4
897 1450 9
897 3595 7
898 3661 8
898 4200 10
899 3261 2
900 3179 9
901 2551 6
902 3235 2
903 3761 4
904 4657 15
905 3823 1
905 4525 3
906 1556 10
907 2829 11
908 2470 8
909 954 13
909 3558 6
910 1402 5
911 2273 9
912 1293 1
913 3202 14
913 3779 3
914 1322 6
914 1667 9
914 2501 6
914 2781 10
914 4949 12
915 2549 11
916 1769 3
916 4713 8
916 4784 12
917 2763 9
918 1842 11
918 2856 15
918 4200 11
919 4823 12
920 3508 14
921 4606 12
922 1172 3
922 1558 9
922 2493 12
923 1592 8
924 1935 7
924 3243 15
925 4485 4
925 4773 9
926 1594 1
926 1861 11
926 3681 13
927 1293 14
929 1285 9
930 2358 10
931 3550 14
932 4330 13
933 1535 6
933 4109 10
934 2090 1
935 2686 6
936 1405 9
938 1975 8
938 3198 11
939 1503 10
940 4309 1
941 1251 9
942 1054 14
943 1426 7
943 3736 3
944 2679 15
944 3950 12
944 4183 6
946 4960 13
947 3206 11
949 1850 8
950 1816 6
950 2944 6
952 3273 6
954 3511 6
955 1549 11
956 1614 15
957 1080 2
957 2260 2
957 3068 7
958 2529 3
959 4882 5
960 1255 10
962 970 11
963 1894 3
964 2009 8
964 4318 7
966 2344 9
967 1255 10
968 2023 7
968 3152 13
968 3208 2
969 2525 6
969 3462 2
970 2764 1
971 2207 1
972 4363 5
973 4696 7
974 3874 9
975 1579 15
975 3084 15
976 2264 12
978 4675 10
979 4037 10
980 1167 9
980 1779 13
980 3392 5
980 3666 10
981 3319 9
981 3862 10
981 4511 12
981 4562 5
981 4880 12
982 1317 8
982 2147 5
982 3110 1
982 3845 8
984 4944 11
985 1714 13
986 3565 5
986 3697 3
987 1652 12
987 1945 10
988 1298 5
988 3839 14
988 4761 2
989 4552 5
990 2542 8
991 3407 8
992 4530 11
993 1397 10
993 1956 1
994 2052 8
995 1664 13
995 4093 6
997 1035 7
997 1643 9
997 2121 15
997 2376 4
998 3867 3
999 1916 7
999 2498 4
999 3637 15
1001 1057 5
1002 3540 12
1003 1685 3
1003 3150 8
1004 4548 15
1005 4865 15
1007 2271 14
1007 4871 8
1007 4947 12
1009 1662 9
1009 3564 6
1010 3021 2
1010 3641 11
1010 3984 5
1010 4247 4
1010 4900 15
1011 4272 10
1011 4812 9
1012 1746 6
1012 3263 5
1013 1649 12
1013 4487 3
1014 3356 8
1015 1964 5
1016 1289 13
1016 2661 13
1016 4679 2
1017 4044 7
1017 4784 1
1018 1912 6
1019 1889 1
1020 4604 3
1021 4185 7
1022 2099 10
1024 4057 11
1025 4931 7
1026 2183 13
1026 3265 1
1026 4588 7
1027 1434 1
1027 4614 10
1028 2378 9
1029 1633 6
1029 1890 6
1030 2937 9
1032 1244 4
1032 2260 9
1032 3267 1
1032 3424 8
1032 4614 7
1033 1626 8
1035 1527 1
1035 4006 13
1035 4196 5
1035 4552 7
1036 2528 2
1036 2969 12
1036 3076 1
1037 2552 14
1037 2675 5
1038 1118 10
1038 2227 13
1038 4327 4
1039 4040 9
1040 1305 2
1040 3664 8
1040 4227 5
1041 1710 10
1041 2112 11
1041 4391 8
1041 4883 4
1042 2733 5
1043 2592 4
1043 4706 12
1044 3715 1
1045 2771 13
1046 4926 1
1048 1573 14
1048 4783 4
1049 2174 12
1049 2893 14
1049 3299 11
1050 1412 13
1051 2290 10
1051 2798 3
1052 3821 15
1052 4842 8
1053 1753 3
1053 3141 6
1054 1182 12
1054 1353 10
1055 4061 9
1056 2074 14
1057 2668 12
1058 1598 14
1059 3921 8
1060 1624 13
1061 3950 12
1061 4073 9
1062 4436 12
1063 1185 12
1063 4749 15
1064 1566 12
1065 1908 2
1066 1576 14
1067 3620 9
1068 2405 3
1068 2963 12
1069 2596 7
1070 2081 4
1070 2316 6
1070 3866 11
1071 1958 5
1071 2870 6
1071 2998 14
1071 3342 10
1071 3781 15
1072 1861 2
1072 1875 2
1073 2643 15
1073 3386 5
1073 4005 7
1073 4123 3
1073 4622 7
1074 4392 5
1075 2485 11
1076 3933 12
1077 1738 4
1079 1756 2
1079 3494 6
1081 2302 4
1081 3578 12
1082 2199 2
1082 4597 11
1083 3600 14
1083 4083 4
1084 4260 1
1085 4669 14
1086 1352 2
1086 4391 11
1087 2410 4
1088 3761 6
1088 4927 8
1089 2873 3
1090 4188 12
1091 2862 12
1091 3468 5
1092 2198 1
1093 1741 2
1093 3394 4
1094 3692 1
1095 4265 9
1095 4419 7
1096 3483 14
1097 4191 15
1098 2690 13
1102 1562 12
1102 3834 10
1103 3631 11
1103 3819 7
1103 4754 14
1103 4946 8
1104 1234 12
1104 2184 6
1104 4668 1
1104 4675 1
1105 1451 14
1105 2298 15
1105 3938 13
1106 1118 4
1106 2023 15
1106 2965 3
1107 4649 12
1108 4231 2
1111 2178 6
1113 3218 15
1114 3375 12
1115 1714 6
1115 2632 8
1116 1162 7
1118 3604 14
1118 4892 6
1119 3787 2
1120 1412 2
1122 3775 1
1123 4799 9
1124 1312 11
1124 3370 14
1125 3565 11
1127 1349 13
1128 3587 11
1128 3781 4
1128 4991 6
1129 1962 5
1130 3462 14
1131 2102 4
1131 3893 4
1132 2466 9
1132 3116 6
1132 4136 8
1132 4780 14
1133 2253 10
1133 2360 14
1133 4909 14
1134 4591 10
1135 1793 3
1136 4815 2
1137 1382 6
1137 4721 2
1137 4855 12
1138 3022 12
1139 1447 2
1140 3564 7
1142 1340 15
1142 3080 2
1142 4120 5
1143 4149 1
1144 3832 12
1145 1515 14
1145 1778 5
1145 2285 14
1145 3390 10
1145 4082 14
1146 1882 6
1146 3352 4
1147 3853 11
1148 1945 2
1148 2395 13
1148 3527 1
1149 1454 10
1149 1772 2
1149 2889 15
1149 4328 12
1150 1832 1
1150 2194 4
1150 2418 13
1150 2507 2
1150 4647 13
1151 2714 1
1152 3886 8
1152 4414 1
1152 4879 10
1153 3928 13
1154 2702 4
1155 2003 9
1156 1653 12
1156 2553 1
1156 4696 11
1158 1333 14
1158 2638 7
1160 1838 15
1161 4914 9
1162 2467 2
1162 2954 15
1162 3271 5
1162 4276 1
1162 4996 11
1163 3943 8
1164 1543 12
1166 2993 5
1166 3765 7
1168 4573 14
1169 1838 15
1169 4456 11
1169 4589 5
1170 1914 9
1171 4195 4
1173 1808 5
1173 3216 9
1173 4752 5
1174 1492 15
1174 4056 10
1174 4682 8
1175 4123 6
1176 1211 6
1176 2200 13
1177 3455 3
1177 4768 8
1178 4472 7
1179 1982 4
1180 4464 10
1181 3411 9
1182 1191 15
1182 4199 15
1182 4987 13
1183 2105 9
1184 2919 6
1185 4123 11
1186 1616 10
1187 3654 13
1188 1808 4
1189 1995 8
1189 2507 15
1189 3165 8
1190 3439 9
1191 2473 14
1191 3679 3
1192 1263 9
1192 4847 4
1193 3623 6
1194 4003 11
1196 4783 3
1198 1912 10
1198 3442 3
1199 4109 10
1200 4337 6
1201 1814 4
1201 2739 2
1201 2984 6
1203 3293 11
1204 2925 8
1206 1449 5
1206 1815 10
1206 2177 14
1206 2790 2
1206 2935 6
1206 4380 14
1207 3245 6
1208 3290 5
1209 1256 13
1209 3357 10
1209 3417 2
1209 3708 12
1210 2460 11
1212 2629 10
1212 3580 13
1213 4412 15
1214 2418 12
1215 1738 2
1216 4896 4
1218 1963 5
1219 1344 14
1219 4857 4
1220 1682 10
1220 2896 11
1221 4880 13
1222 4506 14
1224 3044 8
1225 3613 6
1226 1468 10
1227 4637 14
1228 1874 1
1228 2633 7
1228 3782 7
1228 4370 4
1229 1513 11
1230 2997 2
1231 2516 10
1231 4794 10
1232 1329 14
1232 3585 4
1232 3733 3
1232 4816 1
1233 4296 11
1235 1940 11
1235 2977 2
1235 4350 12
1237 2780 7
1237 3804 12
1238 1408 4
1238 2459 7
1238 2752 10
1240 3660 10
1241 3288 8
1242 4269 5
1243 2066 2
1244 1524 15
1244 2998 11
1244 3844 2
1244 4557 12
1245 2342 6
1245 2655 14
1246 4004 2
1247 2057 12
1248 1483 3
1248 1657 13
1248 2494 7
1248 4016 5
1250 1413 12
1251 3005 15
1252 3874 8
1254 3430 11
1255 3764 6
1255 4517 11
1256 1661 10
1256 3275 6
1256 4239 7
1257 2170 14
1258 1491 4
1259 3242 9
1260 1809 11
1260 3089 2
1260 3106 7
1260 3614 6
1261 1411 12
1261 1521 1
1261 1973 7
1261 2023 6
1261 4153 11
1261 4197 14
1261 4830 3
1262 3605 10
1263 4883 9
1264 1304 14
1264 1819 10
1265 2333 15
1265 4193 14
1266 2083 8
1268 3678 12
1270 4775 13
1271 4320 11
1272 3266 12
1273 2720 11
1274 3983 15
1276 2751 8
1276 2931 4
1276 3977 5
1277 2180 7
1277 4414 1
1279 2598 4
1279 3022 5
1279 3892 1
1279 4840 9
1280 2922 4
1280 3210 15
1280 3434 4
1280 4656 10
1280 4932 4
1281 3399 8
1282 2145 2
1283 4896 8
1284 2697 8
1285 1588 15
1285 2000 15
1286 2231 8
1286 3536 9
1287 1805 14
1287 4019 14
1288 1669 11
1288 2358 5
1290 1999 7
1291 2050 9
1292 2858 8
1292 3306 6
1292 4300 2
1294 3186 8
1294 4003 13
1295 4800 9
1296 4664 12
1297 2327 6
1299 3038 6
1301 1933 10
1301 2117 5
1302 2881 5
1303 4584 8
1304 3776 7
1305 2130 7
1306 4769 8
1307 4388 14
1308 4422 4
1310 4251 12
1311 4946 13
1312 1545 12
1312 3791 12
1313 2566 3
1314 4911 10
1315 4370 5
1316 1917 2
1316 3480 12
1318 1791 9
1319 2892 3
1319 3113 11
1320 2780 3
1321 2811 5
1322 1766 1
1323 2460 8
1323 4803 15
1324 3382 9
1324 3625 6
1326 4057 13
1326 4429 4
1327 2321 12
1329 1621 4
1330 1933 13
1330 2975 11
1331 4228 4
1332 4287 15
1334 4273 12
1334 4424 12
1336 2804 2
1337 2867 3
1338 2104 11
1339 3427 7
1341 1702 7
1342 3163 5
1342 4147 4
1342 4782 7
1343 1648 5
1343 1965 12
1344 1415 3
1344 2651 9
1345 1367 11
1346 1516 11
1346 1983 5
1346 3218 2
1347 4393 2
1348 3538 10
1348 4593 2
1349 3916 11
1349 4729 1
1349 4881 11
1350 1802 3
1351 1799 8
1351 2054 14
1351 4714 11
1352 4427 9
1352 4910 14
1353 1520 7
1353 4659 2
1354 2121 2
1355 2788 10
1355 2926 13
1356 1847 11
1356 4141 7
1357 1683 9
1358 2305 15
1359 1595 15
1359 4417 2
1360 4899 9
1361 2988 2
1363 4900 10
1364 3982 7
1365 2002 15
1366 2603 8
1367 2308 1
1367 4673 11
1368 2426 7
1369 1509 11
1370 3704 15
1370 3805 14
1370 3945 1
1371 1863 15
1372 3328 10
1372 3716 10
1372 4896 3
1373 2062 13
1374 2936 1
1375 2181 5
1375 3026 1
1376 1398 7
1376 4068 3
1377 3308 15
1377 3684 14
1379 3172 10
1379 4379 4
1380 4611 11
1381 1970 8
1381 2570 1
1381 3520 13
1381 4096 11
1383 2206 11
1383 4706 11
1384 1433 10
1385 2423 9
1385 3882 14
1385 3977 3
1386 1470 15
1386 3832 5
1388 2947 2
1388 3667 1
1389 1724 8
1390 2440 8
1390 2866 15
1391 2227 1
1392 3532 4
1393 2708 9
1393 2770 14
1394 2482 1
1395 4460 8
1396 2620 9
1397 2980 13
1397 3249 8
1397 3560 6
1398 1468 1
1398 1605 7
1400 2747 10
1401 1815 10
1401 4670 1
1402 4504 13
1403 3921 9
1404 3875 14
1404 4234 9
1405 1834 6
1406 4552 6
1407 2378 3
1409 3474 11
1410 2966 5
1410 4318 5
1412 4943 14
1413 3513 8
1413 4229 14
1414 1436 10
1414 2431 12
1414 4401 13
1415 1733 3
1416 2260 7
1417 2096 8
1417 3780 11
1418 4285 1
1419 3309 9
1420 3191 2
1422 4879 11
1423 4058 5
1424 4558 5
1425 2670 7
1425 4231 12
1426 2476 10
1426 4205 6
1426 4586 13
1427 1468 5
1427 1489 7
1427 2998 2
1427 3474 9
1427 3700 13
1427 4620 6
1430 2023 3
1431 1604 13
1432 1842 7
1433 3671 11
1433 4289 2
1435 4475 9
1437 3565 8
1437 4542 8
1438 4395 4
1439 2290 12
1439 3027 4
1440 3149 8
1440 4918 11
1441 1811 2
1442 1574 7
1442 4611 10
1443 1772 2
1444 2974 8
1444 3341 8
1445 1654 15
1445 4332 8
1446 2033 1
1446 2043 8
1446 4756 9
1447 1823 11
1447 3228 8
1447 4078 12
1448 2348 13
1449 3807 12
1452 4765 4
1456 2219 12
1457 3245 10
1458 4699 10
1459 4224 13
1460 2089 2
1460 3806 15
1460 4829 9
1461 2220 3
1461 2344 8
1462 2396 8
1462 3282 2
1462 3537 1
1462 4207 12
1463 1774 5
1463 3416 8
1464 1525 10
1464 3329 11
1464 4045 15
1465 1615 5
1465 3459 15
1466 4017 12
1467 2138 4
1468 1664 2
1468 2063 6
1468 2264 14
1468 2499 12
1468 2775 7
1468 4553 6
1468 4609 10
1468 4909 12
1469 2965 12
1469 4232 5
1470 3575 8
1470 4113 3
1470 4936 2
1471 2775 15
1471 4650 7
1472 2146 3
1472 3747 9
1473 1620 13
1473 1658 11
1474 1577 13
1474 4990 3
1475 2786 1
1475 3983 2
1476 4324 3
1477 1591 14
1477 4222 10
1477 4502 1
1478 1660 3
1479 3942 15
1481 3460 5
1481 4045 2
1481 4241 4
1484 3441 11
1485 4575 8
1486 3304 3
1486 3895 6
1487 2918 6
1489 3578 6
1490 3458 7
1491 2573 12
1493 3118 15
1493 4302 7
1495 1863 14
1496 2273 6
1497 1922 11
1497 2775 1
1498 4740 3
1499 3236 1
1500 2258 11
1500 2684 6
1501 4123 11
1502 3959 11
1503 1556 2
1503 1797 9
1503 2098 5
1503 2243 12
1503 3422 3
1503 4584 15
1503 4871 12
1505 2073 9
1506 2603 4
1507 4395 7
1508 2832 13
1511 4789 15
1512 3138 11
1512 3820 1
1512 4466 7
1512 4480 13
1513 1752 6
1514 4322 2
1517 3675 1
1518 1788 9
1518 4482 13
1519 1788 5
1519 1903 8
1519 4850 8
1522 2266 1
1523 3490 12
1523 3573 2
1523 4347 8
1524 4061 7
1525 1836 5
1525 3902 8
1526 4195 14
1528 4013 9
1528 4204 6
1528 4736 13
1529 3322 11
1530 4498 7
1531 1744 1
1531 3330 5
1532 2751 14
1532 2991 5
1532 3022 13
1532 3535 9
1532 3867 13
1533 3573 13
1534 3933 12
1535 2484 4
1536 4968 7
1537 2163 4
1538 4004 2
1538 4366 13
1539 4505 10
1540 2098 6
1542 2089 5
1543 1820 8
1543 3510 2
1544 2266 11
1544 4408 4
1545 2523 1
1545 3096 5
1545 3893 5
1545 4529 4
1546 2140 5
1546 4399 8
1547 2743 9
1547 3622 6
1547 4472 3
1548 3355 14
1549 1719 14
1550 2790 10
1550 4046 1
1550 4240 5
1551 2149 1
1551 4522 9
1552 3276 7
1552 3844 15
1553 2029 15
1553 2589 6
1553 2777 6
1553 3206 2
1553 3685 11
1554 3490 13
1554 4071 3
1555 4814 5
1556 1642 15
1556 2487 4
1556 4559 12
1557 3014 7
1557 3450 5
1557 4112 5
1559 4546 12
1560 3802 7
1560 4522 4
1561 2806 14
1561 3081 10
1563 2975 8
1563 3659 1
1563 4202 1
1564 4601 11
1564 4607 1
1565 2415 6
1565 2933 11
1565 3282 13
1566 2065 11
1566 2084 10
1566 2396 12
1566 2552 15
1566 2819 10
1566 3070 1
1567 3034 11
1568 1643 7
1569 2145 7
1570 2649 14
1570 4601 9
1571 4652 9
1572 2854 15
1572 4598 12
1573 4169 7
1573 4970 12
1575 2511 13
1576 2001 10
1576 4414 1
1578 4027 6
1579 3085 14
1579 3987 9
1579 4181 6
1579 4468 12
1580 2104 6
1580 2975 3
1583 2229 7
1583 2642 10
1584 4345 11
1585 2376 4
1586 2371 1
1586 4445 4
1588 1593 14
1589 2581 14
1589 4405 3
1590 2556 2
1592 3191 14
1593 3519 8
1594 3360 3
1594 4431 3
1598 1817 14
1598 1854 14
1598 2114 4
1598 3192 1
1598 4043 8
1599 4692 14
1600 4996 1
1601 4345 10
1602 4773 1
1603 2025 1
1603 3827 15
1606 3435 6
1607 2937 11
1608 2198 9
1609 1799 2
1610 2901 9
1610 4420 10
1611 1814 14
1611 3014 11
1612 3046 11
1613 4157 12
1613 4740 15
1614 2065 6
1615 3688 8
1616 1806 12
1616 2337 3
1617 4483 10
1618 3376 7
1618 4870 4
1619 3004 8
1619 3026 5
1619 4744 4
1620 2986 4
1620 4968 12
1621 4229 15
1622 2728 8
1624 2804 9
1624 4656 2
1625 4420 9
1626 3032 11
1626 4105 2
1627 2401 2
1628 3335 11
1628 4290 8
1629 3680 5
1630 2653 9
1631 4696 7
1632 4324 1
1634 2591 5
1635 4931 1
1636 4969 2
1637 1897 8
1637 4059 11
1638 3706 4
1639 4731 3
1640 4005 4
1643 1974 3
1643 3077 14
1643 3767 1
1644 4156 10
1645 2878 11
1645 3244 6
1646 2799 2
1646 3643 14
1648 2123 6
1648 3203 14
1648 3436 8
1648 3609 15
1650 2599 13
1650 4267 3
1653 2971 12
1653 3161 1
1656 3544 12
1656 3949 1
1657 2086 10
1657 3038 14
1657 3376 2
1659 2347 9
1659 2500 1
1660 2263 4
1660 3841 1
1660 4461 4
1661 2183 9
1661 3959 7
1661 4488 14
1661 4503 5
1662 2173 2
1662 2258 10
1663 2565 3
1664 2321 1
1664 2381 10
1664 3468 4
1664 3898 7
1666 2348 2
1666 3250 11
1666 4442 5
1667 1975 13
1667 2805 9
1667 3853 2
1667 4819 2
1668 3179 4
1670 2265 14
1670 3858 10
1670 4038 2
1671 2877 13
1672 2437 11
1673 4972 3
1674 1976 5
1675 4548 14
1676 1851 9
1676 2580 7
1676 3087 2
1676 3173 1
1676 3812 5
1677 2069 8
1678 1837 7
1680 3615 12
1681 1848 13
1681 3767 4
1683 2436 7
1683 2517 4
1683 4952 5
1684 2805 13
1686 4234 9
1688 3485 14
1688 4264 15
1689 3043 1
1689 3576 2
1689 4166 5
1690 3055 14
1691 3877 7
1693 1796 1
1694 4762 1
1695 2479 2
1695 4574 13
1696 4479 10
1697 1729 10
1698 3611 12
1700 3685 6
1701 2072 11
1702 1889 1
1702 2623 11
1702 4271 2
1702 4887 8
1703 1933 6
1704 4746 4
1705 4014 12
1706 4349 14
1707 3462 2
1708 4941 12
1709 3023 15
1709 4810 2
1710 1869 6
1710 2238 8
1710 3180 14
1710 3846 3
1711 3983 12
1712 4420 3
1713 2825 12
1713 4609 5
1714 4731 7
1715 4876 4
1716 3007 13
1716 3794 1
1718 2114 9
1720 1774 12
1722 4283 6
1723 4356 1
1724 2041 4
1724 4208 8
1725 3072 7
1727 1747 9
1728 2035 3
1730 2266 2
1730 3189 12
1732 3926 8
1733 2356 4
1733 2626 5
1733 2627 13
1734 2678 5
1736 4058 8
1737 4472 9
1738 3207 15
1738 3245 15
1738 4431 6
1738 4868 1
1739 2062 13
1740 2284 4
1740 3046 8
1741 4096 14
1742 1887 9
1742 2815 9
1743 4519 8
1744 4268 14
1745 2910 6
1746 4699 6
1747 1924 10
1747 2009 1
1748 4162 14
1750 3281 14
1750 4307 13
1751 2524 10
1752 3475 2
1752 4137 13
1753 2034 1
1753 2125 7
1753 3240 4
1753 3351 15
1754 3220 8
1754 4723 10
1755 1827 12
1757 1897 15
1758 2812 15
1758 4520 6
1759 2347 5
1760 3977 4
1762 2812 15
1763 3951 6
1764 2511 12
1764 2676 3
1764 3758 9
1767 3983 10
1770 2153 5
1771 4068 2
1772 3153 15
1772 4441 12
1773 2756 10
1774 3191 10
1774 3302 2
1774 3746 13
1774 4116 9
1775 2881 7
1776 3738 9
1779 4378 4
1780 4946 5
1781 2126 3
1782 1802 8
1782 2731 2
1782 3477 6
1783 4344 3
1784 4737 14
1785 3744 12
1786 3228 14
1787 3766 3
1787 4176 15
1788 1885 1
1788 3035 11
1789 3689 4
1790 2965 14
1791 4056 2
1791 4602 14
1792 3632 2
1793 2069 7
1794 2103 13
1795 3627 2
1795 4598 14
1796 2891 15
1796 4879 6
1797 4796 6
1800 4948 14
1803 3846 11
1804 2708 7
1807 3257 9
1808 2393 12
1808 2908 10
1809 1821 7
1809 1839 10
1809 2385 8
1809 3894 12
1809 4235 3
1809 4389 4
1810 3183 13
1811 3426 6
1812 3876 2
1813 4598 15
1815 2964 11
1815 4014 3
1817 2276 4
1819 2550 7
1819 3029 3
1819 3332 4
1821 2761 7
1822 3935 8
1823 2938 11
1823 3932 11
1824 2293 9
1824 2408 2
1824 3701 10
1824 4465 10
1825 2400 1
1825 3788 2
1826 4609 10
1827 2224 11
1827 3470 14
1827 3812 9
1828 2382 11
1830 3018 5
1831 3998 9
1831 4070 15
1832 2772 11
1832 4331 7
1833 2634 2
1833 3828 8
1834 2381 7
1837 1900 11
1837 2630 14
1837 4343 13
1837 4387 11
1838 2150 4
1838 4069 9
1839 2182 11
1840 2871 13
1841 2086 14
1841 3234 15
1842 3743 7
1842 4929 11
1843 2614 14
1844 2216 10
1845 2973 13
1846 2558 15
1847 2375 2
1847 3048 11
1847 3344 9
1849 3176 9
1850 3997 4
1851 4859 4
1852 2998 6
1853 3266 3
1853 4577 15
1854 2484 2
1854 4259 12
1854 4976 15
1857 3970 11
1858 3774 15
1859 2757 8
1859 3982 6
1860 3417 8
1861 3162 6
1861 4569 14
1862 3965 5
1862 4964 5
1863 3179 14
1863 4213 15
1864 2725 14
1865 3626 13
1869 2505 3
1869 2549 11
1869 4564 5
1870 3081 7
1871 2286 14
1872 1962 8
1873 2236 11
1875 3101 1
1875 3574 2
1875 4052 3
1876 4773 2
1877 2978 4
1878 2023 13
1879 3327 13
1879 3429 8
1879 3798 3
1880 4239 6
1881 3132 15
1881 3274 7
1881 4400 7
1883 4859 14
1884 4365 4
1885 2962 9
1886 4180 1
1887 3109 2
1888 3627 6
1889 3168 8
1889 3355 12
1890 2619 11
1890 3925 8
1891 4090 11
1891 4339 13
1892 4323 2
1893 3276 6
1894 2520 6
1895 4630 11
1896 4516 10
1897 2932 14
1897 3122 1
1897 4771 11
1898 2964 7
1898 3321 6
1898 4375 11
1900 2327 9
1900 3395 6
1900 4909 8
1901 2023 15
1902 4769 3
1904 3607 1
1905 4826 1
1906 2637 12
1908 2407 6
1908 3446 13
1909 1992 5
1910 3634 13
1910 4637 4
1911 2569 5
1911 2582 7
1912 1916 15
1912 2563 12
1912 3770 1
1912 4787 7
1913 3270 9
1913 3915 1
1913 4630 9
1914 2662 2
1914 3880 3
1915 3878 12
1915 4150 6
1916 4666 3
1917 2015 15
1918 4048 6
1919 1974 15
1921 3562 5
1923 4371 3
1926 4378 2
1928 3041 13
1929 1985 1
1929 1993 4
1929 2057 4
1929 2609 9
1929 2756 8
1930 3595 10
1930 3908 9
1931 2496 7
1931 3044 9
1931 4709 4
1931 4839 8
1932 2838 10
1932 3070 14
1932 3269 14
1933 4396 2
1934 3038 1
1936 4487 1
1937 3644 13
1938 3936 1
1938 4368 4
1939 2734 15
1939 3431 6
1939 4660 11
1940 3359 9
1940 3496 15
1941 4552 2
1943 3329 11
1944 2290 14
1946 3368 10
1947 2017 5
1947 2067 12
1947 4423 6
1948 4775 9
1949 4143 15
1950 3432 10
1951 2502 1
1951 3356 10
1953 3220 4
1954 2256 12
1957 3646 12
1958 2774 5
1959 2424 15
1959 3854 13
1960 3408 4
1961 3457 8
1962 2971 15
1963 2412 10
1963 3320 8
1963 3937 5
1964 3040 12
1965 2613 6
1965 3440 4
1966 4547 9
1967 4580 10
1968 3788 15
1969 4550 10
1970 2647 11
1971 4935 13
1975 4954 10
1976 2396 4
1976 4544 2
1977 2017 10
1978 4410 3
1979 2257 8
1980 3358 12
1980 3518 13
1980 4733 4
1981 4294 15
1982 3032 9
1982 3408 7
1983 2018 6
1984 2997 2
1985 2253 9
1986 3796 2
1988 3751 10
1989 3742 3
1989 3906 8
1989 4817 3
1990 4935 12
1993 2813 10
1994 3620 6
1996 2296 1
1996 4605 15
1997 2196 4
1998 4581 13
1999 2270 8
2002 2439 12
2003 4040 9
2004 3452 11
2005 3298 5
2005 3433 14
2007 3265 12
2008 3282 11
2010 3756 14
2010 4753 6
2012 3183 14
2012 4717 8
2014 4371 3
2014 4827 1
2015 3929 3
2016 2659 13
2018 2266 7
2019 3639 14
2020 4428 5
2022 4226 11
2023 2645 7
2023 4306 13
2024 2911 4
2024 3746 8
2025 4012 11
2025 4995 4
2026 3082 8
2027 3532 1
2027 3630 7
2028 2320 1
2028 4964 4
2030 2092 4
2031 2225 4
2035 2803 1
2036 3032 3
2036 4530 5
2036 4916 3
2038 3700 6
2038 4740 8
2040 3787 12
2040 3869 9
2041 2329 1
2041 3108 4
2041 3123 1
2041 3464 1
2041 3921 7
2041 4495 10
2042 4069 4
2043 2430 5
2043 3730 5
2044 2418 10
2045 2381 5
2046 4581 3
2047 2411 4
2047 2695 10
2047 3729 15
2048 2794 10
2049 4431 3
2050 2855 9
2050 4060 14
2051 4269 3
2052 4625 9
2053 4142 10
2054 3690 11
2055 3190 13
2056 2114 5
2058 4538 8
2059 3441 13
2060 3018 11
2061 2800 9
2061 2935 14
2061 3335 6
2061 4224 10
2061 4526 1
2062 4034 3
2064 4280 11
2065 2267 11
2065 3557 7
2066 3915 9
2067 2309 10
2067 2313 13
2067 4873 12
2067 4924 14
2068 4103 4
2069 2158 14
2069 2362 15
2069 4777 1
2070 2916 14
2070 4424 5
2071 3970 9
2072 4143 1
2072 4800 15
2073 2625 1
2073 3549 12
2074 2991 9
2075 3680 4
2076 2468 7
2076 2939 13
2076 4898 1
2077 2875 12
2078 4673 5
2079 2344 7
2079 2502 2
2079 3646 11
2081 3547 15
2081 4495 2
2082 4848 1
2083 4548 14
2084 3816 7
2085 2132 6
2086 3400 6
2088 3849 1
2089 3378 2
2089 3599 12
2089 3801 6
2090 4858 3
2091 3411 5
2092 2196 5
2092 3021 15
2093 3898 8
2095 2161 3
2096 2187 2
2097 4535 5
2098 2751 9
2098 3369 14
2098 4112 12
2098 4130 7
2098 4467 9
2098 4716 10
2099 4819 8
2100 3677 10
2101 3408 2
2102 4100 7
2103 2242 7
2105 4473 13
2106 2883 11
2106 4463 2
2107 3541 1
2108 2587 4
2109 3093 2
2109 3739 10
2109 4618 9
2110 3265 2
2111 4907 12
2112 3136 2
2113 3309 13
2113 4914 8
2114 3361 4
2114 3499 12
2114 4280 8
2115 4558 8
2116 3145 1
2118 3805 8
2119 3972 10
2119 4075 15
2121 3147 10
2121 3405 9
2122 2783 15
2124 2632 5
2125 2790 1
2125 2987 6
2127 2897 13
2127 3874 14
2128 4470 7
2129 2840 9
2131 2616 2
2131 3155 7
2133 2373 7
2133 2399 3
2133 2455 15
2133 2762 3
2133 3847 5
2133 4981 10
2134 4197 15
2135 3032 15
2136 3570 2
2137 4325 1
2139 3082 5
2139 3170 1
2141 3000 10
2141 3703 12
2143 2796 4
2143 4032 4
2144 4259 13
2145 3393 12
2145 3619 8
2145 4304 8
2146 3012 3
2146 3917 12
2148 2542 8
2151 3331 5
2151 3971 12
2152 4961 1
2153 2452 5
2153 4454 4
2154 3387 7
2154 4645 11
2156 2576 7
2157 3643 11
2159 2764 3
2160 4370 7
2161 2712 11
2161 4884 7
2162 4690 8
2163 2623 5
2163 3777 10
2163 4376 15
2163 4541 1
2164 2679 3
2165 2290 8
2166 4916 1
2167 4849 13
2167 4893 13
2169 3339 15
2170 3603 6
2170 4335 7
2170 4716 5
2170 4844 10
2171 2376 5
2172 2231 4
2172 2478 11
2174 3027 1
2174 3700 3
2175 2691 11
2175 3337 11
2175 4549 9
2175 4682 1
2175 4971 9
2176 2521 12
2176 3133 6
2176 3304 14
2178 2316 11
2178 4508 7
2185 4632 15
2186 3188 14
2186 3627 15
2188 4500 10
2189 2305 12
2189 4178 8
2190 4442 12
2191 3124 9
2191 4254 2
2192 2348 10
2193 2873 4
2195 3407 14
2197 3537 1
2198 2707 4
2198 2763 3
2198 3912 11
2198 4700 6
2199 4902 1
2200 3377 1
2200 4663 11
2201 2384 5
2201 2808 5
2201 3237 6
2204 4406 5
2205 4017 13
2208 3918 14
2209 4923 8
2211 4058 5
2212 3873 14
2212 4999 7
2214 4496 10
2215 4798 3
2217 4067 14
2217 4748 9
2218 2405 14
2219 3844 5
2219 4776 5
2221 3941 4
2222 3307 14
2223 4061 9
2224 2750 14
2225 2983 15
2226 3754 3
2226 4236 6
2227 4023 12
2228 2689 2
2229 4014 3
2230 4335 10
2231 2841 15
2233 3293 4
2234 4642 13
2235 2265 12
2236 3739 15
2237 3508 2
2238 2343 14
2238 2793 1
2238 4478 15
2240 4477 3
2242 3105 13
2242 3199 1
2242 3279 13
2245 3337 8
2246 3804 13
2247 2358 5
2248 3240 7
2249 2513 9
2251 4186 12
2252 2654 7
2253 3290 5
2253 4049 4
2254 4926 1
2255 3995 12
2258 3023 5
2258 4191 4
2258 4337 15
2259 4390 4
2260 3654 3
2262 2410 10
2264 2693 10
2264 2932 8
2264 3232 7
2264 4701 12
2266 3753 10
2266 3844 11
2266 3987 5
2267 2369 12
2267 2753 7
2267 4113 13
2268 3184 5
2268 3301 9
2268 3871 12
2269 3472 11
2269 3878 8
2270 3282 13
2273 3319 14
2274 4514 8
2275 2680 2
2275 4165 14
2276 3410 6
2276 4905 6
2277 2530 10
2277 2600 1
2277 3398 8
2278 4418 13
2279 2291 8
2281 3984 6
2281 4236 12
2281 4523 7
2282 3296 3
2283 2367 14
2283 3649 6
2283 4643 8
2284 2397 13
2286 2564 11
2286 4795 15
2287 2830 11
2287 4020 1
2288 4944 15
2289 4611 12
2292 3623 10
2293 4237 7
2294 2935 5
2295 3521 1
2295 4711 1
2296 2771 11
2297 4387 8
2299 4853 10
2300 3127 5
2301 2666 1
2301 4203 10
2303 3455 1
2304 3506 4
2304 4629 6
2304 4730 8
2306 2738 8
2307 2766 9
2307 3199 14
2307 4102 7
2309 4081 15
2309 4500 2
2310 3641 11
2310 3699 12
2311 4588 1
2312 3739 8
2313 2406 6
2313 4263 8
2313 4611 8
2313 4986 9
2314 3492 9
2314 3845 12
2315 3999 6
2317 2980 14
2318 4759 13
2319 2652 11
2319 4817 5
2323 3695 1
2324 3390 9
2325 3360 6
2326 4198 9
2327 4309 2
2327 4822 7
2329 2775 14
2329 2808 7
2329 3738 8
2329 4084 12
2329 4482 4
2329 4722 4
2330 4339 8
2331 4648 6
2332 2349 15
2333 4828 4
2333 4832 13
2334 2506 15
2334 2724 5
2334 2858 10
2334 4964 6
2335 4711 14
2336 4155 5
2339 2484 4
2340 4158 4
2340 4475 3
2340 4831 13
2341 3435 13
2343 4686 5
2345 3580 11
2346 2957 14
2346 4626 8
2349 2688 12
2350 4646 4
2350 4931 14
2351 4183 3
2352 4484 10
2353 4592 9
2354 3867 6
2356 2637 4
2356 2722 14
2356 3768 4
2356 3885 13
2357 4036 10
2359 4459 10
2361 2832 7
2363 4850 6
2364 3077 3
2365 2889 1
2366 4524 11
2368 4320 8
2370 2765 8
2370 4077 11
2371 2416 6
2371 2702 3
2372 3850 10
2373 3763 4
2373 4878 4
2374 3402 8
2377 3931 11
2378 2936 9
2378 3000 10
2379 2874 13
2380 3701 2
2381 2781 9
2382 2447 9
2382 3469 11
2383 3392 13
2385 4127 1
2387 3050 9
2387 4064 2
2388 2408 3
2389 4334 7
2390 2677 9
2391 3225 15
2392 3889 14
2393 4434 14
2393 4643 3
2395 2738 13
2395 3582 11
2395 3723 12
2395 3788 11
2395 4726 14
2395 4944 11
2396 2623 14
2396 2624 4
2396 3531 9
2396 3647 8
2396 4560 13
2401 2567 10
2401 3225 10
2401 4034 1
2402 2436 5
2403 3684 7
2405 3020 11
2405 3207 4
2408 3206 12
2408 3238 12
2410 2555 3
2410 3233 6
2410 3672 15
2411 4791 5
2413 3150 1
2413 4319 10
2414 4134 4
2417 3226 10
2419 2776 9
2419 3504 3
2420 3717 7
2421 2616 4
2421 3639 6
2421 4664 14
2422 2994 6
2422 4493 4
2424 2462 10
2425 4541 5
2426 3685 15
2427 2797 15
2427 3771 5
2428 4951 4
2429 4888 2
2431 2544 8
2431 2719 4
2432 2541 3
2432 3644 2
2432 4631 9
2433 4078 15
2434 2792 11
2437 3579 14
2438 3058 13
2439 2449 1
2439 2727 7
2439 2909 7
2440 4020 5
2442 4472 8
2443 3714 2
2446 4088 4
2448 3279 4
2448 3909 15
2449 3006 11
2449 4507 3
2450 3673 12
2451 3571 12
2451 4512 14
2451 4951 1
2453 3282 9
2454 4123 14
2456 3425 6
2457 3097 13
2458 3420 8
2458 3808 2
2458 4538 11
2460 2613 15
2460 3963 11
2461 2580 14
2463 3080 3
2464 3747 3
2466 3061 3
2466 4916 15
2468 3168 14
2468 4040 12
2469 3315 15
2470 4115 3
2471 4063 4
2471 4300 13
2472 2498 8
2474 4280 4
2475 3781 11
2477 3001 7
2477 3635 5
2477 3745 10
2477 4370 5
2477 4458 15
2479 2481 14
2480 4409 1
2482 4656 1
2483 4494 12
2484 3979 4
2485 3184 12
2486 2619 10
2487 3616 11
2488 4878 14
2489 2490 2
2490 3570 13
2490 4053 15
2491 3551 14
2492 3644 9
2495 4612 11
2497 3553 12
2500 2859 5
2500 2875 3
2502 2803 9
2502 4716 15
2503 4423 7
2504 2748 10
2504 3781 11
2504 4568 3
2504 4662 13
2506 3478 7
2506 4603 10
2508 3677 12
2509 3094 7
2509 3140 15
2510 4659 5
2511 3761 13
2511 4313 6
2512 2623 14
2515 4755 8
2515 4764 9
2517 4431 1
2518 4462 14
2520 3540 15
2520 3685 1
2521 3193 12
2521 3991 15
2524 3441 9
2525 3021 5
2525 3374 3
2525 3944 5
2526 3227 14
2527 4504 5
2528 4192 6
2529 3655 5
2529 3788 7
2529 4291 6
2531 4759 7
2531 4872 12
2532 2703 11
2533 3453 12
2534 2935 11
2535 3684 11
2536 3972 10
2537 2966 11
2537 4672 9
2539 3224 4
2543 3010 2
2545 4763 15
2546 3943 13
2547 2924 15
2547 3192 10
2550 2998 5
2550 3007 6
2550 4289 10
2551 2863 1
2551 4682 10
2552 2613 1
2552 3140 7
2552 3476 2
2552 4968 10
2556 3035 12
2557 2991 4
2558 3139 6
2559 4370 9
2561 4289 4
2562 2578 14
2562 2723 3
2564 3385 15
2564 4365 14
2564 4625 4
2564 4956 1
2567 3181 9
2567 3495 5
2567 3984 11
2569 3955 5
2569 4923 3
2571 3465 5
2572 4568 9
2573 2758 7
2573 2904 8
2573 3993 1
2573 4281 2
2573 4761 15
2574 2997 12
2574 3150 15
2574 4891 9
2575 3031 2
2577 4412 12
2577 4644 3
2578 3597 11
2578 4288 12
2579 4456 14
2580 3256 14
2581 3950 8
2583 2700 12
2584 3421 15
2585 3941 11
2586 4403 9
2587 4040 10
2588 2654 7
2588 4415 10
2590 2661 2
2591 3903 12
2593 4449 13
2595 4613 13
2596 4040 13
2597 3270 5
2597 4145 5
2600 4812 7
2601 2916 5
2601 4727 5
2601 4868 2
2602 4949 8
2603 2944 9
2603 3212 8
2603 3285 5
2603 3645 8
2604 3220 15
2605 3671 11
2606 4862 7
2607 3227 7
2608 4027 9
2610 3205 1
2610 3822 15
2610 4190 4
2611 3031 10
2611 4170 14
2611 4743 10
2612 3738 12
2613 3328 12
2613 4104 8
2614 3167 7
2615 4301 14
2617 3803 8
2617 4083 15
2617 4633 3
2621 4481 12
2622 3884 15
2623 3288 6
2626 3590 5
2626 3695 7
2628 2700 14
2631 3015 7
2631 3823 5
2632 3160 2
2634 2693 5
2634 2788 2
2634 4176 1
2636 4171 7
2638 4024 10
2639 4043 2
2640 4004 1
2641 4191 4
2642 3899 6
2644 2686 8
2644 4032 11
2644 4491 8
2644 4918 15
2645 3525 10
2645 3927 11
2645 4168 11
2646 3689 3
2648 2998 12
2648 3066 13
2648 3742 15
2648 4114 15
2648 4128 10
2650 3472 9
2652 2844 13
2655 4016 2
2656 3955 2
2657 2971 8
2658 4481 15
2659 4701 14
2660 4560 10
2663 3696 12
2664 3995 8
2664 4118 11
2665 3023 6
2666 3099 5
2667 3040 5
2667 3182 2
2668 2881 6
2669 2806 6
2669 4587 10
2672 4750 11
2673 4724 11
2674 3348 10
2674 3686 13
2674 4383 1
2675 3024 2
2677 3725 15
2677 4029 7
2678 3644 11
2678 4176 10
2678 4194 6
2678 4537 1
2679 4547 4
2681 2854 11
2682 4935 11
2683 4459 8
2684 2886 7
2685 3529 6
2686 4944 13
2687 3710 3
2688 3241 15
2688 3557 11
2689 3227 5
2690 4660 6
2692 3545 3
2693 3069 4
2696 3038 8
2697 4286 14
2698 2940 11
2701 3214 13
2703 2869 2
2703 3957 4
2704 3669 3
2705 3597 10
2705 4160 2
2705 4410 2
2706 4722 15
2708 3525 8
2708 4572 3
2709 3408 2
2711 3325 2
2711 4094 9
2711 4481 8
2712 3697 11
2713 4509 8
2713 4923 10
2714 3985 12
2714 4056 9
2715 3436 14
2716 4552 11
2717 4701 15
2718 3864 11
2720 4768 8
2721 4595 7
2722 2737 1
2722 3113 8
2722 3381 14
2722 3637 10
2722 3844 13
2724 2821 9
2726 4744 4
2728 3032 10
2728 3877 10
2731 2878 10
2731 4473 15
2732 2773 7
2732 3488 4
2732 4788 2
2733 3125 9
2735 3024 2
2736 3944 14
2740 2910 7
2740 4133 15
2741 3614 14
2742 2932 9
2742 4438 1
2743 3057 14
2743 4231 8
2744 3645 13
2745 3993 12
2745 4404 9
2746 2751 2
2747 3113 12
2747 4641 9
2748 3467 5
2749 3242 9
2751 2998 8
2751 3685 2
2751 3993 3
2751 4845 11
2751 4904 11
2752 4772 12
2752 4901 2
2753 3542 4
2753 4447 4
2753 4763 7
2754 3518 9
2755 4687 11
2756 2948 1
2757 2868 4
2757 4698 7
2757 4952 2
2760 3283 1
2762 3371 10
2764 4346 12
2765 4983 3
2766 4824 5
2768 4626 6
2769 4442 2
2771 3176 15
2771 4629 15
2772 3613 9
2775 3463 3
2775 4203 14
2775 4230 1
2778 3452 5
2779 4078 7
2780 3201 3
2780 3224 12
2780 3688 9
2781 2840 15
2781 2985 12
2781 3202 10
2783 2857 6
2783 3844 7
2784 3135 13
2784 3865 6
2785 4456 9
2789 2952 15
2790 3678 4
2790 4342 5
2791 4543 4
2792 4926 3
2795 3652 15
2797 3000 2
2801 4640 11
2802 2907 7
2802 3683 3
2802 4654 5
2807 2972 4
2808 3517 10
2808 3570 4
2809 3717 13
2809 4720 7
2810 4303 11
2811 4099 1
2811 4418 14
2812 3636 1
2812 3647 11
2812 3986 13
2812 4188 14
2816 3307 14
2817 4148 14
2818 3057 1
2818 3294 8
2820 4300 1
2822 3953 2
2823 3940 10
2823 4396 8
2824 3070 15
2824 3098 13
2824 3810 4
2824 4083 1
2826 4788 3
2827 3860 5
2828 3324 5
2828 3479 13
2829 3650 12
2829 4637 10
2832 3059 8
2833 2978 11
2834 4694 6
2835 3747 12
2835 4163 4
2835 4308 6
2836 3314 3
2839 3016 6
2840 3497 5
2840 4356 8
2842 3722 11
2843 3228 3
2846 4953 10
2848 4909 3
2849 3668 5
2849 4985 5
2850 3240 4
2851 3412 4
2852 3120 7
2853 4182 11
2853 4185 6
2854 4835 1
2857 4459 6
2858 3033 12
2858 3036 1
2858 4881 4
2860 4875 11
2861 3955 8
2864 4536 8
2865 4895 6
2869 3139 5
2869 4103 2
2871 3409 13
2871 3557 13
2871 4065 6
2871 4293 10
2871 4575 2
2871 4764 4
2872 3513 12
2874 3127 6
2874 4585 10
2874 4993 3
2876 3692 15
2877 3913 13
2878 3177 7
2879 3284 13
2879 3882 12
2880 3514 2
2881 3129 1
2881 3885 6
2885 4600 9
2890 3611 7
2892 4025 12
2892 4345 14
2895 3117 3
2896 2910 4
2896 3815 11
2896 4413 6
2897 4668 4
2898 3565 3
2898 4843 2
2900 3410 14
2900 3934 12
2903 2964 7
2904 4786 5
2905 3358 7
2909 3159 4
2909 4604 5
2910 4576 12
2912 4291 10
2913 3144 11
2913 3339 1
2915 4520 3
2916 3680 12
2918 4526 10
2920 3635 15
2921 3187 12
2923 3586 8
2924 4471 13
2925 4657 1
2927 3272 4
2927 3808 11
2927 4002 5
2928 4900 13
2929 2977 11
2930 4875 11
2930 4964 15
2932 3797 4
2932 4318 3
2934 3335 4
2935 3628 10
2935 4192 2
2937 3131 8
2937 3650 15
2940 3901 1
2940 4630 3
2942 3104 5
2944 4246 14
2946 4628 3
2949 4283 9
2950 3063 13
2950 3207 1
2950 4108 10
2951 4754 5
2953 3235 1
2955 3731 15
2956 3751 6
2957 4370 13
2959 4139 8
2961 3386 15
2964 2983 15
2964 4039 3
2967 3216 1
2968 3425 11
2970 3410 7
2971 4611 11
2975 4765 6
2975 4820 15
2976 4643 7
2977 3842 12
2979 4779 10
2980 3827 12
2981 4765 15
2982 4054 3
2983 4998 10
2984 4439 12
2989 3539 5
2990 4056 14
2992 3392 9
2992 4534 9
2994 4414 2
2995 3366 6
2999 3864 1
3002 4928 10
3003 4571 2
3003 4582 5
3006 3209 8
3008 3346 7
3008 3503 14
3012 3053 13
3013 3429 10
3017 3911 6
3017 4907 1
3017 4959 4
3018 4793 3
3019 4878 9
3021 4098 5
3025 4630 11
3027 3079 2
3030 3508 8
3033 3486 9
3034 3511 9
3034 4358 7
3034 4374 10
3037 3691 9
3038 4367 1
3039 4074 2
3039 4573 1
3040 3166 10
3040 3955 4
3041 3640 11
3041 4610 5
3041 4837 1
3042 3805 14
3044 4035 8
3044 4267 6
3044 4334 9
3045 4123 9
3046 3134 7
3046 3311 2
3047 4140 1
3048 3062 2
3049 3059 8
3051 3764 11
3052 3442 2
3054 4515 10
3056 4334 10
3057 4962 6
3058 3742 5
3058 4310 8
3059 4500 10
3061 3120 8
3062 3205 3
3064 4826 3
3065 3533 6
3067 4546 13
3071 3087 6
3073 4231 14
3074 3147 1
3075 3821 14
3078 3390 7
3080 3117 10
3080 3367 13
3080 3589 13
3082 3253 8
3082 4702 14
3083 3939 1
3086 4176 12
3087 4901 3
3088 4300 14
3090 4217 13
3090 4941 7
3091 3604 11
3092 3192 5
3093 3504 11
3093 3881 12
3093 4058 10
3095 4422 12
3096 3607 5
3097 3576 14
3097 3611 15
3102 4779 7
3103 4396 14
3104 4041 14
3105 3151 14
3107 4371 9
3108 4301 5
3114 4292 8
3115 3128 14
3115 4046 12
3116 3522 12
3118 4206 13
3119 4178 15
3120 3848 8
3120 4299 11
3121 3349 9
3130 3398 12
3130 4734 1
3135 3360 5
3135 4762 7
3137 4383 12
3139 4899 12
3140 3638 15
3140 4697 15
3142 4819 3
3144 4784 13
3146 4544 15
3147 4407 4
3148 3251 11
3150 3242 2
3155 4311 2
3156 4881 10
3157 4241 14
3158 4616 2
3159 4372 14
3164 4124 2
3169 4026 12
3170 3734 3
3175 4797 15
3176 4216 7
3178 4015 5
3179 4504 2
3180 4925 5
3183 3379 10
3183 4905 3
3184 3252 7
3184 3963 4
3185 3518 3
3187 3270 8
3187 4619 11
3189 3657 15
3192 3503 12
3194 4964 15
3195 4864 11
3196 4172 15
3197 3341 15
3198 4144 11
3199 3221 15
3199 3403 1
3199 3868 9
3199 4159 1
3200 3878 7
3204 4066 3
3205 3992 15
3206 3507 15
3206 4101 3
3206 4642 5
3207 3608 4
3208 3870 11
3211 3892 10
3213 4154 9
3215 3841 1
3217 4759 11
3221 4278 13
3222 4219 2
3223 4628 2
3225 3231 6
3225 3529 2
3225 4050 10
3226 4258 14
3227 4940 8
3228 3668 1
3229 3873 15
3230 4754 11
3235 4740 2
3236 4555 3
3237 3968 3
3239 4616 2
3245 3328 4
3245 3739 3
3245 4070 14
3245 4078 7
3245 4363 11
3246 3624 1
3246 3830 12
3247 3851 12
3248 4877 8
3251 3479 3
3254 4829 12
3255 3380 14
3255 3955 11
3257 4191 4
3259 3815 14
3259 4648 8
3259 4737 12
3260 4017 12
3260 4640 8
3263 4386 9
3265 3283 14
3270 3905 11
3273 3967 4
3275 4425 7
3277 3746 13
3278 3314 15
3278 3841 6
3278 4725 11
3280 4093 14
3281 4659 7
3283 3786 6
3284 3721 6
3286 3684 1
3287 4259 9
3288 3427 4
3288 3935 3
3289 4077 7
3291 3588 10
3292 3990 4
3293 3360 7
3296 4448 9
3300 4021 14
3304 4920 10
3305 4503 6
3308 3383 4
3308 3466 2
3308 3718 3
3309 3439 5
3309 3552 3
3310 3958 4
3312 3542 10
3313 4731 1
3314 4250 11
3318 3967 8
3319 4116 9
3319 4761 1
3320 4353 14
3320 4608 9
3322 3388 12
3322 4177 13
3323 4531 7
3324 3739 12
3326 4334 5
3328 4265 7
3329 4297 4
3331 3589 14
3333 4261 11
3341 3732 1
3341 4381 1
3343 4386 9
3345 3456 1
3345 3534 5
3347 4522 3
3347 4539 8
3349 3549 9
3349 3891 10
3350 4265 15
3351 3919 13
3353 4547 9
3354 4994 9
3357 4941 5
3358 3890 15
3359 3975 2
3359 4342 15
3360 4333 2
3360 4554 15
3362 3549 7
3363 3375 9
3363 3781 13
3363 4881 13
3363 4990 5
3365 4523 8
3366 3815 4
3367 4262 1
3368 3448 5
3368 3751 15
3369 3446 1
3369 4143 11
3369 4730 11
3369 4945 3
3372 3383 8
3375 4689 11
3375 4694 2
3376 4612 11
3378 3408 8
3379 4897 11
3389 4178 2
3390 3397 7
3390 3772 1
3390 4628 15
3390 4938 9
3392 3426 12
3396 3429 5
3396 3977 13
3396 4638 2
3396 4714 14
3397 4692 10
3398 4301 11
3399 4719 10
3400 3889 12
3401 4016 11
3403 3663 6
3404 4637 3
3406 4838 5
3410 3473 12
3411 4007 4
3413 4971 5
3415 3885 11
3415 4676 6
3418 4792 6
3422 3888 14
3425 4480 11
3426 4436 3
3429 4583 10
3429 4935 6
3430 4742 5
3432 4030 14
3433 3457 1
3433 4031 9
3433 4695 9
3434 4806 13
3435 4370 11
3438 3797 1
3439 4386 5
3439 4637 13
3441 3773 5
3441 4421 8
3443 4486 7
3444 4941 14
3445 3944 9
3445 4037 12
3446 4322 2
3446 4440 2
3446 4498 5
3446 4665 12
3447 4161 6
3449 3754 6
3451 4500 1
3452 4907 5
3453 4097 14
3454 3827 3
3455 4716 1
3457 4548 13
3458 4155 9
3461 4733 13
3463 4123 2
3464 4221 3
3466 4937 3
3467 3840 2
3469 4781 9
3471 4066 1
3474 4596 13
3481 4926 8
3482 4505 7
3482 4894 15
3483 4568 5
3484 4117 4
3487 4706 15
3488 3604 10
3488 4505 8
3488 4826 11
3489 3750 9
3489 4322 7
3491 3912 10
3494 3749 3
3494 4584 8
3496 3667 9
3496 4321 6
3500 3769 3
3501 4766 1
3502 3824 12
3502 4889 1
3505 3702 14
3508 4599 15
3508 4782 5
3509 4137 11
3510 4418 15
3511 4138 1
3512 4832 6
3514 4936 11
3515 4725 7
3516 4415 1
3516 4732 7
3517 4252 15
3517 4349 14
3521 3854 11
3521 3972 9
3521 4412 10
3523 4821 5
3524 3935 12
3525 3833 6
3528 4782 5
3530 3634 10
3531 3710 6
3531 4430 2
3534 4259 14
3539 4934 14
3540 4759 9
3541 3684 5
3541 3967 11
3542 4912 15
3543 4773 1
3543 4802 11
3545 4126 2
3548 4530 14
3550 4204 1
3551 4026 3
3551 4292 11
3553 4930 8
3554 4323 1
3555 4094 15
3556 3875 15
3559 4353 5
3561 4744 10
3562 4076 6
3562 4395 7
3567 4754 14
3568 4305 3
3572 4871 6
3577 3977 13
3577 4179 5
3579 4862 1
3583 3598 14
3586 4174 1
3586 4422 10
3588 3957 10
3589 4188 5
3589 4591 15
3591 3647 12
3592 4197 11
3593 4414 6
3594 4744 2
3597 4974 9
3601 3971 2
3603 3948 13
3603 4674 12
3604 4379 3
3604 4972 5
3605 4486 10
3605 4578 15
3606 3812 8
3611 3907 2
3612 4652 14
3615 4196 7
3619 4613 14
3620 3917 7
3620 4242 6
3621 3635 12
3621 4274 5
3622 3755 14
3622 4492 12
3625 3687 13
3626 4468 6
3629 4260 11
3635 4449 12
3636 4329 12
3636 4477 1
3637 4183 7
3637 4249 11
3639 4185 4
3642 3740 14
3642 3955 12
3645 3689 9
3647 4219 2
3647 4303 14
3651 4878 1
3656 4976 2
3660 4223 3
3660 4377 13
3662 4189 10
3664 4754 4
3665 4156 6
3669 4865 14
3670 4437 10
3673 4229 4
3674 4120 7
3675 4015 12
3676 4497 7
3676 4879 13
3683 4682 15
3685 4481 5
3685 4753 10
3692 4330 4
3694 4259 11
3700 4851 2
3700 4999 10
3701 4531 14
3706 4992 5
3707 4120 7
3709 4754 5
3712 4576 7
3715 4146 7
3717 4224 7
3722 4033 4
3726 4693 15
3727 3835 9
3728 4176 5
3728 4295 6
3729 4725 7
3731 3796 1
3732 3821 15
3735 4558 1
3736 3863 14
3738 4277 2
3739 4867 10
3744 4384 8
3746 4769 10
3747 3793 7
3747 4499 7
3748 4423 13
3752 4390 15
3754 3989 9
3757 3873 2
3760 4473 11
3760 4516 12
3761 4192 1
3769 4245 15
3774 4863 2
3781 3912 12
3781 3995 9
3783 4031 1
3784 4430 6
3785 4201 15
3785 4944 7
3787 4881 1
3788 3849 9
3788 4882 2
3790 4871 4
3792 4328 9
3795 4183 10
3798 4965 14
3799 3853 9
3804 4501 7
3807 4758 2
3808 3977 10
3808 4678 8
3809 4037 9
3811 4626 12
3814 4765 15
3817 4703 11
3821 4901 14
3826 3917 4
3831 4818 11
3832 3930 14
3833 4411 7
3834 4743 11
3835 4730 12
3836 4448 12
3837 4167 2
3838 4455 15
3840 3947 3
3843 3980 3
3843 4045 7
3844 4045 6
3844 4573 5
3844 4906 7
3845 4634 11
3845 4739 8
3848 4238 6
3849 4683 3
3852 4895 5
3855 4687 5
3859 4414 10
3860 4967 14
3864 3973 3
3865 4718 11
3867 3946 4
3872 4062 11
3872 4207 15
3878 4131 3
3879 4189 14
3880 4681 6
3883 4101 10
3885 4793 15
3886 4766 10
3887 4687 12
3891 4450 4
3893 4446 5
3893 4821 15
3904 4702 4
3908 3993 9
3910 4049 6
3910 4563 6
3912 4030 15
3912 4422 14
3913 4743 13
3918 4341 9
3920 4189 6
3920 4444 1
3923 4589 10
3924 4132 3
3925 3963 2
3926 4196 6
3939 4682 1
3941 4721 7
3941 4877 2
3942 4652 1
3943 4369 14
3951 4588 12
3952 4840 7
3953 4759 2
3954 3959 11
3956 4568 7
3957 4298 1
3958 4919 12
3958 4935 7
3961 4704 15
3963 4226 1
3964 4260 10
3972 4624 6
3976 4433 6
3978 4247 12
3983 4462 13
3984 4338 13
3986 4126 10
3990 4532 15
3990 4989 5
3997 4325 11
3998 4129 6
3999 4140 12
4001 4110 6
4006 4409 5
4008 4873 13
4009 4656 3
4014 4778 2
4018 4354 2
4019 4701 2
4020 4146 5
4029 4840 5
4030 4525 8
4034 4747 11
4038 4568 9
4045 4546 10
4047 4354 8
4048 4745 7
4048 4782 15
4054 4774 8
4055 4064 8
4056 4286 13
4056 4608 10
4056 4790 3
4056 4922 2
4057 4459 6
4066 4894 10
4069 4792 5
4072 4675 6
4077 4087 7
4084 4664 9
4085 4560 10
4086 4157 11
4088 4848 8
4093 4432 10
4093 4528 7
4097 4500 7
4101 4180 15
4102 4811 10
4104 4316 8
4106 4306 3
4107 4894 12
4110 4708 4
4111 4456 1
4115 4261 13
4115 4587 14
4119 4999 9
4121 4419 7
4123 4132 13
4123 4279 4
4124 4418 13
4126 4856 3
4134 4785 8
4135 4482 9
4137 4155 12
4137 4649 11
4139 4481 6
4142 4352 2
4146 4587 9
4149 4434 13
4151 4826 14
4152 4364 13
4155 4332 11
4161 4463 5
4171 4680 4
4171 4994 6
4173 4300 15
4184 4957 14
4187 4598 13
4196 4402 9
4196 4480 12
4196 4611 5
4198 4342 6
4207 4212 13
4210 4601 13
4214 4944 7
4215 4912 4
4218 4681 4
4218 4823 4
4219 4336 11
4220 4533 2
4222 4340 6
4223 4553 11
4226 4684 13
4240 4942 5
4243 4704 4
4246 4864 13
4248 4392 5
4249 4521 8
4251 4943 6
4251 4970 4
4253 4498 4
4254 4868 15
4255 4909 5
4256 4448 1
4257 4395 7
4258 4880 2
4259 4973 6
4266 4931 1
4267 4881 2
4275 4399 14
4282 4654 15
4283 4496 9
4286 4600 13
4296 4971 8
4303 4443 2
4303 4579 11
4312 4769 3
4314 4814 3
4315 4926 3
4317 4495 15
4320 4406 9
4324 4819 14
4326 4591 10
4341 4741 13
4342 4950 7
4344 4658 8
4346 4662 3
4355 4451 1
4357 4769 11
4358 4789 12
4368 4797 3
4368 4883 6
4382 4930 10
4385 4394 14
4393 4674 5
4397 4746 9
4401 4481 5
4401 4967 2
4418 4480 15
4420 4938 13
4431 4917 3
4435 4712 5
4437 4871 9
4443 4496 12
4443 4782 3
4447 4623 12
4453 4687 5
4455 4655 4
4456 4730 10
4457 4714 9
4463 4578 5
4463 4967 6
4480 4961 6
4481 4833 9
4482 4632 13
4490 4581 15
4500 4617 3
4505 4656 8
4513 4978 2
4519 4611 7
4522 4640 1
4522 4744 12
4522 4960 11
4533 4939 3
4545 4583 1
4548 4784 12
4550 4780 3
4551 4829 15
4555 4869 9
4563 4848 14
4580 4657 5
4594 4681 5
4606 4826 1
4608 4773 6
4611 4807 7
4625 4751 14
4627 4844 6
4636 4815 12
4653 4698 2
4658 4662 1
4659 4677 8
4667 4738 5
4674 4860 5
4686 4775 13
4687 4909 1
4688 4850 7
4690 4724 5
4705 4764 6
4709 4814 2
4715 4801 7
4743 4885 5
4754 4970 14
4757 4844 3
4760 4977 11
4762 4825 11
4767 4793 14
4782 4977 3
4784 4879 13
4799 4809 2
4808 4980 9
4816 4955 8
4852 4926 5
4881 4963 7
4938 4966 2
4940 4998 15
6
8 17 67 82 200 1000000
