p cep 100 663
21 26
22 29
55 59
18 21
19 20
76 79
14 33
79 87
15 32
39 41
90 95
16 31
40 46
13 18
89 99
50 59
14 21
84 86
9 88
5 6
95 99
57 59
21 33
60 72
82 87
96 99
29 33
56 57
62 70
60 62
37 42
89 94
35 42
38 45
80 86
91 96
40 43
66 72
49 51
70 74
50 52
51 57
42 86
91 100
4 12
81 86
88 97
25 34
47 53
61 71
48 50
88 95
21 22
17 30
41 43
18 25
42 44
80 83
19 32
76 83
44 46
77 79
15 20
50 53
27 31
1 6
51 52
13 30
28 32
5 12
3 8
6 11
71 73
20 28
94 97
21 29
24 34
17 21
42 45
32 34
64 66
19 23
43 44
24 32
75 76
13 33
37 38
78 82
75 86
15 27
90 92
16 20
65 68
68 72
92 94
13 21
69 74
67 74
14 26
94 96
93 100
52 58
20 33
1 41
21 28
63 71
28 33
60 65
82 84
22 27
55 57
36 44
17 34
37 45
35 45
79 85
15 30
90 93
16 25
50 57
14 19
1 10
72 73
5 8
53 58
95 97
6 7
47 52
63 74
61 74
82 85
56 59
62 68
60 64
17 25
37 44
89 96
35 40
38 43
91 94
66 70
77 82
49 53
51 55
91 98
69 70
88 99
3 11
47 59
61 65
48 52
83 86
88 89
8 10
98 99
21 24
17 32
41 45
22 23
19 30
75 79
76 85
37 57
78 87
25 31
15 18
26 32
16 21
27 29
1 8
13 32
2 7
3 6
6 9
97 98
7 8
48 57
20 30
53 54
27 33
85 86
21 31
17 23
26 78
22 32
18 24
23 29
64 68
36 37
24 26
76 78
37 40
38 39
79 84
78 80
75 84
15 25
68 74
65 70
66 74
92 96
49 57
13 23
67 72
61 87
16 34
63 69
60 67
22 25
96 98
64 73
62 73
36 46
40 89
89 91
35 43
9 10
39 45
16 27
40 42
77 85
93 95
13 14
14 17
1 12
4 7
2 11
81 83
92 97
47 50
54 59
7 12
22 34
48 53
88 94
30 34
62 66
17 27
35 38
18 28
38 41
80 82
19 33
76 82
39 40
91 92
77 84
25 26
49 55
50 56
65 74
1 3
51 53
69 72
2 4
5 9
29 30
3 9
47 57
31 32
83 84
20 23
88 91
94 100
8 12
23 34
17 18
31 34
18 29
23 28
64 69
19 28
43 45
75 77
76 87
78 85
75 87
15 24
7 81
26 30
16 23
2 5
14 29
3 4
93 97
90 99
97 100
19 95
52 53
48 59
20 32
53 56
21 25
54 55
63 68
22 30
36 39
24 28
76 80
14 34
79 82
75 82
15 31
39 44
90 96
16 32
65 72
49 59
13 17
89 98
67 70
14 22
71 72
57 58
60 69
96 100
56 58
89 93
61 62
35 41
9 12
18 33
38 46
10 11
91 95
63 64
40 44
77 87
49 50
14 15
91 99
4 9
2 9
81 85
88 98
92 99
25 33
47 56
54 57
61 70
7 10
48 55
55 56
83 87
88 96
17 29
41 42
73 74
35 36
18 26
80 84
19 31
76 84
45 46
77 78
15 19
26 27
50 54
1 5
13 29
28 29
5 11
29 32
3 7
30 31
20 25
94 98
15 65
60 73
17 20
18 19
42 46
23 26
64 71
19 26
24 29
7 61
78 83
75 85
15 22
16 17
65 67
13 28
70 71
67 73
14 27
93 99
15 34
90 97
52 55
21 27
63 66
60 66
36 41
7 56
41 62
90 94
39 42
16 26
13 19
89 100
67 68
50 58
14 20
84 85
4 6
5 7
53 57
86 87
95 100
6 8
21 34
47 51
63 73
61 73
58 59
82 86
62 69
60 61
37 43
61 64
89 95
62 63
80 85
91 93
66 71
77 81
49 52
70 73
50 51
51 58
91 97
4 11
81 87
88 100
47 54
61 72
48 49
83 85
20 22
88 90
98 100
21 23
17 31
41 44
22 24
42 43
19 29
76 86
44 45
77 80
25 30
16 22
27 32
1 7
13 31
28 31
3 5
6 10
71 74
48 58
20 27
21 30
24 33
17 22
23 32
32 33
64 65
36 38
19 24
24 31
13 34
37 39
38 40
79 83
78 81
75 83
15 28
90 91
68 71
65 69
92 93
48 82
13 22
67 71
14 25
94 95
52 57
63 72
60 68
82 83
55 58
62 74
36 43
34 47
37 46
89 90
35 46
79 86
16 28
77 92
93 94
14 18
95 96
1 11
84 87
4 8
2 12
81 82
53 59
95 98
92 98
47 49
48 54
62 67
60 63
17 26
35 37
38 42
80 87
66 69
77 83
15 16
49 54
1 2
51 56
69 71
3 12
61 66
26 34
48 51
20 24
88 92
8 9
23 33
41 46
31 33
18 30
64 70
19 27
75 80
78 86
15 23
26 31
16 24
13 25
2 6
14 30
90 100
97 99
72 88
52 54
20 29
53 55
27 34
85 87
21 32
54 56
63 67
17 24
22 31
18 23
23 30
64 67
36 40
19 22
24 25
76 77
79 81
78 79
75 81
15 26
39 43
16 29
68 73
66 73
65 71
92 95
49 58
47 100
13 24
89 97
67 69
14 23
52 59
16 33
47 48
99 100
63 70
96 97
33 34
62 72
36 45
89 92
35 44
9 11
18 34
10 12
39 46
40 41
77 86
93 96
13 15
14 16
51 59
4 10
2 10
81 84
20 43
92 100
47 55
54 58
61 69
7 9
22 33
48 56
88 93
62 65
17 28
11 34
18 27
80 81
19 34
76 81
11 12
25 27
49 56
26 28
50 55
1 4
51 54
28 30
2 3
5 10
29 31
47 58
30 32
61 68
20 26
94 99
8 11
60 74
18 20
23 25
64 72
19 25
75 78
24 30
79 80
78 84
26 29
16 18
65 66
68 70
27 28
13 27
14 28
93 98
15 33
90 98
52 56
58 73
20 31
