796.178 0
796.115 10.0048
795.927 20.008
795.613 30.0081
795.173 40.0034
794.607 49.9925
793.916 59.9736
793.1 69.9452
792.158 79.9058
791.092 89.8538
789.9 99.7876
788.584 109.706
787.143 119.606
785.578 129.488
783.889 139.35
782.076 149.189
780.139 159.005
778.08 168.795
775.897 178.56
773.592 188.295
771.165 198.002
768.616 207.676
765.946 217.318
763.154 226.926
760.242 236.498
757.211 246.033
754.059 255.528
750.789 264.984
747.4 274.397
743.892 283.767
740.268 293.093
736.526 302.372
732.669 311.603
728.695 320.785
724.607 329.917
720.404 338.996
716.087 348.022
711.657 356.993
707.115 365.908
702.461 374.764
697.696 383.562
692.821 392.299
687.837 400.974
682.744 409.586
677.543 418.133
672.236 426.614
666.822 435.027
661.302 443.372
655.679 451.647
649.952 459.851
644.122 467.982
638.19 476.039
632.158 484.021
626.026 491.926
619.795 499.754
613.466 507.503
607.04 515.172
600.519 522.759
593.902 530.264
587.192 537.685
580.389 545.022
573.494 552.272
566.509 559.435
559.435 566.509
552.272 573.494
545.022 580.389
537.685 587.192
530.264 593.902
522.759 600.519
515.172 607.04
507.503 613.466
499.754 619.795
491.926 626.026
484.021 632.158
476.039 638.19
467.982 644.122
459.851 649.952
451.647 655.679
443.372 661.302
435.027 666.822
426.614 672.236
418.133 677.543
409.586 682.744
400.974 687.837
392.299 692.821
383.562 697.696
374.764 702.461
365.908 707.115
356.993 711.657
348.022 716.087
338.996 720.404
329.917 724.607
320.785 728.695
311.603 732.669
302.372 736.526
293.093 740.268
283.767 743.892
274.397 747.4
264.984 750.789
255.528 754.059
246.033 757.211
236.498 760.242
226.926 763.154
217.318 765.946
207.676 768.616
198.002 771.165
188.295 773.592
178.56 775.897
168.795 778.08
159.005 780.139
149.189 782.076
139.35 783.889
129.488 785.578
119.606 787.143
109.706 788.584
99.7876 789.9
89.8538 791.092
79.9058 792.158
69.9452 793.1
59.9736 793.916
49.9925 794.607
40.0034 795.173
30.0081 795.613
20.008 795.927
10.0048 796.115
4.87519e-14 796.178
-10.0048 796.115
-20.008 795.927
-30.0081 795.613
-40.0034 795.173
-49.9925 794.607
-59.9736 793.916
-69.9452 793.1
-79.9058 792.158
-89.8538 791.092
-99.7876 789.9
-109.706 788.584
-119.606 787.143
-129.488 785.578
-139.35 783.889
-149.189 782.076
-159.005 780.139
-168.795 778.08
-178.56 775.897
-188.295 773.592
-198.002 771.165
-207.676 768.616
-217.318 765.946
-226.926 763.154
-236.498 760.242
-246.033 757.211
-255.528 754.059
-264.984 750.789
-274.397 747.4
-283.767 743.892
-293.093 740.268
-302.372 736.526
-311.603 732.669
-320.785 728.695
-329.917 724.607
-338.996 720.404
-348.022 716.087
-356.993 711.657
-365.908 707.115
-374.764 702.461
-383.562 697.696
-392.299 692.821
-400.974 687.837
-409.586 682.744
-418.133 677.543
-426.614 672.236
-435.027 666.822
-443.372 661.302
-451.647 655.679
-459.851 649.952
-467.982 644.122
-476.039 638.19
-484.021 632.158
-491.926 626.026
-499.754 619.795
-507.503 613.466
-515.172 607.04
-522.759 600.519
-530.264 593.902
-537.685 587.192
-545.022 580.389
-552.272 573.494
-559.435 566.509
-566.509 559.435
-573.494 552.272
-580.389 545.022
-587.192 537.685
-593.902 530.264
-600.519 522.759
-607.04 515.172
-613.466 507.503
-619.795 499.754
-626.026 491.926
-632.158 484.021
-638.19 476.039
-644.122 467.982
-649.952 459.851
-655.679 451.647
-661.302 443.372
-666.822 435.027
-672.236 426.614
-677.543 418.133
-682.744 409.586
-687.837 400.974
-692.821 392.299
-697.696 383.562
-702.461 374.764
-707.115 365.908
-711.657 356.993
-716.087 348.022
-720.404 338.996
-724.607 329.917
-728.695 320.785
-732.669 311.603
-736.526 302.372
-740.268 293.093
-743.892 283.767
-747.4 274.397
-750.789 264.984
-754.059 255.528
-757.211 246.033
-760.242 236.498
-763.154 226.926
-765.946 217.318
-768.616 207.676
-771.165 198.002
-773.592 188.295
-775.897 178.56
-778.08 168.795
-780.139 159.005
-782.076 149.189
-783.889 139.35
-785.578 129.488
-787.143 119.606
-788.584 109.706
-789.9 99.7876
-791.092 89.8538
-792.158 79.9058
-793.1 69.9452
-793.916 59.9736
-794.607 49.9925
-795.173 40.0034
-795.613 30.0081
-795.927 20.008
-796.115 10.0048
-796.178 9.75037e-14
-796.115 -10.0048
-795.927 -20.008
-795.613 -30.0081
-795.173 -40.0034
-794.607 -49.9925
-793.916 -59.9736
-793.1 -69.9452
-792.158 -79.9058
-791.092 -89.8538
-789.9 -99.7876
-788.584 -109.706
-787.143 -119.606
-785.578 -129.488
-783.889 -139.35
-782.076 -149.189
-780.139 -159.005
-778.08 -168.795
-775.897 -178.56
-773.592 -188.295
-771.165 -198.002
-768.616 -207.676
-765.946 -217.318
-763.154 -226.926
-760.242 -236.498
-757.211 -246.033
-754.059 -255.528
-750.789 -264.984
-747.4 -274.397
-743.892 -283.767
-740.268 -293.093
-736.526 -302.372
-732.669 -311.603
-728.695 -320.785
-724.607 -329.917
-720.404 -338.996
-716.087 -348.022
-711.657 -356.993
-707.115 -365.908
-702.461 -374.764
-697.696 -383.562
-692.821 -392.299
-687.837 -400.974
-682.744 -409.586
-677.543 -418.133
-672.236 -426.614
-666.822 -435.027
-661.302 -443.372
-655.679 -451.647
-649.952 -459.851
-644.122 -467.982
-638.19 -476.039
-632.158 -484.021
-626.026 -491.926
-619.795 -499.754
-613.466 -507.503
-607.04 -515.172
-600.519 -522.759
-593.902 -530.264
-587.192 -537.685
-580.389 -545.022
-573.494 -552.272
-566.509 -559.435
-559.435 -566.509
-552.272 -573.494
-545.022 -580.389
-537.685 -587.192
-530.264 -593.902
-522.759 -600.519
-515.172 -607.04
-507.503 -613.466
-499.754 -619.795
-491.926 -626.026
-484.021 -632.158
-476.039 -638.19
-467.982 -644.122
-459.851 -649.952
-451.647 -655.679
-443.372 -661.302
-435.027 -666.822
-426.614 -672.236
-418.133 -677.543
-409.586 -682.744
-400.974 -687.837
-392.299 -692.821
-383.562 -697.696
-374.764 -702.461
-365.908 -707.115
-356.993 -711.657
-348.022 -716.087
-338.996 -720.404
-329.917 -724.607
-320.785 -728.695
-311.603 -732.669
-302.372 -736.526
-293.093 -740.268
-283.767 -743.892
-274.397 -747.4
-264.984 -750.789
-255.528 -754.059
-246.033 -757.211
-236.498 -760.242
-226.926 -763.154
-217.318 -765.946
-207.676 -768.616
-198.002 -771.165
-188.295 -773.592
-178.56 -775.897
-168.795 -778.08
-159.005 -780.139
-149.189 -782.076
-139.35 -783.889
-129.488 -785.578
-119.606 -787.143
-109.706 -788.584
-99.7876 -789.9
-89.8538 -791.092
-79.9058 -792.158
-69.9452 -793.1
-59.9736 -793.916
-49.9925 -794.607
-40.0034 -795.173
-30.0081 -795.613
-20.008 -795.927
-10.0048 -796.115
-1.46256e-13 -796.178
10.0048 -796.115
20.008 -795.927
30.0081 -795.613
40.0034 -795.173
49.9925 -794.607
59.9736 -793.916
69.9452 -793.1
79.9058 -792.158
89.8538 -791.092
99.7876 -789.9
109.706 -788.584
119.606 -787.143
129.488 -785.578
139.35 -783.889
149.189 -782.076
159.005 -780.139
168.795 -778.08
178.56 -775.897
188.295 -773.592
198.002 -771.165
207.676 -768.616
217.318 -765.946
226.926 -763.154
236.498 -760.242
246.033 -757.211
255.528 -754.059
264.984 -750.789
274.397 -747.4
283.767 -743.892
293.093 -740.268
302.372 -736.526
311.603 -732.669
320.785 -728.695
329.917 -724.607
338.996 -720.404
348.022 -716.087
356.993 -711.657
365.908 -707.115
374.764 -702.461
383.562 -697.696
392.299 -692.821
400.974 -687.837
409.586 -682.744
418.133 -677.543
426.614 -672.236
435.027 -666.822
443.372 -661.302
451.647 -655.679
459.851 -649.952
467.982 -644.122
476.039 -638.19
484.021 -632.158
491.926 -626.026
499.754 -619.795
507.503 -613.466
515.172 -607.04
522.759 -600.519
530.264 -593.902
537.685 -587.192
545.022 -580.389
552.272 -573.494
559.435 -566.509
566.509 -559.435
573.494 -552.272
580.389 -545.022
587.192 -537.685
593.902 -530.264
600.519 -522.759
607.04 -515.172
613.466 -507.503
619.795 -499.754
626.026 -491.926
632.158 -484.021
638.19 -476.039
644.122 -467.982
649.952 -459.851
655.679 -451.647
661.302 -443.372
666.822 -435.027
672.236 -426.614
677.543 -418.133
682.744 -409.586
687.837 -400.974
692.821 -392.299
697.696 -383.562
702.461 -374.764
707.115 -365.908
711.657 -356.993
716.087 -348.022
720.404 -338.996
724.607 -329.917
728.695 -320.785
732.669 -311.603
736.526 -302.372
740.268 -293.093
743.892 -283.767
747.4 -274.397
750.789 -264.984
754.059 -255.528
757.211 -246.033
760.242 -236.498
763.154 -226.926
765.946 -217.318
768.616 -207.676
771.165 -198.002
773.592 -188.295
775.897 -178.56
778.08 -168.795
780.139 -159.005
782.076 -149.189
783.889 -139.35
785.578 -129.488
787.143 -119.606
788.584 -109.706
789.9 -99.7876
791.092 -89.8538
792.158 -79.9058
793.1 -69.9452
793.916 -59.9736
794.607 -49.9925
795.173 -40.0034
795.613 -30.0081
795.927 -20.008
796.115 -10.0048
