795.178 8.99037e-18
795.116 9.99224
794.927 19.9829
794.613 29.9704
794.174 39.9532
793.609 49.9297
792.919 59.8982
792.104 69.8574
791.164 79.8055
790.098 89.741
788.908 99.6623
787.593 109.568
786.154 119.456
784.591 129.326
782.904 139.175
781.094 149.002
779.16 158.805
777.102 168.583
774.923 178.335
772.621 188.059
770.196 197.753
767.651 207.416
764.984 217.045
762.196 226.641
759.288 236.201
756.26 245.724
753.112 255.207
749.846 264.651
746.461 274.053
742.958 283.411
739.338 292.725
735.601 301.992
731.748 311.212
727.78 320.382
723.697 329.502
719.499 338.57
715.188 347.585
710.763 356.545
706.227 365.448
701.579 374.294
696.82 383.08
691.951 391.806
686.973 400.47
681.887 409.071
676.692 417.607
671.391 426.078
665.984 434.481
660.472 442.815
654.855 451.08
649.135 459.273
643.313 467.394
637.389 475.441
631.364 483.413
625.24 491.309
619.016 499.127
612.695 506.866
606.278 514.525
599.764 522.103
593.156 529.598
586.454 537.01
579.66 544.337
572.774 551.578
565.798 558.732
558.732 565.798
551.578 572.774
544.337 579.66
537.01 586.454
529.598 593.156
522.103 599.764
514.525 606.278
506.866 612.695
499.127 619.016
491.309 625.24
483.413 631.364
475.441 637.389
467.394 643.313
459.273 649.135
451.08 654.855
442.815 660.472
434.481 665.984
426.078 671.391
417.607 676.692
409.071 681.887
400.47 686.973
391.806 691.951
383.08 696.82
374.294 701.579
365.448 706.227
356.545 710.763
347.585 715.188
338.57 719.499
329.502 723.697
320.382 727.78
311.212 731.748
301.992 735.601
292.725 739.338
283.411 742.958
274.053 746.461
264.651 749.846
255.207 753.112
245.724 756.26
236.201 759.288
226.641 762.196
217.045 764.984
207.416 767.651
197.753 770.196
188.059 772.621
178.335 774.923
168.583 777.102
158.805 779.16
149.002 781.094
139.175 782.904
129.326 784.591
119.456 786.154
109.568 787.593
99.6623 788.908
89.741 790.098
79.8055 791.164
69.8574 792.104
59.8982 792.919
49.9297 793.609
39.9532 794.174
29.9704 794.613
19.9829 794.927
9.99224 795.116
4.87582e-14 795.178
-9.99224 795.116
-19.9829 794.927
-29.9704 794.613
-39.9532 794.174
-49.9297 793.609
-59.8982 792.919
-69.8574 792.104
-79.8055 791.164
-89.741 790.098
-99.6623 788.908
-109.568 787.593
-119.456 786.154
-129.326 784.591
-139.175 782.904
-149.002 781.094
-158.805 779.16
-168.583 777.102
-178.335 774.923
-188.059 772.621
-197.753 770.196
-207.416 767.651
-217.045 764.984
-226.641 762.196
-236.201 759.288
-245.724 756.26
-255.207 753.112
-264.651 749.846
-274.053 746.461
-283.411 742.958
-292.725 739.338
-301.992 735.601
-311.212 731.748
-320.382 727.78
-329.502 723.697
-338.57 719.499
-347.585 715.188
-356.545 710.763
-365.448 706.227
-374.294 701.579
-383.08 696.82
-391.806 691.951
-400.47 686.973
-409.071 681.887
-417.607 676.692
-426.078 671.391
-434.481 665.984
-442.815 660.472
-451.08 654.855
-459.273 649.135
-467.394 643.313
-475.441 637.389
-483.413 631.364
-491.309 625.24
-499.127 619.016
-506.866 612.695
-514.525 606.278
-522.103 599.764
-529.598 593.156
-537.01 586.454
-544.337 579.66
-551.578 572.774
-558.732 565.798
-565.798 558.732
-572.774 551.578
-579.66 544.337
-586.454 537.01
-593.156 529.598
-599.764 522.103
-606.278 514.525
-612.695 506.866
-619.016 499.127
-625.24 491.309
-631.364 483.413
-637.389 475.441
-643.313 467.394
-649.135 459.273
-654.855 451.08
-660.472 442.815
-665.984 434.481
-671.391 426.078
-676.692 417.607
-681.887 409.071
-686.973 400.47
-691.951 391.806
-696.82 383.08
-701.579 374.294
-706.227 365.448
-710.763 356.545
-715.188 347.585
-719.499 338.57
-723.697 329.502
-727.78 320.382
-731.748 311.212
-735.601 301.992
-739.338 292.725
-742.958 283.411
-746.461 274.053
-749.846 264.651
-753.112 255.207
-756.26 245.724
-759.288 236.201
-762.196 226.641
-764.984 217.045
-767.651 207.416
-770.196 197.753
-772.621 188.059
-774.923 178.335
-777.102 168.583
-779.16 158.805
-781.094 149.002
-782.904 139.175
-784.591 129.326
-786.154 119.456
-787.593 109.568
-788.908 99.6623
-790.098 89.741
-791.164 79.8055
-792.104 69.8574
-792.919 59.8982
-793.609 49.9297
-794.174 39.9532
-794.613 29.9704
-794.927 19.9829
-795.116 9.99224
-795.178 9.74038e-14
-795.116 -9.99224
-794.927 -19.9829
-794.613 -29.9704
-794.174 -39.9532
-793.609 -49.9297
-792.919 -59.8982
-792.104 -69.8574
-791.164 -79.8055
-790.098 -89.741
-788.908 -99.6623
-787.593 -109.568
-786.154 -119.456
-784.591 -129.326
-782.904 -139.175
-781.094 -149.002
-779.16 -158.805
-777.102 -168.583
-774.923 -178.335
-772.621 -188.059
-770.196 -197.753
-767.651 -207.416
-764.984 -217.045
-762.196 -226.641
-759.288 -236.201
-756.26 -245.724
-753.112 -255.207
-749.846 -264.651
-746.461 -274.053
-742.958 -283.411
-739.338 -292.725
-735.601 -301.992
-731.748 -311.212
-727.78 -320.382
-723.697 -329.502
-719.499 -338.57
-715.188 -347.585
-710.763 -356.545
-706.227 -365.448
-701.579 -374.294
-696.82 -383.08
-691.951 -391.806
-686.973 -400.47
-681.887 -409.071
-676.692 -417.607
-671.391 -426.078
-665.984 -434.481
-660.472 -442.815
-654.855 -451.08
-649.135 -459.273
-643.313 -467.394
-637.389 -475.441
-631.364 -483.413
-625.24 -491.309
-619.016 -499.127
-612.695 -506.866
-606.278 -514.525
-599.764 -522.103
-593.156 -529.598
-586.454 -537.01
-579.66 -544.337
-572.774 -551.578
-565.798 -558.732
-558.732 -565.798
-551.578 -572.774
-544.337 -579.66
-537.01 -586.454
-529.598 -593.156
-522.103 -599.764
-514.525 -606.278
-506.866 -612.695
-499.127 -619.016
-491.309 -625.24
-483.413 -631.364
-475.441 -637.389
-467.394 -643.313
-459.273 -649.135
-451.08 -654.855
-442.815 -660.472
-434.481 -665.984
-426.078 -671.391
-417.607 -676.692
-409.071 -681.887
-400.47 -686.973
-391.806 -691.951
-383.08 -696.82
-374.294 -701.579
-365.448 -706.227
-356.545 -710.763
-347.585 -715.188
-338.57 -719.499
-329.502 -723.697
-320.382 -727.78
-311.212 -731.748
-301.992 -735.601
-292.725 -739.338
-283.411 -742.958
-274.053 -746.461
-264.651 -749.846
-255.207 -753.112
-245.724 -756.26
-236.201 -759.288
-226.641 -762.196
-217.045 -764.984
-207.416 -767.651
-197.753 -770.196
-188.059 -772.621
-178.335 -774.923
-168.583 -777.102
-158.805 -779.16
-149.002 -781.094
-139.175 -782.904
-129.326 -784.591
-119.456 -786.154
-109.568 -787.593
-99.6623 -788.908
-89.741 -790.098
-79.8055 -791.164
-69.8574 -792.104
-59.8982 -792.919
-49.9297 -793.609
-39.9532 -794.174
-29.9704 -794.613
-19.9829 -794.927
-9.99224 -795.116
-1.46177e-13 -795.178
9.99224 -795.116
19.9829 -794.927
29.9704 -794.613
39.9532 -794.174
49.9297 -793.609
59.8982 -792.919
69.8574 -792.104
79.8055 -791.164
89.741 -790.098
99.6623 -788.908
109.568 -787.593
119.456 -786.154
129.326 -784.591
139.175 -782.904
149.002 -781.094
158.805 -779.16
168.583 -777.102
178.335 -774.923
188.059 -772.621
197.753 -770.196
207.416 -767.651
217.045 -764.984
226.641 -762.196
236.201 -759.288
245.724 -756.26
255.207 -753.112
264.651 -749.846
274.053 -746.461
283.411 -742.958
292.725 -739.338
301.992 -735.601
311.212 -731.748
320.382 -727.78
329.502 -723.697
338.57 -719.499
347.585 -715.188
356.545 -710.763
365.448 -706.227
374.294 -701.579
383.08 -696.82
391.806 -691.951
400.47 -686.973
409.071 -681.887
417.607 -676.692
426.078 -671.391
434.481 -665.984
442.815 -660.472
451.08 -654.855
459.273 -649.135
467.394 -643.313
475.441 -637.389
483.413 -631.364
491.309 -625.24
499.127 -619.016
506.866 -612.695
514.525 -606.278
522.103 -599.764
529.598 -593.156
537.01 -586.454
544.337 -579.66
551.578 -572.774
558.732 -565.798
565.798 -558.732
572.774 -551.578
579.66 -544.337
586.454 -537.01
593.156 -529.598
599.764 -522.103
606.278 -514.525
612.695 -506.866
619.016 -499.127
625.24 -491.309
631.364 -483.413
637.389 -475.441
643.313 -467.394
649.135 -459.273
654.855 -451.08
660.472 -442.815
665.984 -434.481
671.391 -426.078
676.692 -417.607
681.887 -409.071
686.973 -400.47
691.951 -391.806
696.82 -383.08
701.579 -374.294
706.227 -365.448
710.763 -356.545
715.188 -347.585
719.499 -338.57
723.697 -329.502
727.78 -320.382
731.748 -311.212
735.601 -301.992
739.338 -292.725
742.958 -283.411
746.461 -274.053
749.846 -264.651
753.112 -255.207
756.26 -245.724
759.288 -236.201
762.196 -226.641
764.984 -217.045
767.651 -207.416
770.196 -197.753
772.621 -188.059
774.923 -178.335
777.102 -168.583
779.16 -158.805
781.094 -149.002
782.904 -139.175
784.591 -129.326
786.154 -119.456
787.593 -109.568
788.908 -99.6623
790.098 -89.741
791.164 -79.8055
792.104 -69.8574
792.919 -59.8982
793.609 -49.9297
794.174 -39.9532
794.613 -29.9704
794.927 -19.9829
795.116 -9.99224
