786.178 6.06017e-16
786.116 9.87915
785.93 19.7567
785.62 29.6312
785.185 39.501
784.627 49.3645
783.945 59.2203
783.139 69.0667
782.209 78.9022
781.156 88.7252
779.979 98.5343
778.679 108.328
777.257 118.104
775.711 127.862
774.043 137.599
772.253 147.315
770.341 157.008
768.307 166.675
766.152 176.317
763.876 185.93
761.479 195.515
758.962 205.068
756.325 214.589
753.569 224.076
750.694 233.528
747.7 242.942
744.588 252.319
741.359 261.656
738.012 270.951
734.549 280.203
730.97 289.412
727.276 298.574
723.466 307.69
719.543 316.756
715.506 325.773
711.355 334.738
707.093 343.651
702.719 352.509
698.234 361.312
693.638 370.057
688.933 378.744
684.12 387.372
679.198 395.938
674.169 404.441
669.033 412.881
663.792 421.255
658.446 429.563
652.997 437.804
647.443 445.975
641.788 454.075
636.032 462.104
630.175 470.06
624.218 477.942
618.163 485.748
612.01 493.477
605.761 501.129
599.416 508.701
592.976 516.194
586.443 523.604
579.817 530.932
573.099 538.176
566.291 545.335
559.394 552.408
552.408 559.394
545.335 566.291
538.176 573.099
530.932 579.817
523.604 586.443
516.194 592.976
508.701 599.416
501.129 605.761
493.477 612.01
485.748 618.163
477.942 624.218
470.06 630.175
462.104 636.032
454.075 641.788
445.975 647.443
437.804 652.997
429.563 658.446
421.255 663.792
412.881 669.033
404.441 674.169
395.938 679.198
387.372 684.12
378.744 688.933
370.057 693.638
361.312 698.234
352.509 702.719
343.651 707.093
334.738 711.355
325.773 715.506
316.756 719.543
307.69 723.466
298.574 727.276
289.412 730.97
280.203 734.549
270.951 738.012
261.656 741.359
252.319 744.588
242.942 747.7
233.528 750.694
224.076 753.569
214.589 756.325
205.068 758.962
195.515 761.479
185.93 763.876
176.317 766.152
166.675 768.307
157.008 770.341
147.315 772.253
137.599 774.043
127.862 775.711
118.104 777.257
108.328 778.679
98.5343 779.979
88.7252 781.156
78.9022 782.209
69.0667 783.139
59.2203 783.945
49.3645 784.627
39.501 785.185
29.6312 785.62
19.7567 785.93
9.87915 786.116
4.81421e-14 786.178
-9.87915 786.116
-19.7567 785.93
-29.6312 785.62
-39.501 785.185
-49.3645 784.627
-59.2203 783.945
-69.0667 783.139
-78.9022 782.209
-88.7252 781.156
-98.5343 779.979
-108.328 778.679
-118.104 777.257
-127.862 775.711
-137.599 774.043
-147.315 772.253
-157.008 770.341
-166.675 768.307
-176.317 766.152
-185.93 763.876
-195.515 761.479
-205.068 758.962
-214.589 756.325
-224.076 753.569
-233.528 750.694
-242.942 747.7
-252.319 744.588
-261.656 741.359
-270.951 738.012
-280.203 734.549
-289.412 730.97
-298.574 727.276
-307.69 723.466
-316.756 719.543
-325.773 715.506
-334.738 711.355
-343.651 707.093
-352.509 702.719
-361.312 698.234
-370.057 693.638
-378.744 688.933
-387.372 684.12
-395.938 679.198
-404.441 674.169
-412.881 669.033
-421.255 663.792
-429.563 658.446
-437.804 652.997
-445.975 647.443
-454.075 641.788
-462.104 636.032
-470.06 630.175
-477.942 624.218
-485.748 618.163
-493.477 612.01
-501.129 605.761
-508.701 599.416
-516.194 592.976
-523.604 586.443
-530.932 579.817
-538.176 573.099
-545.335 566.291
-552.408 559.394
-559.394 552.408
-566.291 545.335
-573.099 538.176
-579.817 530.932
-586.443 523.604
-592.976 516.194
-599.416 508.701
-605.761 501.129
-612.01 493.477
-618.163 485.748
-624.218 477.942
-630.175 470.06
-636.032 462.104
-641.788 454.075
-647.443 445.975
-652.997 437.804
-658.446 429.563
-663.792 421.255
-669.033 412.881
-674.169 404.441
-679.198 395.938
-684.12 387.372
-688.933 378.744
-693.638 370.057
-698.234 361.312
-702.719 352.509
-707.093 343.651
-711.355 334.738
-715.506 325.773
-719.543 316.756
-723.466 307.69
-727.276 298.574
-730.97 289.412
-734.549 280.203
-738.012 270.951
-741.359 261.656
-744.588 252.319
-747.7 242.942
-750.694 233.528
-753.569 224.076
-756.325 214.589
-758.962 205.068
-761.479 195.515
-763.876 185.93
-766.152 176.317
-768.307 166.675
-770.341 157.008
-772.253 147.315
-774.043 137.599
-775.711 127.862
-777.257 118.104
-778.679 108.328
-779.979 98.5343
-781.156 88.7252
-782.209 78.9022
-783.139 69.0667
-783.945 59.2203
-784.627 49.3645
-785.185 39.501
-785.62 29.6312
-785.93 19.7567
-786.116 9.87915
-786.178 9.62994e-14
-786.116 -9.87915
-785.93 -19.7567
-785.62 -29.6312
-785.185 -39.501
-784.627 -49.3645
-783.945 -59.2203
-783.139 -69.0667
-782.209 -78.9022
-781.156 -88.7252
-779.979 -98.5343
-778.679 -108.328
-777.257 -118.104
-775.711 -127.862
-774.043 -137.599
-772.253 -147.315
-770.341 -157.008
-768.307 -166.675
-766.152 -176.317
-763.876 -185.93
-761.479 -195.515
-758.962 -205.068
-756.325 -214.589
-753.569 -224.076
-750.694 -233.528
-747.7 -242.942
-744.588 -252.319
-741.359 -261.656
-738.012 -270.951
-734.549 -280.203
-730.97 -289.412
-727.276 -298.574
-723.466 -307.69
-719.543 -316.756
-715.506 -325.773
-711.355 -334.738
-707.093 -343.651
-702.719 -352.509
-698.234 -361.312
-693.638 -370.057
-688.933 -378.744
-684.12 -387.372
-679.198 -395.938
-674.169 -404.441
-669.033 -412.881
-663.792 -421.255
-658.446 -429.563
-652.997 -437.804
-647.443 -445.975
-641.788 -454.075
-636.032 -462.104
-630.175 -470.06
-624.218 -477.942
-618.163 -485.748
-612.01 -493.477
-605.761 -501.129
-599.416 -508.701
-592.976 -516.194
-586.443 -523.604
-579.817 -530.932
-573.099 -538.176
-566.291 -545.335
-559.394 -552.408
-552.408 -559.394
-545.335 -566.291
-538.176 -573.099
-530.932 -579.817
-523.604 -586.443
-516.194 -592.976
-508.701 -599.416
-501.129 -605.761
-493.477 -612.01
-485.748 -618.163
-477.942 -624.218
-470.06 -630.175
-462.104 -636.032
-454.075 -641.788
-445.975 -647.443
-437.804 -652.997
-429.563 -658.446
-421.255 -663.792
-412.881 -669.033
-404.441 -674.169
-395.938 -679.198
-387.372 -684.12
-378.744 -688.933
-370.057 -693.638
-361.312 -698.234
-352.509 -702.719
-343.651 -707.093
-334.738 -711.355
-325.773 -715.506
-316.756 -719.543
-307.69 -723.466
-298.574 -727.276
-289.412 -730.97
-280.203 -734.549
-270.951 -738.012
-261.656 -741.359
-252.319 -744.588
-242.942 -747.7
-233.528 -750.694
-224.076 -753.569
-214.589 -756.325
-205.068 -758.962
-195.515 -761.479
-185.93 -763.876
-176.317 -766.152
-166.675 -768.307
-157.008 -770.341
-147.315 -772.253
-137.599 -774.043
-127.862 -775.711
-118.104 -777.257
-108.328 -778.679
-98.5343 -779.979
-88.7252 -781.156
-78.9022 -782.209
-69.0667 -783.139
-59.2203 -783.945
-49.3645 -784.627
-39.501 -785.185
-29.6312 -785.62
-19.7567 -785.93
-9.87915 -786.116
-1.45209e-13 -786.178
9.87915 -786.116
19.7567 -785.93
29.6312 -785.62
39.501 -785.185
49.3645 -784.627
59.2203 -783.945
69.0667 -783.139
78.9022 -782.209
88.7252 -781.156
98.5343 -779.979
108.328 -778.679
118.104 -777.257
127.862 -775.711
137.599 -774.043
147.315 -772.253
157.008 -770.341
166.675 -768.307
176.317 -766.152
185.93 -763.876
195.515 -761.479
205.068 -758.962
214.589 -756.325
224.076 -753.569
233.528 -750.694
242.942 -747.7
252.319 -744.588
261.656 -741.359
270.951 -738.012
280.203 -734.549
289.412 -730.97
298.574 -727.276
307.69 -723.466
316.756 -719.543
325.773 -715.506
334.738 -711.355
343.651 -707.093
352.509 -702.719
361.312 -698.234
370.057 -693.638
378.744 -688.933
387.372 -684.12
395.938 -679.198
404.441 -674.169
412.881 -669.033
421.255 -663.792
429.563 -658.446
437.804 -652.997
445.975 -647.443
454.075 -641.788
462.104 -636.032
470.06 -630.175
477.942 -624.218
485.748 -618.163
493.477 -612.01
501.129 -605.761
508.701 -599.416
516.194 -592.976
523.604 -586.443
530.932 -579.817
538.176 -573.099
545.335 -566.291
552.408 -559.394
559.394 -552.408
566.291 -545.335
573.099 -538.176
579.817 -530.932
586.443 -523.604
592.976 -516.194
599.416 -508.701
605.761 -501.129
612.01 -493.477
618.163 -485.748
624.218 -477.942
630.175 -470.06
636.032 -462.104
641.788 -454.075
647.443 -445.975
652.997 -437.804
658.446 -429.563
663.792 -421.255
669.033 -412.881
674.169 -404.441
679.198 -395.938
684.12 -387.372
688.933 -378.744
693.638 -370.057
698.234 -361.312
702.719 -352.509
707.093 -343.651
711.355 -334.738
715.506 -325.773
719.543 -316.756
723.466 -307.69
727.276 -298.574
730.97 -289.412
734.549 -280.203
738.012 -270.951
741.359 -261.656
744.588 -252.319
747.7 -242.942
750.694 -233.528
753.569 -224.076
756.325 -214.589
758.962 -205.068
761.479 -195.515
763.876 -185.93
766.152 -176.317
768.307 -166.675
770.341 -157.008
772.253 -147.315
774.043 -137.599
775.711 -127.862
777.257 -118.104
778.679 -108.328
779.979 -98.5343
781.156 -88.7252
782.209 -78.9022
783.139 -69.0667
783.945 -59.2203
784.627 -49.3645
785.185 -39.501
785.62 -29.6312
785.93 -19.7567
786.116 -9.87915
