696.918 12.1245
696.659 20.399
696.251 28.0251
695.703 34.2114
695.208 42.5433
694.616 51.0364
693.923 59.16
693.141 67.225
692.306 74.5576
691.292 83.5941
690.428 89.5518
689.354 97.3271
688.269 104.647
687.128 111.953
685.762 120.085
684.739 126.268
683.131 134.733
681.735 142.017
680.036 150.104
678.101 158.623
676.92 164.588
674.775 173.142
673.328 179.626
671.194 187.654
669.425 194.649
658.627 229.283
655.985 236.016
653.179 243.27
650.282 250.58
647.35 257.719
644.075 265.781
641.698 270.641
638.23 278.728
634.509 287.191
631.419 293.642
628.146 300.417
624.83 307.131
621.85 313.009
617.837 320.859
614.87 326.517
611.048 333.642
607.464 340.203
604.016 346.439
600.027 353.391
595.739 360.617
592.096 366.803
587.422 374.239
583.588 380.448
579.599 386.758
575.64 392.944
570.433 400.388
566.428 406.402
562.232 412.54
540.073 440.828
534.683 447.265
529.983 452.456
524.656 458.493
520.637 462.602
514.172 469.908
509.367 474.89
503.372 481.238
498.723 485.87
493.722 490.863
488.366 496.159
481.923 502.424
477.696 506.449
470.47 513.151
464.935 518.193
460.084 522.597
454.838 527.292
448.344 532.843
443.105 537.389
435.624 543.382
430.604 547.622
423.658 553.009
417.786 557.636
411.336 562.512
404.682 567.397
379.995 583.955
373.711 587.831
366.579 592.267
360.423 595.878
353.594 599.891
347.504 603.334
339.554 607.863
332.307 611.831
325.883 615.223
319.309 618.636
312.894 621.907
303.984 626.306
298.354 629.036
291.16 632.423
284.286 635.595
276.852 638.901
269.792 641.983
263.041 644.891
255.396 648.004
246.5 651.373
239.685 654.046
210.435 664.806
203.528 666.696
196.272 668.693
187.739 671.157
180.688 672.902
174.836 674.166
165.387 676.637
158.104 678.261
149.821 680.117
139.683 682.412
135.109 683.037
126.597 684.661
119.175 685.945
112.388 687.051
104.482 688.294
96.5464 689.454
89.9098 690.39
81.6623 691.428
74.2553 692.319
66.5932 693.157
59.4867 693.918
51.59 694.621
43.5736 695.239
36.0253 695.799
27.3927 696.206
20.0136 696.624
10.9785 696.789
3.053 696.977
-4.7611 697.1
-40.7189 696.193
-47.666 695.472
-55.1462 694.746
-64.3639 694.02
-71.2782 693.115
-78.6195 692.171
-87.5126 691.122
-94.0886 690.064
-101.506 688.921
-107.277 687.906
-118.03 686.237
-124.658 684.974
-130.752 683.79
-138.941 682.173
-145.861 680.745
-154.102 678.935
-161.083 677.366
-168.413 675.643
-175.986 673.77
-183.054 671.999
-192.212 669.374
-199.477 667.35
-207.673 664.866
-213.752 663.21
-221.995 660.506
-231.192 657.219
-236.93 655.545
-245.285 652.44
-273.388 640.822
-281.175 637.414
-286.689 634.69
-295.8 630.608
-303.069 627.081
-310.198 623.517
-316.316 620.304
-323.199 616.694
-330.194 612.943
-337.401 608.988
-343.656 605.45
-350.991 601.225
-356.631 597.917
-364.779 592.966
-370.005 589.801
-376.849 585.487
-382.754 581.771
-388.678 577.996
-396.186 572.837
-402.168 568.833
-409.119 563.882
-414.609 560.174
-441.005 539.968
-447.092 534.787
-453.115 529.552
-458.984 524.32
-464.762 519.058
-470.39 513.81
-475.927 508.543
-481.408 503.233
-486.82 497.892
-492.153 492.53
-497.417 487.143
-502.615 481.732
-507.781 476.262
-512.87 470.782
-517.944 465.224
-522.94 459.661
-527.914 454.026
-532.842 448.345
-537.722 442.624
-542.567 436.84
-547.373 430.999
-552.153 425.074
-556.888 419.095
-561.589 413.034
-566.28 406.84
-585.932 377.665
-590.851 370.018
-594.189 364.11
-599.013 356.237
-602.897 349.391
-606.351 343.012
-610.45 335.6
-614.365 328.285
-617.891 321.401
-620.636 315.697
-623.722 309.379
-627.308 302.001
-630.787 294.627
-634.104 287.384
-637.288 280.232
-640.028 273.953
-642.8 267.513
-646.294 258.907
-648.564 253.563
-651.759 245.194
-654.086 239.521
-656.832 232.146
-659.885 223.064
-662.26 216.516
-664.479 210.711
-666.998 202.854
-669.471 194.632
-671.795 186.811
-680.916 150.746
-682.422 143.044
-683.744 135.63
-684.857 128.668
-686.766 118.944
-688.198 110.328
-689.006 103.538
-689.738 96.9797
-691.052 87.6322
-691.862 80.0791
-692.562 72.7742
-693.161 65.7868
-693.979 56.7193
-694.413 50.0274
-694.972 41.4766
-695.336 34.324
-695.658 27.0944
-695.93 19.9083
-696.131 11.5903
-696.296 4.78296
-696.351 -3.18367
-696.276 -11.6881
-695.976 -21.4971
-696.035 -26.9092
-695.987 -33.4484
-695.579 -41.8209
-694.874 -51.201
-694.756 -57.2698
-694.273 -64.841
-693.77 -72.2489
-693.088 -80.0445
-687.16 -117.831
-685.621 -126.637
-684.058 -133.572
-682.409 -141.058
-680.596 -149.486
-678.949 -155.651
-677.101 -163.101
-675.072 -171.169
-672.805 -179.976
-670.928 -186.308
-669.104 -192.394
-666.247 -202.259
-664.16 -208.792
-661.458 -217.205
-659.498 -223.005
-656.714 -231.076
-654.33 -237.821
-651.393 -245.77
-649.762 -250.566
-645.94 -260.017
-643.108 -267.121
-640.061 -274.486
-637.638 -280.56
-633.418 -289.67
-631.444 -294.778
-626.675 -304.291
-625.112 -308.682
-620.505 -317.471
-617.26 -324.154
-600.998 -352.7
-596.936 -359.301
-592.85 -365.783
-588.704 -372.229
-584.477 -378.675
-580.49 -384.565
-576.364 -390.599
-571.448 -397.751
-567.583 -403.15
-562.7 -409.929
-558.187 -416.046
-553.422 -422.374
-548.983 -428.175
-543.97 -434.559
-539.574 -440.125
-534.404 -446.442
-529.015 -452.852
-524.393 -458.374
-519.743 -463.859
-513.774 -470.442
-508.967 -475.879
-491.255 -493.585
-484.499 -500.295
-480.048 -504.33
-473.219 -510.788
-468.732 -514.767
-460.776 -521.991
-455.542 -526.48
-450.082 -531.124
-444.079 -536.152
-437.954 -541.178
-430.323 -547.256
-425.415 -551.134
-419.827 -555.49
-413.545 -560.243
-407.83 -564.554
-400.663 -569.657
-376.641 -586.827
-369.874 -590.962
-363.267 -594.862
-356.268 -598.98
-350.071 -602.386
-343.005 -606.357
-336.441 -609.88
-329.673 -613.462
-323.274 -616.74
-316.25 -620.32
-309.168 -623.84
-302.626 -626.99
-296.741 -629.774
-288.842 -633.437
-281.9 -636.57
-274.888 -639.656
-267.858 -642.673
-260.217 -645.827
-253.624 -648.545
-245.911 -651.547
-239.292 -654.152
-231.585 -656.975
-224.367 -659.593
-217.091 -662.151
-209.698 -664.657
-202.947 -666.991
-195.524 -669.363
-161.966 -677.885
-155.311 -679.19
-146.176 -681.288
-139.484 -682.474
-132.815 -683.631
-124.398 -685.199
-116.989 -686.423
-108.408 -687.827
-103.299 -688.483
-93.6946 -689.876
-85.2552 -690.964
-78.6116 -691.728
-69.9499 -692.658
-62.9492 -693.347
-55.6502 -694.012
-48.1702 -694.625
-40.2103 -695.174
-32.7563 -695.653
-23.5192 -695.992
-15.4795 -696.269
-7.6929 -696.479
0.538893 -696.569
7.66924 -696.695
15.7262 -696.642
47.2551 -695.438
55.7266 -694.774
62.0224 -693.939
71.3167 -693.112
79.1936 -692.164
86.7807 -691.142
93.702 -690.088
101.804 -688.899
107.1 -687.93
116.28 -686.457
125.318 -684.882
129.351 -684.065
138.411 -682.284
146.833 -680.522
154.592 -678.813
162.06 -677.098
170.029 -675.161
178.027 -673.117
185.05 -671.299
193.199 -669.017
200.023 -667.136
207.333 -665.006
215.052 -662.62
221.55 -660.717
229.764 -657.915
236.979 -655.516
267.016 -643.733
275.474 -640.218
282.874 -636.891
289.564 -633.7
295.964 -630.551
302.385 -627.349
310.705 -623.312
316.49 -620.228
323.625 -616.495
330.336 -612.873
336.85 -609.278
342.612 -606.04
350.41 -601.565
355.499 -598.638
363.117 -594.042
370.202 -589.672
376.553 -585.706
382.41 -582.039
389.965 -576.973
396.122 -572.893
402.642 -568.424
408.529 -564.421
414.435 -560.344
421.091 -555.443
444.984 -536.132
449.729 -531.849
455.704 -526.649
462.125 -521.005
468.537 -515.235
474.553 -509.648
479.352 -504.979
486.124 -498.503
491.953 -492.714
496.578 -487.954
501.705 -482.657
506.901 -477.202
511.32 -472.544
518.804 -464.235
522.913 -459.698
527.991 -453.932
533.753 -447.13
538.663 -441.302
542.972 -436.241
547.972 -430.061
552.938 -423.778
557.821 -417.469
575.471 -393.125
579.029 -387.426
583.288 -380.816
588.26 -373.162
591.686 -367.359
595.628 -360.78
599.97 -353.482
603.7 -346.935
607.552 -340.065
611.427 -332.995
614.563 -327.082
617.81 -320.913
621.534 -313.66
625.354 -305.983
628.757 -298.987
631.583 -293.223
635.016 -285.8
637.948 -279.543
641.494 -271.247
644.565 -264.098
648.292 -254.442
650.365 -250.247
653.543 -241.702
664.531 -210.982
666.897 -203.102
668.977 -195.628
670.743 -188.717
672.691 -181.218
674.576 -173.675
676.424 -166.009
678.111 -158.585
679.586 -151.661
681.283 -143.701
682.771 -136.232
684.192 -128.742
685.546 -121.237
686.832 -113.716
688.048 -106.189
689.255 -98.1469
690.275 -91.1503
691.309 -83.2862
692.208 -76.7969
693.107 -68.8835
693.922 -60.9426
694.68 -53.7599
695.335 -45.638
695.915 -37.7061
696.488 -30.5243
696.927 -22.6606
