695.925 12.2424
695.664 20.4987
695.253 28.0932
694.703 34.2467
694.208 42.5618
693.616 51.0316
692.924 59.1359
692.142 67.181
691.308 74.4859
690.296 83.5044
689.435 89.428
688.364 97.1881
687.282 104.489
686.144 111.776
684.78 119.899
683.763 126.051
682.156 134.51
680.765 141.775
679.071 149.844
677.14 158.349
675.97 164.274
673.829 172.816
672.395 179.267
670.267 187.279
668.51 194.246
657.644 229.098
655.008 235.801
652.205 243.04
649.314 250.329
646.391 257.436
643.12 265.485
640.755 270.306
637.292 278.38
633.574 286.836
630.492 293.266
627.226 300.026
623.92 306.717
620.955 312.562
616.948 320.402
613.994 326.034
610.181 333.143
606.61 339.682
603.174 345.9
599.196 352.835
594.912 360.055
591.281 366.223
586.615 373.648
582.798 379.833
578.827 386.122
574.882 392.292
569.687 399.722
565.703 405.713
561.527 411.831
539.222 440.304
533.845 446.719
529.164 451.883
523.844 457.909
519.842 461.995
513.377 469.3
508.593 474.257
502.606 480.596
497.98 485.201
492.999 490.173
487.655 495.456
481.218 501.715
477.022 505.709
469.803 512.406
464.28 517.436
459.457 521.818
454.235 526.495
447.752 532.036
442.539 536.564
435.054 542.561
430.057 546.784
423.115 552.169
417.267 556.782
410.835 561.647
404.199 566.521
379.373 583.172
373.112 587.031
365.994 591.455
359.864 595.049
353.048 599.053
346.977 602.484
339.027 607.013
331.795 610.972
325.395 614.35
318.837 617.755
312.455 621.008
303.544 625.408
297.942 628.125
290.766 631.504
283.915 634.666
276.499 637.966
269.453 641.042
262.72 643.944
255.093 647.051
246.202 650.419
239.415 653.083
209.993 663.909
203.114 665.786
195.883 667.772
187.361 670.232
180.337 671.965
174.527 673.216
165.08 675.686
157.824 677.301
149.549 679.155
139.406 681.451
134.871 682.066
126.372 683.687
118.973 684.966
112.211 686.067
104.332 687.305
96.4158 688.462
89.8047 689.395
81.5735 690.432
74.1923 691.321
66.5533 692.157
59.4683 692.918
51.5851 693.621
43.5813 694.239
36.0598 694.799
27.442 695.207
20.0914 695.627
11.0742 695.793
3.17106 695.984
-4.61949 696.111
-40.8091 695.197
-47.7232 694.474
-55.1839 693.747
-64.3861 693.021
-71.2673 692.115
-78.5805 691.172
-87.4614 690.123
-94.01 689.067
-101.41 687.926
-107.154 686.914
-117.909 685.245
-124.512 683.985
-130.576 682.806
-138.741 681.193
-145.624 679.774
-153.857 677.965
-160.818 676.402
-168.124 674.685
-175.676 672.82
-182.725 671.055
-191.879 668.431
-199.128 666.413
-207.308 663.935
-213.356 662.292
-221.58 659.597
-230.774 656.311
-236.473 654.656
-244.817 651.556
-273.082 639.87
-280.853 636.467
-286.327 633.758
-295.438 629.676
-302.696 626.153
-309.813 622.594
-315.91 619.391
-322.772 615.79
-329.749 612.048
-336.939 608.101
-343.17 604.576
-350.491 600.359
-356.101 597.069
-364.245 592.12
-369.438 588.977
-376.267 584.674
-382.146 580.976
-388.046 577.22
-395.548 572.067
-401.507 568.082
-408.448 563.142
-413.911 559.457
-440.492 539.109
-446.559 533.941
-452.563 528.718
-458.418 523.496
-464.183 518.242
-469.798 513.004
-475.315 507.752
-480.777 502.457
-486.169 497.132
-491.484 491.787
-496.723 486.423
-501.909 481.023
-507.058 475.571
-512.129 470.11
-517.187 464.572
-522.171 459.022
-527.125 453.412
-532.042 447.745
-536.907 442.044
-541.734 436.287
-546.53 430.461
-551.298 424.557
-556.016 418.604
-560.706 412.564
-565.387 406.391
-585.166 377.023
-590.079 369.383
-593.399 363.497
-598.221 355.626
-602.096 348.794
-605.531 342.439
-609.62 335.043
-613.528 327.737
-617.042 320.874
-619.775 315.189
-622.849 308.891
-626.426 301.529
-629.889 294.187
-633.204 286.947
-636.375 279.823
-639.106 273.566
-641.866 267.155
-645.358 258.554
-647.614 253.251
-650.804 244.899
-653.122 239.257
-655.862 231.902
-658.912 222.831
-661.282 216.306
-663.493 210.54
-666.01 202.7
-668.481 194.492
-670.803 186.682
-679.984 150.383
-681.484 142.697
-682.795 135.316
-683.898 128.384
-685.806 118.662
-687.235 110.06
-688.034 103.304
-688.759 96.7727
-690.074 87.4227
-690.881 79.8855
-691.576 72.6073
-692.17 65.6502
-692.989 56.5834
-693.419 49.9177
-693.977 41.3745
-694.339 34.2516
-694.659 27.0515
-694.931 19.8951
-695.131 11.5947
-695.297 4.82093
-695.353 -3.12435
-695.278 -11.6132
-694.979 -21.4206
-695.043 -26.7849
-695 -33.2883
-694.595 -41.6442
-693.891 -51.0185
-693.781 -57.0464
-693.305 -64.5926
-692.809 -71.9742
-692.133 -79.7474
-686.161 -117.801
-684.621 -126.596
-683.06 -133.502
-681.413 -140.964
-679.601 -149.379
-677.96 -155.506
-676.115 -162.932
-674.087 -170.992
-671.821 -179.798
-669.949 -186.102
-668.13 -192.166
-665.276 -202.018
-663.195 -208.526
-660.499 -216.92
-658.551 -222.681
-655.773 -230.738
-653.4 -237.454
-650.469 -245.388
-648.859 -250.137
-645.036 -259.59
-642.215 -266.671
-639.178 -274.017
-636.769 -280.066
-632.553 -289.168
-630.604 -294.235
-625.827 -303.76
-624.287 -308.117
-619.681 -316.905
-616.451 -323.566
-600.085 -352.292
-596.033 -358.872
-591.953 -365.34
-587.815 -371.771
-583.592 -378.21
-579.624 -384.065
-575.508 -390.081
-570.604 -397.215
-566.75 -402.597
-561.881 -409.355
-557.378 -415.458
-552.635 -421.757
-548.209 -427.542
-543.213 -433.905
-538.837 -439.449
-533.674 -445.758
-528.303 -452.15
-523.701 -457.651
-519.073 -463.116
-513.113 -469.691
-508.328 -475.11
-490.521 -492.905
-483.763 -499.617
-479.337 -503.628
-472.505 -510.087
-468.043 -514.043
-460.085 -521.268
-454.869 -525.74
-449.43 -530.366
-443.439 -535.384
-437.324 -540.401
-429.689 -546.483
-424.813 -550.336
-419.249 -554.674
-412.986 -559.414
-407.297 -563.708
-400.141 -568.804
-375.982 -586.074
-369.231 -590.196
-362.643 -594.08
-355.66 -598.186
-349.486 -601.574
-342.436 -605.535
-335.893 -609.043
-329.146 -612.612
-322.772 -615.875
-315.766 -619.445
-308.703 -622.954
-302.187 -626.091
-296.328 -628.863
-288.45 -632.517
-281.531 -635.64
-274.535 -638.72
-267.529 -641.729
-259.891 -644.882
-253.312 -647.595
-245.611 -650.593
-239.014 -653.191
-231.325 -656.009
-224.132 -658.621
-216.872 -661.175
-209.502 -663.676
-202.781 -666.004
-195.381 -668.373
-161.619 -676.947
-154.988 -678.244
-145.866 -680.337
-139.197 -681.516
-132.56 -682.664
-124.157 -684.229
-116.773 -685.446
-108.204 -686.848
-103.145 -687.495
-93.5425 -688.887
-85.1175 -689.974
-78.5002 -690.734
-69.8523 -691.663
-62.8676 -692.351
-55.5978 -693.013
-48.1457 -693.626
-40.2158 -694.174
-32.7823 -694.653
-23.5545 -694.993
-15.5365 -695.271
-7.76638 -695.482
0.454715 -695.572
7.56221 -695.701
15.5995 -695.65
47.3231 -694.44
55.771 -693.775
62.0373 -692.939
71.3174 -692.112
79.1737 -691.164
86.7369 -690.143
93.6357 -689.09
101.711 -687.904
106.967 -686.939
116.141 -685.467
125.169 -683.893
129.157 -683.084
138.216 -681.304
146.622 -679.544
154.359 -677.84
161.801 -676.132
169.751 -674.2
177.737 -672.159
184.741 -670.348
192.874 -668.071
199.669 -666.2
206.957 -664.079
214.658 -661.701
221.126 -659.812
229.328 -657.015
236.52 -654.627
266.743 -642.77
275.185 -639.261
282.566 -635.94
289.237 -632.755
295.608 -629.617
302.001 -626.425
310.321 -622.389
316.081 -619.315
323.205 -615.587
329.895 -611.976
336.392 -608.389
342.13 -605.163
349.926 -600.69
354.976 -597.785
362.584 -593.196
369.654 -588.835
375.983 -584.884
381.813 -581.237
389.361 -576.176
395.497 -572.113
401.993 -567.663
407.864 -563.675
413.754 -559.611
420.386 -554.734
444.427 -535.301
449.14 -531.04
455.098 -525.854
461.508 -520.219
467.901 -514.463
473.903 -508.888
478.675 -504.243
485.442 -497.772
491.263 -491.99
495.868 -487.25
500.982 -481.966
506.172 -476.518
510.571 -471.882
518.068 -463.557
522.155 -459.045
527.218 -453.298
532.967 -446.512
537.861 -440.704
542.153 -435.666
547.141 -429.504
552.092 -423.246
556.964 -416.955
574.723 -392.462
578.257 -386.789
582.503 -380.197
587.465 -372.555
590.875 -366.773
594.804 -360.215
599.132 -352.936
602.848 -346.411
606.688 -339.561
610.553 -332.509
613.676 -326.62
616.913 -320.473
620.632 -313.23
624.445 -305.565
627.843 -298.582
630.654 -292.852
634.08 -285.446
637.002 -279.219
640.548 -270.924
643.614 -263.79
647.344 -254.122
649.401 -249.982
652.576 -241.448
663.634 -210.54
665.991 -202.676
668.062 -195.225
669.817 -188.341
671.756 -180.863
673.633 -173.343
675.474 -165.697
677.154 -158.296
678.62 -151.402
680.313 -143.461
681.794 -136.017
683.21 -128.552
684.559 -121.072
685.841 -113.575
687.056 -106.066
688.261 -98.0353
689.279 -91.0606
690.311 -83.2177
691.209 -76.756
692.107 -68.8632
692.922 -60.942
693.68 -53.7801
694.336 -45.6699
694.916 -37.7605
695.491 -30.6087
695.933 -22.7683
