694.931 12.353
694.668 20.5911
694.256 28.1612
693.704 34.2744
693.208 42.5801
692.616 51.0267
691.924 59.1117
691.143 67.137
690.311 74.4141
689.299 83.4228
688.443 89.3041
687.375 97.0411
686.294 104.33
685.16 111.599
683.798 119.712
682.787 125.835
681.181 134.287
679.795 141.533
678.105 149.583
676.18 158.067
675.021 163.961
672.884 172.49
671.462 178.907
669.34 186.903
667.595 193.843
656.661 228.912
654.03 235.594
651.232 242.811
648.346 250.078
645.429 257.161
642.165 265.189
639.813 269.971
636.355 278.033
632.639 286.481
629.565 292.891
626.305 299.634
623.01 306.302
620.057 312.123
616.058 319.946
613.118 325.552
609.315 332.644
605.756 339.161
602.332 345.362
598.364 352.28
594.085 359.493
590.466 365.643
585.803 373.064
582.009 379.219
578.05 385.492
574.124 391.639
568.936 399.061
564.978 405.025
560.821 411.122
538.37 439.779
533.008 446.172
528.345 451.309
523.032 457.325
519.053 461.382
512.583 468.692
507.818 473.625
501.839 479.954
497.237 484.532
492.276 489.482
486.944 494.752
480.52 500.999
476.343 504.975
469.136 511.661
463.632 516.675
458.83 521.039
453.625 525.702
447.161 531.23
441.966 535.744
434.484 541.739
429.51 545.947
422.572 551.33
416.747 555.927
410.342 560.777
403.715 565.646
378.752 582.389
372.513 586.23
365.41 590.643
359.305 594.22
352.501 598.216
346.45 601.634
338.501 606.163
331.276 610.117
324.9 613.481
318.366 616.873
312.009 620.113
303.104 624.51
297.53 627.213
290.372 630.585
283.544 633.737
276.145 637.03
269.113 640.102
262.399 642.997
254.782 646.1
245.904 649.464
239.145 652.12
209.551 663.012
202.701 664.876
195.486 666.854
186.983 669.306
179.987 671.028
174.218 672.265
164.774 674.734
157.543 676.342
149.285 678.19
139.129 680.49
134.641 681.092
126.146 682.713
118.772 683.986
112.041 685.082
104.182 686.317
96.2852 687.471
89.7077 688.4
81.4928 689.435
74.1375 690.322
66.5134 691.158
59.4497 691.919
51.5801 692.621
43.5888 693.239
36.0942 693.8
27.4912 694.208
20.1691 694.63
11.1625 694.797
3.28175 694.99
-4.478 695.121
-40.8993 694.202
-47.7804 693.476
-55.2142 692.747
-64.4081 692.021
-71.2564 691.115
-78.5414 690.173
-87.4102 689.125
-93.9313 688.07
-101.314 686.93
-107.022 685.923
-117.789 684.252
-124.367 682.996
-130.392 681.823
-138.541 680.213
-145.394 678.801
-153.613 676.995
-160.546 675.439
-167.828 673.73
-175.367 671.869
-182.397 670.111
-191.546 667.488
-198.785 665.474
-206.943 663.004
-212.961 661.373
-221.171 658.684
-230.356 655.402
-236.015 653.767
-244.348 650.673
-272.775 638.918
-280.531 635.52
-285.974 632.822
-295.077 628.744
-302.322 625.226
-309.427 621.671
-315.503 618.477
-322.345 614.886
-329.303 611.153
-336.478 607.214
-342.683 603.702
-349.991 599.493
-355.571 596.221
-363.712 591.275
-368.871 588.154
-375.685 583.862
-381.539 580.182
-387.414 576.445
-394.91 571.297
-400.847 567.331
-407.776 562.401
-413.213 558.741
-439.979 538.251
-446.027 533.094
-452.01 527.885
-457.847 522.675
-463.605 517.426
-469.201 512.202
-474.698 506.966
-480.14 501.686
-485.519 496.372
-490.814 491.044
-496.03 485.702
-501.203 480.315
-506.334 474.881
-511.388 469.439
-516.434 463.913
-521.402 458.382
-526.34 452.792
-531.242 447.145
-536.093 441.464
-540.905 435.728
-545.688 429.922
-550.442 424.039
-555.148 418.107
-559.827 412.088
-564.496 405.935
-584.399 376.38
-589.306 368.748
-592.609 362.884
-597.429 355.015
-601.294 348.196
-604.711 341.867
-608.785 334.492
-612.687 327.196
-616.192 320.347
-618.909 314.689
-621.973 308.411
-625.544 301.057
-628.995 293.739
-632.301 286.518
-635.463 279.414
-638.181 273.186
-640.933 266.796
-644.419 258.209
-646.664 252.939
-649.848 244.604
-652.157 238.992
-654.893 231.659
-657.94 222.599
-660.305 216.096
-662.508 210.369
-665.022 202.547
-667.492 194.344
-669.812 186.545
-679.052 150.02
-680.544 142.357
-681.846 135.001
-682.939 128.101
-684.847 118.38
-686.271 109.792
-687.062 103.07
-687.781 96.5658
-689.096 87.2133
-689.9 79.6919
-690.59 72.4405
-691.18 65.5137
-691.998 56.4476
-692.425 49.8079
-692.982 41.2724
-693.341 34.1793
-693.66 27.0086
-693.931 19.8819
-694.131 11.5992
-694.298 4.85885
-694.355 -3.06509
-694.281 -11.5384
-693.982 -21.3442
-694.051 -26.6608
-694.013 -33.1284
-693.611 -41.4675
-692.908 -50.8362
-692.807 -56.8232
-692.336 -64.3443
-691.847 -71.6997
-691.178 -79.4505
-685.161 -117.771
-683.622 -126.556
-682.063 -133.432
-680.417 -140.878
-678.607 -149.271
-676.969 -155.369
-675.128 -162.772
-673.102 -170.824
-670.837 -179.62
-668.97 -185.897
-667.156 -191.938
-664.305 -201.777
-662.233 -208.253
-659.54 -216.636
-657.605 -222.358
-654.832 -230.399
-652.469 -237.087
-649.545 -245.007
-647.956 -249.708
-644.132 -259.162
-641.322 -266.221
-638.295 -273.548
-635.903 -279.565
-631.688 -288.667
-629.764 -293.693
-624.98 -303.229
-623.467 -307.546
-618.856 -316.339
-615.642 -322.978
-599.171 -351.885
-595.13 -358.443
-591.053 -364.904
-586.922 -371.32
-582.707 -377.744
-578.753 -383.572
-574.652 -389.564
-569.76 -396.678
-565.921 -402.038
-561.062 -408.782
-556.574 -414.864
-551.844 -421.145
-547.44 -426.903
-542.451 -433.258
-538.101 -438.772
-532.945 -445.074
-527.59 -451.448
-523.01 -456.929
-518.398 -462.379
-512.452 -468.941
-507.689 -474.34
-489.787 -492.226
-483.028 -498.94
-478.625 -502.925
-471.792 -509.387
-467.353 -513.318
-459.389 -520.55
-454.196 -525.001
-448.779 -529.607
-442.799 -534.616
-436.694 -539.625
-429.054 -545.71
-424.21 -549.539
-418.672 -553.857
-412.428 -558.584
-406.764 -562.862
-399.619 -567.951
-375.324 -585.322
-368.589 -589.43
-362.02 -593.298
-355.051 -597.393
-348.902 -600.763
-341.867 -604.712
-335.346 -608.206
-328.619 -611.762
-322.269 -615.01
-315.282 -618.57
-308.239 -622.069
-301.749 -625.193
-295.916 -627.952
-288.058 -631.597
-281.162 -634.711
-274.19 -637.782
-267.201 -640.785
-259.565 -643.936
-253.001 -646.645
-245.31 -649.64
-238.736 -652.23
-231.066 -655.043
-223.897 -657.649
-216.661 -660.198
-209.314 -662.694
-202.623 -665.017
-195.237 -667.384
-161.272 -676.009
-154.665 -677.297
-145.548 -679.389
-138.91 -680.558
-132.306 -681.697
-123.916 -683.258
-116.556 -684.47
-108 -685.869
-102.99 -686.507
-93.3905 -687.899
-84.9799 -688.983
-78.3889 -689.74
-69.7467 -690.668
-62.786 -691.354
-55.5455 -692.014
-48.1211 -692.626
-40.2135 -693.174
-32.8082 -693.654
-23.5897 -693.993
-15.5934 -694.273
-7.83978 -694.484
0.370626 -694.576
7.45527 -694.707
15.4728 -694.658
47.391 -693.443
55.8163 -692.776
62.0522 -691.939
71.3189 -691.112
79.162 -690.164
86.7014 -689.143
93.5692 -688.093
101.626 -686.907
106.834 -685.948
116.001 -684.477
125.029 -682.903
128.964 -682.103
138.022 -680.323
146.412 -678.567
154.125 -676.868
161.543 -675.166
169.472 -673.24
177.448 -671.202
184.432 -669.397
192.55 -667.125
199.316 -665.264
206.581 -663.152
214.264 -660.781
220.701 -658.906
228.892 -656.116
236.061 -653.739
266.47 -641.808
274.897 -638.303
282.258 -634.988
288.903 -631.812
295.245 -628.685
301.61 -625.505
309.93 -621.468
315.664 -618.406
322.779 -614.683
329.454 -611.078
335.935 -607.499
341.649 -604.287
349.441 -599.815
354.454 -596.932
362.051 -592.35
369.106 -587.999
375.413 -584.062
381.216 -580.434
388.757 -575.379
394.871 -571.333
401.345 -566.902
407.198 -562.928
413.068 -558.885
419.687 -554.02
443.87 -534.471
448.552 -530.231
454.492 -525.058
460.89 -519.432
467.272 -513.686
473.259 -508.123
478.005 -503.501
484.76 -497.04
490.572 -491.266
495.158 -486.545
500.259 -481.275
505.443 -475.834
509.823 -471.219
517.333 -462.879
521.397 -458.393
526.439 -452.671
532.18 -445.895
537.06 -440.107
541.331 -435.098
546.311 -428.947
551.245 -422.714
556.106 -416.44
573.974 -391.8
577.481 -386.159
581.718 -379.577
586.67 -371.948
590.06 -366.194
593.975 -359.656
598.294 -352.39
601.996 -345.887
605.825 -339.056
609.679 -332.022
612.786 -326.165
616.015 -320.032
619.726 -312.806
623.536 -305.148
626.925 -298.185
629.729 -292.474
633.145 -285.092
636.058 -278.888
639.602 -270.602
642.663 -263.481
646.397 -253.803
648.437 -249.717
651.609 -241.194
662.737 -210.098
665.086 -202.251
667.147 -194.821
668.89 -187.965
670.821 -180.509
672.69 -173.01
674.521 -165.392
676.196 -158.008
677.654 -151.143
679.342 -143.221
680.816 -135.81
682.228 -128.361
683.572 -120.914
684.851 -113.435
686.064 -105.943
687.267 -97.9236
688.283 -90.9709
689.313 -83.1491
690.21 -76.7149
691.107 -68.8428
691.922 -60.9337
692.68 -53.7927
693.336 -45.6942
693.917 -37.8072
694.494 -30.6858
694.938 -22.8686
