693.937 12.4634
693.672 20.6834
693.258 28.229
692.704 34.302
692.208 42.5908
691.616 51.0217
690.924 59.0874
690.144 67.0929
689.313 74.3423
688.303 83.3411
687.451 89.1802
686.386 96.8941
685.308 104.164
684.177 111.413
682.815 119.526
681.81 125.618
680.207 134.065
678.824 141.29
677.14 149.323
675.221 157.785
674.071 163.647
671.938 172.164
670.532 178.54
668.413 186.528
666.68 193.44
655.677 228.734
653.052 235.387
650.259 242.581
647.378 249.827
644.468 256.886
641.207 264.9
638.871 269.636
635.417 277.685
631.704 286.125
628.638 292.515
625.385 299.243
622.097 305.895
619.158 311.685
615.164 319.497
612.243 325.069
608.448 332.145
604.903 338.64
601.494 344.816
597.533 351.724
593.258 358.931
589.652 365.063
584.992 372.48
581.215 378.611
577.274 384.862
573.366 390.987
568.185 398.401
564.247 404.342
560.111 410.419
537.523 439.248
532.17 445.626
527.526 450.735
522.22 456.741
518.263 460.769
511.79 468.084
507.044 472.992
501.072 479.312
496.488 483.869
491.547 488.797
486.233 494.05
479.815 500.289
475.664 504.242
468.469 510.916
462.984 515.913
458.197 520.265
453.016 524.909
446.563 530.429
441.394 534.925
433.914 540.918
428.957 545.114
422.037 550.485
416.228 555.072
409.848 559.907
403.231 564.771
378.13 581.606
371.914 585.429
364.826 589.832
358.747 593.39
351.955 597.378
345.924 600.784
337.974 605.313
330.763 609.259
324.406 612.612
317.902 615.987
311.57 619.215
302.664 623.612
297.118 626.302
289.979 629.665
283.181 632.805
275.792 636.095
268.774 639.161
262.078 642.05
254.471 645.15
245.598 648.512
238.867 651.159
209.11 662.115
202.287 663.965
195.089 665.937
186.612 668.377
179.637 670.092
173.901 671.316
164.474 673.779
157.271 675.379
149.02 677.226
138.852 679.529
134.411 680.119
125.92 681.739
118.57 683.007
111.872 684.096
104.032 685.328
96.1547 686.479
89.6107 687.405
81.4122 688.439
74.0827 689.324
66.4734 690.159
59.4311 690.919
51.5751 691.621
43.5963 692.239
36.1284 692.8
27.5403 693.209
20.2467 693.633
11.2506 693.801
3.39234 693.996
-4.34379 694.13
-40.9892 693.206
-47.8374 692.477
-55.2444 691.748
-64.4299 691.021
-71.2453 690.115
-78.5023 689.173
-87.3589 688.126
-93.8526 687.073
-101.218 685.935
-106.891 684.931
-117.677 683.258
-124.222 682.006
-130.208 680.84
-138.341 679.234
-145.165 677.827
-153.369 676.025
-160.274 674.477
-167.531 672.775
-175.057 670.918
-182.068 669.166
-191.221 666.543
-198.443 664.534
-206.578 662.072
-212.565 660.455
-220.763 657.771
-229.938 654.494
-235.558 652.877
-243.88 649.79
-272.477 637.964
-280.209 634.574
-285.62 631.887
-294.715 627.811
-301.949 624.298
-309.042 620.748
-315.096 617.564
-321.918 613.981
-328.857 610.258
-336.01 606.33
-342.197 602.829
-349.491 598.627
-355.04 595.373
-363.172 590.433
-368.311 587.325
-375.102 583.048
-380.938 579.382
-386.789 575.665
-394.277 570.522
-400.187 566.58
-407.105 561.66
-412.521 558.019
-439.46 537.396
-445.494 532.248
-451.451 527.055
-457.275 521.855
-463.02 516.615
-468.603 511.401
-474.08 506.179
-479.503 500.915
-484.869 495.613
-490.145 490.3
-495.336 484.982
-500.497 479.607
-505.61 474.191
-510.653 468.761
-515.677 463.26
-520.634 457.743
-525.555 452.172
-530.442 446.545
-535.273 440.891
-540.076 435.168
-544.845 429.383
-549.587 423.521
-554.281 417.61
-558.947 411.612
-563.606 405.48
-583.628 375.744
-588.533 368.114
-591.819 362.271
-596.638 354.404
-600.488 347.605
-603.887 341.301
-607.951 333.942
-611.846 326.655
-615.342 319.82
-618.044 314.188
-621.096 307.93
-624.659 300.593
-628.101 293.291
-631.397 286.089
-634.55 279.005
-637.256 272.807
-639.997 266.445
-643.481 257.863
-645.711 252.635
-648.893 244.309
-651.193 238.728
-653.923 231.415
-656.967 222.367
-659.325 215.895
-661.523 210.198
-664.034 202.393
-666.503 194.197
-668.822 186.409
-678.12 149.658
-679.604 142.017
-680.896 134.687
-681.98 127.817
-683.887 118.098
-685.308 109.524
-686.09 102.835
-686.803 96.3589
-688.118 87.004
-688.919 79.4984
-689.604 72.2737
-690.189 65.3772
-691.007 56.3118
-691.431 49.6982
-691.988 41.1705
-692.344 34.1069
-692.661 26.9657
-692.931 19.8687
-693.131 11.6037
-693.298 4.8889
-693.357 -3.0059
-693.284 -11.4636
-692.986 -21.2595
-693.058 -26.5442
-693.026 -32.9686
-692.626 -41.291
-691.926 -50.6456
-691.832 -56.6001
-691.367 -64.0962
-690.886 -71.4254
-690.223 -79.1537
-684.162 -117.749
-682.623 -126.516
-681.064 -133.37
-679.421 -140.793
-677.612 -149.172
-675.978 -155.232
-674.141 -162.612
-672.116 -170.655
-669.853 -179.442
-667.99 -185.699
-666.184 -191.702
-663.335 -201.536
-661.269 -207.988
-658.582 -216.351
-656.657 -222.042
-653.891 -230.061
-651.539 -236.721
-648.621 -244.625
-647.05 -249.285
-643.228 -258.735
-640.429 -265.771
-637.411 -273.079
-635.038 -279.064
-630.823 -288.166
-628.923 -293.151
-624.132 -302.699
-622.646 -306.974
-618.032 -315.773
-614.829 -322.396
-598.255 -351.485
-594.223 -358.021
-590.153 -364.468
-586.029 -370.869
-581.822 -377.278
-577.883 -383.08
-573.797 -389.046
-568.912 -396.148
-565.092 -401.479
-560.243 -408.208
-555.77 -414.27
-551.052 -420.534
-546.666 -426.27
-541.69 -432.61
-537.359 -438.102
-532.216 -444.39
-526.878 -450.747
-522.318 -456.207
-517.722 -461.642
-511.786 -468.196
-507.05 -473.571
-489.053 -491.546
-482.293 -498.262
-477.913 -502.223
-471.079 -508.686
-466.664 -512.594
-458.692 -519.833
-453.522 -524.261
-448.128 -528.848
-442.158 -533.848
-436.064 -538.848
-428.42 -544.937
-423.607 -548.741
-418.094 -553.041
-411.869 -557.755
-406.231 -562.016
-399.097 -567.098
-374.665 -584.569
-367.947 -588.663
-361.396 -592.516
-354.443 -596.599
-348.318 -599.951
-341.298 -603.89
-334.798 -607.369
-328.091 -610.913
-321.759 -614.15
-314.798 -617.694
-307.775 -621.183
-301.31 -624.294
-295.503 -627.041
-287.666 -630.677
-280.794 -633.781
-273.845 -636.843
-266.872 -639.84
-259.24 -642.991
-252.69 -645.694
-245.01 -648.686
-238.458 -651.27
-230.807 -654.077
-223.661 -656.677
-216.449 -659.22
-209.126 -661.712
-202.464 -664.03
-195.094 -666.394
-160.918 -675.074
-154.342 -676.351
-145.23 -678.441
-138.624 -679.6
-132.052 -680.73
-123.675 -682.288
-116.34 -683.494
-107.796 -684.89
-102.836 -685.519
-93.2385 -686.911
-84.8423 -687.993
-78.2776 -688.747
-69.6412 -689.674
-62.7044 -690.357
-55.493 -691.016
-48.0965 -691.626
-40.2112 -692.174
-32.8341 -692.654
-23.6249 -692.994
-15.6502 -693.274
-7.91309 -693.487
0.286623 -693.579
7.34844 -693.712
15.3463 -693.666
47.4588 -692.445
55.8615 -691.777
62.0669 -690.94
71.3203 -690.112
79.1427 -689.164
86.6582 -688.144
93.5027 -687.095
101.533 -685.912
106.701 -684.957
115.862 -683.486
124.888 -681.913
128.77 -681.122
137.827 -679.342
146.201 -677.589
153.892 -675.895
161.284 -674.2
169.194 -672.279
177.159 -670.245
184.123 -668.446
192.226 -666.179
198.964 -664.329
206.205 -662.226
213.87 -659.862
220.277 -658.001
228.456 -655.216
235.603 -652.85
266.19 -640.849
274.608 -637.346
281.95 -634.037
288.568 -630.87
294.882 -627.753
301.218 -624.585
309.539 -620.548
315.248 -617.497
322.352 -613.778
329.013 -610.181
335.477 -606.61
341.167 -603.411
348.956 -598.941
353.931 -596.08
361.518 -591.504
368.558 -587.162
374.843 -583.24
380.62 -579.632
388.153 -574.582
394.245 -570.553
400.702 -566.135
406.533 -562.181
412.381 -558.158
418.987 -553.305
443.313 -533.64
447.964 -529.422
453.887 -524.262
460.273 -518.646
466.643 -512.908
472.615 -507.358
477.334 -502.759
484.077 -496.309
489.882 -490.543
494.449 -485.841
499.536 -480.584
504.713 -475.149
509.074 -470.556
516.598 -462.202
520.635 -457.746
525.66 -452.043
531.394 -445.277
536.258 -439.509
540.508 -434.53
545.476 -428.397
550.399 -422.181
555.249 -415.926
573.22 -391.143
576.705 -385.528
580.928 -378.964
585.875 -371.341
589.245 -365.615
593.145 -359.097
597.456 -351.844
601.145 -345.364
604.961 -338.552
608.805 -331.536
611.896 -325.709
615.114 -319.598
618.82 -312.383
622.627 -304.73
626.007 -297.788
628.8 -292.103
632.207 -284.746
635.115 -278.557
638.658 -270.271
641.714 -263.165
645.449 -253.484
647.474 -249.445
650.642 -240.939
661.84 -209.656
664.181 -201.827
666.229 -194.425
667.961 -187.596
669.883 -180.162
671.745 -172.684
673.569 -165.087
675.239 -157.72
676.688 -150.885
678.369 -142.989
679.838 -135.602
681.245 -128.178
682.584 -120.757
683.861 -113.294
685.07 -105.828
686.274 -97.8119
687.287 -90.8812
688.316 -83.0726
689.211 -76.6738
690.107 -68.8223
690.922 -60.9254
691.681 -53.8052
692.336 -45.7185
692.918 -37.8539
693.497 -30.7627
693.943 -22.9688
