692.943 12.5737
692.677 20.7755
692.26 28.2968
691.705 34.3295
691.208 42.6015
690.616 51.0166
689.925 59.0631
689.145 67.0487
688.316 74.2704
687.306 83.2593
686.459 89.0564
685.397 96.7471
684.322 103.998
683.194 111.228
681.833 119.339
680.834 125.402
679.232 133.842
677.854 141.048
676.176 149.054
674.261 157.504
673.119 163.341
670.996 171.831
669.599 178.18
667.484 186.159
665.762 193.044
654.693 228.557
652.073 235.18
649.286 242.352
646.41 249.575
643.506 256.611
640.25 264.612
637.929 269.301
634.479 277.338
630.77 285.77
627.712 292.14
624.465 298.851
621.183 305.487
618.259 311.246
614.271 319.047
611.367 324.587
607.581 331.646
604.049 338.119
600.656 344.27
596.701 351.168
592.431 358.369
588.837 364.483
584.18 371.896
580.421 378.003
576.497 384.232
572.608 390.335
567.434 397.741
563.517 403.658
559.4 409.715
536.676 438.716
531.333 445.079
526.707 450.161
521.409 456.157
517.473 460.155
510.996 467.476
506.264 472.366
500.301 478.676
495.739 483.206
490.819 488.112
485.521 493.347
479.111 499.579
474.991 503.502
467.796 510.177
462.33 515.157
457.564 519.491
452.413 524.111
445.972 529.622
440.821 534.105
433.337 540.101
428.403 544.281
421.495 549.645
415.703 554.222
409.348 559.041
402.755 563.892
377.514 580.818
371.315 584.628
364.242 589.02
358.188 592.561
351.409 596.54
345.397 599.934
337.448 604.463
330.251 608.4
323.918 611.739
317.437 615.101
311.131 618.316
302.225 622.714
296.713 625.388
289.593 628.743
282.818 631.874
275.438 635.16
268.435 638.22
261.757 641.103
254.161 644.199
245.301 647.557
238.59 650.199
208.675 661.214
201.866 663.058
194.692 665.019
186.241 667.448
179.286 669.155
173.583 670.368
164.175 672.825
156.998 674.417
148.756 676.262
138.575 678.568
134.181 679.146
125.695 680.765
118.369 682.027
111.702 683.111
103.882 684.339
96.0241 685.488
89.5137 686.41
81.3315 687.442
74.0278 688.325
66.4333 689.16
59.4124 689.919
51.5699 690.621
43.6037 691.239
36.1626 691.801
27.5893 692.21
20.3242 692.636
11.3387 692.805
3.50281 693.002
-4.20969 693.139
-41.079 692.21
-47.8943 691.479
-55.2744 690.748
-64.4517 690.021
-71.2342 689.115
-78.4631 688.174
-87.3075 687.127
-93.7738 686.076
-101.121 684.94
-106.759 683.94
-117.565 682.264
-124.076 681.017
-130.025 679.857
-138.141 678.254
-144.936 676.854
-153.124 675.056
-160.001 673.515
-167.235 671.82
-174.747 669.967
-181.74 668.222
-190.895 665.597
-198.101 663.595
-206.221 661.139
-212.17 659.536
-220.354 656.859
-229.52 653.586
-235.107 651.985
-243.418 648.903
-272.178 637.01
-279.886 633.627
-285.267 630.951
-294.361 626.876
-301.576 623.37
-308.65 619.828
-314.689 616.65
-321.491 613.077
-328.404 609.366
-335.541 605.447
-341.703 601.959
-348.984 597.765
-354.511 594.525
-362.631 589.592
-367.744 586.502
-374.52 582.236
-380.337 578.583
-386.163 574.885
-393.639 569.753
-399.532 565.824
-406.432 560.919
-411.829 557.298
-438.94 536.541
-444.962 531.401
-450.892 526.226
-456.703 521.034
-462.435 515.804
-468.005 510.599
-473.469 505.388
-478.866 500.145
-484.212 494.858
-489.476 489.557
-494.649 484.256
-499.785 478.904
-504.887 473.501
-509.912 468.089
-514.919 462.608
-519.86 457.109
-524.765 451.559
-529.642 445.945
-534.453 440.318
-539.247 434.609
-544.003 428.845
-548.731 423.003
-553.413 417.113
-558.068 411.136
-562.716 405.024
-582.857 375.108
-587.76 367.479
-591.028 361.658
-595.846 353.793
-599.681 347.013
-603.063 340.735
-607.116 333.391
-611.005 326.114
-614.492 319.293
-617.178 313.687
-620.219 307.449
-623.773 300.128
-627.207 292.844
-630.494 285.661
-633.638 278.596
-636.331 272.427
-639.06 266.094
-642.542 257.518
-644.759 252.331
-647.937 244.014
-650.226 238.471
-652.951 231.179
-655.994 222.135
-658.346 215.693
-660.538 210.027
-663.046 202.239
-665.514 194.049
-667.831 186.272
-677.188 149.295
-678.663 141.677
-679.947 134.372
-681.021 127.534
-682.928 117.816
-684.344 109.256
-685.118 102.601
-685.824 96.1521
-687.14 86.7947
-687.938 79.3051
-688.618 72.107
-689.198 65.2408
-690.016 56.1761
-690.437 49.5886
-690.993 41.0685
-691.347 34.0265
-691.661 26.9229
-691.931 19.8475
-692.131 11.6002
-692.299 4.9189
-692.358 -2.95451
-692.286 -11.3966
-691.99 -21.175
-692.064 -26.4277
-692.037 -32.8162
-691.641 -41.1219
-690.944 -50.4552
-690.857 -56.3772
-690.397 -63.8551
-689.924 -71.1512
-689.266 -78.8637
-683.162 -117.727
-681.624 -126.484
-680.066 -133.308
-678.424 -140.707
-676.618 -149.065
-674.988 -155.095
-673.154 -162.452
-671.131 -170.486
-668.868 -179.272
-667.01 -185.502
-665.213 -191.466
-662.362 -201.303
-660.305 -207.723
-657.621 -216.075
-655.708 -221.725
-652.947 -229.73
-650.605 -236.362
-647.696 -244.243
-646.143 -248.863
-642.324 -258.307
-639.536 -265.321
-636.528 -272.61
-634.172 -278.563
-629.957 -287.664
-628.083 -292.609
-623.285 -302.168
-621.826 -306.402
-617.207 -315.207
-614.016 -321.814
-597.338 -351.085
-593.316 -357.6
-589.254 -364.032
-585.137 -370.418
-580.937 -376.812
-577.013 -382.587
-572.941 -388.529
-568.064 -395.618
-564.263 -400.919
-559.424 -407.635
-554.965 -413.676
-550.261 -419.923
-545.892 -425.637
-540.928 -431.962
-536.617 -437.432
-531.486 -443.705
-526.16 -450.05
-521.621 -455.49
-517.046 -460.905
-511.119 -467.45
-506.411 -472.802
-488.32 -490.867
-481.557 -497.584
-477.202 -501.52
-470.365 -507.985
-465.974 -511.87
-458.001 -519.109
-452.849 -523.522
-447.476 -528.089
-441.518 -533.08
-435.434 -538.072
-427.786 -544.164
-423.004 -547.943
-417.517 -552.225
-411.311 -556.925
-405.697 -561.17
-398.575 -566.246
-374.007 -583.816
-367.305 -587.897
-360.773 -591.734
-353.834 -595.806
-347.734 -599.139
-340.729 -603.067
-334.251 -606.532
-327.564 -610.063
-321.25 -613.29
-314.315 -616.819
-307.31 -620.297
-300.871 -623.395
-295.091 -626.13
-287.273 -629.757
-280.425 -632.852
-273.5 -635.905
-266.543 -638.896
-258.914 -642.045
-252.378 -644.744
-244.71 -647.732
-238.18 -650.309
-230.547 -653.112
-223.426 -655.705
-216.238 -658.243
-208.937 -660.73
-202.299 -663.043
-194.959 -665.403
-160.57 -674.137
-154.019 -675.404
-144.912 -677.493
-138.337 -678.642
-131.797 -679.763
-123.434 -681.317
-116.124 -682.517
-107.592 -683.911
-102.682 -684.531
-93.0865 -685.922
-84.7047 -687.002
-78.1662 -687.753
-69.5357 -688.679
-62.6228 -689.361
-55.4406 -690.017
-48.0718 -690.626
-40.2088 -691.174
-32.8599 -691.654
-23.66 -691.995
-15.7069 -692.276
-7.98631 -692.49
0.202709 -692.583
7.2417 -692.718
15.2115 -692.675
47.5192 -691.447
55.9066 -690.778
62.0741 -689.94
71.3216 -689.112
79.1233 -688.165
86.6149 -687.145
93.4361 -686.097
101.44 -684.916
106.568 -683.966
115.722 -682.496
124.747 -680.923
128.577 -680.14
137.632 -678.361
145.99 -676.612
153.659 -674.923
161.025 -673.234
168.916 -671.319
176.87 -669.287
183.814 -667.495
191.901 -665.233
198.611 -663.393
205.83 -661.299
213.477 -658.943
219.852 -657.095
228.026 -654.312
235.144 -651.961
265.909 -639.889
274.319 -636.389
281.642 -633.085
288.234 -629.927
294.518 -626.822
300.827 -623.665
309.148 -619.628
314.831 -616.588
321.926 -612.874
328.573 -609.283
335.019 -605.721
340.685 -602.535
348.471 -598.066
353.409 -595.227
360.986 -590.657
368.01 -586.326
374.273 -582.419
380.023 -578.829
387.549 -573.785
393.619 -569.773
400.06 -565.369
405.868 -561.435
411.694 -557.431
418.287 -552.591
442.756 -532.81
447.376 -528.614
453.281 -523.466
459.655 -517.859
466.014 -512.131
471.965 -506.598
476.664 -502.017
483.396 -495.578
489.186 -489.825
493.733 -485.142
498.813 -479.893
503.984 -474.465
508.33 -469.887
515.862 -461.524
519.872 -457.1
524.882 -451.416
530.607 -444.659
535.456 -438.911
539.685 -433.961
544.641 -427.846
549.552 -421.649
554.391 -415.411
572.466 -390.486
575.929 -384.897
580.138 -378.35
585.081 -370.734
588.43 -365.035
592.316 -358.538
596.618 -351.298
600.293 -344.84
604.098 -338.048
607.931 -331.05
611.009 -325.247
614.213 -319.164
617.914 -311.959
621.719 -304.313
625.093 -297.383
627.871 -291.733
631.271 -284.393
634.171 -278.226
637.714 -269.941
640.766 -262.849
644.501 -253.164
646.512 -249.173
649.675 -240.685
660.939 -209.221
663.273 -201.408
665.311 -194.028
667.031 -187.227
668.945 -179.815
670.799 -172.359
672.616 -164.783
674.279 -157.439
675.721 -150.633
677.396 -142.757
678.859 -135.395
680.262 -127.996
681.597 -120.599
682.87 -113.162
684.077 -105.712
685.279 -97.7084
686.29 -90.7997
687.319 -83.0044
688.211 -76.6325
689.108 -68.8018
689.922 -60.9169
690.681 -53.8176
691.337 -45.7426
691.919 -37.9005
692.5 -30.8394
692.948 -23.0689
