691.949 12.6839
691.681 20.8675
691.262 28.3644
690.705 34.3654
690.208 42.6203
689.616 51.0114
688.925 59.0387
688.146 67.0044
687.319 74.1985
686.309 83.1775
685.466 88.9325
684.407 96.6002
683.336 103.832
682.211 111.043
680.85 119.152
679.856 125.193
678.257 133.619
676.886 140.798
675.213 148.786
673.302 157.222
672.17 163.027
670.053 171.497
668.666 177.82
666.557 185.783
664.847 192.64
653.709 228.379
651.095 234.973
648.312 242.122
645.443 249.324
642.545 256.336
639.295 264.316
636.987 268.966
633.542 276.99
629.838 285.407
626.788 291.757
623.545 298.46
620.27 305.08
617.361 310.807
613.378 318.598
610.491 324.105
606.715 331.147
603.195 337.599
599.818 343.724
595.87 350.613
591.604 357.806
588.022 363.903
583.368 371.312
579.627 377.395
575.72 383.602
571.85 389.683
566.683 397.08
562.787 402.976
558.689 409.012
535.824 438.192
530.496 444.532
525.888 449.588
520.597 455.572
516.683 459.542
510.202 466.868
505.485 471.74
499.529 478.04
494.99 482.544
490.09 487.428
484.81 492.644
478.407 498.87
474.317 502.763
467.123 509.437
461.676 514.4
456.937 518.712
451.81 523.313
445.38 528.816
440.249 533.285
432.761 539.284
427.85 543.448
420.952 548.805
415.184 553.366
408.848 558.175
402.278 563.013
376.892 580.035
370.715 583.828
363.664 588.204
357.629 591.732
350.869 595.699
344.877 599.079
336.928 603.608
329.739 607.541
323.43 610.866
316.973 614.216
310.692 617.418
301.785 621.816
296.308 624.473
289.207 627.82
282.455 630.942
275.085 634.224
268.095 637.28
261.436 640.156
253.85 643.249
245.003 646.603
238.32 649.236
208.232 660.318
201.451 662.148
194.302 664.098
185.863 666.523
178.935 668.219
173.274 669.417
163.869 671.873
156.717 673.458
148.491 675.297
138.299 677.607
133.951 678.173
125.469 679.79
118.168 681.048
111.532 682.125
103.732 683.35
95.8935 684.497
89.4166 685.414
81.2427 686.446
73.9729 687.327
66.3932 688.161
59.3859 688.919
51.5571 689.622
43.6111 690.239
36.1967 690.802
27.6382 691.212
20.4016 691.639
11.4266 691.809
3.61318 692.008
-4.07573 692.148
-41.1686 691.214
-47.951 690.48
-55.3044 689.749
-64.4733 689.022
-71.2229 688.115
-78.4238 687.175
-87.256 686.129
-93.6949 685.079
-101.025 683.944
-106.628 682.949
-117.444 681.272
-123.931 680.028
-129.841 678.874
-137.941 677.274
-144.706 675.88
-152.88 674.086
-159.729 672.553
-166.939 670.865
-174.438 669.016
-181.411 667.277
-190.57 664.652
-197.759 662.655
-205.863 660.205
-211.775 658.618
-219.946 655.946
-229.108 652.674
-234.656 651.092
-242.956 648.016
-271.879 636.055
-279.565 632.68
-284.913 630.016
-293.999 625.944
-301.195 622.446
-308.257 618.909
-314.275 615.74
-321.064 612.173
-327.959 608.471
-335.08 604.56
-341.217 601.085
-348.484 596.899
-353.987 593.672
-362.098 588.746
-367.177 585.678
-373.937 581.423
-379.736 577.784
-385.537 574.105
-393 568.983
-398.871 565.074
-405.76 560.179
-411.136 556.576
-438.421 535.687
-444.43 530.555
-450.341 525.392
-456.131 520.214
-461.85 514.993
-467.407 509.798
-472.858 504.596
-478.235 499.369
-483.562 494.098
-488.807 488.814
-493.961 483.53
-499.08 478.196
-504.163 472.81
-509.171 467.418
-514.161 461.955
-519.086 456.476
-523.976 450.945
-528.838 445.352
-533.634 439.745
-538.414 434.056
-543.156 428.313
-547.876 422.485
-552.541 416.623
-557.189 410.659
-561.822 404.576
-582.085 374.471
-586.987 366.845
-590.238 361.046
-595.054 353.182
-598.875 346.422
-602.238 340.169
-606.281 332.84
-610.164 325.573
-613.642 318.766
-616.313 313.186
-619.342 306.968
-622.887 299.664
-626.312 292.396
-629.591 285.232
-632.725 278.187
-635.406 272.047
-638.124 265.743
-641.604 257.172
-643.806 252.026
-646.982 243.72
-649.26 238.215
-651.981 230.936
-655.022 221.902
-657.366 215.491
-659.551 209.864
-662.058 202.085
-664.525 193.901
-666.839 186.144
-676.256 148.933
-677.723 141.337
-678.998 134.058
-680.062 127.251
-681.968 117.534
-683.38 108.989
-684.145 102.367
-684.846 95.9454
-686.161 86.5931
-686.955 79.1193
-687.632 71.9404
-688.209 65.0962
-689.026 56.0404
-689.444 49.4708
-689.998 40.9663
-690.35 33.9462
-690.663 26.872
-690.931 19.8263
-691.131 11.5966
-691.299 4.94886
-691.359 -2.90318
-691.289 -11.3297
-690.993 -21.0904
-691.072 -26.303
-691.049 -32.6639
-690.655 -40.9529
-689.962 -50.2649
-689.882 -56.1544
-689.426 -63.6142
-688.96 -70.8839
-688.309 -78.5739
-682.162 -117.705
-680.624 -126.444
-679.069 -133.238
-677.429 -140.613
-675.624 -148.958
-673.998 -154.951
-672.167 -162.291
-670.145 -170.317
-667.882 -179.101
-666.029 -185.304
-664.241 -191.231
-661.39 -201.07
-659.341 -207.458
-656.66 -215.798
-654.759 -221.409
-652.004 -229.399
-649.672 -236.002
-646.772 -243.861
-645.236 -248.441
-641.417 -257.887
-638.64 -264.878
-635.645 -272.141
-633.303 -278.069
-629.092 -287.163
-627.239 -292.073
-622.437 -301.637
-621.005 -305.831
-616.383 -314.642
-613.202 -321.233
-596.422 -350.684
-592.409 -357.179
-588.354 -363.596
-584.244 -369.967
-580.052 -376.346
-576.143 -382.094
-572.085 -388.011
-567.216 -395.088
-563.434 -400.36
-558.604 -407.061
-554.161 -413.081
-549.47 -419.311
-545.118 -425.004
-540.166 -431.314
-535.875 -436.761
-530.757 -443.021
-525.442 -449.354
-520.924 -454.773
-516.37 -460.167
-510.452 -466.705
-505.767 -472.037
-487.58 -490.194
-480.827 -496.901
-476.49 -500.818
-469.658 -507.278
-465.285 -511.145
-457.311 -518.386
-452.182 -522.777
-446.825 -527.33
-440.878 -532.312
-434.803 -537.295
-427.157 -543.386
-422.401 -547.145
-416.939 -551.408
-410.746 -556.1
-405.157 -560.328
-398.053 -565.393
-373.342 -583.069
-366.663 -587.13
-360.15 -590.952
-353.226 -595.012
-347.15 -598.328
-340.16 -602.245
-333.704 -605.695
-327.037 -609.213
-320.74 -612.429
-313.824 -615.948
-306.846 -619.411
-300.433 -622.497
-294.678 -625.219
-286.881 -628.837
-280.056 -631.922
-273.155 -634.966
-266.213 -637.952
-258.588 -641.1
-252.067 -643.794
-244.409 -646.778
-237.902 -649.349
-230.288 -652.146
-223.183 -654.735
-216.019 -657.267
-208.741 -659.749
-202.133 -662.057
-194.816 -664.413
-160.222 -673.199
-153.696 -674.458
-144.602 -676.542
-138.051 -677.683
-131.543 -678.796
-123.194 -680.346
-115.908 -681.541
-107.396 -682.931
-102.52 -683.544
-92.9345 -684.934
-84.5672 -686.012
-78.0549 -686.759
-69.4302 -687.685
-62.5412 -688.364
-55.3881 -689.019
-48.047 -689.627
-40.2063 -690.174
-32.8855 -690.655
-23.7033 -690.995
-15.7719 -691.278
-8.06777 -691.493
0.110519 -691.587
7.13506 -691.724
15.0768 -691.684
47.5794 -690.449
55.9516 -689.779
62.0811 -688.94
71.3228 -688.112
79.1038 -687.165
86.5715 -686.146
93.3617 -685.1
101.347 -683.92
106.435 -682.974
115.583 -681.506
124.607 -679.933
128.383 -679.159
137.438 -677.38
145.779 -675.634
153.425 -673.951
160.767 -672.268
168.638 -670.358
176.573 -668.332
183.505 -666.544
191.569 -664.29
198.257 -662.458
205.446 -660.375
213.082 -658.024
219.428 -656.19
227.59 -653.413
234.685 -651.073
265.637 -638.926
274.03 -635.431
281.334 -632.134
287.899 -628.985
294.155 -625.89
300.435 -622.745
308.756 -618.707
314.414 -615.679
321.499 -611.969
328.132 -608.386
334.561 -604.832
340.204 -601.658
347.987 -597.191
352.886 -594.374
360.453 -589.811
367.455 -585.494
373.696 -581.602
379.427 -578.026
386.945 -572.988
392.994 -568.993
399.417 -564.603
405.203 -560.688
411.007 -556.704
417.588 -551.876
442.193 -531.983
446.787 -527.805
452.675 -522.671
459.037 -517.073
465.385 -511.354
471.315 -505.838
475.993 -501.275
482.714 -494.846
488.49 -489.107
493.018 -484.443
498.09 -479.202
503.255 -473.781
507.587 -469.219
515.127 -460.847
519.114 -456.447
524.103 -450.789
529.821 -444.041
534.655 -438.314
538.863 -433.393
543.81 -427.289
548.706 -421.116
553.534 -414.896
571.712 -389.829
575.153 -384.267
579.348 -377.737
584.286 -370.128
587.614 -364.456
591.492 -357.972
595.785 -350.746
599.445 -344.309
603.238 -337.537
607.058 -330.564
610.122 -324.785
613.312 -318.731
617.008 -311.536
620.81 -303.895
624.178 -296.978
626.942 -291.362
630.336 -284.039
633.228 -277.895
636.77 -269.61
639.817 -262.533
643.554 -252.846
645.55 -248.901
648.708 -240.43
660.039 -208.786
662.364 -200.99
664.393 -193.632
666.102 -186.858
668.007 -179.468
669.856 -172.025
671.664 -164.478
673.321 -157.15
674.755 -150.374
676.426 -142.517
677.883 -135.179
679.279 -127.813
680.611 -120.434
681.88 -113.021
683.083 -105.597
684.284 -97.6049
685.294 -90.7182
686.321 -82.9361
687.212 -76.5912
688.108 -68.7811
688.922 -60.9084
689.681 -53.8299
690.337 -45.7751
690.921 -37.9554
691.503 -30.916
691.954 -23.1773
