690.956 12.8024
690.685 20.9593
690.265 28.4318
689.706 34.4011
689.209 42.6392
688.616 51.0062
687.925 59.0225
687.147 66.9601
686.321 74.1347
685.313 83.0877
684.474 88.8086
683.418 96.4532
682.35 103.666
681.229 110.858
679.868 118.966
678.878 124.985
677.28 133.404
675.916 140.556
674.248 148.525
672.34 156.948
671.22 162.713
669.108 171.171
667.733 177.46
665.631 185.407
663.932 192.236
652.725 228.201
650.118 234.758
647.341 241.885
644.475 249.072
641.585 256.053
638.34 264.02
636.044 268.631
632.607 276.635
628.906 285.044
625.864 291.374
622.628 298.061
619.36 304.665
616.462 310.368
612.488 318.142
609.615 323.622
605.848 330.648
602.342 337.078
598.98 343.178
595.038 350.057
590.777 357.244
587.207 363.324
582.556 370.728
578.833 376.788
574.944 382.972
571.092 389.031
565.932 396.42
562.056 402.293
557.978 408.308
534.972 437.668
529.662 443.979
525.064 449.021
519.79 454.982
515.893 458.929
509.413 466.253
504.705 471.113
498.762 477.398
494.241 481.881
489.361 486.743
484.099 491.941
477.702 498.16
473.644 502.023
466.45 508.698
461.022 513.644
456.31 517.933
451.207 522.516
444.789 528.009
439.676 532.465
432.184 538.467
427.296 542.615
420.41 547.964
414.665 552.512
408.347 557.31
401.795 562.137
376.269 579.252
370.116 583.028
363.079 587.393
357.07 590.903
350.329 594.857
344.357 598.225
336.408 602.754
329.227 606.682
322.942 609.993
316.509 613.33
310.254 616.519
301.346 620.917
295.904 623.559
288.821 626.898
282.092 630.01
274.731 633.289
267.756 636.339
261.107 639.211
253.547 642.296
244.705 645.648
238.051 648.273
207.79 659.421
201.037 661.238
193.912 663.177
185.484 665.597
178.584 667.282
172.964 668.466
163.562 670.922
156.437 672.498
148.227 674.333
138.03 676.644
133.721 677.2
125.244 678.816
117.966 680.068
111.355 681.141
103.574 682.363
95.7629 683.505
89.3115 684.42
81.154 685.45
73.9179 686.328
66.3452 687.162
59.3593 687.92
51.5441 688.622
43.619 689.239
36.2231 689.802
27.6954 690.213
20.4714 690.641
11.5145 690.813
3.73178 691.015
-3.94189 691.157
-41.2581 690.218
-48.0077 689.482
-55.3342 688.749
-64.4947 688.022
-71.2116 687.115
-78.3769 686.176
-87.2044 685.13
-93.6083 684.083
-100.928 682.949
-106.496 681.958
-117.324 680.279
-123.785 679.038
-129.665 677.89
-137.733 676.296
-144.485 674.905
-152.636 673.116
-159.465 671.588
-166.642 669.91
-174.135 668.063
-181.083 666.332
-190.245 663.706
-197.417 661.715
-205.506 659.271
-211.38 657.699
-219.53 655.036
-228.697 651.763
-234.205 650.199
-242.494 647.129
-271.573 635.103
-279.243 631.733
-284.559 629.081
-293.638 625.011
-300.815 621.521
-307.865 617.989
-313.861 614.83
-320.637 611.268
-327.513 607.575
-334.619 603.672
-340.73 600.211
-347.985 596.033
-353.464 592.82
-361.564 587.9
-366.61 584.854
-373.355 580.61
-379.129 576.99
-384.905 573.33
-392.362 568.214
-398.211 564.323
-405.088 559.439
-410.444 555.854
-437.909 534.828
-443.898 529.708
-449.789 524.558
-455.559 519.394
-461.265 514.182
-466.809 508.996
-472.247 503.804
-477.605 498.593
-482.912 493.338
-488.138 488.071
-493.274 482.803
-498.374 477.487
-503.44 472.12
-508.43 466.746
-513.404 461.302
-518.312 455.843
-523.191 450.325
-528.033 444.758
-532.814 439.172
-537.58 433.504
-542.309 427.781
-547.016 421.974
-551.669 416.133
-556.31 410.183
-560.928 404.128
-581.319 373.829
-586.214 366.211
-589.453 360.426
-594.262 352.572
-598.068 345.831
-601.418 339.596
-605.446 332.29
-609.323 325.032
-612.792 318.239
-615.447 312.686
-618.465 306.487
-622.002 299.199
-625.418 291.948
-628.687 284.803
-631.813 277.778
-634.48 271.667
-637.19 265.385
-640.666 256.827
-642.856 251.715
-646.026 243.425
-648.293 237.958
-651.011 230.693
-654.049 221.67
-656.387 215.289
-658.566 209.693
-661.07 201.931
-663.536 193.753
-665.848 186.015
-675.324 148.571
-676.782 140.998
-678.048 133.744
-679.105 126.959
-681.007 117.26
-682.415 108.729
-683.171 102.14
-683.866 95.7463
-685.181 86.3915
-685.973 78.9337
-686.646 71.7732
-687.219 64.9517
-688.035 55.9048
-688.451 49.3531
-689.003 40.8641
-689.353 33.8737
-689.664 26.8291
-689.931 19.8051
-690.131 11.6012
-690.3 4.97875
-690.361 -2.8519
-690.291 -11.2546
-689.997 -21.0059
-690.08 -26.1784
-690.061 -32.5118
-689.671 -40.7757
-688.979 -50.082
-688.908 -55.9305
-688.458 -63.3652
-687.999 -70.6086
-687.355 -78.2761
-681.162 -117.676
-679.625 -126.405
-678.071 -133.168
-676.433 -140.52
-674.629 -148.851
-673.009 -154.806
-671.18 -162.131
-669.159 -170.148
-666.897 -178.931
-665.049 -185.107
-663.269 -190.995
-660.418 -200.837
-658.377 -207.192
-655.701 -215.514
-653.81 -221.093
-651.06 -229.068
-648.739 -235.643
-645.848 -243.479
-644.33 -248.019
-640.51 -257.467
-637.743 -264.436
-634.758 -271.679
-632.434 -277.575
-628.231 -286.655
-626.394 -291.537
-621.594 -301.1
-620.185 -305.259
-615.558 -314.076
-612.389 -320.651
-595.509 -350.277
-591.502 -356.757
-587.454 -363.159
-583.352 -369.516
-579.168 -375.88
-575.273 -381.602
-571.23 -387.494
-566.368 -394.558
-562.605 -399.801
-557.785 -406.487
-553.356 -412.487
-548.678 -418.7
-544.349 -424.365
-539.404 -430.666
-535.133 -436.091
-530.033 -442.331
-524.724 -448.658
-520.227 -454.056
-515.695 -459.43
-509.785 -465.96
-505.122 -471.273
-486.841 -489.52
-480.097 -496.217
-475.784 -500.109
-468.95 -506.572
-464.602 -510.415
-456.62 -517.663
-451.515 -522.032
-446.174 -526.571
-440.237 -531.544
-434.167 -536.524
-426.523 -542.613
-421.791 -546.352
-416.355 -550.597
-410.18 -555.275
-404.617 -559.487
-397.531 -564.54
-372.678 -582.322
-366.014 -586.368
-359.526 -590.17
-352.618 -594.218
-346.565 -597.516
-339.598 -601.418
-333.157 -604.858
-326.503 -608.367
-320.231 -611.569
-313.333 -615.077
-306.382 -618.526
-299.987 -621.601
-294.266 -624.308
-286.481 -627.921
-279.68 -630.996
-272.802 -634.03
-265.877 -637.01
-258.262 -640.155
-251.755 -642.844
-244.109 -645.824
-237.624 -648.388
-230.021 -651.182
-222.941 -653.765
-215.8 -656.291
-208.545 -658.769
-201.967 -661.071
-194.673 -663.424
-159.875 -672.261
-153.373 -673.512
-144.292 -675.592
-137.772 -676.723
-131.281 -677.831
-122.953 -679.376
-115.7 -680.563
-107.2 -681.95
-102.357 -682.557
-92.7906 -683.944
-84.4297 -685.021
-77.9436 -685.765
-69.3247 -686.69
-62.4596 -687.367
-55.3359 -688.02
-48.0304 -688.627
-40.1961 -689.174
-32.9111 -689.655
-23.7465 -689.996
-15.8367 -690.28
-8.14914 -690.497
0.0184241 -690.591
7.02012 -690.73
14.9497 -690.692
47.6395 -689.45
55.9964 -688.78
62.0881 -687.94
71.3238 -687.112
79.0842 -686.165
86.5281 -685.147
93.2873 -684.103
101.254 -682.925
106.302 -681.983
115.443 -680.516
124.466 -678.942
128.197 -678.177
137.243 -676.399
145.569 -674.657
153.192 -672.978
160.501 -671.304
168.352 -669.4
176.277 -667.378
183.188 -665.595
191.237 -663.347
197.904 -661.522
205.07 -659.449
212.688 -657.105
219.003 -655.285
227.153 -652.513
234.226 -650.185
265.365 -637.964
273.741 -634.474
281.026 -631.183
287.564 -628.043
293.791 -624.958
300.052 -621.821
308.365 -617.787
313.998 -614.77
321.072 -611.065
327.691 -607.488
334.103 -603.943
339.729 -600.778
347.495 -596.32
352.37 -593.518
359.927 -588.961
366.901 -584.661
373.12 -580.785
378.83 -577.224
386.335 -572.196
392.368 -568.212
398.769 -563.842
404.538 -559.941
410.321 -555.977
416.889 -551.161
441.63 -531.157
446.193 -527.001
452.063 -521.88
458.414 -516.291
464.749 -510.582
470.665 -505.078
475.317 -500.539
482.032 -494.115
487.794 -488.389
492.302 -483.745
497.367 -478.511
502.526 -473.097
506.843 -468.55
514.391 -460.169
518.357 -455.794
523.329 -450.155
529.035 -443.424
533.853 -437.716
538.044 -432.818
542.98 -426.733
547.859 -420.584
552.681 -414.375
570.958 -389.172
574.382 -383.63
578.564 -377.117
583.491 -369.521
586.799 -363.877
590.667 -357.407
594.952 -350.193
598.597 -343.779
602.379 -337.025
606.188 -330.07
609.236 -324.322
612.411 -318.297
616.102 -311.112
619.901 -303.478
623.264 -296.573
626.013 -290.991
629.401 -283.685
632.284 -277.563
635.826 -269.28
638.868 -262.217
642.606 -252.527
644.588 -248.629
647.741 -240.176
659.138 -208.351
661.456 -200.572
663.475 -193.236
665.175 -186.482
667.072 -179.113
668.914 -171.692
670.714 -164.166
672.364 -156.862
673.789 -150.115
675.455 -142.277
676.906 -134.964
678.297 -127.623
679.624 -120.268
680.89 -112.881
682.09 -105.482
683.29 -97.5013
684.297 -90.6366
685.323 -82.8678
686.213 -76.5583
687.108 -68.7604
687.922 -60.8998
688.681 -53.8421
689.338 -45.8074
689.922 -38.0101
690.507 -31.001
690.959 -23.2855
