689.963 12.9207
689.689 21.0437
689.267 28.5002
688.707 34.4367
688.209 42.6579
687.616 51.0092
686.925 58.9985
686.148 66.9163
685.323 74.0709
684.318 82.9979
683.481 88.6927
682.428 96.3142
681.364 103.5
680.246 110.673
678.885 118.779
677.9 124.776
676.304 133.189
674.946 140.314
673.282 148.264
671.378 156.674
670.271 162.399
668.162 170.845
666.8 177.1
664.704 185.031
663.017 191.833
651.743 228.015
649.141 234.544
646.369 241.648
643.509 248.813
640.626 255.771
637.384 263.723
635.105 268.288
631.672 276.28
627.974 284.681
624.94 290.991
621.711 297.662
618.45 304.251
615.567 309.922
611.598 317.685
608.739 323.14
604.977 330.157
601.488 336.557
598.138 342.639
594.202 349.508
589.95 356.683
586.388 362.75
581.749 370.138
578.044 376.173
574.172 382.336
570.333 388.379
565.186 395.754
561.331 401.604
557.267 407.605
534.121 437.144
528.829 443.426
524.245 448.447
518.983 454.391
515.104 458.315
508.624 465.639
503.93 470.481
497.995 476.757
493.498 481.212
488.633 486.058
483.388 491.238
476.998 497.45
472.971 501.284
465.777 507.958
460.368 512.888
455.683 517.154
450.604 521.718
444.198 527.203
439.103 531.645
431.607 537.65
426.743 541.783
419.868 547.124
414.147 551.657
407.847 556.444
401.311 561.262
375.647 578.469
369.516 582.227
362.495 586.581
356.511 590.073
349.79 594.015
343.838 597.371
335.889 601.9
328.715 605.823
322.455 609.12
316.037 612.448
309.807 615.624
300.906 620.019
295.499 622.644
288.435 625.975
281.722 629.081
274.37 632.356
267.416 635.398
260.779 638.267
253.244 641.343
244.407 644.693
237.781 647.31
207.348 658.524
200.623 660.328
193.522 662.256
185.106 664.672
178.233 666.346
172.654 667.515
163.255 669.97
156.156 671.538
147.963 673.368
137.761 675.681
133.491 676.226
125.026 677.84
117.765 679.089
111.177 680.157
103.423 681.374
95.6324 682.514
89.2063 683.425
81.0652 684.454
73.855 685.33
66.2971 686.163
59.3327 686.92
51.5311 687.622
43.6269 688.239
36.2495 688.802
27.7449 689.214
20.5412 689.644
11.6105 689.817
3.85026 690.022
-3.79982 690.167
-41.3488 689.222
-48.0726 688.484
-55.3723 687.75
-64.5087 687.022
-71.201 686.115
-78.3381 685.177
-87.1451 684.132
-93.5216 683.087
-100.824 681.954
-106.357 680.967
-117.204 679.286
-123.632 678.05
-129.489 676.905
-137.533 675.316
-144.256 673.932
-152.384 672.149
-159.2 670.624
-166.354 668.953
-173.833 667.11
-180.762 665.385
-189.919 662.76
-197.075 660.776
-205.141 658.34
-210.985 656.78
-219.114 654.127
-228.279 650.854
-233.755 649.307
-242.025 646.245
-271.267 634.151
-278.921 630.786
-284.206 628.145
-293.276 624.079
-300.434 620.596
-307.472 617.069
-313.447 613.919
-320.21 610.364
-327.068 606.68
-334.158 602.785
-340.244 599.338
-347.485 595.166
-352.934 591.972
-361.031 587.054
-366.043 584.03
-372.772 579.797
-378.521 576.195
-384.274 572.555
-391.723 567.444
-397.55 563.573
-404.416 558.698
-409.752 555.132
-437.396 533.969
-443.366 528.861
-449.236 523.724
-454.987 518.573
-460.68 513.371
-466.21 508.195
-471.636 503.013
-476.974 497.817
-482.262 492.579
-487.469 487.328
-492.586 482.077
-497.668 476.779
-502.716 471.43
-507.69 466.074
-512.646 460.65
-517.538 455.21
-522.406 449.706
-527.228 444.165
-532 438.593
-536.751 432.945
-541.462 427.249
-546.161 421.456
-550.801 415.637
-555.427 409.713
-560.034 403.679
-580.553 373.186
-585.441 365.577
-588.668 359.807
-593.47 351.961
-597.267 345.233
-600.599 339.023
-604.616 331.732
-608.482 324.491
-611.938 317.719
-614.581 312.185
-617.589 306.006
-621.12 298.728
-624.524 291.501
-627.784 284.374
-630.903 277.362
-633.558 271.28
-636.257 265.026
-639.73 256.474
-641.906 251.403
-645.073 243.122
-647.329 237.694
-650.041 230.45
-653.078 221.43
-655.408 215.087
-657.58 209.523
-660.083 201.769
-662.548 193.598
-664.856 185.886
-674.391 148.209
-675.842 140.657
-677.097 133.437
-678.146 126.676
-680.048 116.977
-681.449 108.469
-682.199 101.906
-682.886 95.5472
-684.202 86.19
-684.99 78.7481
-685.66 71.6062
-686.23 64.8072
-687.044 55.7693
-687.458 49.2354
-688.009 40.7619
-688.356 33.8013
-688.665 26.7862
-688.931 19.792
-689.132 11.6058
-689.3 5.01679
-689.362 -2.79246
-689.294 -11.1795
-689 -20.9293
-689.088 -26.0539
-689.073 -32.3514
-688.687 -40.5987
-687.996 -49.8992
-687.933 -55.7068
-687.489 -63.1163
-687.037 -70.3335
-686.4 -77.9785
-680.163 -117.647
-678.626 -126.365
-677.074 -133.098
-675.437 -140.426
-673.635 -148.744
-672.019 -154.661
-670.193 -161.97
-668.174 -169.979
-665.912 -178.761
-664.069 -184.909
-662.297 -190.759
-659.445 -200.604
-657.413 -206.927
-654.742 -215.229
-652.862 -220.777
-650.119 -228.73
-647.806 -235.284
-644.924 -243.097
-643.423 -247.597
-639.602 -257.046
-636.85 -263.985
-633.871 -271.217
-631.564 -277.081
-627.366 -286.153
-625.55 -291.002
-620.751 -300.562
-619.364 -304.688
-614.733 -313.511
-611.575 -320.07
-594.595 -349.87
-590.595 -356.335
-586.554 -362.723
-582.46 -369.065
-578.286 -375.407
-574.398 -381.116
-570.374 -386.976
-565.52 -394.028
-561.776 -399.241
-556.966 -405.914
-552.552 -411.893
-547.887 -418.089
-543.579 -423.726
-538.648 -430.012
-534.391 -435.421
-529.31 -441.641
-524.012 -447.956
-519.529 -453.339
-515.019 -458.693
-509.118 -465.215
-504.477 -470.509
-486.107 -488.841
-479.367 -495.534
-475.078 -499.401
-468.242 -505.865
-463.918 -509.685
-455.929 -516.94
-450.842 -521.292
-445.516 -525.818
-439.591 -530.781
-433.531 -535.753
-425.889 -541.84
-421.182 -545.559
-415.771 -549.785
-409.615 -554.45
-404.077 -558.645
-397.009 -563.687
-372.019 -581.57
-365.372 -585.602
-358.902 -589.389
-352.009 -593.425
-345.981 -596.705
-339.029 -600.596
-332.609 -604.021
-325.976 -607.518
-319.728 -610.704
-312.842 -614.205
-305.918 -617.64
-299.541 -620.706
-293.853 -623.397
-286.089 -627.001
-279.303 -630.069
-272.45 -633.095
-265.54 -636.068
-257.936 -639.209
-251.444 -641.893
-243.816 -644.868
-237.346 -647.428
-229.754 -650.219
-222.698 -652.795
-215.581 -655.316
-208.349 -657.788
-201.801 -660.085
-194.531 -662.434
-159.527 -671.324
-153.05 -672.565
-143.981 -674.641
-137.493 -675.763
-131.026 -676.864
-122.72 -678.403
-115.483 -679.587
-107.004 -680.97
-102.195 -681.571
-92.6466 -682.955
-84.2922 -684.031
-77.8242 -684.772
-69.2192 -685.696
-62.3861 -686.37
-55.2836 -687.021
-48.0137 -687.627
-40.194 -688.174
-32.9449 -688.656
-23.7896 -688.997
-15.9015 -689.282
-8.2304 -689.5
-0.0735758 -689.595
6.90529 -689.737
14.8226 -689.7
47.708 -688.453
56.0411 -687.781
62.0949 -686.94
71.3248 -686.112
79.0645 -685.165
86.4845 -684.148
93.2127 -683.105
101.161 -681.929
106.17 -680.992
115.312 -679.524
124.325 -677.952
128.012 -677.194
137.056 -675.417
145.35 -673.681
152.951 -672.008
160.234 -670.34
168.066 -668.442
175.98 -666.423
182.871 -664.647
190.913 -662.401
197.551 -660.586
204.694 -658.522
212.294 -656.186
218.578 -654.379
226.717 -651.613
233.767 -649.296
265.092 -637.002
273.445 -633.519
280.711 -630.234
287.222 -627.103
293.427 -624.027
299.668 -620.898
307.966 -616.87
313.581 -613.861
320.645 -610.161
327.257 -606.587
333.653 -603.05
339.254 -599.898
347.01 -595.446
351.855 -592.661
359.394 -588.114
366.352 -583.825
372.55 -579.963
378.234 -576.421
385.724 -571.404
391.742 -567.433
398.12 -563.081
403.873 -559.194
409.633 -555.251
416.183 -550.452
441.066 -530.331
445.605 -526.192
451.451 -521.089
457.79 -515.509
464.114 -509.809
470.015 -504.318
474.641 -499.802
481.35 -493.383
487.098 -487.67
491.587 -483.046
496.645 -477.82
501.796 -472.412
506.1 -467.881
513.656 -459.491
517.599 -455.141
522.555 -449.522
528.253 -442.8
533.056 -437.112
537.226 -432.243
542.149 -426.176
547.013 -420.051
551.827 -413.854
570.21 -388.509
573.611 -382.993
577.779 -376.497
582.696 -368.914
585.989 -363.292
589.838 -356.847
594.114 -349.647
597.75 -343.248
601.515 -336.521
605.318 -329.577
608.349 -323.86
611.51 -317.863
615.196 -310.689
618.993 -303.06
622.349 -296.168
625.085 -290.621
628.465 -283.332
631.341 -277.232
634.882 -268.949
637.919 -261.9
641.658 -252.208
643.625 -248.356
646.773 -239.922
658.238 -207.916
660.551 -200.147
662.56 -192.832
664.249 -186.106
666.137 -178.759
667.971 -171.359
669.764 -163.853
671.406 -156.573
672.823 -149.856
674.484 -142.037
675.93 -134.749
677.316 -127.432
678.638 -120.103
679.9 -112.741
681.097 -105.367
682.295 -97.3977
683.3 -90.5549
684.326 -82.7994
685.213 -76.5253
686.108 -68.7318
686.922 -60.8834
687.681 -53.8466
688.338 -45.8396
688.924 -38.0648
689.51 -31.0785
689.965 -23.3936
