688.969 13.0317
688.693 21.1365
688.269 28.5685
687.707 34.4723
687.209 42.6689
686.616 51.0045
685.926 58.9744
685.149 66.8723
684.325 73.9991
683.321 82.9163
682.488 88.5689
681.438 96.1752
680.377 103.334
679.263 110.489
677.903 118.593
676.922 124.568
675.327 132.974
673.975 140.071
672.317 148.004
670.416 156.4
669.321 162.085
667.217 170.518
665.867 176.74
663.777 184.655
662.102 191.429
650.76 227.83
648.165 234.329
645.398 241.411
642.543 248.554
639.667 255.488
636.429 263.427
634.163 267.953
630.737 275.925
627.042 284.318
624.016 290.608
620.794 297.264
617.54 303.836
614.669 309.483
610.708 317.229
607.863 322.658
604.111 329.658
600.63 336.043
597.295 342.1
593.367 348.959
589.118 356.127
585.568 362.177
580.938 369.554
577.25 375.565
573.4 381.7
569.57 387.732
564.436 395.093
560.601 400.92
556.556 406.902
533.273 436.613
527.996 442.873
523.425 447.874
518.176 453.801
514.319 457.696
507.835 465.025
503.156 469.848
497.228 476.115
492.755 480.543
487.898 485.379
482.677 490.535
476.299 496.734
472.291 500.55
465.11 507.213
459.713 512.131
455.056 516.375
449.995 520.925
443.606 526.396
438.524 530.83
431.031 536.833
426.189 540.95
419.325 546.284
413.628 550.802
407.347 555.578
400.828 560.386
375.025 577.686
368.917 581.427
361.91 585.77
355.952 589.244
349.25 593.173
343.318 596.517
335.369 601.045
328.203 604.964
321.96 608.251
315.565 611.567
309.361 614.729
300.474 619.117
295.087 621.733
288.041 625.056
281.351 628.152
274.009 631.424
267.069 634.46
260.45 637.323
252.933 640.392
244.109 643.739
237.511 646.347
206.906 657.627
200.209 659.418
193.133 661.335
184.728 663.746
177.883 665.409
172.345 666.564
162.948 669.018
155.876 670.578
147.706 672.402
137.492 674.718
133.269 675.251
124.808 676.864
117.563 678.109
111.007 679.172
103.273 680.386
95.5018 681.522
89.1094 682.43
80.9848 683.457
73.792 684.332
66.249 685.164
59.3059 685.92
51.518 686.622
43.6346 687.239
36.2841 687.803
27.7944 688.216
20.6192 688.647
11.6991 688.821
3.96137 689.028
-3.65789 689.177
-41.4394 688.226
-48.1301 687.486
-55.403 686.75
-64.5226 686.022
-71.1903 685.115
-78.2993 684.178
-87.0857 683.134
-93.4348 682.091
-100.72 680.96
-106.217 679.977
-117.084 678.293
-123.486 677.061
-129.305 675.922
-137.333 674.336
-144.026 672.959
-152.139 671.179
-158.928 669.662
-166.065 667.995
-173.531 666.156
-180.441 664.438
-189.594 661.815
-196.725 659.839
-204.783 657.406
-210.583 655.865
-218.705 653.214
-227.86 649.946
-233.304 648.414
-241.556 645.362
-270.96 633.199
-278.599 629.84
-283.845 627.213
-292.915 623.147
-300.053 619.671
-307.079 616.15
-313.033 613.009
-319.783 609.46
-326.622 605.785
-333.697 601.898
-339.757 598.464
-346.985 594.3
-352.404 591.124
-360.497 586.208
-365.476 583.207
-372.19 578.984
-377.914 575.401
-383.642 571.779
-391.085 566.674
-396.895 562.817
-403.744 557.957
-409.06 554.41
-436.884 533.111
-442.834 528.015
-448.684 522.891
-454.415 517.753
-460.089 512.565
-465.606 507.398
-471.024 502.222
-476.343 497.041
-481.612 491.819
-486.794 486.59
-491.898 481.351
-496.962 476.071
-501.993 470.74
-506.949 465.403
-511.888 459.997
-516.769 454.57
-521.622 449.086
-526.428 443.565
-531.185 438.013
-535.922 432.386
-540.62 426.711
-545.305 420.939
-549.933 415.14
-554.547 409.238
-559.144 403.224
-579.786 372.544
-584.673 364.936
-587.882 359.188
-592.684 351.344
-596.465 344.635
-599.779 338.451
-603.786 331.175
-607.637 323.957
-611.084 317.198
-613.712 311.691
-616.712 305.526
-620.235 298.263
-623.63 291.053
-626.881 283.945
-629.991 276.953
-632.633 270.9
-635.323 264.668
-638.791 256.129
-640.956 251.091
-644.12 242.82
-646.364 237.429
-649.071 230.206
-652.108 221.19
-654.43 214.877
-656.595 209.352
-659.096 201.608
-661.56 193.442
-663.865 185.75
-673.46 147.846
-674.902 140.316
-676.148 133.122
-677.187 126.392
-679.088 116.695
-680.484 108.208
-681.227 101.671
-681.906 95.3481
-683.222 85.9885
-684.008 78.5626
-684.674 71.4392
-685.24 64.6627
-686.054 55.6256
-686.465 49.1178
-687.014 40.6598
-687.358 33.7289
-687.666 26.7433
-687.932 19.7788
-688.132 11.6103
-688.301 5.05478
-688.364 -2.73309
-688.297 -11.1045
-688.003 -20.8526
-688.095 -25.9295
-688.086 -32.1912
-687.703 -40.4218
-687.013 -49.7165
-686.958 -55.4832
-686.52 -62.8677
-686.076 -70.0585
-685.445 -77.6811
-679.163 -117.617
-677.627 -126.325
-676.076 -133.028
-674.442 -140.333
-672.641 -148.636
-671.029 -154.525
-669.205 -161.818
-667.188 -169.809
-664.926 -178.59
-663.09 -184.704
-661.323 -190.531
-658.474 -200.363
-656.451 -206.654
-653.784 -214.945
-651.916 -220.453
-649.178 -228.391
-646.875 -234.918
-644 -242.715
-642.517 -247.175
-638.698 -256.619
-635.957 -263.535
-632.988 -270.748
-630.695 -276.587
-626.501 -285.651
-624.71 -290.459
-619.907 -300.025
-618.543 -304.117
-613.913 -312.938
-610.767 -319.481
-593.682 -349.463
-589.689 -355.913
-585.654 -362.286
-581.567 -368.613
-577.401 -374.942
-573.524 -380.63
-569.518 -386.459
-564.676 -393.491
-560.943 -398.689
-556.142 -405.347
-551.748 -411.299
-547.095 -417.477
-542.805 -423.093
-537.891 -429.358
-533.643 -434.756
-528.586 -440.951
-523.3 -447.254
-518.838 -452.617
-514.343 -457.956
-508.457 -464.464
-503.832 -469.744
-485.373 -488.162
-478.638 -494.85
-474.372 -498.693
-467.535 -505.159
-463.235 -508.955
-455.233 -516.223
-450.169 -520.553
-444.859 -525.064
-438.944 -530.018
-432.894 -534.981
-425.254 -541.067
-420.579 -544.762
-415.187 -548.973
-409.057 -553.621
-403.544 -557.799
-396.487 -562.833
-371.36 -580.818
-364.729 -584.836
-358.279 -588.607
-351.4 -592.632
-345.396 -595.894
-338.46 -599.773
-332.062 -603.184
-325.448 -606.668
-319.225 -609.84
-312.359 -613.33
-305.454 -616.754
-299.102 -619.808
-293.448 -622.483
-285.697 -626.081
-278.935 -629.139
-272.097 -632.159
-265.204 -635.127
-257.61 -638.264
-251.132 -640.943
-243.524 -643.912
-237.075 -646.465
-229.495 -649.253
-222.455 -651.825
-215.362 -654.34
-208.153 -656.807
-201.635 -659.099
-194.388 -661.444
-159.172 -670.389
-152.735 -671.616
-143.663 -673.693
-137.206 -674.805
-130.772 -675.897
-122.479 -677.433
-115.267 -678.61
-106.8 -679.991
-102.041 -680.583
-92.5026 -681.965
-84.1467 -683.042
-77.7049 -683.78
-69.1058 -684.702
-62.3125 -685.373
-55.2313 -686.023
-47.9892 -686.627
-40.1919 -687.174
-32.9786 -687.656
-23.8251 -687.998
-15.9586 -688.284
-8.31157 -688.503
-0.165482 -688.6
6.79056 -688.744
14.6957 -688.708
47.7764 -687.455
56.0783 -686.782
62.1102 -685.94
71.3341 -685.112
79.0446 -684.165
86.4408 -683.149
93.1465 -682.108
101.076 -680.933
106.037 -680.001
115.18 -678.533
124.184 -676.962
127.826 -676.212
136.861 -674.436
145.139 -672.703
152.71 -671.037
159.976 -669.374
167.78 -667.483
175.683 -665.468
182.555 -663.698
190.588 -661.455
197.198 -659.651
204.318 -657.596
211.899 -655.267
218.153 -653.474
226.28 -650.714
233.308 -648.408
264.813 -636.042
273.157 -632.561
280.395 -629.285
286.888 -626.161
293.064 -623.095
299.276 -619.977
307.567 -615.953
313.157 -612.955
320.219 -609.256
326.823 -605.686
333.202 -602.158
338.78 -599.018
346.526 -594.571
351.332 -591.808
358.861 -587.268
365.804 -582.989
371.98 -579.141
377.637 -575.619
385.12 -570.607
391.116 -566.653
397.477 -562.315
403.207 -558.448
408.946 -554.524
415.483 -549.738
440.502 -529.505
445.017 -525.384
450.846 -520.293
457.172 -514.723
463.479 -509.037
469.365 -503.558
473.964 -499.066
480.668 -492.652
486.402 -486.953
490.872 -482.347
495.922 -477.129
501.067 -471.728
505.357 -467.212
512.926 -458.808
516.841 -454.489
521.782 -448.888
527.472 -442.176
532.259 -436.508
536.408 -431.668
541.314 -425.626
546.171 -419.512
550.974 -413.332
569.456 -387.851
572.84 -382.356
576.99 -375.883
581.901 -368.307
585.174 -362.712
589.009 -356.288
593.276 -349.101
596.898 -342.724
600.652 -336.017
604.444 -329.091
607.458 -323.405
610.609 -317.43
614.287 -310.273
618.081 -302.65
621.432 -295.771
624.156 -290.25
627.533 -282.971
630.397 -276.901
633.939 -268.619
636.971 -261.584
640.71 -251.889
642.663 -248.084
645.806 -239.668
657.341 -207.474
659.646 -199.722
661.642 -192.435
663.322 -185.729
665.202 -178.404
667.025 -171.033
668.814 -163.541
670.449 -156.285
671.857 -149.597
673.511 -141.805
674.953 -134.533
676.332 -127.25
677.652 -119.937
678.91 -112.6
680.103 -105.252
681.301 -97.294
682.304 -90.4732
683.328 -82.731
684.214 -76.4844
685.109 -68.7032
685.923 -60.8669
686.681 -53.851
687.339 -45.8642
687.925 -38.1119
688.513 -31.1559
688.97 -23.4943
