687.976 13.1425
687.697 21.2291
687.272 28.6366
686.708 34.5078
686.209 42.6798
685.616 50.9996
684.926 58.9503
684.15 66.8283
683.328 73.9274
682.324 82.8346
681.496 88.445
680.449 96.0282
679.393 103.16
678.28 110.304
676.92 118.406
675.944 124.359
674.35 132.759
673.005 139.829
671.351 147.743
669.455 156.126
668.372 161.771
666.275 170.184
664.934 176.381
662.851 184.279
661.184 191.033
649.776 227.653
647.188 234.114
644.426 241.173
641.575 248.303
638.705 255.214
635.474 263.131
633.22 267.619
629.799 275.578
626.111 283.955
623.093 290.225
619.877 296.865
616.63 303.421
613.77 309.044
609.815 316.78
606.987 322.175
603.244 329.159
599.777 335.522
596.453 341.561
592.531 348.411
588.287 355.572
584.749 361.604
580.126 368.969
576.457 374.957
572.624 381.07
568.813 387.08
563.685 394.432
559.871 400.237
555.846 406.198
532.426 436.083
527.159 442.327
522.606 447.3
517.369 453.21
513.534 457.076
507.046 464.41
502.381 469.216
496.462 475.472
492.006 479.881
487.169 484.694
481.965 489.832
475.601 496.019
471.618 499.811
464.443 506.468
459.053 511.38
454.423 515.601
449.386 520.132
443.008 525.595
437.945 530.015
430.454 536.016
425.629 540.121
418.783 545.444
413.109 549.947
406.846 554.712
400.344 559.511
374.403 576.903
368.318 580.626
361.326 584.958
355.393 588.415
348.71 592.331
342.798 595.662
334.849 600.191
327.698 604.101
321.472 607.378
315.101 610.681
308.915 613.834
300.041 618.216
294.675 620.822
287.655 624.134
280.981 627.224
273.648 630.491
266.722 633.523
260.121 636.378
252.623 639.442
243.804 642.787
237.234 645.386
206.464 656.73
199.795 658.507
192.743 660.414
184.356 662.817
177.539 664.47
172.027 665.616
162.649 668.064
155.603 669.616
147.449 671.435
137.223 673.755
133.047 674.276
124.591 675.888
117.362 677.13
110.838 678.186
103.123 679.397
95.3713 680.531
89.0125 681.435
80.9042 682.46
73.729 683.334
66.2009 684.165
59.2792 684.921
51.5048 685.622
43.6423 686.239
36.3186 686.804
27.8438 687.217
20.6971 687.65
11.7876 687.825
4.07236 688.035
-3.52324 688.186
-41.5297 687.23
-48.1875 686.487
-55.4335 685.751
-64.5447 685.022
-71.1796 684.115
-78.2605 683.178
-87.0346 682.135
-93.348 681.094
-100.615 679.965
-106.078 678.987
-116.963 677.301
-123.341 676.071
-129.121 674.939
-137.133 673.357
-143.797 671.985
-151.895 670.209
-158.655 668.7
-165.777 667.038
-173.229 665.203
-180.12 663.491
-189.276 660.867
-196.383 658.899
-204.425 656.472
-210.187 654.947
-218.296 652.302
-227.441 649.038
-232.854 647.521
-241.087 644.479
-270.654 632.248
-278.277 628.893
-283.483 626.28
-292.553 622.214
-299.672 618.747
-306.686 615.23
-312.618 612.099
-319.356 608.556
-326.177 604.89
-333.235 601.01
-339.271 597.59
-346.485 593.434
-351.874 590.276
-359.957 585.367
-364.909 582.383
-371.614 578.167
-377.312 574.602
-383.016 571
-390.446 565.905
-396.24 562.061
-403.072 557.217
-408.374 553.683
-436.371 532.252
-442.301 527.168
-448.126 522.061
-453.843 516.933
-459.497 511.758
-465.002 506.601
-470.407 501.435
-475.712 496.265
-480.955 491.064
-486.119 485.852
-491.216 480.62
-496.262 475.356
-501.269 470.049
-506.213 464.725
-511.136 459.338
-516 453.931
-520.837 448.466
-525.623 442.972
-530.37 437.433
-535.093 431.827
-539.777 426.172
-544.449 420.421
-549.065 414.643
-553.667 408.762
-558.254 402.769
-579.02 371.901
-583.905 364.296
-587.097 358.569
-591.892 350.733
-595.659 344.044
-598.955 337.884
-602.951 330.624
-606.792 323.422
-610.23 316.678
-612.842 311.197
-615.835 305.045
-619.349 297.798
-622.736 290.605
-625.977 283.516
-629.078 276.544
-631.708 270.521
-634.387 264.317
-637.853 255.784
-640.006 250.779
-643.164 242.525
-645.4 237.165
-648.101 229.963
-651.135 220.958
-653.452 214.668
-655.61 209.181
-658.109 201.446
-660.573 193.286
-662.875 185.614
-672.528 147.483
-673.961 139.976
-675.198 132.807
-676.229 126.108
-678.129 116.413
-679.518 107.949
-680.255 101.437
-680.926 95.1492
-682.243 85.7872
-683.025 78.3772
-683.688 71.2722
-684.251 64.5183
-685.065 55.482
-685.472 49.0003
-686.019 40.5578
-686.361 33.6565
-686.666 26.7003
-686.932 19.7656
-687.132 11.6148
-687.302 5.0927
-687.366 -2.67379
-687.3 -11.0296
-687.006 -20.776
-687.103 -25.8051
-687.098 -32.0385
-686.718 -40.245
-686.03 -49.5339
-685.984 -55.2598
-685.552 -62.6191
-685.115 -69.7838
-684.49 -77.3839
-678.164 -117.587
-676.628 -126.285
-675.079 -132.958
-673.445 -140.248
-671.647 -148.529
-670.038 -154.388
-668.216 -161.665
-666.201 -169.648
-663.941 -178.419
-662.11 -184.507
-660.352 -190.296
-657.504 -200.123
-655.489 -206.381
-652.825 -214.66
-650.97 -220.129
-648.237 -228.053
-645.945 -234.551
-643.075 -242.333
-641.607 -246.76
-637.794 -256.191
-635.064 -263.085
-632.105 -270.279
-629.829 -276.086
-625.636 -285.149
-623.87 -289.917
-619.064 -299.487
-617.727 -303.539
-613.093 -312.366
-609.958 -318.893
-592.765 -349.063
-588.778 -355.499
-584.751 -361.857
-580.671 -368.169
-576.516 -374.476
-572.654 -380.138
-568.662 -385.942
-563.833 -392.955
-560.114 -398.13
-555.323 -404.773
-550.943 -410.705
-546.304 -416.866
-542.031 -422.46
-537.13 -428.71
-532.896 -434.092
-527.862 -440.261
-522.582 -446.558
-518.147 -451.894
-513.673 -457.214
-507.791 -463.719
-503.194 -468.975
-484.639 -487.483
-477.908 -494.167
-473.666 -497.985
-466.827 -504.452
-462.551 -508.225
-454.536 -515.505
-449.496 -519.813
-444.201 -524.311
-438.297 -529.255
-432.258 -534.21
-424.62 -540.294
-419.976 -543.964
-414.609 -548.157
-408.498 -552.791
-403.011 -556.953
-395.966 -561.98
-370.701 -580.065
-364.087 -584.07
-357.655 -587.825
-350.791 -591.838
-344.812 -595.082
-337.891 -598.951
-331.515 -602.347
-324.921 -605.819
-318.723 -608.975
-311.875 -612.455
-304.989 -615.869
-298.664 -618.909
-293.043 -621.569
-285.305 -625.161
-278.566 -628.21
-271.745 -631.223
-264.867 -634.185
-257.284 -637.318
-250.828 -639.99
-243.231 -642.956
-236.805 -645.502
-229.235 -648.287
-222.22 -650.853
-215.143 -653.364
-207.965 -655.825
-201.469 -658.113
-194.245 -660.455
-158.817 -669.454
-152.411 -670.67
-143.345 -672.745
-136.92 -673.847
-130.517 -674.93
-122.238 -676.462
-115.051 -677.634
-106.596 -679.012
-101.887 -679.595
-92.3587 -680.976
-84.0012 -682.052
-77.5856 -682.787
-68.9923 -683.709
-62.2309 -684.376
-55.179 -685.024
-47.9647 -685.628
-40.1897 -686.174
-33.0046 -686.657
-23.8605 -686.999
-16.0157 -687.285
-8.39265 -687.506
-0.257291 -687.604
6.67594 -687.75
14.5688 -687.716
47.8373 -686.457
56.1239 -685.783
62.1178 -684.94
71.3358 -684.112
79.0256 -683.166
86.4054 -682.15
93.0724 -681.11
100.991 -679.936
105.904 -679.01
115.048 -677.542
124.043 -675.972
127.64 -675.229
136.667 -673.455
144.929 -671.726
152.476 -670.065
159.717 -668.408
167.502 -666.523
175.386 -664.513
182.238 -662.75
190.264 -660.509
196.845 -658.715
203.942 -656.669
211.505 -654.348
217.728 -652.569
225.844 -649.814
232.849 -647.519
264.533 -635.082
272.868 -631.604
280.088 -628.333
286.554 -625.218
292.701 -622.163
298.885 -619.057
307.169 -615.036
312.733 -612.049
319.792 -608.352
326.39 -604.785
332.752 -601.265
338.305 -598.137
346.041 -593.696
350.81 -590.956
358.329 -586.422
365.256 -582.152
371.41 -578.32
377.04 -574.816
384.516 -569.81
390.49 -565.873
396.834 -561.549
402.542 -557.701
408.259 -553.798
414.783 -549.024
439.946 -528.674
444.429 -524.575
450.24 -519.497
456.555 -513.936
462.85 -508.26
468.715 -502.798
473.294 -498.324
479.986 -491.921
485.7 -486.24
490.156 -481.648
495.199 -476.439
500.338 -471.044
504.613 -466.543
512.191 -458.13
516.084 -453.836
521.008 -448.254
526.686 -441.558
531.457 -435.91
535.59 -431.093
540.479 -425.075
545.324 -418.979
550.121 -412.811
568.703 -387.194
572.064 -381.726
576.2 -375.27
581.107 -367.7
584.359 -362.133
588.18 -355.729
592.438 -348.555
596.046 -342.2
599.788 -335.512
603.57 -328.605
606.568 -322.949
609.704 -317.003
613.378 -309.856
617.169 -302.24
620.514 -295.374
623.227 -289.88
626.6 -282.609
629.456 -276.562
632.998 -268.281
636.025 -261.26
639.763 -251.569
641.701 -247.812
644.839 -239.414
656.444 -207.032
658.738 -199.303
660.724 -192.038
662.393 -185.36
664.267 -178.05
666.08 -170.707
667.864 -163.229
669.489 -156.004
670.889 -149.345
672.539 -141.573
673.975 -134.326
675.349 -127.067
676.666 -119.772
677.918 -112.468
679.11 -105.136
680.306 -97.1903
681.307 -90.3915
682.33 -82.6626
683.215 -76.4434
684.109 -68.6744
684.923 -60.8503
685.681 -53.8554
686.339 -45.8887
686.926 -38.1589
687.516 -31.2331
687.975 -23.5949
