785.178 6.73178e-16
785.116 9.86658
784.93 19.7316
784.62 29.5935
784.187 39.4508
783.629 49.3018
782.948 59.145
782.143 68.9789
781.214 78.8018
780.162 88.6124
778.987 98.4089
777.689 108.19
776.268 117.954
774.724 127.699
773.059 137.424
771.271 147.128
769.361 156.808
767.33 166.463
765.177 176.093
762.904 185.694
760.511 195.266
757.997 204.807
755.363 214.316
752.611 223.791
749.739 233.231
746.749 242.633
743.641 251.998
740.416 261.323
737.073 270.606
733.615 279.847
730.04 289.043
726.351 298.194
722.546 307.298
718.628 316.353
714.595 325.359
710.451 334.313
706.194 343.214
701.825 352.061
697.346 360.852
692.756 369.587
688.057 378.263
683.249 386.879
678.334 395.434
673.311 403.927
668.182 412.356
662.948 420.72
657.609 429.017
652.166 437.247
646.62 445.407
640.972 453.498
635.223 461.516
629.373 469.462
623.424 477.334
617.377 485.13
611.232 492.85
604.99 500.492
598.653 508.054
592.222 515.537
585.697 522.938
579.079 530.257
572.37 537.492
565.571 544.642
558.682 551.706
551.706 558.682
544.642 565.571
537.492 572.37
530.257 579.079
522.938 585.697
515.537 592.222
508.054 598.653
500.492 604.99
492.85 611.232
485.13 617.377
477.334 623.424
469.462 629.373
461.516 635.223
453.498 640.972
445.407 646.62
437.247 652.166
429.017 657.609
420.72 662.948
412.356 668.182
403.927 673.311
395.434 678.334
386.879 683.249
378.263 688.057
369.587 692.756
360.852 697.346
352.061 701.825
343.214 706.194
334.313 710.451
325.359 714.595
316.353 718.628
307.298 722.546
298.194 726.351
289.043 730.04
279.847 733.615
270.606 737.073
261.323 740.416
251.998 743.641
242.633 746.749
233.231 749.739
223.791 752.611
214.316 755.363
204.807 757.997
195.266 760.511
185.694 762.904
176.093 765.177
166.463 767.33
156.808 769.361
147.128 771.271
137.424 773.059
127.699 774.724
117.954 776.268
108.19 777.689
98.4089 778.987
88.6124 780.162
78.8018 781.214
68.9789 782.143
59.145 782.948
49.3018 783.629
39.4508 784.187
29.5935 784.62
19.7316 784.93
9.86658 785.116
4.8102e-14 785.178
-9.86658 785.116
-19.7316 784.93
-29.5935 784.62
-39.4508 784.187
-49.3018 783.629
-59.145 782.948
-68.9789 782.143
-78.8018 781.214
-88.6124 780.162
-98.4089 778.987
-108.19 777.689
-117.954 776.268
-127.699 774.724
-137.424 773.059
-147.128 771.271
-156.808 769.361
-166.463 767.33
-176.093 765.177
-185.694 762.904
-195.266 760.511
-204.807 757.997
-214.316 755.363
-223.791 752.611
-233.231 749.739
-242.633 746.749
-251.998 743.641
-261.323 740.416
-270.606 737.073
-279.847 733.615
-289.043 730.04
-298.194 726.351
-307.298 722.546
-316.353 718.628
-325.359 714.595
-334.313 710.451
-343.214 706.194
-352.061 701.825
-360.852 697.346
-369.587 692.756
-378.263 688.057
-386.879 683.249
-395.434 678.334
-403.927 673.311
-412.356 668.182
-420.72 662.948
-429.017 657.609
-437.247 652.166
-445.407 646.62
-453.498 640.972
-461.516 635.223
-469.462 629.373
-477.334 623.424
-485.13 617.377
-492.85 611.232
-500.492 604.99
-508.054 598.653
-515.537 592.222
-522.938 585.697
-530.257 579.079
-537.492 572.37
-544.642 565.571
-551.706 558.682
-558.682 551.706
-565.571 544.642
-572.37 537.492
-579.079 530.257
-585.697 522.938
-592.222 515.537
-598.653 508.054
-604.99 500.492
-611.232 492.85
-617.377 485.13
-623.424 477.334
-629.373 469.462
-635.223 461.516
-640.972 453.498
-646.62 445.407
-652.166 437.247
-657.609 429.017
-662.948 420.72
-668.182 412.356
-673.311 403.927
-678.334 395.434
-683.249 386.879
-688.057 378.263
-692.756 369.587
-697.346 360.852
-701.825 352.061
-706.194 343.214
-710.451 334.313
-714.595 325.359
-718.628 316.353
-722.546 307.298
-726.351 298.194
-730.04 289.043
-733.615 279.847
-737.073 270.606
-740.416 261.323
-743.641 251.998
-746.749 242.633
-749.739 233.231
-752.611 223.791
-755.363 214.316
-757.997 204.807
-760.511 195.266
-762.904 185.694
-765.177 176.093
-767.33 166.463
-769.361 156.808
-771.271 147.128
-773.059 137.424
-774.724 127.699
-776.268 117.954
-777.689 108.19
-778.987 98.4089
-780.162 88.6124
-781.214 78.8018
-782.143 68.9789
-782.948 59.145
-783.629 49.3018
-784.187 39.4508
-784.62 29.5935
-784.93 19.7316
-785.116 9.86658
-785.178 9.61782e-14
-785.116 -9.86658
-784.93 -19.7316
-784.62 -29.5935
-784.187 -39.4508
-783.629 -49.3018
-782.948 -59.145
-782.143 -68.9789
-781.214 -78.8018
-780.162 -88.6124
-778.987 -98.4089
-777.689 -108.19
-776.268 -117.954
-774.724 -127.699
-773.059 -137.424
-771.271 -147.128
-769.361 -156.808
-767.33 -166.463
-765.177 -176.093
-762.904 -185.694
-760.511 -195.266
-757.997 -204.807
-755.363 -214.316
-752.611 -223.791
-749.739 -233.231
-746.749 -242.633
-743.641 -251.998
-740.416 -261.323
-737.073 -270.606
-733.615 -279.847
-730.04 -289.043
-726.351 -298.194
-722.546 -307.298
-718.628 -316.353
-714.595 -325.359
-710.451 -334.313
-706.194 -343.214
-701.825 -352.061
-697.346 -360.852
-692.756 -369.587
-688.057 -378.263
-683.249 -386.879
-678.334 -395.434
-673.311 -403.927
-668.182 -412.356
-662.948 -420.72
-657.609 -429.017
-652.166 -437.247
-646.62 -445.407
-640.972 -453.498
-635.223 -461.516
-629.373 -469.462
-623.424 -477.334
-617.377 -485.13
-611.232 -492.85
-604.99 -500.492
-598.653 -508.054
-592.222 -515.537
-585.697 -522.938
-579.079 -530.257
-572.37 -537.492
-565.571 -544.642
-558.682 -551.706
-551.706 -558.682
-544.642 -565.571
-537.492 -572.37
-530.257 -579.079
-522.938 -585.697
-515.537 -592.222
-508.054 -598.653
-500.492 -604.99
-492.85 -611.232
-485.13 -617.377
-477.334 -623.424
-469.462 -629.373
-461.516 -635.223
-453.498 -640.972
-445.407 -646.62
-437.247 -652.166
-429.017 -657.609
-420.72 -662.948
-412.356 -668.182
-403.927 -673.311
-395.434 -678.334
-386.879 -683.249
-378.263 -688.057
-369.587 -692.756
-360.852 -697.346
-352.061 -701.825
-343.214 -706.194
-334.313 -710.451
-325.359 -714.595
-316.353 -718.628
-307.298 -722.546
-298.194 -726.351
-289.043 -730.04
-279.847 -733.615
-270.606 -737.073
-261.323 -740.416
-251.998 -743.641
-242.633 -746.749
-233.231 -749.739
-223.791 -752.611
-214.316 -755.363
-204.807 -757.997
-195.266 -760.511
-185.694 -762.904
-176.093 -765.177
-166.463 -767.33
-156.808 -769.361
-147.128 -771.271
-137.424 -773.059
-127.699 -774.724
-117.954 -776.268
-108.19 -777.689
-98.4089 -778.987
-88.6124 -780.162
-78.8018 -781.214
-68.9789 -782.143
-59.145 -782.948
-49.3018 -783.629
-39.4508 -784.187
-29.5935 -784.62
-19.7316 -784.93
-9.86658 -785.116
-1.45102e-13 -785.178
9.86658 -785.116
19.7316 -784.93
29.5935 -784.62
39.4508 -784.187
49.3018 -783.629
59.145 -782.948
68.9789 -782.143
78.8018 -781.214
88.6124 -780.162
98.4089 -778.987
108.19 -777.689
117.954 -776.268
127.699 -774.724
137.424 -773.059
147.128 -771.271
156.808 -769.361
166.463 -767.33
176.093 -765.177
185.694 -762.904
195.266 -760.511
204.807 -757.997
214.316 -755.363
223.791 -752.611
233.231 -749.739
242.633 -746.749
251.998 -743.641
261.323 -740.416
270.606 -737.073
279.847 -733.615
289.043 -730.04
298.194 -726.351
307.298 -722.546
316.353 -718.628
325.359 -714.595
334.313 -710.451
343.214 -706.194
352.061 -701.825
360.852 -697.346
369.587 -692.756
378.263 -688.057
386.879 -683.249
395.434 -678.334
403.927 -673.311
412.356 -668.182
420.72 -662.948
429.017 -657.609
437.247 -652.166
445.407 -646.62
453.498 -640.972
461.516 -635.223
469.462 -629.373
477.334 -623.424
485.13 -617.377
492.85 -611.232
500.492 -604.99
508.054 -598.653
515.537 -592.222
522.938 -585.697
530.257 -579.079
537.492 -572.37
544.642 -565.571
551.706 -558.682
558.682 -551.706
565.571 -544.642
572.37 -537.492
579.079 -530.257
585.697 -522.938
592.222 -515.537
598.653 -508.054
604.99 -500.492
611.232 -492.85
617.377 -485.13
623.424 -477.334
629.373 -469.462
635.223 -461.516
640.972 -453.498
646.62 -445.407
652.166 -437.247
657.609 -429.017
662.948 -420.72
668.182 -412.356
673.311 -403.927
678.334 -395.434
683.249 -386.879
688.057 -378.263
692.756 -369.587
697.346 -360.852
701.825 -352.061
706.194 -343.214
710.451 -334.313
714.595 -325.359
718.628 -316.353
722.546 -307.298
726.351 -298.194
730.04 -289.043
733.615 -279.847
737.073 -270.606
740.416 -261.323
743.641 -251.998
746.749 -242.633
749.739 -233.231
752.611 -223.791
755.363 -214.316
757.997 -204.807
760.511 -195.266
762.904 -185.694
765.177 -176.093
767.33 -166.463
769.361 -156.808
771.271 -147.128
773.059 -137.424
774.724 -127.699
776.268 -117.954
777.689 -108.19
778.987 -98.4089
780.162 -88.6124
781.214 -78.8018
782.143 -68.9789
782.948 -59.145
783.629 -49.3018
784.187 -39.4508
784.62 -29.5935
784.93 -19.7316
785.116 -9.86658
