686.982 13.2533
686.702 21.3216
686.274 28.7046
685.708 34.5355
685.209 42.6906
684.616 50.9947
683.926 58.9261
683.151 66.7842
682.33 73.8555
681.328 82.7528
680.504 88.3212
679.459 95.8812
678.408 102.986
677.298 110.119
675.938 118.22
674.966 124.151
673.374 132.544
672.035 139.587
670.386 147.482
668.493 155.852
667.42 161.465
665.332 169.851
664.001 176.021
661.921 183.91
660.266 190.636
648.791 227.476
646.21 233.908
643.453 240.944
640.607 248.052
637.744 254.939
634.519 262.834
632.278 267.284
628.862 275.231
625.176 283.6
622.169 289.842
618.96 296.466
615.72 303.006
612.872 308.606
608.921 316.331
606.111 321.693
602.377 328.66
598.923 335.001
595.611 341.023
591.695 347.862
587.455 355.016
583.93 361.031
579.314 368.385
575.663 374.349
571.848 380.44
568.055 386.427
562.934 393.772
559.141 399.553
555.135 405.495
531.578 435.552
526.321 441.78
521.787 446.727
516.562 452.619
512.749 456.456
506.257 463.795
501.607 468.583
495.695 474.83
491.257 479.218
486.44 484.01
481.254 489.129
474.896 495.309
470.945 499.071
463.77 505.728
458.399 510.624
453.796 514.822
448.776 519.339
442.411 524.793
437.366 529.2
429.871 535.203
425.069 539.293
418.234 544.608
412.591 549.092
406.345 553.847
399.861 558.636
373.781 576.12
367.719 579.825
360.748 584.142
354.834 587.586
348.178 591.485
342.278 594.808
334.336 599.333
327.193 603.238
320.984 606.505
314.637 609.795
308.468 612.939
299.602 617.317
294.27 619.908
287.269 623.211
280.61 626.295
273.287 629.559
266.375 632.585
259.793 635.434
252.312 638.491
243.499 641.834
236.957 644.425
206.028 655.83
199.381 657.597
192.353 659.493
183.985 661.889
177.196 663.531
171.71 664.668
162.35 667.11
155.33 668.654
147.192 670.469
136.954 672.792
132.825 673.301
124.373 674.912
117.16 676.15
110.668 677.201
102.973 678.408
95.2408 679.539
88.9155 680.439
80.8237 681.463
73.6659 682.336
66.1526 683.166
59.2523 683.921
51.4915 684.622
43.65 685.24
36.353 685.804
27.8931 686.218
20.7749 686.653
11.876 686.829
4.18324 687.041
-3.38872 687.195
-41.62 686.234
-48.2448 685.489
-55.4639 684.751
-64.5667 684.022
-71.1687 683.115
-78.2215 682.179
-86.9834 681.136
-93.2612 680.098
-100.511 678.971
-105.938 677.997
-116.843 676.308
-123.196 675.082
-128.938 673.956
-136.932 672.377
-143.568 671.012
-151.651 669.24
-158.383 667.738
-165.488 666.08
-172.928 664.25
-179.8 662.544
-188.958 659.919
-196.04 657.96
-204.067 655.538
-209.792 654.028
-217.888 651.389
-227.03 648.127
-232.403 646.629
-240.619 643.596
-270.348 631.296
-277.955 627.946
-283.13 625.345
-292.191 621.282
-299.291 617.822
-306.287 614.313
-312.197 611.192
-318.929 607.651
-325.724 603.998
-332.767 600.127
-338.792 596.713
-345.985 592.568
-351.351 589.424
-359.417 584.526
-364.342 581.559
-371.038 577.349
-376.711 573.803
-382.39 570.219
-389.801 565.14
-395.585 561.305
-402.406 556.471
-407.688 552.956
-435.858 531.394
-441.763 526.326
-447.567 521.232
-453.265 516.117
-458.906 510.952
-464.397 505.805
-469.79 500.648
-475.081 495.489
-480.299 490.31
-485.444 485.114
-490.529 479.894
-495.556 474.648
-500.545 469.359
-505.472 464.053
-510.384 458.679
-515.226 453.297
-520.052 447.846
-524.818 442.379
-529.555 436.854
-534.264 431.267
-538.934 425.634
-543.594 419.904
-548.198 414.147
-552.788 408.286
-557.363 402.314
-578.254 371.259
-583.136 363.656
-586.311 357.951
-591.101 350.122
-594.852 343.452
-598.13 337.318
-602.116 330.073
-605.946 322.888
-609.376 316.158
-611.973 310.704
-614.954 304.571
-618.464 297.334
-621.842 290.157
-625.074 283.087
-628.166 276.135
-630.783 270.141
-633.45 263.966
-636.914 255.439
-639.053 250.475
-642.209 242.23
-644.433 236.909
-647.129 229.727
-650.162 220.726
-652.472 214.466
-654.625 209.01
-657.122 201.284
-659.585 193.131
-661.884 185.478
-671.596 147.12
-673.021 139.636
-674.249 132.493
-675.27 125.824
-677.17 116.13
-678.555 107.681
-679.283 101.202
-679.946 94.9502
-681.262 85.5935
-682.042 78.1919
-682.702 71.1054
-683.261 64.374
-684.075 55.3385
-684.479 48.8828
-685.024 40.4558
-685.364 33.5842
-685.668 26.6494
-685.932 19.7444
-686.132 11.6193
-686.302 5.12273
-686.367 -2.62231
-686.303 -10.9548
-686.009 -20.6911
-686.111 -25.6809
-686.11 -31.8859
-685.733 -40.0756
-685.047 -49.3514
-685.009 -55.0365
-684.583 -62.3708
-684.151 -69.5159
-683.536 -77.0869
-677.164 -117.558
-675.629 -126.238
-674.081 -132.896
-672.45 -140.155
-670.652 -148.422
-669.048 -154.251
-667.228 -161.513
-665.214 -169.487
-662.954 -178.257
-661.129 -184.309
-659.38 -190.06
-656.531 -199.89
-654.524 -206.116
-651.866 -214.376
-650.021 -219.813
-647.296 -227.714
-645.012 -234.192
-642.151 -241.951
-640.7 -246.338
-636.89 -255.764
-634.171 -262.635
-631.222 -269.81
-628.964 -275.585
-624.771 -284.648
-623.029 -289.375
-618.22 -298.95
-616.911 -302.961
-612.273 -311.794
-609.149 -318.305
-591.849 -348.663
-587.868 -355.085
-583.848 -361.428
-579.775 -367.725
-575.631 -374.011
-571.784 -379.646
-567.807 -385.425
-562.985 -392.425
-559.284 -397.57
-554.504 -404.2
-550.139 -410.111
-545.513 -416.255
-541.257 -421.827
-536.368 -428.062
-532.154 -433.421
-527.133 -439.577
-521.864 -445.862
-517.45 -451.177
-512.997 -456.477
-507.124 -462.973
-502.55 -468.21
-483.905 -486.803
-477.178 -493.483
-472.96 -497.276
-466.125 -503.74
-461.868 -507.495
-453.845 -514.782
-448.822 -519.074
-443.544 -523.557
-437.651 -528.493
-431.621 -533.439
-423.986 -539.52
-419.373 -543.166
-414.032 -547.34
-407.94 -551.962
-402.472 -556.111
-395.444 -561.127
-370.043 -579.313
-363.444 -583.303
-357.031 -587.044
-350.183 -591.045
-344.227 -594.271
-337.322 -598.129
-330.967 -601.511
-324.394 -604.969
-318.22 -608.111
-311.384 -611.584
-304.525 -614.983
-298.225 -618.01
-292.638 -620.655
-284.912 -624.241
-278.197 -627.28
-271.392 -630.287
-264.531 -633.243
-256.958 -636.373
-250.524 -639.038
-242.938 -641.999
-236.534 -644.539
-228.976 -647.321
-221.985 -649.881
-214.924 -652.389
-207.777 -654.843
-201.295 -657.128
-194.094 -659.466
-158.462 -668.519
-152.088 -669.724
-143.027 -671.797
-136.633 -672.889
-130.263 -673.963
-121.998 -675.492
-114.834 -676.658
-106.392 -678.033
-101.732 -678.606
-92.2067 -679.987
-83.8558 -681.063
-77.4663 -681.794
-68.8789 -682.715
-62.1494 -683.379
-55.1266 -684.025
-47.9401 -684.628
-40.1875 -685.174
-33.0306 -685.657
-23.8958 -685.999
-16.0727 -686.287
-8.47362 -686.51
-0.349006 -686.608
6.56143 -686.757
14.4421 -686.724
47.8981 -685.459
56.1694 -684.784
62.1253 -683.94
71.3374 -683.112
79.0064 -682.166
86.37 -681.15
92.9982 -680.113
100.898 -678.941
105.771 -678.019
114.917 -676.55
123.91 -674.981
127.455 -674.246
136.472 -672.474
144.718 -670.748
152.243 -669.093
159.458 -667.442
167.224 -665.562
175.09 -663.558
181.922 -661.801
189.939 -659.563
196.492 -657.78
203.566 -655.742
211.111 -653.429
217.31 -651.66
225.408 -648.914
232.397 -646.627
264.253 -634.122
272.58 -630.646
279.78 -627.382
286.219 -624.276
292.338 -621.232
298.494 -618.137
306.77 -614.119
312.309 -611.144
319.365 -607.448
325.956 -603.884
332.301 -600.372
337.831 -597.257
345.556 -592.822
350.287 -590.103
357.796 -585.576
364.709 -581.316
370.84 -577.498
376.444 -574.014
383.912 -569.013
389.864 -565.093
396.192 -560.783
401.877 -556.955
407.572 -553.071
414.083 -548.31
439.389 -527.844
443.84 -523.766
449.635 -518.702
455.938 -513.149
462.215 -507.487
468.071 -502.033
472.623 -497.582
479.298 -491.195
484.999 -485.528
489.441 -480.95
494.476 -475.748
499.609 -470.36
503.87 -465.874
511.455 -457.453
515.321 -453.189
520.229 -447.627
525.899 -440.94
530.656 -435.312
534.772 -430.517
539.644 -424.525
544.478 -418.447
549.263 -412.296
567.949 -386.536
571.288 -381.095
575.41 -374.656
580.312 -367.093
583.543 -361.553
587.351 -355.17
591.601 -348.009
595.194 -341.677
598.925 -335.008
602.696 -328.119
605.678 -322.494
608.8 -316.577
612.469 -309.44
616.257 -301.83
619.596 -294.977
622.298 -289.509
625.668 -282.248
628.516 -276.223
632.056 -267.942
635.079 -260.937
638.815 -251.25
640.739 -247.54
643.874 -239.152
655.547 -206.59
657.829 -198.884
659.806 -191.641
661.463 -184.991
663.329 -177.703
665.134 -170.382
666.911 -162.924
668.529 -155.723
669.921 -149.094
671.566 -141.341
672.997 -134.118
674.366 -126.885
675.678 -119.614
676.927 -112.336
678.116 -105.029
679.311 -97.0949
680.31 -90.3097
681.333 -82.594
682.216 -76.4023
683.11 -68.6456
683.923 -60.8337
684.681 -53.8596
685.339 -45.9131
685.927 -38.2057
686.519 -31.3102
686.98 -23.6954
