685.988 13.3638
685.706 21.4139
685.276 28.7725
684.709 34.5632
684.209 42.7014
683.616 50.9897
682.927 58.9018
682.152 66.7401
681.333 73.7837
680.331 82.671
679.512 88.1973
678.47 95.7342
677.423 102.811
676.315 109.934
674.956 118.033
673.988 123.943
672.395 132.337
671.065 139.345
669.423 147.214
667.533 155.57
666.468 161.159
664.387 169.524
663.065 175.669
660.991 183.542
659.348 190.24
647.807 227.298
645.231 233.701
642.48 240.715
639.639 247.801
636.782 254.664
633.564 262.539
631.336 266.949
627.924 274.883
624.244 283.237
621.248 289.452
618.046 296.06
614.811 302.592
611.973 308.167
608.028 315.882
605.235 321.211
601.511 328.161
598.07 334.48
594.768 340.484
590.859 347.313
586.624 354.461
583.11 360.457
578.503 367.801
574.869 373.741
571.071 379.81
567.297 385.775
562.184 393.111
558.411 398.87
554.425 404.791
530.731 435.021
525.484 441.234
520.968 446.153
515.755 452.029
511.964 455.837
505.468 463.181
500.832 467.951
494.923 474.195
490.508 478.555
485.712 483.325
480.543 488.426
474.192 494.599
470.272 498.332
463.097 504.989
457.745 509.867
453.169 514.042
448.173 518.541
441.813 523.992
436.787 528.384
429.287 534.391
424.509 538.465
417.685 543.773
412.072 548.236
405.838 552.985
399.371 557.764
373.165 575.333
367.126 579.02
360.17 583.326
354.282 586.752
347.645 590.638
341.759 593.954
333.824 598.474
326.688 602.375
320.496 605.632
314.172 608.91
308.03 612.041
299.162 616.419
293.866 618.993
286.883 622.289
280.239 625.366
272.926 628.626
266.028 631.647
259.464 634.489
252.001 637.541
243.193 640.882
236.679 643.464
205.593 654.929
198.974 656.684
191.963 658.573
183.606 660.963
176.853 662.592
171.4 663.717
162.051 666.156
155.057 667.692
146.936 669.502
136.693 671.826
132.603 672.326
124.156 673.936
116.959 675.171
110.498 676.215
102.823 677.42
95.1102 678.548
88.8185 679.444
80.7431 680.467
73.5949 681.339
66.1044 682.168
59.2254 682.921
51.4705 683.622
43.6498 684.24
36.3798 684.805
27.9422 685.219
20.8526 685.656
11.9643 685.833
4.29401 686.047
-3.25433 686.204
-41.71 685.238
-48.3019 684.491
-55.4942 683.752
-64.5886 683.023
-71.1577 682.115
-78.1825 681.18
-86.9244 680.138
-93.1743 679.102
-100.406 677.976
-105.799 677.006
-116.722 675.315
-123.05 674.092
-128.754 672.973
-136.732 671.397
-143.338 670.039
-151.406 668.27
-158.111 666.775
-165.2 665.123
-172.626 663.296
-179.479 661.597
-188.64 658.97
-195.698 657.02
-203.71 654.604
-209.396 653.11
-217.479 650.476
-226.618 647.215
-231.951 645.736
-240.156 642.709
-270.041 630.344
-277.633 627
-282.777 624.409
-291.83 620.35
-298.903 616.9
-305.887 613.397
-311.776 610.285
-318.495 606.751
-325.278 603.103
-332.306 599.239
-338.305 595.839
-345.493 591.698
-350.821 588.576
-358.876 583.684
-363.775 580.736
-370.462 576.532
-376.103 573.009
-381.764 569.439
-389.162 564.371
-394.924 560.555
-401.74 555.725
-407.001 552.229
-435.339 530.539
-441.224 525.483
-447.009 520.402
-452.686 515.302
-458.314 510.145
-463.793 505.008
-469.172 499.862
-474.451 494.713
-479.649 489.55
-484.775 484.371
-489.841 479.167
-494.851 473.939
-499.822 468.669
-504.732 463.382
-509.626 458.027
-514.452 452.664
-519.262 447.233
-524.017 441.779
-528.735 436.281
-533.435 430.708
-538.092 425.095
-542.734 419.393
-547.33 413.65
-551.909 407.81
-556.473 401.858
-577.487 370.617
-582.368 363.015
-585.526 357.332
-590.309 349.511
-594.046 342.86
-597.306 336.752
-601.282 329.523
-605.101 322.354
-608.522 315.638
-611.103 310.21
-614.073 304.097
-617.578 296.869
-620.947 289.709
-624.171 282.658
-627.253 275.726
-629.858 269.761
-632.514 263.615
-635.976 255.093
-638.103 250.163
-641.253 241.936
-643.467 236.653
-646.157 229.492
-649.189 220.494
-651.493 214.265
-653.639 208.839
-656.136 201.122
-658.597 192.975
-660.893 185.342
-670.664 146.757
-672.081 139.295
-673.3 132.178
-674.311 125.541
-676.21 115.848
-677.589 107.42
-678.309 100.975
-678.966 94.7514
-680.281 85.3998
-681.058 78.0142
-681.716 70.9386
-682.272 64.2297
-683.086 55.1951
-683.486 48.7653
-684.029 40.3539
-684.367 33.5037
-684.669 26.5984
-684.932 19.7232
-685.132 11.6157
-685.303 5.15271
-685.369 -2.5709
-685.305 -10.8877
-685.013 -20.6063
-685.118 -25.5644
-685.122 -31.7335
-684.747 -39.9063
-684.065 -49.1607
-684.032 -54.8204
-683.614 -62.1226
-683.188 -69.2481
-682.579 -76.7966
-676.165 -117.52
-674.629 -126.199
-673.083 -132.827
-671.454 -140.062
-669.658 -148.316
-668.057 -154.115
-666.24 -161.36
-664.227 -169.326
-661.968 -178.094
-660.149 -184.112
-658.408 -189.825
-655.559 -199.657
-653.56 -205.851
-650.905 -214.099
-649.072 -219.497
-646.352 -227.384
-644.078 -233.833
-641.224 -241.577
-639.794 -245.916
-635.983 -255.343
-633.278 -262.185
-630.339 -269.341
-628.095 -275.09
-623.906 -284.146
-622.189 -288.832
-617.377 -298.413
-616.094 -302.384
-611.452 -311.222
-608.34 -317.717
-590.932 -348.263
-586.958 -354.671
-582.945 -360.999
-578.879 -367.281
-574.746 -373.545
-570.913 -379.153
-566.951 -384.907
-562.136 -391.895
-558.455 -397.011
-553.685 -403.626
-549.334 -409.517
-544.721 -415.643
-540.483 -421.194
-535.606 -427.414
-531.412 -432.751
-526.404 -438.892
-521.146 -445.165
-516.753 -450.46
-512.322 -455.739
-506.458 -462.228
-501.905 -467.445
-483.172 -486.124
-476.454 -492.794
-472.254 -496.568
-465.423 -503.028
-461.184 -506.765
-453.154 -514.059
-448.149 -518.334
-442.886 -522.804
-437.004 -527.73
-430.985 -532.667
-423.351 -538.747
-418.764 -542.373
-413.448 -546.529
-407.381 -551.132
-401.932 -555.269
-394.915 -560.279
-369.384 -578.56
-362.802 -582.537
-356.408 -586.262
-349.58 -590.247
-343.643 -593.459
-336.753 -597.306
-330.42 -600.674
-323.867 -604.119
-317.718 -607.246
-310.893 -610.712
-304.061 -614.097
-297.787 -617.112
-292.233 -619.74
-284.513 -623.325
-277.829 -626.351
-271.039 -629.352
-264.194 -632.302
-256.632 -635.428
-250.22 -638.085
-242.645 -641.043
-236.264 -643.577
-228.717 -646.355
-221.742 -648.911
-214.706 -651.413
-207.582 -653.862
-201.13 -656.142
-193.944 -658.477
-158.107 -667.584
-151.765 -668.777
-142.716 -670.846
-136.346 -671.931
-130.008 -672.995
-121.757 -674.521
-114.618 -675.681
-106.196 -677.052
-101.578 -677.618
-92.0548 -678.999
-83.7104 -680.073
-77.347 -680.801
-68.7656 -681.722
-62.0678 -682.383
-55.0743 -683.027
-47.9154 -683.628
-40.1851 -684.174
-33.0564 -684.657
-23.931 -685
-16.1296 -685.289
-8.5545 -685.513
-0.440623 -685.612
6.44703 -685.763
14.307 -685.734
47.9587 -684.461
56.2148 -683.785
62.1327 -682.94
71.3388 -682.112
78.9872 -681.166
86.3268 -680.151
92.924 -679.116
100.806 -677.945
105.638 -677.028
114.785 -675.559
123.777 -673.99
127.269 -673.264
136.277 -671.493
144.507 -669.771
152.01 -668.12
159.2 -666.476
166.945 -664.602
174.793 -662.603
181.605 -660.852
189.607 -658.62
196.139 -656.844
203.197 -654.813
210.717 -652.51
216.893 -650.752
224.972 -648.014
231.945 -645.736
263.973 -633.162
272.291 -629.689
279.472 -626.43
285.885 -623.333
291.974 -620.3
298.103 -617.217
306.371 -613.202
311.885 -610.238
318.938 -606.543
325.522 -602.983
331.851 -599.479
337.356 -596.377
345.072 -591.947
349.772 -589.246
357.263 -584.729
364.161 -580.479
370.27 -576.676
375.847 -573.211
383.308 -568.216
389.238 -564.313
395.549 -560.016
401.211 -556.208
406.885 -552.344
413.384 -547.595
438.826 -527.017
443.252 -522.957
449.029 -517.906
455.32 -512.363
461.579 -506.715
467.422 -501.273
471.947 -496.845
478.616 -490.463
484.297 -484.815
488.726 -480.251
493.753 -475.057
498.879 -469.675
503.126 -465.206
510.72 -456.775
514.558 -452.543
519.456 -446.994
525.113 -440.323
529.854 -434.715
533.949 -429.949
538.809 -423.975
543.635 -417.908
548.406 -411.782
567.196 -385.879
570.512 -380.464
574.621 -374.042
579.517 -366.486
582.728 -360.974
586.521 -354.611
590.763 -347.463
594.342 -341.153
598.061 -334.504
601.822 -327.633
604.787 -322.039
607.898 -316.143
611.559 -309.024
615.344 -301.42
618.679 -294.58
621.369 -289.139
624.735 -281.887
627.575 -275.884
631.115 -267.604
634.132 -260.613
637.87 -250.924
639.776 -247.269
642.909 -238.891
654.647 -206.154
656.921 -198.466
658.888 -191.245
660.534 -184.622
662.392 -177.356
664.189 -170.056
665.959 -162.619
667.57 -155.442
668.956 -148.835
670.593 -141.108
672.018 -133.911
673.383 -126.702
674.691 -119.457
675.936 -112.203
677.122 -104.922
678.315 -96.9993
679.313 -90.2361
680.334 -82.5339
681.217 -76.3612
682.11 -68.6167
682.923 -60.817
683.681 -53.8637
684.339 -45.9374
684.928 -38.2525
685.522 -31.3872
685.986 -23.7957
