684.994 13.4743
684.71 21.5061
684.279 28.8403
683.709 34.5993
683.209 42.7205
682.616 50.9847
681.927 58.8775
681.153 66.6959
680.335 73.7118
679.334 82.5891
678.519 88.0734
677.481 95.5872
676.439 102.637
675.332 109.749
673.973 117.847
673.01 123.734
671.419 132.122
670.095 139.103
668.457 146.953
666.572 155.296
665.519 160.844
663.442 169.197
662.129 175.316
660.065 183.165
658.43 189.844
646.825 227.114
644.255 233.487
641.506 240.485
638.673 247.542
635.823 254.382
632.609 262.243
630.393 266.614
626.989 274.528
623.312 282.874
620.328 289.062
617.132 295.653
613.904 302.169
611.074 307.728
607.134 315.432
604.359 320.728
600.644 327.662
597.216 333.959
593.926 339.945
590.023 346.764
585.792 353.906
582.291 359.884
577.691 367.217
574.075 373.133
570.294 379.18
566.539 385.123
561.433 392.451
557.681 398.187
553.714 404.087
529.883 434.49
524.646 440.687
520.149 445.58
514.948 451.438
511.179 455.217
504.684 462.56
500.058 467.318
494.156 473.553
489.759 477.893
484.983 482.64
479.831 487.723
473.488 493.89
469.598 497.592
462.424 504.249
457.091 509.111
452.542 513.263
447.571 517.743
441.215 523.19
436.207 527.569
428.704 533.579
423.956 537.632
417.143 542.932
411.554 547.381
405.331 552.123
398.888 556.888
372.549 574.545
366.526 578.22
359.592 582.51
353.73 585.918
347.112 589.792
341.246 593.095
333.311 597.615
326.183 601.512
320.009 604.759
313.708 608.024
307.591 611.142
298.723 615.521
293.461 618.079
286.497 621.366
279.869 624.437
272.565 627.694
265.681 630.709
259.135 633.545
251.69 636.59
242.896 639.927
236.402 642.504
205.15 654.033
198.559 655.774
191.573 657.652
183.227 660.038
176.502 661.655
171.09 662.766
161.751 665.201
154.776 666.732
146.679 668.536
136.432 670.861
132.381 671.351
123.938 672.96
116.758 674.191
110.321 675.231
102.665 676.432
94.9797 677.557
88.7134 678.45
80.6544 679.471
73.5238 680.341
66.056 681.169
59.1906 681.922
51.4494 682.622
43.6496 683.24
36.4064 683.805
27.9838 684.22
20.9302 684.659
12.0525 684.837
4.40466 685.053
-3.12007 685.213
-41.7999 684.242
-48.359 683.492
-55.5244 682.752
-64.603 682.023
-71.1391 681.116
-78.1434 680.181
-86.8654 679.14
-93.0873 678.106
-100.294 676.983
-105.659 676.016
-116.594 674.324
-122.897 673.104
-128.562 671.992
-136.524 670.419
-143.109 669.065
-151.162 667.3
-157.838 665.813
-164.919 664.163
-172.324 662.343
-179.166 660.647
-188.323 658.022
-195.356 656.08
-203.352 653.671
-209.001 652.191
-217.07 649.564
-226.207 646.304
-231.5 644.844
-239.694 641.822
-269.735 629.392
-277.319 626.05
-282.423 623.474
-291.461 619.42
-298.523 615.976
-305.486 612.48
-311.354 609.379
-318.061 605.85
-324.833 602.207
-331.845 598.352
-337.819 594.965
-344.993 590.832
-350.29 587.728
-358.343 582.838
-363.208 579.912
-369.879 575.719
-375.496 572.214
-381.132 568.665
-388.523 563.602
-394.263 559.805
-401.074 554.979
-406.315 551.501
-434.82 529.684
-440.685 524.641
-446.457 519.568
-452.108 514.486
-457.723 509.339
-463.188 504.212
-468.554 499.075
-473.82 493.937
-478.999 488.79
-484.106 483.628
-489.154 478.441
-494.145 473.231
-499.098 467.979
-503.991 462.71
-508.868 457.374
-513.679 452.031
-518.473 446.619
-523.217 441.18
-527.916 435.708
-532.602 430.156
-537.245 424.564
-541.874 418.882
-546.462 413.153
-551.025 407.341
-555.583 401.403
-576.72 369.975
-581.6 362.375
-584.74 356.713
-589.517 348.9
-593.24 342.269
-596.482 336.186
-600.447 328.972
-604.255 321.82
-607.668 315.118
-610.233 309.716
-613.193 303.624
-616.693 296.404
-620.053 289.262
-623.267 282.229
-626.341 275.317
-628.936 269.374
-631.58 263.256
-635.037 254.748
-637.153 249.852
-640.298 241.641
-642.502 236.389
-645.186 229.256
-648.218 220.254
-650.515 214.056
-652.655 208.66
-655.15 200.952
-657.609 192.819
-659.903 185.205
-669.732 146.395
-671.138 138.962
-672.351 131.864
-673.352 125.257
-675.251 115.567
-676.624 107.16
-677.335 100.749
-677.984 94.5601
-679.3 85.2063
-680.074 77.8367
-680.73 70.7719
-681.283 64.0772
-682.096 55.0517
-682.493 48.6479
-683.035 40.2516
-683.37 33.4233
-683.67 26.5474
-683.932 19.702
-684.132 11.6122
-684.303 5.18263
-684.37 -2.51955
-684.308 -10.8124
-684.016 -20.5294
-684.125 -25.4479
-684.133 -31.5811
-683.763 -39.7288
-683.082 -48.9774
-683.056 -54.6044
-682.644 -61.8815
-682.224 -68.9806
-681.622 -76.5065
-675.166 -117.483
-673.63 -126.16
-672.085 -132.758
-670.458 -139.969
-668.664 -148.209
-667.066 -153.978
-665.251 -161.208
-663.24 -169.165
-660.981 -177.932
-659.169 -183.915
-657.436 -189.589
-654.586 -199.424
-652.596 -205.586
-649.944 -213.822
-648.123 -219.181
-645.409 -227.053
-643.148 -233.466
-640.297 -241.202
-638.887 -245.494
-635.076 -254.923
-632.382 -261.742
-629.452 -268.878
-627.225 -274.596
-623.041 -283.645
-621.345 -288.297
-616.538 -297.869
-615.278 -301.806
-610.632 -310.65
-607.531 -317.129
-590.016 -347.863
-586.048 -354.256
-582.041 -360.57
-577.983 -366.837
-573.862 -373.079
-570.043 -378.661
-566.095 -384.39
-561.288 -391.365
-557.626 -396.452
-552.865 -403.053
-548.53 -408.923
-543.93 -415.032
-539.709 -420.561
-534.845 -426.766
-530.67 -432.08
-525.674 -438.208
-520.429 -444.469
-516.056 -449.743
-511.646 -455.002
-505.791 -461.482
-501.261 -466.681
-482.443 -485.439
-475.729 -492.104
-471.554 -495.854
-464.721 -502.315
-460.507 -506.03
-452.464 -513.336
-447.476 -517.595
-442.223 -522.056
-436.358 -526.967
-430.348 -531.896
-422.717 -537.974
-418.155 -541.58
-412.864 -545.717
-406.816 -550.307
-401.392 -554.428
-394.386 -559.43
-368.726 -577.807
-362.159 -581.771
-355.785 -585.48
-348.978 -589.448
-343.059 -592.647
-336.184 -596.484
-329.873 -599.837
-323.346 -603.265
-317.208 -606.386
-310.402 -609.841
-303.597 -613.211
-297.348 -616.213
-291.82 -618.829
-284.113 -622.408
-277.46 -625.421
-270.686 -628.416
-263.857 -631.36
-256.306 -634.482
-249.916 -637.132
-242.352 -640.087
-235.993 -642.614
-228.457 -645.39
-221.499 -647.941
-214.487 -650.437
-207.386 -652.882
-200.965 -655.155
-193.801 -657.487
-157.752 -666.649
-151.449 -667.829
-142.406 -669.896
-136.067 -670.971
-129.754 -672.028
-121.524 -673.549
-114.41 -674.703
-106 -676.072
-101.416 -676.632
-91.9028 -678.01
-83.565 -679.084
-77.2277 -679.808
-68.6522 -680.728
-61.9863 -681.386
-55.0218 -682.028
-47.8907 -682.629
-40.1827 -683.174
-33.0745 -683.657
-23.9661 -684
-16.1947 -684.291
-8.64363 -684.517
-0.540524 -684.617
6.32431 -684.771
14.172 -684.743
48.0192 -683.463
56.26 -682.786
62.14 -681.94
71.3402 -681.112
78.9678 -680.166
86.2835 -679.152
92.8497 -678.119
100.713 -676.949
105.505 -676.036
114.653 -674.568
123.644 -672.999
127.084 -672.281
136.083 -670.512
144.296 -668.793
151.776 -667.148
158.941 -665.51
166.667 -663.641
174.489 -661.65
181.289 -659.904
189.275 -657.677
195.785 -655.909
202.821 -653.886
210.323 -651.591
216.475 -649.843
224.535 -647.115
231.485 -644.847
263.693 -632.202
272.002 -628.731
279.157 -625.481
285.55 -622.391
291.611 -619.369
297.711 -616.296
305.972 -612.285
311.461 -609.332
318.511 -605.639
325.089 -602.082
331.4 -598.587
336.889 -595.493
344.587 -591.072
349.256 -588.389
356.723 -583.887
363.606 -579.647
369.7 -575.854
375.257 -572.404
382.704 -567.419
388.613 -563.533
394.906 -559.25
400.546 -555.461
406.198 -551.617
412.684 -546.881
438.263 -526.191
442.658 -522.153
448.417 -517.115
454.697 -511.581
460.944 -505.943
466.772 -500.513
471.27 -496.109
477.934 -489.732
483.601 -484.097
488.01 -479.552
493.03 -474.366
498.15 -468.991
502.383 -464.537
509.984 -456.097
513.801 -451.89
518.682 -446.36
524.331 -439.699
529.052 -434.117
533.131 -429.374
537.978 -423.418
542.793 -417.37
547.548 -411.267
566.442 -385.222
569.736 -379.833
573.831 -373.429
578.722 -365.879
581.913 -360.395
585.692 -354.052
589.925 -346.917
593.495 -340.622
597.202 -333.992
600.952 -327.139
603.901 -321.577
606.997 -315.71
610.65 -308.608
614.432 -301.01
617.761 -294.182
620.441 -288.768
623.803 -281.526
626.634 -275.545
630.174 -267.266
633.186 -260.289
636.925 -250.597
638.814 -246.996
641.944 -238.629
653.747 -205.719
656.013 -198.048
657.97 -190.848
659.605 -184.253
661.454 -177.009
663.243 -169.731
665.009 -162.307
666.61 -155.161
667.99 -148.575
669.623 -140.868
671.042 -133.696
672.401 -126.512
673.703 -119.299
674.946 -112.063
676.128 -104.807
677.32 -96.9038
678.316 -90.1625
679.336 -82.4736
680.218 -76.3199
681.11 -68.5878
681.923 -60.8002
682.681 -53.8601
683.34 -45.97
683.929 -38.2991
684.525 -31.464
684.991 -23.8959
