684 13.5846
683.714 21.5993
683.281 28.908
682.71 34.6352
682.209 42.7395
681.616 50.9802
680.927 58.8453
680.154 66.6521
679.338 73.6401
678.338 82.4993
677.527 87.9496
676.492 95.4402
675.454 102.463
674.349 109.564
672.991 117.66
672.032 123.526
670.442 131.907
669.124 138.86
667.492 146.692
665.61 155.022
664.569 160.53
662.496 168.871
661.196 174.956
659.139 182.789
657.515 189.44
645.842 226.929
643.278 233.273
640.535 240.249
637.707 247.284
634.864 254.1
631.653 261.947
629.454 266.272
626.054 274.173
622.38 282.512
619.407 288.671
616.218 295.247
612.997 301.747
610.179 307.282
606.245 314.976
603.483 320.246
599.777 327.163
596.358 333.445
593.079 339.413
589.182 346.222
584.956 353.357
581.467 359.318
576.879 366.633
573.277 372.531
569.518 378.55
565.781 384.471
560.682 391.79
556.95 397.504
553.003 403.384
529.04 433.953
523.808 440.141
519.334 445
514.146 450.841
510.394 454.597
503.9 461.939
499.288 466.679
493.389 472.911
489.01 477.23
484.254 481.956
479.12 487.02
472.789 493.174
468.925 496.853
461.75 503.51
456.437 508.355
451.915 512.484
446.968 516.945
440.617 522.388
435.628 526.754
428.121 532.767
423.402 536.799
416.601 542.092
411.036 546.526
404.831 551.257
398.405 556.013
371.927 573.762
365.926 577.42
359.007 581.699
353.171 585.089
346.572 588.95
340.733 592.237
332.798 596.757
325.678 600.648
319.521 603.886
313.243 607.138
307.144 610.248
298.283 614.623
293.057 617.164
286.111 620.444
279.491 623.512
272.196 626.764
265.327 629.774
258.799 632.603
251.372 635.642
242.598 638.973
236.133 641.541
204.708 653.136
198.144 654.864
191.183 656.731
182.849 659.112
176.151 660.719
170.78 661.816
161.445 664.25
154.496 665.772
146.415 667.571
136.17 669.896
132.159 670.376
123.729 671.982
116.564 673.21
110.151 674.245
102.515 675.444
94.8492 676.565
88.6083 677.455
80.5657 678.475
73.4526 679.344
65.9998 680.17
59.1558 680.923
51.4282 681.623
43.6494 682.24
36.433 682.805
28.0252 683.221
21.0003 683.661
12.1331 683.84
4.5152 684.059
-2.98594 684.222
-41.8825 683.246
-48.4158 682.494
-55.5544 681.753
-64.6172 681.023
-71.1204 680.116
-78.0965 679.182
-86.8063 678.141
-92.9926 677.11
-100.182 675.989
-105.512 675.027
-116.465 673.332
-122.743 672.116
-128.378 671.009
-136.324 669.439
-142.888 668.09
-150.918 666.33
-157.566 664.851
-164.639 663.203
-172.03 661.387
-178.853 659.697
-188.005 657.074
-195.014 655.141
-202.995 652.737
-208.613 651.269
-216.662 648.651
-225.796 645.392
-231.05 643.951
-239.232 640.935
-269.429 628.44
-276.997 625.103
-282.062 622.541
-291.099 618.488
-298.143 615.051
-305.086 611.564
-310.933 608.472
-317.627 604.949
-324.388 601.312
-331.384 597.465
-337.332 594.091
-344.493 589.966
-349.76 586.88
-357.809 581.993
-362.641 579.088
-369.297 574.906
-374.888 571.42
-380.5 567.89
-387.885 562.832
-393.602 559.054
-400.408 554.233
-405.629 550.774
-434.301 528.83
-440.146 523.798
-445.905 518.734
-451.536 513.666
-457.131 508.533
-462.583 503.415
-467.937 498.289
-473.19 493.161
-478.349 488.03
-483.437 482.884
-488.466 477.715
-493.439 472.523
-498.375 467.288
-503.25 462.038
-508.111 456.721
-512.905 451.398
-517.683 446.006
-522.417 440.58
-527.096 435.135
-531.772 429.597
-536.402 424.025
-541.018 418.365
-545.598 412.649
-550.145 406.866
-554.693 400.947
-575.954 369.333
-580.831 361.735
-583.954 356.095
-588.725 348.289
-592.433 341.678
-595.657 335.62
-599.612 328.421
-603.41 321.286
-606.809 314.605
-609.364 309.223
-612.312 303.15
-615.807 295.94
-619.163 288.807
-622.364 281.8
-625.428 274.908
-628.014 268.987
-630.647 262.898
-634.102 254.395
-636.202 249.54
-639.344 241.339
-641.538 236.125
-644.216 229.013
-647.248 220.015
-649.537 213.847
-651.672 208.482
-654.164 200.783
-656.62 192.671
-658.913 185.061
-668.798 146.039
-670.195 138.629
-671.399 131.556
-672.391 124.981
-674.289 115.292
-675.658 106.899
-676.361 100.522
-677.003 94.3689
-678.318 85.0128
-679.09 77.6592
-679.744 70.6052
-680.295 63.9248
-681.107 54.9002
-681.5 48.5301
-682.04 40.1493
-682.373 33.3508
-682.672 26.4965
-682.932 19.6888
-683.132 11.6168
-683.304 5.2125
-683.372 -2.45999
-683.311 -10.7372
-683.019 -20.4524
-683.132 -25.3231
-683.145 -31.4289
-682.779 -39.5515
-682.099 -48.7942
-682.081 -54.3802
-681.676 -61.6322
-681.26 -68.7133
-680.665 -76.2166
-674.166 -117.445
-672.631 -126.121
-671.088 -132.688
-669.463 -139.876
-667.67 -148.102
-666.076 -153.841
-664.263 -161.055
-662.254 -169.003
-659.994 -177.769
-658.188 -183.717
-656.464 -189.353
-653.616 -199.184
-651.634 -205.313
-648.986 -213.538
-647.175 -218.865
-644.465 -226.722
-642.218 -233.099
-639.369 -240.828
-637.981 -245.072
-634.168 -254.502
-631.485 -261.299
-628.565 -268.416
-626.356 -274.102
-622.18 -283.136
-620.501 -287.761
-615.699 -297.325
-614.461 -301.229
-609.812 -310.079
-606.722 -316.541
-589.099 -347.463
-585.138 -353.842
-581.138 -360.141
-577.087 -366.393
-572.977 -372.613
-569.173 -378.168
-565.235 -383.88
-560.44 -390.835
-556.797 -395.893
-552.046 -402.479
-547.726 -408.329
-543.144 -414.414
-538.934 -419.928
-534.083 -426.119
-529.933 -431.404
-524.945 -437.524
-519.711 -443.773
-515.359 -449.026
-510.97 -454.265
-505.124 -460.737
-500.616 -465.916
-481.709 -484.76
-475.005 -491.415
-470.854 -495.14
-464.02 -501.603
-459.829 -505.294
-451.773 -512.613
-446.797 -516.861
-441.559 -521.308
-435.705 -526.209
-429.706 -531.13
-422.082 -537.201
-417.545 -540.787
-412.28 -544.905
-406.251 -549.482
-400.852 -553.586
-393.858 -558.581
-368.067 -577.055
-361.516 -581.005
-355.161 -584.698
-348.375 -588.65
-342.474 -591.836
-335.615 -595.662
-329.332 -598.995
-322.819 -602.416
-316.699 -605.525
-309.918 -608.966
-303.133 -612.326
-296.917 -615.311
-291.408 -617.918
-283.721 -621.488
-277.084 -624.495
-270.326 -627.483
-263.52 -630.419
-255.98 -633.537
-249.612 -636.18
-242.059 -639.131
-235.722 -641.651
-228.198 -644.424
-221.257 -646.971
-214.268 -649.461
-207.19 -651.901
-200.799 -654.169
-193.659 -656.498
-157.405 -665.712
-151.133 -666.88
-142.095 -668.945
-135.78 -670.013
-129.499 -671.061
-121.282 -672.578
-114.201 -673.725
-105.804 -675.091
-101.253 -675.645
-91.7509 -677.022
-83.4197 -678.095
-77.1085 -678.815
-68.5468 -679.734
-61.9128 -680.389
-54.9775 -681.029
-47.8581 -681.629
-40.1886 -682.174
-33.0926 -682.658
-24.0095 -683.001
-16.2598 -683.293
-8.73265 -683.521
-0.64032 -683.622
6.2017 -683.778
14.0372 -683.752
48.0796 -682.464
56.2977 -681.787
62.1472 -680.94
71.3414 -680.112
78.9483 -679.166
86.2401 -678.153
92.7753 -677.121
100.62 -675.954
105.381 -675.044
114.522 -673.577
123.511 -672.008
126.906 -671.297
135.888 -669.532
144.086 -667.816
151.535 -666.177
158.675 -664.546
166.381 -662.683
174.185 -660.698
180.965 -658.958
188.943 -656.734
195.432 -654.973
202.445 -652.96
209.928 -650.672
216.05 -648.938
224.098 -646.215
231.025 -643.959
263.413 -631.242
271.715 -627.774
278.842 -624.532
285.209 -621.451
291.248 -618.437
297.32 -615.376
305.565 -611.371
311.037 -608.427
318.084 -604.735
324.655 -601.181
330.957 -597.69
336.421 -594.609
344.102 -590.198
348.741 -587.532
356.191 -583.041
363.058 -578.811
369.13 -575.033
374.667 -571.597
382.093 -566.627
387.986 -562.753
394.27 -558.479
399.887 -554.71
405.511 -550.891
411.99 -546.161
437.7 -525.364
442.063 -521.349
447.805 -516.324
454.073 -510.799
460.309 -505.17
466.122 -499.753
470.594 -495.372
477.252 -489.001
482.905 -483.379
487.295 -478.853
492.307 -473.675
497.421 -468.307
501.64 -463.868
509.254 -455.414
513.043 -451.237
517.908 -445.726
523.55 -439.075
528.255 -433.513
532.313 -428.799
537.147 -422.862
541.951 -416.831
546.691 -410.753
565.694 -384.559
568.965 -379.196
573.047 -372.809
577.923 -365.279
581.098 -359.815
584.859 -353.5
589.087 -346.371
592.643 -340.098
596.342 -333.481
600.079 -326.653
603.014 -321.114
606.096 -315.276
609.741 -308.192
613.52 -300.6
616.843 -293.785
619.512 -288.398
622.87 -281.164
625.696 -275.198
629.233 -266.928
632.24 -259.965
635.977 -250.278
637.852 -246.724
640.978 -238.367
652.846 -205.284
655.104 -197.63
657.052 -190.452
658.678 -183.877
660.519 -176.654
662.3 -169.397
664.059 -161.994
665.652 -154.873
667.024 -148.316
668.652 -140.628
670.065 -133.48
671.419 -126.321
672.717 -119.134
673.956 -111.923
675.135 -104.692
676.324 -96.8082
677.319 -90.0889
678.338 -82.4133
679.218 -76.2786
680.111 -68.5587
680.923 -60.7756
681.681 -53.8649
682.34 -45.995
682.931 -38.3541
683.528 -31.5491
683.996 -23.9972
