683.006 13.696
682.719 21.6925
682.283 28.9755
681.71 34.6634
681.209 42.7507
680.616 50.9756
679.928 58.8214
679.155 66.6082
678.341 73.5685
677.342 82.4094
676.534 87.8337
675.502 95.3012
674.468 102.297
673.367 109.38
672.008 117.474
671.053 123.318
669.466 131.692
668.154 138.618
666.527 146.431
664.648 154.748
663.62 160.216
661.551 168.544
660.263 174.596
658.212 182.413
656.6 189.036
644.859 226.744
642.301 233.059
639.563 240.012
636.741 247.025
633.904 253.817
630.698 261.651
628.514 265.93
625.119 273.819
621.448 282.149
618.486 288.281
615.305 294.841
612.091 301.325
609.284 306.836
605.351 314.527
602.607 319.764
598.911 326.664
595.501 332.931
592.232 338.881
588.342 345.68
584.12 352.808
580.643 358.751
576.068 366.049
572.483 371.922
568.736 377.926
565.023 383.819
559.936 391.124
556.215 396.827
552.287 402.686
528.197 433.415
522.971 439.595
518.519 444.42
513.339 450.25
509.615 453.971
503.116 461.318
498.519 466.041
492.623 472.269
488.266 476.561
483.52 481.277
478.403 486.323
472.09 492.458
468.246 496.119
461.077 502.77
455.789 507.593
451.282 511.71
446.358 516.152
440.019 521.587
435.042 525.944
427.537 531.954
422.849 535.966
416.058 541.252
410.517 545.671
404.33 550.391
397.922 555.137
371.305 572.979
365.327 576.619
358.423 580.888
352.612 584.26
346.032 588.109
340.22 591.378
332.285 595.898
325.173 599.785
319.033 603.013
312.772 606.257
306.698 609.353
297.844 613.725
292.644 616.253
285.718 619.524
279.112 622.586
271.827 625.834
264.972 628.839
258.47 631.659
251.062 634.692
242.3 638.018
235.863 640.577
204.265 652.239
197.73 653.954
190.792 655.81
182.47 658.187
175.8 659.782
170.47 660.865
161.138 663.298
154.215 664.812
146.158 666.605
135.91 668.93
131.945 669.399
123.519 671.004
116.371 672.229
109.981 673.26
102.365 674.455
94.7187 675.574
88.5115 676.46
80.477 677.479
73.3815 678.346
65.9435 679.172
59.1209 679.923
51.4153 680.623
43.649 681.24
36.4595 681.806
28.0666 682.222
21.0702 682.664
12.2221 682.844
4.61832 683.065
-2.85914 683.23
-41.965 682.249
-48.4738 681.496
-55.5854 680.753
-64.6313 680.023
-71.1016 679.116
-78.058 678.182
-86.747 677.143
-92.8978 676.115
-100.069 674.995
-105.364 674.038
-116.337 672.34
-122.59 671.128
-128.194 670.026
-136.124 668.459
-142.658 667.117
-150.673 665.361
-157.302 663.886
-164.358 662.243
-171.736 660.431
-178.54 658.747
-187.695 656.123
-194.671 654.201
-202.63 651.806
-208.224 650.348
-216.254 647.738
-225.384 644.481
-230.605 643.055
-238.763 640.052
-269.123 627.488
-276.676 624.156
-281.702 621.609
-290.738 617.555
-297.762 614.126
-304.686 610.647
-310.511 607.565
-317.192 604.048
-323.942 600.417
-330.923 596.577
-336.846 593.218
-343.993 589.1
-349.23 586.033
-357.275 581.147
-362.074 578.265
-368.714 574.094
-374.28 570.626
-379.868 567.115
-387.246 562.063
-392.941 558.304
-399.742 553.487
-404.943 550.046
-433.789 527.971
-439.614 522.952
-445.353 517.9
-450.964 512.845
-456.533 507.731
-461.979 502.619
-467.319 497.503
-472.559 492.385
-477.694 487.275
-482.768 482.141
-487.779 476.989
-492.733 471.814
-497.651 466.598
-502.509 461.367
-507.353 456.069
-512.131 450.764
-516.898 445.386
-521.617 439.98
-526.281 434.555
-530.943 429.038
-535.559 423.487
-540.162 417.848
-544.73 412.153
-549.265 406.391
-553.806 400.485
-575.192 368.684
-580.063 361.096
-583.168 355.476
-587.934 347.678
-591.627 341.087
-594.838 335.047
-598.777 327.871
-602.56 320.758
-605.951 314.092
-608.494 308.729
-611.431 302.676
-614.922 295.475
-618.269 288.359
-621.461 281.371
-624.516 274.499
-627.092 268.599
-629.713 262.539
-633.163 254.05
-635.252 249.228
-638.391 241.036
-640.573 235.861
-643.246 228.77
-646.277 219.775
-648.559 213.637
-650.688 208.303
-653.179 200.613
-655.632 192.516
-657.924 184.917
-667.863 145.683
-669.252 138.296
-670.45 131.241
-671.429 124.705
-673.328 115.017
-674.693 106.639
-675.387 100.295
-676.023 94.1697
-677.337 84.8194
-678.106 77.4818
-678.758 70.4386
-679.307 63.7724
-680.119 54.7487
-680.507 48.4123
-681.045 40.0472
-681.375 33.2784
-681.673 26.4535
-681.933 19.6757
-682.132 11.6214
-682.304 5.25055
-682.374 -2.40051
-682.313 -10.662
-682.022 -20.3756
-682.14 -25.1985
-682.158 -31.2685
-681.795 -39.3743
-681.116 -48.6111
-681.107 -54.1563
-680.707 -61.383
-680.299 -68.4378
-679.71 -75.9186
-673.167 -117.408
-671.632 -126.081
-670.09 -132.619
-668.467 -139.782
-666.675 -147.995
-665.085 -153.704
-663.274 -160.911
-661.267 -168.842
-659.009 -177.599
-657.21 -183.512
-655.49 -189.126
-652.645 -198.943
-650.672 -205.04
-648.027 -213.254
-646.229 -218.541
-643.524 -226.383
-641.287 -232.732
-638.445 -240.446
-637.074 -244.65
-633.264 -254.074
-630.588 -260.857
-627.682 -267.946
-625.487 -273.607
-621.315 -282.634
-619.656 -287.225
-614.86 -296.781
-613.645 -300.652
-608.991 -309.507
-605.913 -315.954
-588.183 -347.063
-584.228 -353.427
-580.235 -359.711
-576.195 -365.942
-572.092 -372.147
-568.302 -377.676
-564.375 -383.369
-559.592 -390.306
-555.968 -395.333
-551.232 -401.899
-546.916 -407.741
-542.352 -413.803
-538.155 -419.302
-533.321 -425.471
-529.197 -430.728
-524.216 -436.839
-518.999 -443.071
-514.661 -448.309
-510.295 -453.528
-504.458 -459.992
-499.972 -465.152
-480.975 -484.081
-474.281 -490.725
-470.154 -494.426
-463.318 -500.89
-459.152 -504.558
-451.082 -511.89
-446.118 -516.127
-440.896 -520.56
-435.052 -525.452
-429.069 -530.359
-421.448 -536.428
-416.936 -539.994
-411.696 -544.094
-405.693 -548.652
-400.319 -552.74
-393.329 -557.732
-367.407 -576.304
-360.873 -580.239
-354.537 -583.917
-347.766 -587.857
-341.89 -591.025
-335.046 -594.839
-328.784 -598.159
-322.291 -601.566
-316.196 -604.661
-309.435 -608.091
-302.668 -611.44
-296.478 -614.412
-291.003 -617.004
-283.329 -620.568
-276.708 -623.568
-269.966 -626.55
-263.176 -629.48
-255.646 -632.594
-249.308 -635.227
-241.774 -638.173
-235.452 -640.689
-227.938 -643.458
-221.014 -646.001
-214.049 -648.485
-206.994 -650.92
-200.633 -653.183
-193.516 -655.508
-157.049 -664.777
-150.809 -665.934
-141.785 -667.995
-135.493 -669.055
-129.244 -670.094
-121.041 -671.608
-113.985 -672.749
-105.599 -674.112
-101.099 -674.657
-91.5909 -676.035
-83.2744 -677.105
-76.9812 -677.823
-68.4415 -678.739
-61.8313 -679.392
-54.9332 -680.03
-47.8255 -680.63
-40.1943 -681.174
-33.1189 -681.658
-24.0528 -682.002
-16.3247 -682.295
-8.82157 -682.525
-0.740014 -682.627
6.07922 -682.786
13.9024 -682.761
48.1485 -681.467
56.3353 -680.787
62.1629 -679.94
71.3349 -679.112
78.9287 -678.166
86.1889 -677.155
92.7092 -676.124
100.527 -674.958
105.256 -674.052
114.39 -672.585
123.378 -671.017
126.728 -670.313
135.701 -668.549
143.875 -666.838
151.294 -665.207
158.409 -663.582
166.095 -661.725
173.88 -659.745
180.641 -658.012
188.611 -655.79
195.078 -654.038
202.068 -652.033
209.534 -649.753
215.625 -648.033
223.661 -645.316
230.566 -643.071
263.133 -630.282
271.427 -626.816
278.526 -623.583
284.867 -620.511
290.885 -617.505
296.929 -614.456
305.159 -610.458
310.613 -607.521
317.657 -603.831
324.221 -600.28
330.513 -596.794
335.947 -593.729
343.618 -589.323
348.225 -586.675
355.658 -582.195
362.51 -577.974
368.56 -574.211
374.07 -570.794
381.489 -565.83
387.36 -561.974
393.633 -557.708
399.221 -553.964
404.824 -550.164
411.289 -545.447
437.136 -524.538
441.469 -520.545
447.2 -515.528
453.449 -510.018
459.674 -504.398
465.472 -498.993
469.918 -494.636
476.57 -488.269
482.209 -482.661
486.579 -478.155
491.584 -472.984
496.692 -467.623
500.896 -463.199
508.524 -454.73
512.285 -450.584
517.135 -445.093
522.768 -438.451
527.458 -432.909
531.494 -428.224
536.317 -422.305
541.108 -416.292
545.837 -410.232
564.94 -383.901
568.19 -378.565
572.257 -372.195
577.123 -364.678
580.283 -359.236
584.03 -352.941
588.249 -345.825
591.791 -339.575
595.479 -332.977
599.205 -326.167
602.123 -320.659
605.195 -314.842
608.832 -307.775
612.605 -300.198
615.922 -293.395
618.583 -288.027
621.938 -280.803
624.758 -274.852
628.292 -266.59
631.297 -259.633
635.029 -249.96
636.892 -246.445
640.011 -238.113
651.946 -204.849
654.193 -197.218
656.135 -190.055
657.752 -183.5
659.581 -176.306
661.358 -169.064
663.109 -161.682
664.693 -154.592
666.056 -148.065
667.681 -140.388
669.087 -133.273
670.438 -126.131
671.731 -118.968
672.966 -111.782
674.142 -104.577
675.329 -96.7125
676.321 -90.0152
677.34 -82.353
678.219 -76.2372
679.112 -68.5218
679.924 -60.7509
680.681 -53.8695
681.341 -46.0198
681.932 -38.4015
682.531 -31.6269
683.001 -24.0983
