682.013 13.8073
681.723 21.7854
681.286 29.0439
680.711 34.6916
680.209 42.7618
679.616 50.971
678.928 58.7974
678.156 66.5643
677.343 73.4968
676.346 82.3277
675.541 87.7099
674.513 95.1541
673.482 102.131
672.384 109.195
671.026 117.287
670.075 123.11
668.489 131.477
667.184 138.376
665.561 146.17
663.687 154.474
662.67 159.902
660.606 168.218
659.33 174.236
657.285 182.037
655.682 188.639
643.876 226.559
641.322 232.852
638.592 239.775
635.775 246.766
632.945 253.535
629.743 261.355
627.572 265.595
624.184 273.464
620.517 281.786
617.566 287.89
614.391 294.434
611.184 300.903
608.389 306.39
604.458 314.078
601.731 319.281
598.044 326.165
594.643 332.417
591.385 338.349
587.502 345.138
583.284 352.26
579.819 358.185
575.256 365.464
571.689 371.314
567.955 377.302
564.26 383.172
559.186 390.463
555.479 396.149
551.577 401.982
527.349 432.885
522.133 439.049
517.705 443.84
512.532 449.66
508.835 453.345
502.332 460.698
497.75 465.402
491.856 471.627
487.517 475.899
482.791 480.592
477.692 485.62
471.392 491.743
467.566 495.385
460.404 502.03
455.135 506.836
450.649 510.936
445.749 515.359
439.414 520.79
434.456 525.133
426.954 531.142
422.289 535.137
415.516 540.411
409.998 544.816
403.83 549.525
397.439 554.262
370.682 572.196
364.727 575.819
357.838 580.076
352.053 583.431
345.493 587.267
339.707 590.52
331.773 595.04
324.675 598.918
318.553 602.136
312.3 605.375
306.252 608.458
297.404 612.826
292.24 615.338
285.324 618.605
278.734 621.66
271.459 624.905
264.618 627.904
258.142 630.714
250.752 633.741
241.995 637.066
235.586 639.617
203.823 651.343
197.315 653.044
190.402 654.89
182.099 657.258
175.456 658.843
170.161 659.914
160.838 662.344
153.942 663.85
145.901 665.638
135.649 667.965
131.731 668.423
123.31 670.026
116.177 671.248
109.812 672.274
102.215 673.466
94.5882 674.582
88.4147 675.465
80.3883 676.482
73.3102 677.349
65.8872 678.173
59.086 678.924
51.4023 679.623
43.6486 680.24
36.4942 680.806
28.1078 681.223
21.1401 681.666
12.3109 681.848
4.72974 682.071
-2.72405 682.24
-42.0473 681.252
-48.5316 680.497
-55.6163 679.754
-64.6453 679.023
-71.0827 678.116
-78.0194 677.183
-86.6878 676.145
-92.8111 675.118
-99.9567 674.002
-105.217 673.049
-116.208 671.348
-122.436 670.14
-128.011 669.043
-135.924 667.48
-142.429 666.143
-150.429 664.391
-157.037 662.922
-164.077 661.283
-171.441 659.476
-178.227 657.798
-187.376 655.175
-194.337 653.259
-202.272 650.872
-207.829 649.43
-215.845 646.825
-224.965 643.573
-230.161 642.159
-238.294 639.169
-268.817 626.536
-276.354 623.21
-281.341 620.676
-290.377 616.623
-297.381 613.201
-304.286 609.731
-310.089 606.658
-316.758 603.148
-323.497 599.522
-330.461 595.69
-336.359 592.344
-343.493 588.233
-348.7 585.185
-356.735 580.306
-361.507 577.441
-368.132 573.281
-373.679 569.827
-379.242 566.335
-386.607 561.294
-392.28 557.554
-399.082 552.736
-404.262 549.314
-433.276 527.112
-439.082 522.105
-444.801 517.067
-450.386 512.029
-455.935 506.93
-461.368 501.827
-466.701 496.716
-471.922 491.614
-477.038 486.52
-482.099 481.398
-487.091 476.263
-492.033 471.1
-496.933 465.902
-501.768 460.695
-506.601 455.41
-511.362 450.125
-516.108 444.773
-520.816 439.38
-525.466 433.976
-530.114 428.479
-534.716 422.949
-539.306 417.331
-543.862 411.656
-548.386 405.915
-552.915 400.03
-574.431 368.036
-579.294 360.456
-582.387 354.852
-587.142 347.068
-590.816 340.501
-594.018 334.474
-597.943 327.32
-601.715 320.224
-605.093 313.579
-607.62 308.242
-610.547 302.21
-614.032 295.018
-617.375 287.911
-620.557 280.942
-623.603 274.09
-626.167 268.22
-628.777 262.189
-632.224 253.705
-634.302 248.916
-637.436 240.742
-639.609 235.596
-642.276 228.527
-645.304 219.543
-647.581 213.428
-649.704 208.124
-652.193 200.443
-654.644 192.361
-656.933 184.782
-666.931 145.32
-668.309 137.963
-669.501 130.926
-670.471 124.421
-672.366 114.743
-673.729 106.371
-674.413 100.069
-675.043 93.9704
-676.356 84.626
-677.122 77.3044
-677.772 70.2721
-678.318 63.6201
-679.13 54.5974
-679.514 48.2947
-680.05 39.945
-680.378 33.206
-680.674 26.4106
-680.933 19.6625
-681.132 11.6259
-681.305 5.28854
-681.375 -2.34109
-681.316 -10.5869
-681.025 -20.2987
-681.148 -25.074
-681.171 -31.1082
-680.809 -39.2045
-680.133 -48.4281
-680.132 -53.9324
-679.739 -61.1341
-679.338 -68.1626
-678.755 -75.6209
-672.168 -117.37
-670.633 -126.042
-669.093 -132.549
-667.471 -139.689
-665.681 -147.888
-664.094 -153.575
-662.284 -160.766
-660.278 -168.689
-658.023 -177.428
-656.229 -183.315
-654.517 -188.898
-651.674 -198.702
-649.71 -204.767
-647.068 -212.969
-645.282 -218.217
-642.583 -226.045
-640.357 -232.366
-637.521 -240.064
-636.164 -244.235
-632.361 -253.647
-629.695 -260.406
-626.799 -267.477
-624.622 -273.106
-620.45 -282.132
-618.816 -286.682
-614.017 -296.243
-612.828 -300.075
-608.175 -308.928
-605.109 -315.359
-587.266 -346.663
-583.318 -353.012
-579.328 -359.29
-575.302 -365.491
-571.207 -371.682
-567.432 -377.184
-563.515 -382.859
-558.744 -389.776
-555.135 -394.781
-550.412 -401.326
-546.112 -407.147
-541.561 -413.192
-537.381 -418.669
-532.554 -424.829
-528.455 -430.057
-523.487 -436.155
-518.287 -442.369
-513.965 -447.592
-509.619 -452.791
-503.797 -459.241
-499.321 -464.392
-480.241 -483.402
-473.551 -490.042
-469.454 -493.712
-462.616 -500.178
-458.475 -503.823
-450.392 -511.167
-445.438 -515.393
-440.232 -519.812
-434.399 -524.694
-428.433 -529.587
-420.814 -535.655
-416.333 -539.197
-411.118 -543.277
-405.135 -547.823
-399.786 -551.893
-392.807 -556.879
-366.748 -575.551
-360.23 -579.473
-353.913 -583.135
-347.157 -587.064
-341.305 -590.213
-334.476 -594.017
-328.237 -597.322
-321.764 -600.716
-315.693 -603.796
-308.951 -607.216
-302.204 -610.554
-296.04 -613.513
-290.597 -616.09
-282.937 -619.648
-276.331 -622.642
-269.606 -625.617
-262.832 -628.541
-255.313 -631.652
-249.012 -634.272
-241.489 -637.214
-235.181 -639.726
-227.679 -642.492
-220.771 -645.031
-213.83 -647.51
-206.798 -649.94
-200.467 -652.197
-193.374 -654.518
-156.694 -663.842
-150.485 -664.988
-141.474 -667.044
-135.206 -668.097
-128.989 -669.127
-120.8 -670.637
-113.768 -671.773
-105.395 -673.133
-100.945 -673.669
-91.431 -675.048
-83.1292 -676.116
-76.8539 -676.831
-68.3281 -677.746
-61.7498 -678.395
-54.8809 -679.032
-47.801 -679.63
-40.1922 -680.174
-33.1451 -680.658
-24.096 -681.003
-16.3821 -681.297
-8.90293 -681.528
-0.839605 -681.632
5.95684 -681.793
13.7678 -681.77
48.2099 -680.469
56.3813 -679.789
62.1784 -678.94
71.3284 -678.112
78.9174 -677.167
86.1376 -676.156
92.6431 -675.126
100.442 -673.961
105.131 -673.06
114.266 -671.593
123.244 -670.026
126.551 -669.329
135.507 -667.568
143.664 -665.861
151.061 -664.234
158.142 -662.618
165.817 -660.764
173.576 -658.792
180.317 -657.066
188.279 -654.847
194.725 -653.102
201.692 -651.107
209.14 -648.834
215.2 -647.128
223.224 -644.416
230.107 -642.183
262.854 -629.322
271.139 -625.858
278.219 -622.632
284.533 -619.569
290.522 -616.573
296.538 -613.535
304.76 -609.541
310.188 -606.616
317.23 -602.926
323.787 -599.379
330.07 -595.898
335.472 -592.848
343.133 -588.448
347.703 -585.823
355.125 -581.349
361.962 -577.138
367.99 -573.39
373.473 -569.992
380.885 -565.034
386.734 -561.194
392.99 -556.942
398.555 -553.217
404.137 -549.438
410.589 -544.733
436.573 -523.712
440.881 -519.736
446.595 -514.732
452.825 -509.236
459.038 -503.626
464.822 -498.233
469.241 -493.899
475.882 -487.543
481.513 -481.944
485.864 -477.456
490.861 -472.293
495.962 -466.938
500.153 -462.53
507.789 -454.053
511.528 -449.932
516.361 -444.459
521.987 -437.827
526.661 -432.305
530.671 -427.656
535.486 -421.748
540.266 -415.753
544.984 -409.71
564.187 -383.243
567.414 -377.934
571.468 -371.581
576.328 -364.071
579.468 -358.656
583.201 -352.381
587.412 -345.279
590.939 -339.051
594.615 -332.472
598.331 -325.681
601.233 -320.204
604.291 -314.416
607.919 -307.366
611.69 -299.795
615.001 -293.006
617.654 -287.656
621.009 -280.434
623.82 -274.505
627.351 -266.251
630.351 -259.31
634.081 -249.641
635.931 -246.165
639.044 -237.859
651.042 -204.42
653.285 -196.799
655.217 -189.657
656.825 -183.124
658.644 -175.958
660.415 -168.731
662.157 -161.377
663.733 -154.311
665.088 -147.813
666.708 -140.156
668.109 -133.065
669.456 -125.94
670.743 -118.811
671.976 -111.642
673.148 -104.461
674.333 -96.6168
675.324 -89.9414
676.342 -82.2925
677.22 -76.1957
678.112 -68.4848
678.924 -60.7261
679.681 -53.8741
680.341 -46.0446
680.933 -38.4488
681.534 -31.7044
682.006 -24.1993
