681.019 13.9185
680.727 21.8782
680.288 29.1122
679.711 34.7196
679.209 42.7729
678.616 50.9663
677.928 58.7733
677.157 66.5203
676.346 73.425
675.349 82.2459
674.549 87.586
673.523 95.0071
672.495 101.965
671.401 109.01
670.043 117.101
669.097 122.902
667.512 131.262
666.214 138.133
664.596 145.91
662.725 154.2
661.721 159.589
659.661 167.892
658.395 173.883
656.359 181.661
654.764 188.242
642.894 226.374
640.344 232.646
637.62 239.537
634.809 246.507
631.984 253.26
628.788 261.058
626.63 265.26
623.246 273.116
619.585 281.423
616.645 287.499
613.477 294.028
610.278 300.481
607.494 305.944
603.564 313.629
600.855 318.799
597.178 325.666
593.785 331.903
590.539 337.817
586.661 344.597
582.448 351.711
578.999 357.611
574.445 364.88
570.896 370.705
567.178 376.671
563.502 382.52
558.435 389.802
554.749 395.465
550.867 401.278
526.501 432.354
521.295 438.503
516.885 443.267
511.725 449.069
508.055 452.719
501.549 460.077
496.98 464.763
491.089 470.986
486.768 475.236
482.062 479.908
476.98 484.917
470.687 491.033
466.893 494.646
459.731 501.291
454.481 506.08
450.023 510.157
445.14 514.567
438.81 519.994
433.87 524.323
426.364 530.335
421.729 534.309
414.967 539.575
409.473 543.965
403.323 548.663
396.955 553.386
370.06 571.414
364.128 575.018
357.254 579.265
351.5 582.597
344.953 586.425
339.194 589.661
331.267 594.177
324.177 598.051
318.072 601.259
311.836 604.489
305.813 607.559
296.964 611.928
291.836 614.424
284.931 617.686
278.356 620.734
271.09 623.975
264.263 626.969
257.813 629.77
250.441 632.79
241.69 636.113
235.31 638.656
203.387 650.442
196.908 652.13
190.019 653.966
181.727 656.33
175.113 657.904
169.858 658.961
160.539 661.39
153.669 662.888
145.645 664.672
135.388 667
131.516 667.446
123.1 669.049
115.984 670.267
109.642 671.289
102.065 672.478
94.4577 673.591
88.3178 674.469
80.2995 675.486
73.239 676.351
65.8308 677.175
59.0509 677.924
51.3892 678.623
43.6564 679.24
36.5289 679.807
28.1574 680.224
21.2182 680.669
12.3997 680.852
4.84104 681.077
-2.58909 681.249
-42.138 680.257
-48.5893 679.499
-55.6471 678.754
-64.6676 678.023
-71.072 677.116
-77.9806 676.184
-86.6367 675.146
-92.7244 674.122
-99.8442 673.008
-105.069 672.06
-116.079 670.357
-122.283 669.152
-127.827 668.06
-135.724 666.5
-142.2 665.17
-150.184 663.421
-156.773 661.958
-163.797 660.324
-171.147 658.52
-177.914 656.848
-187.058 654.227
-193.994 652.319
-201.914 649.938
-207.433 648.511
-215.444 645.909
-224.553 642.662
-229.71 641.267
-237.831 638.282
-268.511 625.584
-276.032 622.263
-280.98 619.743
-290.015 615.691
-296.994 612.28
-303.878 608.818
-309.668 605.751
-316.316 602.25
-323.044 598.63
-329.993 594.807
-335.873 591.47
-342.986 587.371
-348.17 584.337
-356.194 579.464
-360.94 576.617
-367.549 572.468
-373.078 569.028
-378.616 565.555
-385.968 560.525
-391.625 556.798
-398.422 551.985
-403.582 548.581
-432.758 526.257
-438.544 521.262
-444.243 516.237
-449.808 511.213
-455.337 506.128
-460.757 501.036
-466.077 495.935
-471.285 490.842
-476.388 485.76
-481.436 480.649
-486.404 475.537
-491.333 470.386
-496.21 465.212
-501.033 460.017
-505.843 454.757
-510.593 449.485
-515.318 444.16
-520.016 438.78
-524.651 433.396
-529.285 427.92
-533.873 422.411
-538.451 416.813
-542.994 411.16
-547.506 405.44
-552.025 399.575
-573.669 367.388
-578.531 359.81
-581.607 354.227
-586.35 346.456
-590.01 339.91
-593.194 333.908
-597.109 326.769
-600.87 319.69
-604.234 313.066
-606.747 307.756
-609.662 301.743
-613.143 294.56
-616.481 287.463
-619.654 280.513
-622.69 273.682
-625.242 267.84
-627.84 261.838
-631.286 253.36
-633.352 248.605
-636.48 240.448
-638.642 235.34
-641.306 228.283
-644.331 219.312
-646.604 213.219
-648.72 207.945
-651.208 200.273
-653.657 192.206
-655.942 184.646
-666 144.956
-667.369 137.623
-668.552 130.611
-669.512 124.137
-671.404 114.469
-672.764 106.11
-673.441 99.8339
-674.063 93.7713
-675.375 84.4328
-676.137 77.1272
-676.786 70.1057
-677.33 63.4679
-678.142 54.4461
-678.52 48.177
-679.056 39.843
-679.381 33.1336
-679.675 26.3595
-679.933 19.6413
-680.132 11.6304
-680.306 5.31861
-680.377 -2.28954
-680.319 -10.5196
-680.028 -20.2219
-680.155 -24.9571
-680.182 -30.9554
-679.824 -39.0348
-679.149 -48.2453
-679.156 -53.7158
-678.77 -60.8853
-678.376 -67.8876
-677.799 -75.33
-671.169 -117.325
-669.634 -125.995
-668.095 -132.48
-666.476 -139.597
-664.686 -147.789
-663.102 -153.447
-661.295 -160.621
-659.29 -168.535
-657.037 -177.266
-655.249 -183.118
-653.543 -188.67
-650.704 -198.462
-648.746 -204.502
-646.11 -212.685
-644.334 -217.901
-641.642 -225.706
-639.424 -232.007
-636.597 -239.682
-635.254 -243.82
-631.457 -253.219
-628.803 -259.956
-625.916 -267.008
-623.756 -272.605
-619.585 -281.63
-617.976 -286.14
-613.174 -295.705
-612.011 -299.498
-607.36 -308.35
-604.305 -314.765
-586.35 -346.263
-582.405 -352.605
-578.422 -358.868
-574.406 -365.047
-570.322 -371.217
-566.561 -376.692
-562.659 -382.342
-557.896 -389.246
-554.306 -394.222
-549.593 -400.753
-545.308 -406.553
-540.769 -412.581
-536.607 -418.036
-531.792 -424.181
-527.713 -429.386
-522.758 -435.471
-517.574 -441.667
-513.268 -446.875
-508.943 -452.053
-503.136 -458.49
-498.677 -463.627
-479.507 -482.723
-472.821 -489.358
-468.754 -492.998
-461.92 -499.46
-457.797 -503.087
-449.701 -510.443
-444.759 -514.659
-439.568 -519.064
-433.746 -523.937
-427.796 -528.816
-420.179 -534.882
-415.73 -538.399
-410.534 -542.465
-404.576 -546.993
-399.253 -551.047
-392.286 -556.026
-366.089 -574.799
-359.587 -578.707
-353.289 -582.354
-346.549 -586.271
-340.721 -589.402
-333.907 -593.195
-327.689 -596.485
-321.237 -599.867
-315.191 -602.932
-308.467 -606.341
-301.74 -609.668
-295.601 -612.615
-290.192 -615.176
-282.545 -618.728
-275.955 -621.715
-269.246 -624.684
-262.488 -627.602
-254.987 -630.706
-248.715 -633.317
-241.204 -636.256
-234.918 -638.761
-227.427 -641.525
-220.528 -644.061
-213.612 -646.534
-206.595 -648.961
-200.294 -651.212
-193.224 -653.529
-156.338 -662.908
-150.161 -664.041
-141.164 -666.093
-134.919 -667.139
-128.735 -668.16
-120.559 -669.667
-113.552 -670.796
-105.191 -672.154
-100.79 -672.681
-91.271 -674.061
-82.9839 -675.126
-76.7267 -675.84
-68.2147 -676.752
-61.6684 -677.399
-54.8286 -678.033
-47.7765 -678.63
-40.1901 -679.174
-33.1712 -679.659
-24.1392 -680.004
-16.4393 -680.298
-8.98419 -680.532
-0.939091 -680.637
5.83459 -680.801
13.6333 -680.779
48.2711 -679.47
56.4272 -678.79
62.1863 -677.94
71.3303 -677.112
78.8985 -676.167
86.0947 -675.157
92.5691 -674.129
100.357 -672.965
105.007 -672.068
114.142 -670.601
123.119 -669.034
126.365 -668.346
135.312 -666.587
143.453 -664.883
150.827 -663.262
157.884 -661.652
165.539 -659.804
173.279 -657.837
179.993 -656.12
187.947 -653.904
194.372 -652.167
201.316 -650.18
208.745 -647.915
214.775 -646.222
222.794 -643.513
229.648 -641.294
262.574 -628.361
270.851 -624.901
277.912 -621.68
284.198 -618.626
290.158 -615.642
296.147 -612.615
304.362 -608.624
309.764 -605.71
316.803 -602.022
323.353 -598.478
329.627 -595.001
334.998 -591.968
342.648 -587.573
347.18 -584.97
354.592 -580.502
361.414 -576.301
367.42 -572.568
372.877 -569.189
380.28 -564.237
386.108 -560.414
392.347 -556.176
397.89 -552.471
403.449 -548.712
409.889 -544.019
436.016 -522.881
440.293 -518.927
445.989 -513.936
452.208 -508.449
458.409 -502.849
464.166 -497.478
468.571 -493.157
475.194 -486.818
480.816 -481.226
485.149 -476.757
490.138 -471.602
495.233 -466.254
499.41 -461.861
507.054 -453.375
510.77 -449.279
515.587 -443.826
521.2 -437.209
525.864 -431.701
529.848 -427.088
534.651 -421.198
539.424 -415.214
544.131 -409.189
563.434 -382.586
566.638 -377.303
570.679 -370.967
575.534 -363.464
578.653 -358.077
582.372 -351.822
586.574 -344.733
590.088 -338.527
593.752 -331.968
597.457 -325.195
600.343 -319.749
603.386 -313.99
607.006 -306.958
610.774 -299.392
614.08 -292.616
616.725 -287.285
620.079 -280.065
622.882 -274.158
626.413 -265.905
629.404 -258.986
633.136 -249.314
634.969 -245.894
638.079 -237.598
650.142 -203.984
652.377 -196.38
654.299 -189.26
655.896 -182.755
657.706 -175.611
659.469 -168.405
661.205 -161.072
662.773 -154.03
664.12 -147.562
665.736 -139.924
667.131 -132.858
668.473 -125.758
669.756 -118.653
670.984 -111.51
672.154 -104.354
673.337 -96.5293
674.327 -89.8676
675.344 -82.232
676.221 -76.1541
677.113 -68.4478
677.924 -60.7013
678.681 -53.8785
679.341 -46.0692
679.934 -38.496
680.537 -31.7819
681.011 -24.3002
