680.025 14.0295
679.732 21.9709
679.29 29.1804
678.711 34.7476
678.21 42.7839
677.616 50.9615
676.928 58.7492
676.158 66.4762
675.348 73.3532
674.352 82.1641
673.557 87.4622
672.534 94.8601
671.509 101.799
670.418 108.825
669.061 116.915
668.119 122.694
666.536 131.047
665.242 137.899
663.63 145.649
661.763 153.926
660.769 159.282
658.713 167.573
657.459 173.531
655.429 181.292
653.846 187.846
641.911 226.188
639.365 232.44
636.649 239.301
633.841 246.256
631.024 252.979
627.833 260.763
625.687 264.926
622.309 272.769
618.656 281.052
615.724 287.109
612.563 293.621
609.372 300.058
606.599 305.498
602.671 313.179
599.979 318.316
596.311 325.167
592.927 331.389
589.692 337.285
585.821 344.055
581.612 351.163
578.18 357.038
573.633 364.296
570.102 370.097
566.402 376.041
562.744 381.867
557.685 389.141
554.019 394.782
550.157 400.574
525.654 431.824
520.457 437.957
516.066 442.693
510.918 448.479
507.275 452.093
500.765 459.455
496.211 464.124
490.322 470.343
486.019 474.574
481.333 479.223
476.269 484.215
469.983 490.323
466.22 493.906
459.058 500.551
453.827 505.323
449.396 509.377
444.531 513.774
438.206 519.197
433.284 523.513
425.775 529.527
421.169 533.48
414.426 538.735
408.948 543.114
402.816 547.801
396.466 552.514
369.444 570.626
363.535 574.213
356.675 578.449
350.948 581.764
344.413 585.583
338.688 588.799
330.761 593.314
323.679 597.184
317.591 600.382
311.371 603.604
305.374 606.661
296.525 611.03
291.431 613.509
284.537 616.766
277.978 619.809
270.721 623.046
263.909 626.034
257.485 628.825
250.131 631.84
241.385 635.161
235.033 637.695
202.951 649.542
196.5 651.217
189.636 653.042
181.356 655.401
174.769 656.965
169.556 658.007
160.239 660.435
153.396 661.926
145.388 663.705
135.135 666.032
131.302 666.469
122.891 668.071
115.791 669.286
109.472 670.303
101.915 671.489
94.3272 672.599
88.2128 673.475
80.2107 674.49
73.1597 675.354
65.7664 676.177
59.0159 676.925
51.3761 677.623
43.6565 678.24
36.5559 678.807
28.2068 679.225
21.2962 679.672
12.4883 679.856
4.95223 680.083
-2.45426 680.258
-42.2285 679.261
-48.6468 678.501
-55.6777 677.755
-64.6824 677.023
-71.0613 676.116
-77.9342 675.185
-86.5856 674.148
-92.6299 673.127
-99.7238 672.015
-104.922 671.071
-115.943 669.366
-122.121 668.165
-127.643 667.077
-135.524 665.52
-141.97 664.197
-149.94 662.452
-156.509 660.993
-163.516 659.364
-170.853 657.564
-177.601 655.898
-186.74 653.279
-193.652 651.38
-201.556 649.004
-207.037 647.593
-215.035 644.997
-224.142 641.75
-229.258 640.375
-237.368 637.396
-268.205 624.632
-275.711 621.316
-280.627 618.808
-289.646 614.761
-296.606 611.358
-303.471 607.905
-309.239 604.848
-315.875 601.353
-322.591 597.738
-329.532 593.919
-335.394 590.593
-342.486 586.505
-347.64 583.489
-355.654 578.623
-360.38 575.789
-366.966 571.656
-372.47 568.234
-377.984 564.781
-385.329 559.756
-390.97 556.042
-397.762 551.234
-402.901 547.848
-432.239 525.402
-438.005 520.42
-443.684 515.407
-449.229 510.398
-454.739 505.327
-460.146 500.244
-465.453 495.153
-470.648 490.072
-475.738 485
-480.768 479.906
-485.716 474.811
-490.628 469.677
-495.486 464.521
-500.292 459.345
-505.085 454.105
-509.819 448.852
-514.528 443.546
-519.216 438.181
-523.841 432.81
-528.456 427.361
-533.026 421.88
-537.595 416.296
-542.126 410.663
-546.626 404.964
-551.134 399.12
-572.908 366.74
-577.767 359.164
-580.821 353.608
-585.559 345.845
-589.204 339.318
-592.37 333.341
-596.274 326.218
-600.024 319.155
-603.376 312.553
-605.873 307.269
-608.778 301.277
-612.254 294.103
-615.587 287.015
-618.751 280.084
-621.778 273.273
-624.317 267.46
-626.907 261.479
-630.347 253.015
-632.402 248.293
-635.524 240.153
-637.677 235.077
-640.336 228.041
-643.358 219.08
-645.627 213.002
-647.737 207.758
-650.223 200.103
-652.669 192.05
-654.951 184.51
-665.068 144.593
-666.429 137.282
-667.603 130.296
-668.553 123.853
-670.445 114.186
-671.799 105.849
-672.467 99.6067
-673.083 93.5722
-674.392 84.2472
-675.153 76.95
-675.8 69.9393
-676.342 63.3157
-677.153 54.2949
-677.527 48.0594
-678.061 39.741
-678.384 33.0531
-678.676 26.3085
-678.933 19.6201
-679.132 11.6269
-679.306 5.34862
-679.378 -2.23805
-679.321 -10.4524
-679.031 -20.1368
-679.162 -24.8403
-679.194 -30.8027
-678.838 -38.8653
-678.166 -48.0626
-678.18 -53.4993
-677.8 -60.6436
-677.413 -67.6194
-676.842 -75.0392
-670.17 -117.279
-668.635 -125.948
-667.097 -132.412
-665.48 -139.504
-663.691 -147.69
-662.11 -153.318
-660.305 -160.477
-658.302 -168.382
-656.05 -177.104
-654.268 -182.921
-652.571 -188.435
-649.731 -198.229
-647.781 -204.237
-645.149 -212.408
-643.385 -217.585
-640.699 -225.375
-638.49 -231.647
-635.67 -239.307
-634.348 -243.398
-630.553 -252.791
-627.91 -259.506
-625.033 -266.538
-622.887 -272.11
-618.72 -281.128
-617.136 -285.597
-612.33 -295.168
-611.199 -298.914
-606.544 -307.772
-603.501 -314.171
-585.43 -345.87
-581.491 -352.198
-577.515 -358.446
-573.51 -364.604
-569.437 -370.751
-565.691 -376.199
-561.803 -381.825
-557.048 -388.717
-553.477 -393.663
-548.774 -400.179
-544.503 -405.959
-539.978 -411.969
-535.833 -417.403
-531.031 -423.533
-526.971 -428.716
-522.029 -434.786
-516.857 -440.97
-512.571 -446.157
-508.268 -451.316
-502.47 -457.745
-498.033 -462.862
-478.773 -482.043
-472.096 -488.669
-468.059 -492.279
-461.224 -498.742
-457.12 -502.352
-449.01 -509.72
-444.08 -513.925
-438.905 -518.316
-433.094 -523.179
-427.16 -528.045
-419.545 -534.109
-415.127 -537.601
-409.95 -541.654
-404.011 -546.168
-398.72 -550.201
-391.757 -555.177
-365.431 -574.047
-358.945 -577.941
-352.671 -581.568
-345.94 -585.477
-340.136 -588.591
-333.338 -592.373
-327.142 -595.648
-320.709 -599.017
-314.688 -602.067
-307.983 -605.465
-301.269 -608.787
-295.162 -611.716
-289.787 -614.261
-282.153 -617.808
-275.579 -620.789
-268.885 -623.752
-262.143 -626.663
-254.661 -629.761
-248.419 -632.362
-240.918 -635.297
-234.655 -637.797
-227.175 -640.557
-220.293 -643.089
-213.394 -645.558
-206.399 -647.98
-200.12 -650.227
-193.074 -652.541
-155.99 -661.97
-149.838 -663.095
-140.853 -665.143
-134.632 -666.181
-128.48 -667.193
-120.326 -668.694
-113.336 -669.82
-104.995 -671.174
-100.636 -671.693
-91.1112 -673.073
-82.8307 -674.138
-76.5995 -674.848
-68.1014 -675.759
-61.5869 -676.402
-54.7763 -677.034
-47.752 -677.63
-40.1879 -678.174
-33.1972 -678.659
-24.1746 -679.005
-16.4965 -679.3
-9.06536 -679.535
-1.03847 -679.642
5.71244 -679.808
13.4989 -679.788
48.3322 -678.472
56.473 -677.791
62.194 -676.94
71.332 -676.112
78.8795 -675.167
86.0517 -674.158
92.495 -673.131
100.272 -671.969
104.882 -671.075
114.019 -669.608
122.994 -668.042
126.18 -667.363
135.117 -665.607
143.243 -663.906
150.594 -662.29
157.625 -660.686
165.26 -658.843
172.983 -656.882
179.669 -655.174
187.615 -652.96
194.019 -651.231
200.94 -649.254
208.358 -646.993
214.357 -645.314
222.365 -642.61
229.189 -640.406
262.295 -627.401
270.562 -623.943
277.604 -620.729
283.864 -617.684
289.795 -614.71
295.756 -611.695
303.963 -607.707
309.34 -604.805
316.375 -601.118
322.919 -597.577
329.183 -594.105
334.523 -591.088
342.164 -586.699
346.665 -584.113
354.06 -579.656
360.866 -575.465
366.85 -571.746
372.28 -568.387
379.676 -563.44
385.482 -559.634
391.705 -555.41
397.224 -551.725
402.762 -547.985
409.189 -543.305
435.453 -522.055
439.705 -518.118
445.384 -513.14
451.585 -507.668
457.774 -502.076
463.516 -496.718
467.894 -492.421
474.512 -486.086
480.12 -480.508
484.433 -476.058
489.415 -470.911
494.504 -465.57
498.667 -461.192
506.318 -452.698
510.013 -448.626
514.808 -443.198
520.419 -436.585
525.063 -431.103
529.026 -426.52
533.82 -420.641
538.582 -414.674
543.277 -408.668
562.68 -381.928
565.862 -376.672
569.889 -370.353
574.739 -362.857
577.838 -357.497
581.542 -351.263
585.736 -344.187
589.236 -338.003
592.888 -331.464
596.583 -324.709
599.452 -319.294
602.481 -313.564
606.094 -306.549
609.859 -298.99
613.159 -292.226
615.797 -286.915
619.15 -279.696
621.944 -273.812
625.475 -265.56
628.458 -258.662
632.191 -248.988
634.007 -245.622
637.113 -237.337
649.242 -203.549
651.469 -195.962
653.381 -188.863
654.967 -182.385
656.768 -175.264
658.524 -168.079
660.252 -160.767
661.814 -153.749
663.152 -147.31
664.763 -139.692
666.152 -132.65
667.49 -125.575
668.768 -118.496
669.993 -111.377
671.16 -104.247
672.341 -96.4418
673.329 -89.802
674.345 -82.1715
675.222 -76.1125
676.114 -68.4106
676.925 -60.6764
677.681 -53.8829
678.341 -46.0938
678.935 -38.543
679.54 -31.8592
680.016 -24.4009
