679.031 14.1403
678.736 22.0635
678.293 29.2485
677.712 34.7755
677.21 42.7948
676.616 50.9566
675.929 58.7249
675.159 66.4321
674.351 73.2813
673.356 82.0822
672.564 87.3383
671.545 94.713
670.523 101.633
669.435 108.641
668.078 116.728
667.141 122.486
665.559 130.832
664.269 137.664
662.663 145.396
660.804 153.644
659.82 158.968
657.765 167.254
656.523 173.178
654.5 180.923
652.928 187.449
640.93 225.996
638.389 232.226
635.677 239.065
632.875 245.998
630.065 252.697
626.877 260.467
624.747 264.584
621.374 272.414
617.724 280.69
614.804 286.719
611.653 293.208
608.468 299.629
605.704 305.051
601.777 312.73
599.103 317.834
595.444 324.668
592.069 330.875
588.841 336.76
584.98 343.513
580.775 350.614
577.36 356.465
572.822 363.711
569.308 369.489
565.626 375.411
561.986 381.215
556.934 388.481
553.289 394.099
549.447 399.87
524.806 431.293
519.624 437.405
515.247 442.12
510.116 447.882
506.495 451.467
499.986 458.828
495.447 463.479
489.556 469.701
485.27 473.911
480.604 478.539
475.558 483.512
469.279 489.614
465.547 493.167
458.385 499.811
453.173 504.567
448.769 508.598
443.921 512.981
437.601 518.4
432.698 522.702
425.192 528.715
420.609 532.652
413.884 537.894
408.423 542.263
402.309 546.94
395.976 551.643
368.828 569.838
362.942 573.408
356.097 577.633
350.395 580.93
343.88 584.737
338.182 587.936
330.255 592.452
323.181 596.316
317.111 599.505
310.907 602.718
304.935 605.762
296.085 610.132
291.027 612.595
284.144 615.847
277.6 618.883
270.352 622.116
263.554 625.099
257.156 627.881
249.82 630.889
241.079 634.209
234.755 636.734
202.516 648.642
196.093 650.304
189.254 652.118
180.984 654.473
174.418 656.029
169.246 657.057
159.94 659.481
153.123 660.964
145.131 662.739
134.882 665.065
131.088 665.492
122.689 667.091
115.605 668.303
109.302 669.318
101.757 670.501
94.1886 671.609
88.1077 672.48
80.1139 673.495
73.0804 674.358
65.702 675.179
58.9729 675.926
51.3552 676.623
43.6565 677.24
36.5828 677.807
28.2486 678.226
21.3667 678.675
12.5768 678.86
5.0633 679.089
-2.31956 679.267
-42.3188 678.265
-48.7042 677.502
-55.7083 676.755
-64.697 676.024
-71.0505 675.116
-77.8876 674.186
-86.5267 673.149
-92.5353 672.131
-99.6034 671.022
-104.774 670.082
-115.806 668.376
-121.96 667.178
-127.451 666.096
-135.324 664.54
-141.749 663.221
-149.696 661.482
-156.252 660.027
-163.236 658.404
-170.567 656.606
-177.296 654.946
-186.423 652.331
-193.309 650.44
-201.198 648.071
-206.642 646.674
-214.626 644.084
-223.73 640.839
-228.807 639.482
-236.906 636.509
-267.907 623.677
-275.382 620.372
-280.273 617.872
-289.278 613.832
-296.218 610.436
-303.063 606.991
-308.81 603.945
-315.433 600.456
-322.138 596.847
-329.071 593.032
-334.907 589.719
-341.987 585.639
-347.109 582.641
-355.12 577.777
-359.812 574.965
-366.383 570.843
-371.862 567.44
-377.351 564.006
-384.69 558.986
-390.315 555.287
-397.102 550.482
-402.221 547.115
-431.72 524.547
-437.467 519.577
-443.126 514.578
-448.651 509.582
-454.141 504.525
-459.535 499.452
-464.829 494.372
-470.011 489.301
-475.088 484.24
-480.099 479.162
-485.029 474.084
-489.922 468.969
-494.763 463.831
-499.551 458.674
-504.328 453.452
-509.045 448.219
-513.739 442.933
-518.411 437.587
-523.026 432.231
-527.622 426.809
-532.183 421.342
-536.743 415.772
-541.254 410.174
-545.747 404.488
-550.24 398.673
-572.146 366.092
-577.004 358.518
-580.036 352.989
-584.767 345.234
-588.397 338.726
-591.546 332.775
-595.439 325.667
-599.179 318.621
-602.518 312.04
-605 306.782
-607.893 300.81
-611.365 293.646
-614.692 286.567
-617.847 279.656
-620.865 272.864
-623.392 267.081
-625.973 261.121
-629.409 252.67
-631.452 247.982
-634.571 239.851
-636.713 234.813
-639.365 227.798
-642.386 218.848
-644.651 212.785
-646.755 207.572
-649.238 199.926
-651.681 191.895
-653.961 184.374
-664.134 144.237
-665.486 136.949
-666.651 129.988
-667.594 123.57
-669.484 113.911
-670.833 105.588
-671.493 99.3797
-672.101 93.3807
-673.41 84.0616
-674.169 76.7729
-674.814 69.773
-675.353 63.1636
-676.165 54.1438
-676.535 47.9337
-677.066 39.639
-677.387 32.9725
-677.677 26.2574
-677.933 19.5988
-678.132 11.6234
-678.306 5.37857
-678.379 -2.18662
-678.323 -10.3853
-678.034 -20.0596
-678.169 -24.7236
-678.206 -30.6502
-677.853 -38.6958
-677.183 -47.8789
-677.203 -53.283
-676.829 -60.402
-676.449 -67.3514
-675.885 -74.7486
-669.171 -117.234
-667.636 -125.9
-666.1 -132.343
-664.484 -139.411
-662.696 -147.591
-661.119 -153.189
-659.316 -160.332
-657.314 -168.229
-655.063 -176.941
-653.288 -182.724
-651.599 -188.199
-648.759 -197.996
-646.817 -203.972
-644.188 -212.132
-642.436 -217.269
-639.758 -225.037
-637.557 -231.288
-634.743 -238.933
-633.441 -242.976
-629.645 -252.371
-627.013 -259.063
-624.147 -266.076
-622.018 -271.615
-617.855 -280.626
-616.292 -285.061
-611.487 -294.63
-610.383 -298.337
-605.728 -307.194
-602.696 -313.577
-584.511 -345.477
-580.578 -351.791
-576.609 -358.023
-572.614 -364.16
-568.552 -370.286
-564.82 -375.707
-560.947 -381.308
-556.199 -388.187
-552.648 -393.104
-547.955 -399.606
-543.699 -405.365
-539.187 -411.358
-535.058 -416.77
-530.269 -422.885
-526.229 -428.045
-521.3 -434.102
-516.139 -440.274
-511.874 -445.44
-507.593 -450.578
-501.804 -456.999
-497.389 -462.097
-478.044 -481.358
-471.372 -487.979
-467.365 -491.559
-460.528 -498.024
-456.448 -501.611
-448.32 -508.997
-443.401 -513.191
-438.235 -517.573
-432.435 -522.427
-426.517 -527.279
-418.911 -533.336
-414.518 -536.808
-409.366 -540.842
-403.446 -545.343
-398.181 -549.359
-391.229 -554.328
-364.777 -573.29
-358.302 -577.175
-352.053 -580.781
-345.337 -584.679
-339.552 -587.779
-332.776 -591.546
-326.601 -594.807
-320.182 -598.167
-314.186 -601.203
-307.5 -604.59
-300.804 -607.901
-294.731 -610.814
-289.382 -613.347
-281.761 -616.888
-275.195 -619.865
-268.525 -622.819
-261.799 -625.724
-254.335 -628.815
-248.122 -631.407
-240.633 -634.339
-234.391 -636.832
-226.924 -639.589
-220.058 -642.117
-213.175 -644.582
-206.204 -646.999
-199.947 -649.242
-192.932 -651.551
-155.642 -661.033
-149.522 -662.147
-140.542 -664.192
-134.353 -665.221
-128.233 -666.224
-120.093 -667.722
-113.127 -668.842
-104.799 -670.193
-100.473 -670.706
-90.9513 -672.086
-82.6775 -673.15
-76.4723 -673.856
-67.9881 -674.765
-61.5054 -675.405
-54.724 -676.036
-47.7274 -676.631
-40.1857 -677.174
-33.2232 -677.659
-24.2099 -678.005
-16.5535 -678.302
-9.14643 -678.538
-1.14615 -678.648
5.58198 -678.817
13.3561 -678.798
48.3932 -677.474
56.5186 -676.792
62.2017 -675.94
71.3337 -675.112
78.8604 -674.167
86.0086 -673.159
92.4209 -672.134
100.187 -670.972
104.757 -670.083
113.895 -668.616
122.869 -667.049
125.994 -666.381
134.923 -664.626
143.032 -662.928
150.361 -661.317
157.367 -659.72
164.982 -657.883
172.686 -655.927
179.345 -654.227
187.276 -652.02
193.666 -650.295
200.571 -648.324
207.971 -646.071
213.939 -644.405
221.927 -641.711
228.736 -639.514
262.015 -626.441
270.267 -622.988
277.289 -619.779
283.53 -616.741
289.432 -613.778
295.364 -610.774
303.564 -606.79
308.916 -603.899
315.948 -600.214
322.485 -596.676
328.74 -593.209
334.056 -590.204
341.679 -585.824
346.15 -583.256
353.534 -578.805
360.318 -574.628
366.287 -570.92
371.69 -567.58
379.072 -562.643
384.856 -558.854
391.062 -554.644
396.564 -550.973
402.08 -547.253
408.489 -542.591
434.891 -521.228
439.111 -517.314
444.778 -512.344
450.961 -506.886
457.139 -501.304
462.866 -495.958
467.218 -491.684
473.83 -485.355
479.424 -479.79
483.724 -475.354
488.692 -470.22
493.775 -464.886
497.924 -460.523
505.583 -452.02
509.255 -447.973
514.035 -442.565
519.637 -435.961
524.265 -430.499
528.207 -425.945
532.989 -420.085
537.739 -414.136
542.423 -408.148
561.927 -381.271
565.087 -376.041
569.1 -369.739
573.94 -362.256
577.023 -356.918
580.713 -350.704
584.898 -343.641
588.384 -337.48
592.025 -330.959
595.709 -324.223
598.566 -318.831
601.58 -313.13
605.184 -306.132
608.944 -298.587
612.239 -291.836
614.868 -286.544
618.22 -279.327
621.006 -273.465
624.536 -265.214
627.512 -258.339
631.245 -248.662
633.044 -245.35
636.148 -237.075
648.342 -203.113
650.561 -195.543
652.463 -188.467
654.037 -182.016
655.83 -174.916
657.578 -167.753
659.3 -160.462
660.854 -153.468
662.185 -147.059
663.792 -139.452
665.174 -132.443
666.506 -125.393
667.781 -118.338
669.002 -111.245
670.166 -104.132
671.345 -96.3542
672.331 -89.7364
673.347 -82.1108
674.223 -76.0707
675.114 -68.3734
675.925 -60.6514
676.681 -53.8794
677.342 -46.1106
677.937 -38.59
678.543 -31.9363
679.021 -24.5014
