678.036 14.2438
677.74 22.1559
677.294 29.309
676.712 34.8033
676.21 42.8141
675.616 50.9516
674.929 58.6929
674.16 66.3801
673.354 73.2015
672.359 82.0002
671.572 87.2144
670.556 94.566
669.537 101.467
668.453 108.456
667.096 116.542
666.163 122.277
664.584 130.609
663.299 137.422
661.698 145.135
659.842 153.369
658.87 158.654
656.82 166.927
655.587 172.826
653.57 180.554
652.01 187.053
639.948 225.803
637.412 232.013
634.705 238.829
631.909 245.74
629.105 252.415
625.922 260.172
623.808 264.242
620.439 272.06
616.792 280.327
613.883 286.328
610.743 292.794
607.565 299.199
604.809 304.605
600.888 312.274
598.223 317.359
594.578 324.169
591.211 330.361
587.99 336.235
584.135 342.978
579.939 350.066
576.536 355.898
572.01 363.127
568.51 368.887
564.844 374.787
561.228 380.562
556.183 387.82
552.559 393.415
548.736 399.166
523.962 430.756
518.791 436.852
514.427 441.547
509.313 447.285
505.71 450.848
499.207 458.201
494.683 462.834
488.794 469.053
484.521 473.249
479.875 477.854
474.846 482.809
468.574 488.904
464.873 492.428
457.712 499.072
452.519 503.81
448.143 507.819
443.305 512.193
436.997 517.604
432.112 521.892
424.608 527.902
420.049 531.823
413.342 537.054
407.897 541.412
401.802 546.078
395.486 550.771
368.212 569.051
362.349 572.603
355.519 576.817
349.836 580.101
343.348 583.891
337.669 587.078
329.75 591.589
322.683 595.449
316.63 598.628
310.443 601.832
304.489 604.867
295.646 609.234
290.615 611.684
283.75 614.928
277.221 617.957
269.984 621.187
263.192 624.167
256.82 626.939
249.502 629.941
240.782 633.254
234.478 635.773
202.08 647.742
195.678 649.394
188.863 651.198
180.605 653.548
174.067 655.093
168.936 656.106
159.633 658.53
152.85 660.002
144.882 661.77
134.628 664.097
130.882 664.514
122.487 666.112
115.42 667.32
109.141 668.331
101.607 669.513
94.0582 670.617
88.0027 671.486
80.017 672.5
73.001 673.361
65.6376 674.181
58.9299 674.927
51.3341 675.623
43.6564 676.24
36.6095 676.808
28.2903 677.227
21.4371 677.677
12.6652 677.864
5.16692 678.095
-2.185 678.276
-42.4019 677.268
-48.7542 676.504
-55.7312 675.755
-64.7115 675.024
-71.0321 674.116
-77.841 673.187
-86.4677 672.151
-92.4407 671.136
-99.483 670.03
-104.627 669.093
-115.669 667.385
-121.798 666.191
-127.259 665.114
-135.124 663.56
-141.528 662.246
-149.459 660.51
-155.995 659.06
-162.956 657.444
-170.281 655.648
-176.99 653.994
-186.112 651.38
-192.967 649.501
-200.84 647.137
-206.246 645.756
-214.218 643.171
-223.318 639.928
-228.356 638.59
-236.444 635.623
-267.601 622.725
-275.052 619.427
-279.92 616.937
-288.909 612.902
-295.83 609.515
-302.656 606.078
-308.381 603.041
-314.992 599.559
-321.686 595.955
-328.61 592.144
-334.421 588.845
-341.487 584.773
-346.579 581.793
-354.586 576.932
-359.245 574.142
-365.8 570.031
-371.254 566.646
-376.719 563.231
-384.051 558.217
-389.66 554.531
-396.442 549.731
-401.541 546.382
-431.201 523.692
-436.928 518.734
-442.567 513.748
-448.08 508.761
-453.543 503.724
-458.923 498.661
-464.205 493.591
-469.374 488.53
-474.439 483.48
-479.43 478.419
-484.341 473.358
-489.216 468.26
-494.039 463.141
-498.811 458.002
-503.57 452.8
-508.271 447.586
-512.949 442.32
-517.611 436.988
-522.211 431.652
-526.792 426.25
-531.34 420.804
-535.892 415.248
-540.385 409.678
-544.871 404.006
-549.349 398.219
-571.384 365.444
-576.24 357.873
-579.25 352.37
-583.976 344.623
-587.591 338.135
-590.721 332.209
-594.605 325.116
-598.334 318.087
-601.659 311.527
-604.126 306.296
-607.009 300.344
-610.475 293.188
-613.798 286.119
-616.948 279.219
-619.956 272.447
-622.47 266.693
-625.04 260.763
-628.473 252.317
-630.501 247.67
-633.618 239.549
-635.748 234.55
-638.395 227.555
-641.413 218.617
-643.675 212.568
-645.773 207.385
-648.254 199.748
-650.694 191.732
-652.97 184.238
-663.199 143.881
-664.543 136.615
-665.7 129.68
-666.635 123.286
-668.522 113.636
-669.868 105.328
-670.519 99.1527
-671.12 93.1894
-672.427 83.8762
-673.185 76.5958
-673.828 69.6068
-674.365 63.0116
-675.176 53.9922
-675.543 47.808
-676.07 39.5449
-676.39 32.8921
-676.679 26.2064
-676.934 19.5775
-677.132 11.6199
-677.307 5.40847
-677.381 -2.13526
-677.326 -10.3099
-677.037 -19.9824
-677.176 -24.5986
-677.219 -30.4894
-676.869 -38.5182
-676.2 -47.6953
-676.227 -53.0668
-675.859 -60.1606
-675.486 -67.0836
-674.928 -74.4582
-668.172 -117.188
-666.637 -125.853
-665.102 -132.274
-663.489 -139.319
-661.701 -147.492
-660.127 -153.06
-658.326 -160.187
-656.326 -168.075
-654.078 -176.771
-652.308 -182.527
-650.627 -187.964
-647.788 -197.756
-645.853 -203.707
-643.229 -211.848
-641.488 -216.952
-638.817 -224.698
-636.624 -230.929
-633.815 -238.558
-632.534 -242.554
-628.738 -251.95
-626.117 -258.62
-623.26 -265.613
-621.149 -271.121
-616.995 -280.117
-615.448 -284.525
-610.644 -294.093
-609.567 -297.759
-604.912 -306.616
-601.892 -312.983
-583.591 -345.085
-579.665 -351.384
-575.702 -357.601
-571.718 -363.716
-567.667 -369.82
-563.95 -375.215
-560.091 -380.791
-555.351 -387.657
-551.818 -392.545
-547.135 -399.032
-542.899 -404.764
-538.395 -410.747
-534.284 -416.137
-529.513 -422.231
-525.487 -427.375
-520.571 -433.418
-515.421 -439.578
-511.177 -444.723
-506.917 -449.841
-501.137 -456.254
-496.745 -461.332
-477.316 -480.673
-470.648 -487.29
-466.67 -490.839
-459.832 -497.306
-455.777 -500.87
-447.629 -508.273
-442.722 -512.457
-437.565 -516.831
-431.776 -521.675
-425.874 -526.513
-418.276 -532.563
-413.908 -536.015
-408.782 -540.03
-402.881 -544.518
-397.641 -548.518
-390.7 -553.479
-364.118 -572.538
-357.666 -576.404
-351.429 -580
-344.735 -583.881
-338.974 -586.963
-332.213 -590.719
-326.06 -593.966
-319.662 -597.313
-313.69 -600.334
-307.016 -603.715
-300.34 -607.015
-294.293 -609.915
-288.97 -612.436
-281.361 -615.972
-274.811 -618.942
-268.165 -621.886
-261.455 -624.785
-254.009 -627.87
-247.825 -630.452
-240.347 -633.38
-234.128 -635.867
-226.672 -638.621
-219.823 -641.145
-212.957 -643.606
-206.009 -646.019
-199.782 -648.256
-192.79 -650.561
-155.293 -660.095
-149.197 -661.201
-140.232 -663.242
-134.073 -664.261
-127.978 -665.257
-119.859 -666.749
-112.91 -667.866
-104.603 -669.212
-100.311 -669.719
-90.7915 -671.099
-82.5243 -672.162
-76.3451 -672.864
-67.8828 -673.771
-61.432 -674.408
-54.6716 -675.037
-47.7027 -675.631
-40.1756 -676.174
-33.249 -676.66
-24.2536 -677.006
-16.6189 -677.304
-9.2274 -677.541
-1.25372 -677.654
5.45163 -677.825
13.2135 -677.809
48.4467 -676.476
56.5641 -675.793
62.2093 -674.94
71.3352 -674.112
78.8335 -673.167
85.9654 -672.16
92.3466 -671.137
100.102 -669.976
104.641 -669.09
113.771 -667.624
122.743 -666.057
125.817 -665.397
134.728 -663.645
142.821 -661.95
150.127 -660.345
157.108 -658.754
164.704 -656.922
172.382 -654.975
179.014 -653.284
186.936 -651.079
193.305 -649.363
200.195 -647.398
207.576 -645.152
213.521 -643.497
221.49 -640.811
228.277 -638.626
261.735 -625.481
269.971 -622.033
276.974 -618.83
283.188 -615.801
289.062 -612.849
294.966 -609.857
303.165 -605.873
308.491 -602.994
315.521 -599.31
322.051 -595.775
328.296 -592.313
333.589 -589.319
341.202 -584.945
345.634 -582.399
353.001 -577.959
359.777 -573.787
365.723 -570.094
371.1 -566.772
378.474 -561.841
384.236 -558.07
390.425 -553.873
395.905 -550.222
401.399 -546.522
407.789 -541.877
434.327 -520.402
438.516 -516.51
444.166 -511.553
450.338 -506.104
456.504 -500.531
462.216 -495.198
466.541 -490.948
473.148 -484.623
478.734 -479.066
483.014 -474.649
487.969 -469.529
493.045 -464.201
497.18 -459.853
504.847 -451.342
508.498 -447.321
513.261 -441.931
518.856 -435.337
523.468 -429.895
527.389 -425.371
532.159 -419.528
536.897 -413.597
541.569 -407.627
561.168 -380.619
564.316 -375.404
568.315 -369.119
573.14 -361.655
576.204 -356.345
579.884 -350.145
584.056 -343.102
587.536 -336.949
591.161 -330.455
594.831 -323.744
597.679 -318.369
600.679 -312.697
604.275 -305.716
608.028 -298.184
611.318 -291.447
613.939 -286.173
617.291 -278.958
620.071 -273.11
623.598 -264.868
626.566 -258.015
630.297 -248.343
632.084 -245.071
635.181 -236.822
647.442 -202.677
649.652 -195.125
651.545 -188.07
653.108 -181.647
654.893 -174.569
656.633 -167.428
658.347 -160.157
659.894 -153.187
661.219 -146.8
662.822 -139.212
664.198 -132.228
665.525 -125.202
666.795 -118.173
668.011 -111.113
669.173 -104.017
670.35 -96.2588
671.333 -89.6708
672.349 -82.0502
673.224 -76.0289
674.115 -68.3362
674.925 -60.6264
675.681 -53.8759
676.342 -46.1274
676.938 -38.6378
677.546 -32.006
678.026 -24.6031
