784.281 1.56568
784.193 11.3645
783.976 21.0965
783.628 30.6078
783.179 40.4045
782.609 50.2191
781.916 59.9728
781.102 69.7098
780.172 79.335
779.111 89.1764
777.96 98.5884
776.675 108.229
775.279 117.804
773.767 127.364
772.117 137.021
770.405 146.397
768.509 156.05
766.537 165.513
764.418 175.063
762.159 184.649
759.898 193.871
757.4 203.411
754.891 212.65
752.179 222.075
749.408 231.34
745.358 244.157
742.266 253.311
739.049 262.498
735.718 271.651
732.281 280.739
728.698 289.911
725.131 298.61
721.321 307.7
717.377 316.799
713.414 325.591
709.324 334.387
705.129 343.131
700.88 351.716
696.392 360.52
691.952 368.972
687.296 377.576
682.577 386.049
677.783 394.423
672.821 402.838
667.726 411.233
662.631 419.419
657.309 427.713
652.01 435.779
646.602 443.798
641.108 451.74
635.359 459.784
629.682 467.577
623.89 475.324
615.673 485.859
609.548 493.509
603.426 500.93
597.136 508.396
590.937 515.535
584.323 523.037
577.847 530.158
571.136 537.38
564.517 544.309
557.774 551.207
550.905 558.068
543.818 564.978
536.95 571.509
529.608 578.317
522.415 584.825
515.241 591.166
507.938 597.466
500.407 603.789
492.968 609.898
485.164 616.113
477.618 622.009
469.764 627.962
461.995 633.722
454.083 639.428
446.079 645.049
435.699 652.076
427.621 657.38
419.376 662.664
411.201 667.748
402.878 672.794
394.583 677.68
385.983 682.618
377.421 687.387
368.915 691.983
360.33 696.49
351.724 700.876
342.735 705.314
334.138 709.431
325.277 713.54
316.421 717.517
307.442 721.413
298.471 725.178
289.51 728.815
280.391 732.377
271.091 735.864
261.995 739.167
249.984 743.417
240.817 746.404
231.573 749.3
222.13 752.154
212.85 754.808
203.702 757.293
194.046 759.836
184.648 762.16
175.106 764.405
165.274 766.608
156.16 768.482
146.484 770.385
136.934 772.134
127.457 773.751
117.805 775.279
108.133 776.687
98.6247 777.957
88.8785 779.132
79.24 780.177
69.5563 781.106
59.9405 781.916
50.2152 782.609
40.4785 783.182
30.8038 783.639
20.9763 783.966
11.3102 784.187
1.42721 784.264
-8.32549 784.234
-18.0495 784.088
-31.4455 783.699
-41.0491 783.218
-50.7265 782.63
-60.6229 781.934
-70.1941 781.103
-79.8164 780.159
-89.6287 779.094
-99.1277 777.918
-108.729 776.624
-118.107 775.237
-128.143 773.654
-137.603 772.017
-146.971 770.283
-156.599 768.383
-166.037 766.401
-175.632 764.26
-185.027 762.046
-194.447 759.703
-203.87 757.236
-213.193 754.677
-222.754 751.903
-232.032 749.104
-241.386 746.147
-250.441 743.191
-259.742 739.994
-269.136 736.615
-278.028 733.354
-287.236 729.795
-298.946 725.026
-307.993 721.225
-316.718 717.405
-325.853 713.316
-334.689 709.203
-343.481 704.979
-352.109 700.696
-360.78 696.265
-369.419 691.717
-378.027 687.049
-386.465 682.335
-394.987 677.437
-403.228 672.567
-411.735 667.391
-419.818 662.345
-428.051 657.058
-436.1 651.757
-444.079 646.366
-452.207 640.701
-460.072 635.098
-468 629.281
-475.669 623.542
-485.937 615.627
-493.524 609.539
-501.042 603.354
-508.47 597.086
-515.818 590.73
-523.084 584.287
-530.269 577.758
-537.372 571.143
-544.393 564.443
-551.33 557.66
-558.183 550.793
-564.963 543.833
-571.647 536.802
-578.244 529.69
-584.755 522.498
-591.178 515.226
-597.512 507.877
-603.758 500.449
-609.914 492.945
-615.979 485.364
-621.953 477.707
-627.835 469.975
-633.625 462.167
-639.325 454.277
-644.928 446.315
-652.399 435.327
-657.849 427.059
-662.988 418.967
-668.229 410.566
-673.246 402.251
-678.116 393.938
-682.975 385.44
-687.719 376.895
-692.318 368.351
-696.727 359.901
-701.085 351.316
-705.414 342.537
-709.631 333.71
-713.728 324.852
-717.709 315.959
-721.534 307.129
-725.26 298.24
-728.981 289.019
-732.435 280.2
-735.912 270.929
-739.168 261.989
-742.378 252.78
-745.524 243.307
-748.476 234.142
-751.302 225.046
-754.063 215.641
-756.713 206.153
-759.235 196.707
-762.539 183.624
-764.739 174.144
-766.807 164.68
-768.74 155.254
-770.673 145.452
-772.434 135.773
-774.005 126.317
-775.462 116.859
-776.89 107.013
-778.144 97.3801
-779.275 87.7672
-780.283 78.1804
-781.211 68.3161
-781.978 58.76
-782.652 48.9547
-783.192 39.3303
-783.617 29.688
-783.927 20.0459
-784.118 10.2515
-784.196 0.656948
-784.15 -9.10213
-783.976 -18.9258
-783.662 -28.9196
-783.291 -38.3243
-782.793 -47.891
-782.137 -57.6806
-781.332 -67.5962
-780.501 -77.0583
-779.511 -86.7103
-778.409 -96.3298
-777.175 -105.988
-775.144 -119.475
-773.58 -129.248
-771.904 -138.751
-770.108 -148.312
-768.184 -157.975
-766.172 -167.312
-764.027 -176.8
-761.751 -186.347
-759.341 -195.956
-756.874 -205.201
-754.31 -214.383
-751.508 -224.036
-748.699 -233.219
-745.708 -242.614
-742.706 -251.641
-739.496 -260.926
-736.237 -269.993
-732.801 -279.188
-729.438 -287.925
-725.68 -297.239
-721.95 -306.207
-718.095 -315.161
-714.221 -323.905
-710.016 -332.989
-706.01 -341.507
-701.526 -350.562
-697.375 -358.899
-692.712 -367.768
-688.133 -376.313
-681.765 -387.635
-676.889 -396.062
-671.913 -404.419
-666.839 -412.709
-661.665 -420.933
-656.432 -429.023
-651.092 -437.068
-645.556 -445.203
-640.067 -453.047
-634.354 -461.012
-628.6 -468.826
-622.726 -476.602
-616.806 -484.246
-610.712 -491.912
-604.627 -499.387
-598.346 -506.901
-591.959 -514.349
-585.596 -521.604
-579.147 -528.782
-572.443 -536.029
-565.815 -543.051
-557.457 -551.557
-550.421 -558.587
-543.608 -565.191
-536.398 -572.044
-529.422 -578.49
-521.907 -585.291
-514.684 -591.643
-507.357 -597.934
-499.892 -604.189
-492.341 -610.359
-484.528 -616.578
-477.012 -622.418
-469.344 -628.232
-461.511 -634.016
-453.69 -639.654
-445.61 -645.308
-435.284 -652.438
-427.126 -657.79
-418.931 -663.017
-410.62 -668.186
-402.357 -673.166
-393.922 -678.128
-385.502 -682.932
-376.989 -687.657
-368.487 -692.234
-359.85 -696.756
-351.162 -701.169
-342.499 -705.434
-333.88 -709.549
-324.944 -713.685
-316.093 -717.65
-307.195 -721.508
-298.249 -725.257
-289.185 -728.922
-280.221 -732.428
-271.067 -735.871
-262.017 -739.161
-252.78 -742.378
-243.574 -745.465
-234.325 -748.441
-225.026 -751.306
-215.778 -754.045
-206.405 -756.683
-193.603 -760
-184.263 -762.29
-174.578 -764.577
-165.189 -766.634
-155.79 -768.578
-146.127 -770.473
-136.581 -772.213
-126.857 -773.87
-117.587 -775.314
-107.69 -776.755
-97.9372 -778.044
-88.4238 -779.177
-78.6317 -780.226
-69.0617 -781.133
-59.4467 -781.928
-49.804 -782.609
-40.0811 -783.173
-30.427 -783.62
-20.5292 -783.938
-10.7848 -784.141
-1.068 -784.226
8.71923 -784.185
18.3674 -784.04
28.1547 -783.757
40.9722 -783.212
50.7888 -782.634
60.3131 -781.921
70.2288 -781.103
79.9454 -780.159
89.6093 -779.094
99.1773 -777.916
108.88 -776.612
118.187 -775.227
128.003 -773.67
137.772 -771.993
146.846 -770.307
156.567 -768.39
166.17 -766.37
175.664 -764.252
185.094 -762.027
194.568 -759.667
204.026 -757.185
213.335 -754.626
222.768 -751.898
231.997 -749.119
241.26 -746.2
250.568 -743.132
259.656 -740.036
268.941 -736.712
278.049 -733.342
290.068 -728.655
299.259 -724.937
308.265 -721.142
317.128 -717.266
325.909 -713.296
334.647 -709.22
343.595 -704.934
352.161 -700.673
360.87 -696.224
369.469 -691.692
377.982 -687.073
386.341 -682.405
394.912 -677.481
403.059 -672.674
411.496 -667.546
419.802 -662.357
427.955 -657.127
435.98 -651.85
444.177 -646.288
452.124 -640.771
460.059 -635.109
467.849 -629.42
475.588 -623.62
483.357 -617.626
493.297 -609.68
500.663 -603.607
508.122 -597.329
515.57 -590.911
522.939 -584.398
530.183 -577.826
537.188 -571.299
544.379 -564.456
551.371 -557.622
558.13 -550.845
564.884 -543.914
571.572 -536.882
578.071 -529.888
584.893 -522.337
591.18 -515.223
597.516 -507.872
603.859 -500.313
610.009 -492.809
615.994 -485.341
621.988 -477.652
627.889 -469.884
633.697 -462.039
641.072 -451.779
646.54 -443.87
651.998 -435.794
657.462 -427.518
662.619 -419.436
667.754 -411.192
672.851 -402.794
677.77 -394.443
682.609 -385.997
687.358 -377.47
691.911 -369.047
696.384 -360.537
700.827 -351.826
705.186 -343.006
709.396 -334.218
713.428 -325.555
717.441 -316.622
721.286 -307.804
725.112 -298.668
728.77 -289.657
732.41 -280.28
735.733 -271.587
739.097 -262.282
743.365 -250.084
746.421 -240.78
749.333 -231.5
752.099 -222.258
754.792 -212.892
757.365 -203.503
759.828 -194.068
762.16 -184.647
764.358 -175.267
766.479 -165.727
768.464 -156.231
770.334 -146.713
772.088 -137.173
773.727 -127.605
775.247 -118.033
776.66 -108.36
777.941 -98.8047
779.114 -89.1178
780.162 -79.6006
781.1 -69.8733
781.918 -60.1413
782.619 -50.513
783.197 -40.7657
783.656 -31.0265
784.006 -21.3855
784.229 -11.6514
