677.043 14.3557
676.744 22.2408
676.297 29.3779
675.713 34.8318
675.21 42.8256
674.616 50.9472
673.93 58.6691
673.161 66.328
672.357 73.1299
671.363 81.9103
670.579 87.0986
669.566 94.427
668.551 101.301
667.468 108.279
666.113 116.355
665.185 122.07
663.609 130.386
662.329 137.179
660.732 144.874
658.881 153.095
657.921 158.339
655.875 166.601
654.654 172.465
652.644 180.178
651.092 186.656
638.966 225.619
636.435 231.799
633.734 238.592
630.943 245.481
628.146 252.133
624.967 259.876
622.868 263.9
619.504 271.705
615.86 279.964
612.963 285.938
609.832 292.38
606.662 298.769
603.918 304.152
599.998 311.817
597.347 316.876
593.707 323.678
590.349 329.854
587.139 335.71
583.29 342.443
579.099 349.524
575.713 355.332
571.194 362.549
567.711 368.285
564.063 374.163
560.466 379.916
555.433 387.159
551.829 392.732
548.021 398.468
523.119 430.219
517.957 436.299
513.607 440.974
508.511 446.688
504.93 450.222
498.428 457.574
493.919 462.189
488.033 468.405
483.777 472.58
479.14 477.176
474.135 482.106
467.876 488.188
464.194 491.694
457.046 498.327
451.865 503.054
447.51 507.045
442.69 511.405
436.392 516.807
431.52 521.087
424.025 527.09
419.495 530.99
412.8 536.214
407.379 540.557
401.302 545.212
395.003 549.895
367.589 568.268
361.749 571.803
354.935 576.006
349.277 579.272
342.808 583.049
337.156 586.22
329.244 590.726
322.192 594.578
316.15 597.751
309.978 600.947
304.042 603.972
295.206 608.335
290.203 610.772
283.349 614.012
276.835 617.035
269.607 620.26
262.83 623.235
256.484 625.997
249.184 628.993
240.477 632.302
234.209 634.81
201.645 646.842
195.263 648.484
188.473 650.277
180.226 652.622
173.715 654.156
168.626 655.155
159.333 657.576
152.577 659.04
144.625 660.804
134.376 663.13
130.676 663.535
122.286 665.132
115.235 666.338
108.979 667.344
101.457 668.524
93.9277 669.626
87.8976 670.491
79.9201 671.504
72.9216 672.364
65.5731 673.183
58.8869 673.928
51.313 674.624
43.6562 675.24
36.6362 675.808
28.3319 676.228
21.5074 676.68
12.7461 676.867
5.27043 677.1
-2.05779 677.284
-42.4848 676.272
-48.804 675.505
-55.7541 674.756
-64.7258 674.024
-71.0135 673.117
-77.7943 672.188
-86.4086 671.153
-92.346 670.14
-99.3625 669.037
-104.471 668.105
-115.532 666.394
-121.636 665.204
-127.068 664.133
-134.924 662.581
-141.298 661.273
-149.223 659.539
-155.739 658.094
-162.683 656.482
-169.994 654.69
-176.685 653.041
-185.802 650.43
-192.632 648.558
-200.483 646.203
-205.858 644.834
-213.816 642.256
-222.907 639.016
-227.911 637.694
-235.982 634.736
-267.296 621.773
-274.731 618.48
-279.56 616.004
-288.548 611.97
-295.449 608.59
-302.256 605.162
-307.952 602.138
-314.55 598.661
-321.233 595.063
-328.149 591.257
-333.934 587.971
-340.98 583.911
-346.049 580.945
-354.053 576.086
-358.678 573.318
-365.217 569.218
-370.646 565.852
-376.092 562.452
-383.412 557.448
-389.005 553.775
-395.782 548.979
-400.866 545.644
-430.682 522.838
-436.389 517.892
-442.009 512.919
-447.508 507.941
-452.951 502.918
-458.312 497.869
-463.581 492.809
-468.731 487.764
-473.789 482.72
-478.761 477.675
-483.654 472.632
-488.511 467.552
-493.316 462.45
-498.07 457.33
-502.812 452.147
-507.502 446.947
-512.164 441.7
-516.811 436.388
-521.395 431.073
-525.963 425.692
-530.497 420.266
-535.036 414.731
-539.517 409.182
-543.995 403.523
-548.458 397.765
-570.622 364.796
-575.477 357.227
-578.465 351.751
-583.184 344.012
-586.785 337.543
-589.897 331.643
-593.77 324.565
-597.484 317.559
-600.797 311.021
-603.248 305.816
-606.124 299.877
-609.586 292.731
-612.904 285.672
-616.044 278.79
-619.044 272.038
-621.545 266.314
-624.106 260.404
-627.537 251.964
-629.551 247.358
-632.664 239.247
-634.783 234.286
-637.425 227.312
-640.442 218.377
-642.699 212.351
-644.79 207.198
-647.27 199.571
-649.708 191.569
-651.979 184.103
-662.265 143.525
-663.6 136.282
-664.748 129.373
-665.676 123.002
-667.561 113.361
-668.902 105.067
-669.545 98.9258
-670.138 92.998
-671.444 83.6908
-672.201 76.4189
-672.842 69.4407
-673.377 62.8596
-674.188 53.8406
-674.55 47.6901
-675.076 39.4427
-675.393 32.8196
-675.68 26.1634
-675.934 19.5563
-676.132 11.6245
-676.308 5.44659
-676.382 -2.07565
-676.329 -10.2345
-676.04 -19.9053
-676.184 -24.4738
-676.231 -30.336
-675.885 -38.3406
-675.217 -47.5118
-675.253 -52.8424
-674.89 -59.911
-674.522 -66.816
-673.971 -74.168
-667.173 -117.143
-665.639 -125.798
-664.105 -132.205
-662.493 -139.226
-660.706 -147.393
-659.135 -152.931
-657.337 -160.042
-655.338 -167.921
-653.092 -176.601
-651.327 -182.33
-649.653 -187.736
-646.817 -197.515
-644.891 -203.434
-642.27 -211.563
-640.539 -216.636
-637.876 -224.36
-635.691 -230.57
-632.888 -238.183
-631.628 -242.132
-627.831 -251.53
-625.22 -258.177
-622.377 -265.143
-620.28 -270.627
-616.13 -279.615
-614.603 -283.989
-609.805 -293.548
-608.75 -297.181
-604.096 -306.038
-601.087 -312.389
-582.671 -344.692
-578.752 -350.976
-574.799 -357.172
-570.822 -363.272
-566.785 -369.348
-563.08 -374.722
-559.231 -380.281
-554.499 -387.135
-550.985 -391.992
-546.316 -398.459
-542.1 -404.164
-537.604 -410.135
-533.505 -415.51
-528.751 -421.583
-524.74 -426.711
-519.841 -432.733
-514.704 -438.881
-510.48 -444.006
-506.242 -449.104
-500.471 -455.508
-496.1 -460.567
-476.587 -479.988
-469.923 -486.601
-465.97 -490.125
-459.136 -496.588
-455.105 -500.128
-446.939 -507.55
-442.042 -511.723
-436.895 -516.088
-431.117 -520.923
-425.232 -525.747
-417.648 -531.785
-413.299 -535.222
-408.198 -539.219
-402.323 -543.688
-397.101 -547.676
-390.172 -552.63
-363.458 -571.787
-357.022 -575.638
-350.805 -579.219
-344.125 -583.088
-338.389 -586.152
-331.651 -589.892
-325.513 -593.129
-319.134 -596.464
-313.187 -599.47
-306.532 -602.84
-299.876 -606.129
-293.854 -609.016
-288.565 -611.522
-280.961 -615.055
-274.428 -618.018
-267.797 -620.956
-261.103 -623.849
-253.683 -626.925
-247.528 -629.497
-240.062 -632.422
-233.865 -634.902
-226.42 -637.654
-219.587 -640.173
-212.738 -642.63
-205.813 -645.038
-199.609 -647.271
-192.648 -649.571
-154.945 -659.158
-148.873 -660.255
-139.921 -662.291
-133.794 -663.3
-127.723 -664.291
-119.618 -665.779
-112.694 -666.889
-104.407 -668.232
-100.149 -668.733
-90.6317 -670.112
-82.3712 -671.174
-76.218 -671.872
-67.7775 -672.776
-61.3586 -673.411
-54.6113 -674.039
-47.6862 -674.631
-40.1738 -675.174
-33.2748 -675.66
-24.2895 -676.007
-16.6841 -676.306
-9.31666 -676.545
-1.36118 -676.66
5.32141 -676.834
13.071 -676.819
48.5087 -675.478
56.602 -674.793
62.2253 -673.94
71.3366 -673.112
78.8065 -672.168
85.9144 -671.161
92.2723 -670.14
100.017 -668.98
104.524 -668.097
113.647 -666.632
122.61 -665.066
125.639 -664.413
134.534 -662.664
142.602 -660.975
149.886 -659.374
156.842 -657.791
164.418 -655.964
172.077 -654.022
178.682 -652.341
186.597 -650.139
192.944 -648.43
199.818 -646.471
207.182 -644.234
213.096 -642.592
221.053 -639.912
227.817 -637.738
261.448 -624.523
269.675 -621.077
276.667 -617.879
282.847 -614.862
288.691 -611.921
294.575 -608.937
302.766 -604.956
308.067 -602.088
315.094 -598.406
321.617 -594.874
327.845 -591.42
333.122 -588.435
340.717 -584.071
345.112 -581.546
352.468 -577.113
359.229 -572.951
365.153 -569.272
370.509 -565.965
377.87 -561.045
383.617 -557.285
389.782 -553.107
395.239 -549.476
400.717 -545.79
407.089 -541.163
433.764 -519.575
437.922 -515.705
443.555 -510.762
449.714 -505.322
455.869 -499.759
461.566 -494.438
465.865 -490.211
472.466 -483.892
478.044 -478.343
482.304 -473.945
487.247 -468.838
492.316 -463.517
496.432 -459.19
504.112 -450.665
507.74 -446.668
512.487 -441.298
518.074 -434.713
522.671 -429.291
526.57 -424.796
531.328 -418.972
536.054 -413.058
540.716 -407.106
560.41 -379.967
563.541 -374.772
567.526 -368.505
572.341 -361.054
575.389 -355.765
579.055 -349.586
583.214 -342.563
586.684 -336.425
590.298 -329.951
593.957 -323.258
596.788 -317.914
599.778 -312.263
603.366 -305.3
607.11 -297.789
610.397 -291.057
613.011 -285.802
616.361 -278.589
619.136 -272.756
622.663 -264.514
625.62 -257.691
629.349 -248.025
631.124 -244.792
634.215 -236.561
646.542 -202.241
648.741 -194.713
650.627 -187.673
652.179 -181.277
653.958 -174.214
655.69 -167.094
657.395 -159.852
658.935 -152.905
660.253 -146.54
661.849 -138.979
663.221 -132.012
664.543 -125.012
665.808 -118.007
667.021 -110.972
668.18 -103.902
669.354 -96.1633
670.335 -89.605
671.351 -81.9894
672.225 -75.987
673.116 -68.2988
673.926 -60.6019
674.681 -53.8808
675.342 -46.1525
675.939 -38.6855
676.549 -32.0841
677.032 -24.7047
