676.049 14.4674
675.748 22.3342
675.299 29.4466
674.713 34.8603
674.21 42.8369
673.616 50.9428
672.93 58.6452
672.163 66.2758
671.359 73.0583
670.367 81.8203
669.587 86.9748
668.575 94.288
667.564 101.143
666.484 108.103
665.131 116.169
664.208 121.854
662.634 130.164
661.359 136.937
659.767 144.613
657.919 152.821
656.971 158.025
654.93 166.274
653.721 172.105
651.717 179.801
650.174 186.26
637.983 225.434
635.458 231.585
632.762 238.355
629.977 245.223
627.186 251.851
624.012 259.58
621.926 263.565
618.569 271.35
614.928 279.601
612.042 285.548
608.922 291.966
605.759 298.34
603.027 303.699
599.108 311.361
596.471 316.394
592.836 323.186
589.487 329.347
586.287 335.185
582.446 341.908
578.258 348.982
574.889 354.765
570.382 361.965
566.913 367.683
563.282 373.539
559.703 379.269
554.677 386.505
551.094 392.054
547.305 397.769
522.275 429.682
517.124 435.746
512.788 440.401
507.709 446.091
504.15 449.596
497.649 456.946
493.155 461.544
487.271 467.757
483.034 471.912
478.411 476.491
473.424 481.403
467.171 487.478
463.515 490.96
456.373 497.587
451.211 502.297
446.877 506.271
442.074 510.617
435.781 516.015
430.927 520.281
423.442 526.278
418.936 530.162
412.258 535.373
406.861 539.702
400.802 544.346
394.52 549.019
366.967 567.485
361.149 571.003
354.35 575.194
348.718 578.443
342.268 582.207
336.643 585.361
328.745 589.86
321.701 593.707
315.676 596.871
309.521 600.057
303.596 603.078
294.767 607.437
289.791 609.861
282.948 613.095
276.45 616.112
269.231 619.334
262.475 622.3
256.147 625.055
248.874 628.042
240.172 631.349
233.933 633.849
201.202 645.945
194.848 647.574
188.082 649.356
179.855 651.694
173.371 653.217
168.316 654.205
159.034 656.622
152.304 658.078
144.368 659.838
134.123 662.162
130.469 662.557
122.084 664.153
115.049 665.355
108.818 666.357
101.307 667.535
93.7973 668.635
87.7925 669.497
79.8231 670.509
72.8422 671.367
65.5086 672.185
58.8438 672.929
51.2919 673.624
43.656 674.24
36.6628 674.809
28.3734 675.229
21.5775 675.682
12.8268 675.87
5.37382 676.106
-1.93071 676.292
-42.5675 675.275
-48.8538 674.506
-55.7854 673.756
-64.7401 673.024
-70.9948 672.117
-77.7476 671.189
-86.3495 670.155
-92.2512 669.145
-99.2421 668.044
-104.316 667.117
-115.388 665.405
-121.475 664.217
-126.876 663.151
-134.724 661.601
-141.069 660.3
-148.986 658.567
-155.483 657.127
-162.41 655.52
-169.708 653.732
-176.38 652.089
-185.491 649.479
-192.297 647.616
-200.125 645.269
-205.469 643.913
-213.414 641.34
-222.487 638.108
-227.467 636.798
-235.526 633.846
-266.99 620.821
-274.41 617.533
-279.199 615.071
-288.186 611.037
-295.069 607.665
-301.856 604.245
-307.523 601.235
-314.108 597.764
-320.78 594.172
-327.688 590.37
-333.448 587.098
-340.473 583.049
-345.519 580.097
-353.519 575.24
-358.111 572.495
-364.635 568.405
-370.044 565.053
-375.466 561.672
-382.779 556.674
-388.356 553.014
-395.123 548.228
-400.192 544.906
-430.17 521.978
-435.85 517.05
-441.451 512.089
-446.93 507.124
-452.354 502.116
-457.701 497.078
-462.951 492.033
-468.088 486.998
-473.139 481.96
-478.092 476.932
-482.966 471.906
-487.799 466.849
-492.598 461.754
-497.334 456.653
-502.055 451.494
-506.728 446.314
-511.379 441.08
-516.01 435.789
-520.58 430.493
-525.134 425.133
-529.654 419.728
-534.18 414.214
-538.649 408.686
-543.115 403.048
-547.567 397.31
-569.86 364.149
-574.713 356.582
-577.679 351.133
-582.392 343.401
-585.978 336.952
-589.073 331.077
-592.931 324.021
-596.635 317.032
-599.934 310.515
-602.371 305.337
-605.236 299.418
-608.693 292.281
-612.006 285.231
-615.141 278.361
-618.131 271.629
-620.62 265.934
-623.173 260.046
-626.599 251.62
-628.601 247.047
-631.709 238.953
-633.819 234.022
-636.455 227.069
-639.471 218.138
-641.723 212.133
-643.809 207.004
-646.285 199.401
-648.721 191.406
-650.988 183.968
-661.33 143.169
-662.657 135.949
-663.797 129.065
-664.717 122.718
-666.599 113.087
-667.937 104.807
-668.573 98.6908
-669.157 92.8067
-670.462 83.5054
-671.216 76.242
-671.856 69.2746
-672.388 62.7077
-673.2 53.689
-673.557 47.5723
-674.081 39.3405
-674.396 32.7471
-674.681 26.1204
-674.934 19.5431
-675.132 11.6291
-675.308 5.48464
-675.384 -2.01611
-675.332 -10.1592
-675.043 -19.8282
-675.192 -24.349
-675.243 -30.1829
-674.9 -38.1632
-674.234 -47.3285
-674.278 -52.6181
-673.922 -59.6616
-673.561 -66.5403
-673.017 -73.8697
-666.174 -117.097
-664.64 -125.743
-663.107 -132.128
-661.497 -139.133
-659.711 -147.293
-658.143 -152.81
-656.346 -159.905
-654.348 -167.776
-652.107 -176.431
-650.345 -182.14
-648.68 -187.509
-645.847 -197.275
-643.929 -203.161
-641.311 -211.279
-639.588 -216.328
-636.935 -224.021
-634.76 -230.203
-631.964 -237.801
-630.718 -241.717
-626.927 -251.102
-624.327 -257.726
-621.495 -264.674
-619.415 -270.125
-615.265 -279.112
-613.759 -283.454
-608.962 -293.01
-607.934 -296.604
-603.285 -305.453
-600.282 -311.795
-581.752 -344.299
-577.838 -350.568
-573.896 -356.743
-569.929 -362.821
-565.904 -368.875
-562.205 -374.237
-558.371 -379.77
-553.65 -386.605
-550.156 -391.434
-545.497 -397.886
-541.295 -403.57
-536.812 -409.524
-532.725 -414.883
-527.99 -420.935
-523.998 -426.04
-519.118 -432.043
-513.986 -438.185
-509.789 -443.283
-505.56 -448.372
-499.804 -454.763
-495.456 -459.803
-475.853 -479.309
-469.204 -485.905
-465.27 -489.411
-458.44 -495.869
-454.434 -499.387
-446.248 -506.827
-441.363 -510.989
-436.226 -515.345
-430.464 -520.165
-424.589 -524.981
-417.014 -531.012
-412.696 -534.425
-407.62 -538.402
-401.765 -542.859
-396.561 -546.834
-389.65 -551.777
-362.799 -571.035
-356.379 -574.872
-350.18 -578.438
-343.516 -582.295
-337.804 -585.341
-331.081 -589.07
-324.965 -592.293
-318.607 -595.614
-312.684 -598.605
-306.048 -601.965
-299.412 -605.244
-293.416 -608.118
-288.16 -610.608
-280.562 -614.138
-274.044 -617.095
-267.429 -620.026
-260.751 -622.913
-253.357 -625.979
-247.224 -628.545
-239.776 -631.464
-233.601 -633.938
-226.168 -636.686
-219.352 -639.201
-212.519 -641.655
-205.617 -644.057
-199.436 -646.286
-192.498 -648.582
-154.598 -658.22
-148.549 -659.309
-139.61 -661.341
-133.515 -662.34
-127.468 -663.324
-119.377 -664.809
-112.477 -665.913
-104.211 -667.251
-99.9861 -667.746
-90.4638 -669.126
-82.21 -670.187
-76.0987 -670.879
-67.6642 -671.783
-61.2771 -672.414
-54.5591 -673.04
-47.6619 -673.632
-40.1719 -674.174
-33.3088 -674.661
-24.3253 -675.008
-16.7493 -675.308
-9.39834 -675.549
-1.46852 -675.665
5.19131 -675.842
12.9286 -675.829
48.5706 -674.479
56.6485 -673.795
62.2337 -672.94
71.3378 -672.112
78.7794 -671.168
85.8718 -670.162
92.2064 -669.142
99.9399 -667.983
104.407 -667.104
113.531 -665.638
122.477 -664.075
125.462 -663.428
134.347 -661.682
142.392 -659.997
149.653 -658.402
156.583 -656.825
164.132 -655.006
171.773 -653.07
178.351 -651.397
186.257 -649.198
192.584 -647.497
199.442 -645.545
206.787 -643.315
212.677 -641.684
220.616 -639.013
227.357 -636.85
261.169 -623.563
269.379 -620.122
276.36 -616.927
282.513 -613.919
288.328 -610.989
294.184 -608.016
302.367 -604.039
307.65 -601.179
314.666 -597.502
321.183 -593.973
327.395 -590.527
332.647 -587.555
340.233 -583.196
344.589 -580.694
351.936 -576.267
358.68 -572.114
364.583 -568.451
369.919 -565.158
377.265 -560.248
382.997 -556.5
389.139 -552.341
394.573 -548.73
400.03 -545.064
406.388 -540.45
433.201 -518.749
437.334 -514.896
442.943 -509.971
449.09 -504.541
455.233 -498.987
460.916 -493.678
465.189 -489.475
471.784 -483.161
477.353 -477.619
481.594 -473.241
486.524 -468.147
491.587 -462.833
495.683 -458.527
503.376 -449.987
506.982 -446.015
511.714 -440.664
517.293 -434.089
521.869 -428.694
525.752 -424.221
530.497 -418.415
535.212 -412.519
539.862 -406.585
559.657 -379.309
562.765 -374.141
566.737 -367.891
571.546 -360.447
574.574 -355.186
578.226 -349.026
582.376 -342.017
585.833 -335.901
589.434 -329.446
593.083 -322.772
595.898 -317.459
598.873 -311.837
602.453 -304.891
606.191 -297.394
609.476 -290.667
612.082 -285.431
615.432 -278.22
618.201 -272.402
621.727 -264.161
624.676 -257.36
628.402 -247.706
630.164 -244.512
633.25 -236.301
645.643 -201.804
647.83 -194.301
649.706 -187.284
651.25 -180.908
653.02 -173.866
654.745 -166.768
656.443 -159.547
657.975 -152.624
659.285 -146.289
660.876 -138.747
662.245 -131.797
663.56 -124.829
664.822 -117.842
666.031 -110.832
667.186 -103.787
668.359 -96.0678
669.337 -89.5392
670.353 -81.9286
671.225 -75.945
672.116 -68.2614
672.926 -60.5774
673.681 -53.8856
674.342 -46.1775
674.94 -38.7331
675.552 -32.162
676.037 -24.8061
