675.055 14.579
674.753 22.4274
674.301 29.5153
673.713 34.8886
673.21 42.8483
672.616 50.9383
671.93 58.6213
671.164 66.2319
670.362 72.9866
669.371 81.7385
668.594 86.8509
667.585 94.149
666.576 100.985
665.5 107.926
664.148 115.983
663.232 121.638
661.66 129.941
660.389 136.695
658.801 144.353
656.96 152.538
656.022 157.711
653.984 165.948
652.786 171.752
650.788 179.432
649.253 185.871
637 225.249
634.481 231.37
631.789 238.127
629.011 244.964
626.227 251.568
623.059 259.276
620.983 263.231
617.634 270.995
613.999 279.231
611.121 285.157
608.012 291.552
604.856 297.91
602.136 303.245
598.219 310.904
595.595 315.912
591.966 322.694
588.625 328.841
585.436 334.66
581.601 341.373
577.418 348.44
574.065 354.198
569.571 361.38
566.114 367.081
562.5 372.915
558.94 378.623
553.921 385.85
550.364 391.37
546.595 397.065
521.432 429.145
516.291 435.194
511.968 439.828
506.907 445.494
503.37 448.97
496.871 456.319
492.39 460.899
486.51 467.109
482.29 471.243
477.682 475.807
472.712 480.701
466.467 486.769
462.835 490.226
455.7 496.847
450.557 501.541
446.243 505.497
441.458 509.829
435.17 515.224
430.335 519.475
422.852 525.47
418.376 529.333
411.709 534.537
406.336 538.851
400.296 543.483
394.031 548.147
366.35 566.698
360.55 570.202
353.772 574.379
348.158 577.614
341.735 581.361
336.13 584.503
328.247 588.993
321.211 592.836
315.203 595.99
309.064 599.168
303.157 602.179
294.327 606.539
289.378 608.95
282.547 612.179
276.064 615.19
268.855 618.407
262.121 621.364
255.819 624.111
248.564 627.092
239.867 630.397
233.656 632.888
200.766 645.045
194.44 646.661
187.699 648.433
179.483 650.766
173.028 652.278
168.005 653.254
158.734 655.668
152.03 657.117
144.111 658.871
133.877 661.193
130.263 661.578
121.883 663.173
114.864 664.372
108.656 665.371
101.157 666.547
93.6669 667.643
87.6873 668.503
79.7262 669.514
72.7627 670.37
65.4441 671.188
58.8011 671.93
51.2707 672.624
43.6641 673.24
36.6817 673.809
28.4148 674.23
21.6475 674.685
12.9159 674.874
5.4771 675.111
-1.80376 675.3
-42.6501 674.278
-48.9033 673.507
-55.8165 672.757
-64.7542 672.024
-70.976 671.117
-77.7007 670.19
-86.2825 669.157
-92.1647 668.148
-99.1297 667.051
-104.161 666.129
-115.243 664.415
-121.313 663.231
-126.684 662.17
-134.524 660.621
-140.839 659.326
-148.75 657.596
-155.226 656.16
-162.138 654.558
-169.422 652.773
-176.075 651.137
-185.181 648.529
-191.954 646.677
-199.767 644.336
-205.081 642.991
-213.013 640.424
-222.068 637.2
-227.015 635.906
-235.07 632.955
-266.684 619.868
-274.088 616.586
-278.838 614.139
-287.825 610.105
-294.681 606.743
-301.448 603.332
-307.087 600.335
-313.659 596.871
-320.32 593.284
-327.227 589.482
-332.962 586.224
-339.966 582.187
-344.989 579.25
-352.978 574.399
-357.543 571.671
-364.045 567.598
-369.436 564.26
-374.84 560.892
-382.146 555.9
-387.708 552.253
-394.469 547.471
-399.517 544.167
-429.652 521.123
-435.318 516.203
-440.893 511.259
-446.352 506.308
-451.756 501.314
-457.089 496.287
-462.32 491.257
-467.445 486.232
-472.483 481.205
-477.424 476.188
-482.285 471.174
-487.094 466.14
-491.875 461.064
-496.594 455.981
-501.302 450.836
-505.954 445.681
-510.594 440.46
-515.21 435.189
-519.765 429.914
-524.309 424.568
-528.811 419.19
-533.324 413.697
-537.78 408.19
-542.235 402.573
-546.676 396.856
-569.104 363.495
-573.949 355.936
-576.898 350.508
-581.596 342.796
-585.167 336.367
-588.244 330.517
-592.097 323.47
-595.785 316.504
-599.072 310.009
-601.494 304.857
-604.348 298.958
-607.8 291.831
-611.109 284.79
-614.238 277.932
-617.218 271.22
-619.694 265.554
-622.236 259.695
-625.66 251.275
-627.648 246.743
-630.753 238.659
-632.856 233.75
-635.485 226.826
-638.5 217.898
-640.747 211.916
-642.828 206.809
-645.299 199.232
-647.733 191.251
-649.997 183.832
-660.396 142.813
-661.714 135.616
-662.848 128.75
-663.759 122.434
-665.638 112.812
-666.969 104.554
-667.6 98.4633
-668.177 92.6073
-669.479 83.3202
-670.232 76.0652
-670.87 69.1086
-671.4 62.5558
-672.211 53.5376
-672.564 47.4545
-673.086 39.2383
-673.398 32.6747
-673.681 26.0775
-673.934 19.5219
-674.132 11.6256
-674.309 5.51474
-674.385 -1.96447
-674.334 -10.0918
-674.046 -19.7512
-674.199 -24.2319
-674.254 -30.0298
-673.915 -37.9933
-673.25 -47.1526
-673.302 -52.4011
-672.952 -59.4192
-672.598 -66.2715
-672.062 -73.5717
-665.175 -117.043
-663.642 -125.688
-662.11 -132.051
-660.501 -139.048
-658.716 -147.194
-657.15 -152.689
-655.356 -159.769
-653.36 -167.623
-651.122 -176.26
-649.365 -181.944
-647.708 -187.274
-644.874 -197.042
-642.965 -202.896
-640.353 -210.995
-638.639 -216.012
-635.991 -223.69
-633.827 -229.844
-631.04 -237.419
-629.808 -241.303
-626.023 -250.674
-623.435 -257.276
-620.612 -264.204
-618.55 -269.623
-614.401 -278.61
-612.919 -282.911
-608.119 -292.472
-607.117 -296.027
-602.473 -304.868
-599.483 -311.195
-580.832 -343.905
-576.925 -350.161
-572.989 -356.321
-569.033 -362.378
-565.019 -368.41
-561.335 -373.745
-557.515 -379.254
-552.802 -386.076
-549.326 -390.875
-544.677 -397.312
-540.491 -402.976
-536.021 -408.913
-531.946 -414.257
-527.228 -420.286
-523.257 -425.369
-518.389 -431.358
-513.269 -437.488
-509.093 -442.566
-504.885 -447.634
-499.144 -454.012
-494.818 -459.033
-475.119 -478.63
-468.48 -485.216
-464.57 -488.697
-457.75 -495.146
-453.763 -498.646
-445.558 -506.103
-440.684 -510.255
-435.556 -514.603
-429.811 -519.408
-423.952 -524.209
-416.379 -530.239
-412.093 -533.627
-407.043 -537.586
-401.2 -542.033
-396.014 -545.997
-389.129 -550.924
-362.139 -570.283
-355.736 -574.106
-349.556 -577.656
-342.907 -581.502
-337.219 -584.53
-330.512 -588.248
-324.417 -591.456
-318.079 -594.765
-312.182 -597.741
-305.564 -601.089
-298.947 -604.358
-292.977 -607.219
-287.754 -609.693
-280.162 -613.222
-273.66 -616.171
-267.062 -619.096
-260.399 -621.977
-253.032 -625.034
-246.928 -627.59
-239.498 -630.503
-233.338 -632.973
-225.915 -635.718
-219.125 -638.227
-212.3 -640.679
-205.414 -643.078
-199.263 -645.301
-192.348 -647.594
-154.242 -657.286
-148.225 -658.363
-139.292 -660.393
-133.228 -661.382
-127.213 -662.357
-119.135 -663.838
-112.261 -664.937
-104.007 -666.272
-99.8236 -666.759
-90.296 -668.14
-82.0489 -669.2
-75.9795 -669.886
-67.5508 -670.789
-61.1957 -671.417
-54.5069 -672.042
-47.6375 -672.632
-40.17 -673.174
-33.3351 -673.661
-24.361 -674.008
-16.8144 -674.31
-9.47992 -674.552
-1.56834 -674.67
5.06134 -674.851
12.7863 -674.839
48.6323 -673.481
56.6948 -672.796
62.242 -671.94
71.3401 -671.112
78.7607 -670.168
85.8292 -669.163
92.1404 -668.144
99.863 -666.985
104.291 -666.111
113.416 -664.645
122.343 -663.084
125.284 -662.444
134.152 -660.701
142.181 -659.02
149.419 -657.43
156.324 -655.859
163.853 -654.045
171.476 -652.115
178.026 -650.451
185.918 -648.257
192.223 -646.565
199.065 -644.618
206.392 -642.396
212.259 -640.775
220.179 -638.113
226.904 -635.958
260.89 -622.603
269.091 -619.165
276.053 -615.975
282.179 -612.976
287.965 -610.057
293.793 -607.096
301.968 -603.122
307.233 -600.27
314.239 -596.598
320.748 -593.073
326.944 -589.635
332.173 -586.675
339.748 -582.321
344.067 -579.841
351.403 -575.42
358.132 -571.278
364.013 -567.629
369.323 -564.355
376.661 -559.451
382.371 -555.72
388.495 -551.576
393.907 -547.984
399.342 -544.338
405.688 -539.736
432.638 -517.923
436.747 -514.087
442.338 -509.175
448.473 -503.754
454.592 -498.22
460.26 -492.923
464.512 -488.738
471.102 -482.429
476.663 -476.896
480.885 -472.536
485.801 -467.456
490.858 -462.149
494.935 -457.864
502.635 -449.316
506.225 -445.362
510.94 -440.03
516.512 -433.465
521.067 -428.097
524.934 -423.646
529.667 -417.858
534.369 -411.98
539.009 -406.064
558.903 -378.651
561.99 -373.509
565.948 -367.277
570.752 -359.84
573.759 -354.606
577.397 -348.467
581.538 -341.47
584.981 -335.377
588.571 -328.942
592.209 -322.286
595.007 -317.004
597.969 -311.411
601.541 -304.483
605.272 -296.999
608.555 -290.277
611.154 -285.06
614.503 -277.85
617.266 -272.047
620.792 -263.807
623.733 -257.028
627.456 -247.38
629.204 -244.233
632.285 -236.04
644.743 -201.367
646.918 -193.89
648.789 -186.886
650.32 -180.538
652.083 -173.518
653.799 -166.442
655.491 -159.242
657.015 -152.343
658.317 -146.037
659.904 -138.515
661.266 -131.589
662.577 -124.647
663.835 -117.685
665.039 -110.7
666.192 -103.68
667.363 -95.9805
668.34 -89.4733
669.355 -81.8677
670.226 -75.9029
671.117 -68.2239
671.926 -60.5527
672.681 -53.8902
673.343 -46.2024
673.941 -38.7806
674.555 -32.2398
675.042 -24.9073
