674.061 14.6904
673.757 22.5204
673.304 29.5838
672.714 34.9169
672.21 42.8595
671.616 50.9336
670.93 58.5973
670.165 66.1879
669.364 72.9148
668.374 81.6567
667.602 86.7271
666.595 94.0099
665.589 100.827
664.516 107.749
663.166 115.796
662.256 121.422
660.685 129.718
659.419 136.452
657.834 144.099
656 152.256
655.07 157.405
653.037 165.629
651.85 171.399
649.859 179.063
648.331 185.482
636.019 225.057
633.506 231.149
630.817 237.891
628.047 244.698
625.27 251.279
622.103 258.981
620.041 262.897
616.699 270.641
613.071 278.861
610.204 284.759
607.105 291.131
603.953 297.481
601.244 302.792
597.329 310.448
594.719 315.429
591.095 322.202
587.763 328.334
584.585 334.135
580.756 340.838
576.582 347.891
573.245 353.625
568.76 360.796
565.32 366.473
561.724 372.284
558.182 377.97
553.171 385.189
549.635 390.687
545.885 396.361
520.584 428.614
515.453 434.648
511.149 439.255
506.1 444.904
502.59 448.345
496.097 455.686
491.626 460.254
485.749 466.46
481.547 470.574
476.953 475.122
472.001 479.998
465.762 486.059
462.162 489.487
455.027 496.108
449.903 500.784
445.61 504.722
440.842 509.041
434.559 514.432
429.742 518.67
422.263 524.662
417.816 528.504
411.161 533.701
405.811 538
399.789 542.621
393.541 547.275
365.734 565.911
359.956 569.397
353.193 573.563
347.599 576.785
341.202 580.515
335.624 583.64
327.748 588.126
320.72 591.964
314.73 595.109
308.607 598.278
302.718 601.281
293.888 605.641
288.966 608.039
282.146 611.263
275.678 614.267
268.478 617.481
261.766 620.429
255.491 623.166
248.253 626.141
239.562 629.445
233.379 631.927
200.33 644.145
194.032 645.748
187.316 647.509
179.111 649.837
172.684 651.339
167.695 652.303
158.435 654.713
151.757 656.155
143.855 657.905
133.632 660.223
130.057 660.6
121.682 662.194
114.679 663.39
108.494 664.384
101.006 665.558
93.5282 666.653
87.574 667.509
79.6211 668.519
72.6752 669.374
65.3715 670.19
58.7583 670.931
51.2577 671.624
43.6643 672.24
36.7005 672.809
28.4569 673.23
21.7185 673.687
13.0049 673.878
5.58872 674.117
-1.66848 674.31
-42.741 673.283
-48.9613 672.509
-55.8475 671.757
-64.7766 671.024
-70.958 670.117
-77.6622 669.191
-86.2239 668.159
-92.0703 667.153
-99.0174 666.057
-104.005 665.141
-115.098 663.426
-121.143 662.245
-126.492 661.189
-134.324 659.641
-140.61 658.353
-148.513 656.624
-154.97 655.194
-161.865 653.595
-169.136 651.815
-175.777 650.182
-184.863 647.581
-191.612 645.737
-199.409 643.402
-204.693 642.07
-212.611 639.508
-221.656 636.289
-226.563 635.014
-234.607 632.069
-266.378 618.916
-273.767 615.64
-278.477 613.206
-287.457 609.175
-294.294 605.821
-301.041 602.419
-306.651 599.435
-313.211 595.977
-319.86 592.396
-326.765 588.595
-332.475 585.35
-339.466 581.321
-344.458 578.402
-352.438 573.558
-356.976 570.848
-363.462 566.785
-368.828 563.466
-374.207 560.118
-381.513 555.125
-387.059 551.492
-393.815 546.715
-398.843 543.429
-429.134 520.268
-434.78 515.36
-440.335 510.429
-445.774 505.492
-451.158 500.513
-456.472 495.5
-461.69 490.48
-466.802 485.467
-471.827 480.45
-476.755 475.445
-481.598 470.448
-486.388 465.432
-491.151 460.373
-495.853 455.309
-500.545 450.183
-505.18 445.047
-509.804 439.847
-514.405 434.596
-518.95 429.334
-523.479 424.009
-527.968 418.652
-532.468 413.179
-536.912 407.694
-541.355 402.098
-545.785 396.402
-568.347 362.841
-573.186 355.29
-576.113 349.888
-580.8 342.192
-584.361 335.775
-587.42 329.95
-591.262 322.919
-594.94 315.97
-598.213 309.496
-600.616 304.377
-603.46 298.499
-606.907 291.381
-610.211 284.35
-613.334 277.503
-616.306 270.811
-618.769 265.174
-621.3 259.344
-624.721 250.93
-626.698 246.432
-629.797 238.364
-631.892 233.487
-634.515 226.584
-637.529 217.659
-639.771 211.699
-641.847 206.615
-644.315 199.055
-646.745 191.096
-649.007 183.697
-659.461 142.457
-660.774 135.275
-661.899 128.434
-662.8 122.15
-664.674 112.545
-666.002 104.301
-666.626 98.2359
-667.197 92.408
-668.498 83.1268
-669.248 75.8884
-669.883 68.9427
-670.411 62.404
-671.223 53.3863
-671.571 47.3368
-672.091 39.1362
-672.401 32.6023
-672.683 26.0263
-672.934 19.5006
-673.132 11.6221
-673.309 5.54478
-673.387 -1.91289
-673.336 -10.0245
-673.05 -19.6658
-673.206 -24.1149
-673.266 -29.8769
-672.929 -37.8234
-672.265 -46.9768
-672.326 -52.1842
-671.982 -59.177
-671.635 -66.0029
-671.105 -73.2804
-664.177 -116.99
-662.643 -125.632
-661.113 -131.974
-659.504 -138.964
-657.72 -147.103
-656.157 -152.568
-654.365 -159.632
-652.372 -167.47
-650.135 -176.098
-648.384 -181.747
-646.736 -187.039
-643.902 -196.81
-642 -202.631
-639.392 -210.718
-637.69 -215.696
-635.048 -223.359
-632.894 -229.485
-630.113 -237.044
-628.902 -240.88
-625.116 -250.253
-622.538 -256.832
-619.729 -263.734
-617.681 -269.128
-613.536 -278.108
-612.079 -282.368
-607.276 -291.934
-606.3 -295.45
-601.662 -304.284
-598.683 -310.595
-579.91 -343.52
-576.009 -349.761
-572.082 -355.9
-568.136 -361.934
-564.133 -367.945
-560.464 -373.253
-556.659 -378.737
-551.954 -385.546
-548.497 -390.316
-543.858 -396.739
-539.686 -402.382
-535.23 -408.301
-531.172 -413.624
-526.467 -419.638
-522.515 -424.699
-517.66 -430.674
-512.551 -436.791
-508.396 -441.848
-504.21 -446.896
-498.478 -453.266
-494.174 -458.267
-474.385 -477.951
-467.755 -484.527
-463.875 -487.978
-457.06 -494.422
-453.091 -497.905
-444.868 -505.38
-440.005 -509.521
-434.886 -513.86
-429.158 -518.65
-423.316 -523.438
-415.745 -529.466
-411.49 -532.829
-406.459 -536.774
-400.635 -541.208
-395.475 -545.155
-388.607 -550.07
-361.48 -569.531
-355.099 -573.336
-348.932 -576.875
-342.298 -580.709
-336.635 -583.718
-329.949 -587.422
-323.87 -590.619
-317.552 -593.915
-311.679 -596.876
-305.081 -600.214
-298.49 -603.468
-292.531 -606.324
-287.349 -608.779
-279.763 -612.305
-273.277 -615.248
-266.694 -618.166
-260.055 -621.038
-252.706 -624.088
-246.631 -626.634
-239.22 -629.542
-233.074 -632.009
-225.671 -634.748
-218.898 -637.253
-212.081 -639.703
-205.211 -642.099
-199.09 -644.316
-192.199 -646.605
-153.893 -656.349
-147.901 -657.417
-138.98 -659.443
-132.948 -660.422
-126.958 -661.39
-118.902 -662.866
-112.052 -663.959
-103.803 -665.293
-99.6612 -665.773
-90.1282 -667.155
-81.8878 -668.213
-75.8523 -668.894
-67.4376 -669.796
-61.1143 -670.421
-54.4546 -671.043
-47.613 -671.632
-40.168 -672.174
-33.3613 -672.661
-24.3967 -673.009
-16.8794 -673.312
-9.56141 -673.555
-1.66805 -673.675
4.9315 -673.859
12.6442 -673.849
48.6939 -672.483
56.741 -671.797
62.2501 -670.94
71.3421 -670.112
78.742 -669.169
85.7864 -668.164
92.0743 -667.146
99.7859 -665.988
104.174 -665.117
113.3 -663.652
122.218 -662.092
125.107 -661.46
133.958 -659.72
141.97 -658.042
149.186 -656.457
156.066 -654.893
163.575 -653.085
171.179 -651.16
177.702 -649.505
185.579 -647.317
191.863 -645.632
198.689 -643.692
205.998 -641.477
211.84 -639.867
219.749 -637.21
226.451 -635.067
260.61 -621.643
268.803 -618.207
275.746 -615.024
281.838 -612.036
287.602 -609.125
293.402 -606.176
301.576 -602.202
306.816 -599.361
313.811 -595.693
320.314 -592.172
326.493 -588.742
331.699 -585.794
339.263 -581.446
343.552 -578.984
350.87 -574.574
357.584 -570.441
363.443 -566.808
368.732 -563.548
376.057 -558.655
381.745 -554.941
387.852 -550.81
393.241 -547.237
398.66 -543.606
404.987 -539.022
432.075 -517.096
436.159 -513.278
441.726 -508.384
447.85 -502.972
453.95 -497.452
459.61 -492.163
463.836 -488.002
470.42 -481.698
475.972 -476.172
480.175 -471.832
485.078 -466.765
490.128 -461.464
494.186 -457.201
501.894 -448.644
505.467 -444.709
510.172 -439.391
515.725 -432.848
520.27 -427.493
524.115 -423.072
528.836 -417.301
533.531 -411.435
538.159 -405.536
558.15 -377.994
561.214 -372.878
565.158 -366.663
569.957 -359.233
572.944 -354.027
576.568 -347.908
580.701 -340.924
584.129 -334.853
587.707 -328.438
591.335 -321.8
594.117 -316.549
597.064 -310.984
600.628 -304.074
604.354 -296.603
607.634 -289.887
610.225 -284.688
613.573 -277.481
616.331 -271.693
619.853 -263.462
622.787 -256.705
626.511 -247.054
628.241 -243.961
631.319 -235.779
643.843 -200.931
646.007 -193.479
647.871 -186.489
649.391 -180.168
651.145 -173.171
652.854 -166.116
654.538 -158.937
656.056 -152.062
657.349 -145.786
658.931 -138.283
660.288 -131.382
661.593 -124.464
662.847 -117.527
664.048 -110.568
665.198 -103.574
666.366 -95.8932
667.342 -89.4073
668.356 -81.8068
669.227 -75.8607
670.118 -68.1863
670.927 -60.528
671.681 -53.8948
672.343 -46.2273
672.942 -38.828
673.557 -32.31
674.047 -25.0084
