673.068 14.8017
672.761 22.606
672.306 29.6521
671.714 34.9536
671.21 42.8706
670.616 50.9289
669.931 58.5732
669.165 66.1439
668.367 72.843
667.377 81.5748
666.61 86.6032
665.605 93.8709
664.601 100.669
663.531 107.572
662.183 115.61
661.279 121.206
659.71 129.495
658.448 136.21
656.867 143.846
655.039 151.982
654.118 157.098
652.089 165.31
650.914 171.046
648.929 178.694
647.414 185.085
635.037 224.865
632.531 230.927
629.845 237.655
627.081 244.44
624.31 250.997
621.148 258.686
619.101 262.555
615.764 270.286
612.142 278.49
609.283 284.369
606.194 290.717
603.054 297.044
600.353 302.339
596.443 309.984
593.843 314.947
590.224 321.71
586.901 327.827
583.734 333.611
579.907 340.31
575.746 347.343
572.426 353.052
567.948 360.212
564.527 365.864
560.948 371.654
557.42 377.323
552.42 384.528
548.905 390.003
545.175 395.656
519.74 428.078
514.619 434.095
510.333 438.676
505.297 444.307
501.81 447.719
495.323 455.052
490.862 459.608
484.992 465.806
480.803 469.906
476.224 474.438
471.289 479.295
465.058 485.349
461.489 488.748
454.354 495.368
449.249 500.028
444.977 503.948
440.226 508.254
433.948 513.64
429.15 517.864
421.673 523.854
417.256 527.676
410.612 532.865
405.286 537.149
399.282 541.759
393.052 546.403
365.117 565.123
359.363 568.593
352.615 572.747
347.047 575.952
340.669 579.669
335.118 582.778
327.249 587.259
320.229 591.093
314.256 594.228
308.15 597.389
302.279 600.382
293.448 604.742
288.547 607.131
281.745 610.347
275.292 613.345
268.102 616.554
261.412 619.494
255.162 622.222
247.943 625.191
239.257 628.492
233.102 630.966
199.894 643.245
193.625 644.835
186.932 646.586
178.739 648.909
172.34 650.4
167.384 651.353
158.135 653.759
151.484 655.193
143.598 656.938
133.379 659.256
129.851 659.621
121.488 661.213
114.502 662.405
108.341 663.396
100.865 664.568
93.3896 665.662
87.4607 666.515
79.5161 667.525
72.5877 668.378
65.299 669.193
58.7154 669.932
51.2369 670.624
43.6645 671.24
36.7276 671.809
28.4989 672.231
21.7893 672.69
13.0863 672.881
5.70021 673.123
-1.54058 673.318
-42.8247 672.286
-49.0118 671.51
-55.8709 670.757
-64.7915 670.024
-70.9399 669.117
-77.6159 668.192
-86.1651 667.16
-91.9758 666.157
-98.8971 665.064
-103.85 664.154
-114.953 662.437
-120.973 661.26
-126.3 660.207
-134.124 658.661
-140.389 657.378
-148.285 655.65
-154.721 654.225
-161.6 652.631
-168.85 650.857
-175.48 649.227
-184.545 646.632
-191.276 644.795
-199.051 642.468
-204.305 641.148
-212.21 638.592
-221.244 635.378
-226.112 634.122
-234.145 631.183
-266.065 617.967
-273.438 614.695
-278.117 612.273
-287.088 608.245
-293.906 604.9
-300.633 601.506
-306.215 598.535
-312.762 595.084
-319.4 591.508
-326.297 587.712
-331.989 584.476
-338.966 580.455
-343.928 577.554
-351.904 572.712
-356.409 570.024
-362.879 565.973
-368.22 562.672
-373.575 559.344
-380.88 554.351
-386.41 550.731
-393.161 545.958
-398.169 542.69
-428.615 519.413
-434.242 514.517
-439.777 509.6
-445.196 504.676
-450.56 499.711
-455.854 494.714
-461.059 489.704
-466.159 484.701
-471.171 479.695
-476.086 474.701
-480.91 469.721
-485.682 464.723
-490.428 459.683
-495.112 454.638
-499.787 449.53
-504.406 444.414
-509.014 439.234
-513.6 434.003
-518.13 428.762
-522.649 423.451
-527.125 418.114
-531.612 412.663
-536.048 407.191
-540.475 401.624
-544.898 395.94
-567.591 362.187
-572.422 354.644
-575.328 349.269
-580.008 341.58
-583.555 335.183
-586.596 329.384
-590.428 322.368
-594.095 315.436
-597.355 308.983
-599.739 303.898
-602.572 298.039
-606.014 290.93
-609.313 283.909
-612.431 277.074
-615.397 270.395
-617.847 264.787
-620.366 258.986
-623.786 250.577
-625.748 246.12
-628.844 238.063
-630.927 233.223
-633.545 226.341
-636.56 217.411
-638.795 211.481
-640.867 206.42
-643.331 198.878
-645.757 190.941
-648.016 183.561
-658.524 142.108
-659.832 134.941
-660.95 128.119
-661.841 121.865
-663.71 112.278
-665.034 104.048
-665.652 98.0086
-666.215 92.2163
-667.517 82.9336
-668.264 75.7118
-668.897 68.7768
-669.423 62.2523
-670.234 53.2351
-670.579 47.2108
-671.097 39.0259
-671.403 32.5299
-671.684 25.9752
-671.934 19.4793
-672.132 11.6186
-672.31 5.57476
-672.388 -1.86138
-672.338 -9.95716
-672.053 -19.5884
-672.214 -23.9896
-672.278 -29.7242
-671.944 -37.6537
-671.282 -46.7927
-671.349 -51.9675
-671.011 -58.935
-670.672 -65.7344
-670.149 -72.9893
-663.178 -116.936
-661.645 -125.577
-660.116 -131.897
-658.508 -138.879
-656.724 -147.012
-655.165 -152.447
-653.374 -159.495
-651.384 -167.316
-649.148 -175.936
-647.404 -181.55
-645.764 -186.803
-642.929 -196.577
-641.036 -202.366
-638.431 -210.442
-636.741 -215.38
-634.104 -223.028
-631.96 -229.126
-629.186 -236.67
-627.995 -240.458
-624.209 -249.832
-621.642 -256.389
-618.842 -263.272
-616.812 -268.633
-612.671 -277.606
-611.235 -281.831
-606.433 -291.396
-605.484 -294.872
-600.85 -303.7
-597.883 -309.994
-578.987 -343.135
-575.092 -349.361
-571.175 -355.478
-567.24 -361.491
-563.248 -367.48
-559.593 -372.761
-555.803 -378.22
-551.105 -385.017
-547.668 -389.757
-543.039 -396.166
-538.882 -401.788
-534.438 -407.69
-530.398 -412.991
-525.705 -418.99
-521.773 -424.028
-516.931 -429.989
-511.834 -436.095
-507.699 -441.131
-503.535 -446.159
-497.811 -452.52
-493.531 -457.502
-473.657 -477.266
-467.031 -483.838
-463.181 -487.258
-456.37 -493.698
-452.42 -497.164
-444.177 -504.656
-439.326 -508.787
-434.216 -513.118
-428.499 -517.898
-422.673 -522.672
-415.111 -528.693
-410.887 -532.031
-405.875 -535.962
-400.07 -540.383
-394.935 -544.313
-388.079 -549.221
-360.827 -568.774
-354.462 -572.565
-348.314 -576.089
-341.695 -579.911
-336.056 -582.903
-329.386 -586.595
-323.329 -589.778
-317.031 -593.061
-311.176 -596.012
-304.604 -599.335
-298.034 -602.579
-292.093 -605.425
-286.937 -607.868
-279.363 -611.388
-272.893 -614.324
-266.319 -617.239
-259.711 -620.099
-252.38 -623.143
-246.335 -625.679
-238.942 -628.582
-232.819 -631.042
-225.427 -633.779
-218.67 -636.279
-211.87 -638.726
-205.007 -641.12
-198.925 -643.33
-192.057 -645.615
-153.544 -655.411
-147.584 -656.468
-138.669 -658.492
-132.669 -659.462
-126.71 -660.421
-118.669 -661.893
-111.843 -662.981
-103.599 -664.314
-99.4987 -664.786
-89.9604 -666.169
-81.7268 -667.226
-75.7251 -667.903
-67.3243 -668.802
-61.0328 -669.424
-54.4024 -670.044
-47.5885 -670.632
-40.1659 -671.174
-33.3875 -671.662
-24.4323 -672.01
-16.9367 -672.314
-9.64279 -672.559
-1.77611 -672.681
4.80177 -672.868
12.5022 -672.86
48.7553 -671.485
56.7871 -670.798
62.2582 -669.941
71.3441 -669.112
78.7231 -668.169
85.7435 -667.165
92.0081 -666.148
99.7088 -664.991
104.057 -664.124
113.184 -662.658
122.093 -661.1
124.921 -660.478
133.763 -658.739
141.76 -657.065
148.952 -655.485
155.807 -653.927
163.296 -652.125
170.882 -650.205
177.379 -648.559
185.24 -646.376
191.502 -644.699
198.313 -642.765
205.611 -640.555
211.422 -638.959
219.319 -636.307
225.999 -634.175
260.331 -620.682
268.508 -617.252
275.431 -614.074
281.496 -611.097
287.232 -608.196
293.011 -605.255
301.184 -601.282
306.399 -598.452
313.384 -594.789
319.88 -591.271
326.042 -587.849
331.224 -584.914
338.779 -580.572
343.036 -578.127
350.344 -573.723
357.043 -569.601
362.88 -565.981
368.142 -562.741
375.459 -557.853
381.125 -554.156
387.209 -550.044
392.581 -546.486
397.978 -542.875
404.292 -538.303
431.513 -516.269
435.565 -512.474
441.115 -507.593
447.227 -502.19
453.315 -496.68
458.961 -491.403
463.16 -487.265
469.744 -480.961
475.282 -475.449
479.471 -471.121
484.36 -466.069
489.399 -460.78
493.438 -456.538
501.153 -447.973
504.705 -444.063
509.398 -438.757
514.944 -432.224
519.473 -426.889
523.297 -422.497
528.01 -416.738
532.688 -410.897
537.305 -405.016
557.397 -377.336
560.438 -372.247
564.369 -366.049
569.158 -358.632
572.129 -353.447
575.739 -347.349
579.863 -340.378
583.277 -334.33
586.844 -327.933
590.458 -321.321
593.227 -316.094
596.163 -310.551
599.715 -303.665
603.435 -296.208
606.713 -289.497
609.297 -284.317
612.644 -277.112
615.396 -271.338
618.915 -263.116
621.841 -256.381
625.566 -246.728
627.279 -243.69
630.354 -235.518
642.943 -200.495
645.099 -193.06
646.953 -186.092
648.462 -179.799
650.207 -172.823
651.909 -165.79
653.586 -158.632
655.096 -151.781
656.382 -145.534
657.958 -138.051
659.31 -131.175
660.61 -124.282
661.859 -117.37
663.057 -110.436
664.203 -103.467
665.37 -95.8058
666.344 -89.3413
667.358 -81.7458
668.228 -75.8184
669.119 -68.1487
669.927 -60.5032
670.681 -53.8993
671.343 -46.2443
671.943 -38.8677
672.56 -32.3802
673.051 -25.1021
