672.074 14.9129
671.764 22.6914
671.308 29.7129
670.715 34.9902
670.21 42.8817
669.616 50.9164
668.931 58.5413
668.167 66.0919
667.37 72.7712
666.381 81.4849
665.617 86.4793
664.614 93.7319
663.614 100.511
662.547 107.396
661.201 115.424
660.303 120.99
658.737 129.265
657.478 135.968
655.899 143.593
654.077 151.707
653.166 156.792
651.144 164.983
649.979 170.694
648 178.325
646.496 184.688
634.056 224.673
631.556 230.706
628.873 237.419
626.115 244.182
623.351 250.715
620.193 258.39
618.161 262.213
614.829 269.932
611.21 278.128
608.362 283.979
605.284 290.304
602.155 296.607
599.465 301.878
595.557 309.52
592.967 314.465
589.349 321.226
586.035 327.327
582.878 333.093
579.058 339.781
574.905 346.801
571.602 352.485
567.132 359.634
563.728 365.262
560.167 371.029
556.657 376.676
551.67 383.867
548.175 389.319
544.465 394.952
518.896 427.541
513.785 433.543
509.518 438.097
504.495 443.71
501.035 447.087
494.55 454.418
490.104 458.957
484.236 465.151
480.059 469.237
475.501 473.748
470.578 478.592
464.353 484.639
460.809 488.014
453.681 494.628
448.596 499.271
444.344 503.174
439.604 507.471
433.337 512.849
428.557 517.059
421.083 523.047
416.703 526.843
410.064 532.029
404.761 536.298
398.776 540.897
392.562 545.531
364.501 564.336
358.77 567.787
352.037 571.931
346.494 575.118
340.136 578.823
334.612 581.915
326.751 586.392
319.738 590.222
313.783 593.347
307.693 596.499
301.84 599.484
293.009 603.844
288.127 606.224
281.336 609.435
274.906 612.422
267.726 615.628
261.05 618.562
254.826 621.28
247.625 624.242
238.952 627.54
232.818 630.007
199.458 642.345
193.217 643.922
186.541 645.665
178.368 647.98
171.997 649.461
167.074 650.402
157.843 652.803
151.211 654.231
143.349 655.97
133.126 658.288
129.652 658.641
121.295 660.232
114.324 661.421
108.188 662.407
100.723 663.578
93.251 664.672
87.3474 665.522
79.411 666.53
72.5001 667.382
65.2263 668.195
58.6725 668.932
51.2161 669.625
43.6646 670.24
36.7546 670.81
28.5409 671.232
21.8599 671.692
13.1676 671.885
5.80424 672.129
-1.41281 672.326
-42.9081 671.29
-49.0622 670.511
-55.8942 669.758
-64.8063 669.024
-70.9217 668.117
-77.5695 667.193
-86.1063 666.162
-91.8813 665.162
-98.7768 664.072
-103.686 663.167
-114.808 661.447
-120.804 660.274
-126.1 659.227
-133.916 657.683
-140.168 656.402
-148.057 654.677
-154.473 653.257
-161.336 651.667
-168.571 649.897
-175.174 648.275
-184.234 645.682
-190.941 643.853
-198.693 641.534
-203.916 640.227
-211.801 637.68
-220.832 634.467
-225.66 633.229
-233.682 630.296
-265.752 617.017
-273.109 613.751
-277.756 611.341
-286.719 607.316
-293.518 603.978
-300.226 600.592
-305.779 597.635
-312.313 594.19
-318.94 590.62
-325.829 586.828
-331.503 583.603
-338.466 579.589
-343.398 576.706
-351.37 571.867
-355.841 569.201
-362.296 565.16
-367.612 561.878
-372.942 558.569
-380.247 553.577
-385.761 549.97
-392.507 545.201
-397.494 541.952
-428.097 518.558
-433.704 513.674
-439.218 508.77
-444.618 503.86
-449.962 498.91
-455.237 493.927
-460.429 488.928
-465.515 483.935
-470.515 478.94
-475.418 473.958
-480.223 468.995
-484.977 464.015
-489.704 458.993
-494.371 453.966
-499.029 448.878
-503.632 443.781
-508.23 438.614
-512.799 433.404
-517.315 428.183
-521.82 422.893
-526.287 417.569
-530.755 412.147
-535.183 406.688
-539.595 401.149
-544.011 395.479
-566.834 361.534
-571.659 353.998
-574.543 348.65
-579.217 340.969
-582.749 334.591
-585.772 328.817
-589.593 321.817
-593.249 314.901
-596.493 308.476
-598.861 303.418
-601.683 297.58
-605.121 290.48
-608.415 283.469
-611.528 276.645
-614.484 269.986
-616.925 264.4
-619.433 258.627
-622.85 250.225
-624.797 245.809
-627.89 237.761
-629.962 232.96
-632.575 226.099
-635.591 217.164
-637.82 211.256
-639.886 206.225
-642.347 198.701
-644.771 190.778
-647.026 183.419
-657.59 141.752
-658.889 134.607
-660.001 127.804
-660.88 121.589
-662.749 112.002
-664.069 103.787
-664.678 97.7814
-665.234 92.0247
-666.536 82.7404
-667.279 75.5352
-667.911 68.611
-668.435 62.1006
-669.246 53.0839
-669.587 47.085
-670.104 38.9157
-670.406 32.4573
-670.685 25.9241
-670.935 19.458
-671.132 11.6151
-671.31 5.60468
-671.389 -1.80993
-671.341 -9.88992
-671.056 -19.5109
-671.221 -23.8644
-671.29 -29.5716
-670.958 -37.4842
-670.3 -46.6087
-670.373 -51.7509
-670.041 -58.6932
-669.708 -65.4662
-669.192 -72.6984
-662.18 -116.883
-660.647 -125.514
-659.119 -131.82
-657.512 -138.794
-655.728 -146.92
-654.172 -152.326
-652.384 -159.358
-650.396 -167.163
-648.161 -175.774
-646.424 -181.353
-644.792 -186.568
-641.957 -196.344
-640.072 -202.101
-637.47 -210.165
-635.795 -215.056
-633.16 -222.697
-631.027 -228.767
-628.259 -236.295
-627.088 -240.036
-623.302 -249.412
-620.746 -255.946
-617.956 -262.809
-615.943 -268.139
-611.81 -277.096
-610.391 -281.295
-605.59 -290.859
-604.668 -294.294
-600.039 -303.115
-597.083 -309.394
-578.064 -342.749
-574.176 -348.96
-570.269 -355.056
-566.344 -361.047
-562.363 -367.014
-558.723 -372.269
-554.947 -377.703
-550.257 -384.487
-546.834 -389.205
-542.224 -395.586
-538.077 -401.194
-533.647 -407.079
-529.629 -412.352
-524.943 -418.342
-521.026 -423.363
-516.202 -429.305
-511.116 -435.398
-507.003 -440.414
-502.86 -445.421
-497.145 -451.774
-492.887 -456.737
-472.928 -476.581
-466.306 -483.148
-462.487 -486.539
-455.68 -492.974
-451.749 -496.423
-443.487 -503.933
-438.647 -508.053
-433.547 -512.375
-427.84 -517.146
-422.03 -521.906
-414.476 -527.92
-410.278 -531.238
-405.291 -535.151
-399.505 -539.558
-394.396 -543.471
-387.55 -548.372
-360.173 -568.017
-353.825 -571.794
-347.697 -575.302
-341.092 -579.113
-335.471 -582.092
-328.824 -585.768
-322.788 -588.937
-316.511 -592.207
-310.681 -595.143
-304.127 -598.456
-297.577 -601.689
-291.654 -604.526
-286.524 -606.957
-278.963 -610.472
-272.509 -613.401
-265.943 -616.312
-259.367 -619.16
-252.054 -622.198
-246.038 -624.724
-238.664 -627.621
-232.563 -630.075
-225.183 -632.809
-218.443 -635.305
-211.66 -637.748
-204.812 -640.139
-198.76 -642.344
-191.908 -644.626
-153.196 -654.474
-147.267 -655.52
-138.358 -657.542
-132.389 -658.502
-126.463 -659.452
-118.435 -660.921
-111.635 -662.003
-103.395 -663.335
-99.3282 -663.801
-89.7927 -665.183
-81.5658 -666.239
-75.5979 -666.911
-67.2191 -667.808
-60.9514 -668.427
-54.3501 -669.046
-47.5639 -669.633
-40.1637 -670.174
-33.4058 -670.662
-24.4678 -671.01
-16.994 -671.316
-9.73252 -671.563
-1.88405 -671.687
4.66372 -671.877
12.3518 -671.871
48.8167 -670.487
56.8255 -669.798
62.2661 -668.941
71.3383 -668.112
78.7041 -667.169
85.7005 -666.165
91.9419 -665.15
99.6316 -663.994
103.949 -663.13
113.068 -661.665
121.967 -660.108
124.744 -659.493
133.569 -657.758
141.549 -656.087
148.719 -654.512
155.548 -652.961
163.018 -651.164
170.578 -649.252
177.055 -647.613
184.893 -645.438
191.134 -643.769
197.929 -641.842
205.216 -639.636
211.004 -638.05
218.882 -635.408
225.538 -633.287
260.044 -619.724
268.213 -616.296
275.117 -613.125
281.155 -610.157
286.861 -607.267
292.62 -604.335
300.793 -600.361
305.982 -597.543
312.956 -593.885
319.445 -590.37
325.591 -586.957
330.75 -584.034
338.294 -579.697
342.521 -577.27
349.818 -572.873
356.502 -568.76
362.316 -565.155
367.552 -561.934
374.861 -557.052
380.505 -553.371
386.572 -549.273
391.921 -545.735
397.296 -542.143
403.598 -537.584
430.95 -515.443
434.971 -511.669
440.503 -506.802
446.603 -501.408
452.68 -495.908
458.311 -490.643
462.483 -486.528
469.068 -480.224
474.598 -474.72
478.767 -470.411
483.643 -465.372
488.67 -460.096
492.689 -455.875
500.412 -447.301
503.942 -443.416
508.624 -438.123
514.162 -431.6
518.676 -426.285
522.479 -421.923
527.179 -416.181
531.846 -410.358
536.452 -404.495
556.639 -376.684
559.658 -371.622
563.58 -365.434
568.359 -358.031
571.31 -352.874
574.906 -346.796
579.021 -339.839
582.421 -333.813
585.976 -327.436
589.58 -320.842
592.34 -315.631
595.262 -310.117
598.806 -303.249
602.52 -295.806
605.793 -289.107
608.368 -283.946
611.715 -276.742
614.461 -270.983
617.977 -262.77
620.897 -256.05
624.62 -246.401
626.318 -243.411
629.389 -235.256
642.043 -200.059
644.191 -192.641
646.032 -185.702
647.533 -179.43
649.27 -172.476
650.963 -165.465
652.631 -158.334
654.136 -151.5
655.416 -145.275
656.986 -137.819
658.333 -130.959
659.628 -124.091
660.873 -117.205
662.067 -110.296
663.209 -103.36
664.375 -95.7106
665.347 -89.2674
666.36 -81.6847
667.229 -75.7761
668.119 -68.111
668.927 -60.4784
669.681 -53.896
670.343 -46.2613
670.944 -38.9073
671.562 -32.4502
672.056 -25.1956
