671.08 15.0252
670.768 22.7767
670.31 29.7735
669.716 35.019
669.21 42.8849
668.616 50.9037
667.932 58.5177
667.168 66.0399
666.372 72.6993
665.385 81.3949
664.624 86.3636
663.623 93.6009
662.626 100.353
661.563 107.219
660.22 115.229
659.326 120.775
657.764 129.034
656.508 135.726
654.934 143.332
653.116 151.433
652.214 156.486
650.199 164.656
649.043 170.341
647.07 177.956
645.578 184.292
633.073 224.489
630.579 230.492
627.901 237.183
625.149 243.924
622.391 250.434
619.237 258.094
617.222 261.871
613.894 269.577
610.278 277.765
607.442 283.588
604.374 289.89
601.255 296.17
598.578 301.417
594.671 309.056
592.091 313.982
588.475 320.741
585.169 326.827
582.023 332.575
578.208 339.253
574.065 346.259
570.778 351.918
566.316 359.056
562.93 364.66
559.385 370.405
555.895 376.029
550.914 383.212
547.445 388.636
543.75 394.254
518.053 427.005
512.952 432.991
508.703 437.517
503.687 443.12
500.26 446.455
493.776 453.785
489.345 458.306
483.48 464.497
479.321 468.562
474.777 473.057
469.866 477.889
463.643 483.936
460.13 487.28
453.014 493.883
447.942 498.514
443.705 502.406
438.981 506.688
432.72 512.062
427.958 516.258
420.5 522.234
416.144 526.014
409.522 531.188
404.235 535.447
398.269 540.035
392.08 544.655
363.885 563.548
358.17 566.987
351.459 571.115
345.935 574.289
339.596 577.981
334.099 581.057
326.259 585.522
319.247 589.35
313.317 592.462
307.236 595.61
301.401 598.585
292.562 602.949
287.708 605.316
280.928 608.522
274.513 611.503
267.342 614.704
260.688 617.63
254.49 620.338
247.307 623.294
238.655 626.585
232.534 629.049
199.015 641.449
192.809 643.009
186.151 644.745
178.004 647.049
171.652 648.522
166.764 649.452
157.551 651.846
150.937 653.269
143.1 655.001
132.873 657.321
129.454 657.661
121.101 659.251
114.147 660.437
108.034 661.419
100.581 662.588
93.1123 663.682
87.234 664.528
79.3059 665.536
72.4126 666.386
65.1537 667.198
58.6296 667.933
51.1951 668.625
43.6646 669.24
36.7815 669.81
28.5827 670.233
21.9305 670.695
13.2488 670.888
5.90815 671.134
-1.28518 671.334
-42.9914 670.293
-49.1124 669.513
-55.9174 668.758
-64.8209 668.025
-70.9034 667.118
-77.523 666.194
-86.0474 665.164
-91.7867 664.166
-98.6565 663.079
-103.523 662.18
-114.663 660.458
-120.634 659.289
-125.901 658.247
-133.708 656.705
-139.946 655.427
-147.828 653.703
-154.224 652.288
-161.071 650.702
-168.293 648.936
-174.869 647.323
-183.924 644.731
-190.606 642.911
-198.342 640.598
-203.528 639.305
-211.399 636.764
-220.42 633.556
-225.209 632.337
-233.226 629.406
-265.439 616.067
-272.788 612.804
-277.396 610.408
-286.358 606.383
-293.13 603.056
-299.818 599.679
-305.35 596.732
-311.864 593.296
-318.48 589.732
-325.36 585.945
-331.016 582.729
-337.966 578.723
-342.868 575.858
-350.829 571.026
-355.274 568.377
-361.713 564.348
-367.003 561.084
-372.315 557.79
-379.615 552.802
-385.119 549.204
-391.853 544.445
-396.82 541.213
-427.578 517.703
-433.165 512.832
-438.66 507.94
-444.04 503.045
-449.371 498.103
-454.619 493.141
-459.792 488.157
-464.872 483.17
-469.859 478.186
-474.749 473.214
-479.535 468.269
-484.271 463.306
-488.981 458.302
-493.636 453.288
-498.271 448.225
-502.858 443.148
-507.445 437.995
-511.999 432.804
-516.5 427.604
-520.99 422.334
-525.444 417.032
-529.899 411.63
-534.319 406.185
-538.714 400.675
-543.12 395.026
-566.077 360.88
-570.895 353.352
-573.757 348.031
-578.425 340.358
-581.943 334
-584.948 328.251
-588.755 321.272
-592.4 314.374
-595.63 307.97
-597.983 302.939
-600.795 297.12
-604.228 290.03
-607.514 283.036
-610.621 276.223
-613.572 269.577
-616.004 264.013
-618.499 258.269
-621.911 249.88
-623.847 245.497
-626.937 237.459
-628.998 232.696
-631.605 225.856
-634.622 216.917
-636.846 211.031
-638.905 206.03
-641.362 198.523
-643.784 190.616
-646.036 183.275
-656.655 141.395
-657.947 134.273
-659.05 127.496
-659.919 121.312
-661.788 111.727
-663.103 103.527
-663.704 97.5543
-664.253 91.8332
-665.554 82.5473
-666.295 75.3587
-666.925 68.4453
-667.446 61.9491
-668.256 52.9405
-668.594 46.9669
-669.109 38.8133
-669.409 32.3847
-669.686 25.8811
-669.935 19.4367
-670.132 11.6197
-670.311 5.64286
-670.391 -1.7502
-670.343 -9.81438
-670.059 -19.4336
-670.229 -23.7393
-670.301 -29.4191
-669.974 -37.3063
-669.317 -46.4248
-669.397 -51.5332
-669.071 -58.4515
-668.745 -65.1981
-668.235 -72.4077
-661.182 -116.821
-659.649 -125.451
-658.122 -131.742
-656.515 -138.709
-654.732 -146.829
-653.179 -152.205
-651.393 -159.221
-649.407 -167.01
-647.175 -175.612
-645.443 -181.156
-643.818 -186.341
-640.986 -196.104
-639.11 -201.828
-636.511 -209.881
-634.849 -214.732
-632.219 -222.358
-630.094 -228.407
-627.335 -235.913
-626.179 -239.621
-622.394 -248.991
-619.849 -255.502
-617.073 -262.339
-615.074 -267.644
-610.946 -276.593
-609.547 -280.759
-604.752 -290.314
-603.852 -293.716
-599.223 -302.537
-596.283 -308.794
-577.141 -342.364
-573.26 -348.56
-569.362 -354.634
-565.451 -360.597
-561.478 -366.549
-557.852 -371.777
-554.087 -377.193
-549.409 -383.958
-546 -388.653
-541.409 -395.006
-537.273 -400.6
-532.855 -406.468
-528.855 -411.719
-524.182 -417.694
-520.279 -422.699
-515.473 -428.621
-510.399 -434.702
-506.3 -439.702
-502.184 -444.684
-496.479 -451.029
-492.243 -455.972
-472.199 -475.896
-465.582 -482.459
-461.792 -485.819
-454.99 -492.25
-451.077 -495.682
-442.797 -503.209
-437.968 -507.319
-432.877 -511.632
-427.181 -516.394
-421.387 -521.14
-413.842 -527.147
-409.669 -530.445
-404.707 -534.339
-398.94 -538.733
-393.856 -542.629
-387.022 -547.523
-359.52 -567.26
-353.181 -571.029
-347.072 -574.521
-340.483 -578.32
-334.886 -581.281
-328.254 -584.946
-322.247 -588.096
-315.983 -591.358
-310.178 -594.279
-303.643 -597.581
-297.112 -600.804
-291.216 -603.628
-286.112 -606.046
-278.564 -609.555
-272.118 -612.481
-265.568 -615.385
-259.015 -618.224
-251.728 -621.252
-245.742 -623.769
-238.386 -626.661
-232.307 -629.108
-224.938 -631.839
-218.215 -634.332
-211.449 -636.771
-204.617 -639.158
-198.588 -641.359
-191.759 -643.637
-152.847 -653.537
-146.951 -654.571
-138.047 -656.592
-132.11 -657.542
-126.216 -658.483
-118.194 -659.951
-111.418 -661.027
-103.183 -662.358
-99.1576 -662.815
-89.6168 -664.199
-81.4127 -665.251
-75.4706 -665.919
-67.1138 -666.813
-60.87 -667.431
-54.2977 -668.047
-47.5314 -668.633
-40.1615 -669.174
-33.4241 -669.662
-24.5117 -670.011
-17.052 -670.317
-9.82213 -670.567
-1.99188 -670.693
4.5258 -670.887
12.2015 -670.882
48.8704 -669.489
56.8639 -668.799
62.2826 -667.941
71.3324 -667.112
78.6773 -666.169
85.6575 -665.166
91.884 -664.152
99.5543 -662.997
103.84 -662.136
112.952 -660.672
121.834 -659.117
124.567 -658.509
133.382 -656.776
141.338 -655.109
148.486 -653.54
155.29 -651.995
162.732 -650.206
170.273 -648.3
176.723 -646.669
184.546 -644.5
190.766 -642.839
197.545 -640.919
204.821 -638.718
210.578 -637.146
218.444 -634.509
225.078 -632.399
259.757 -618.766
267.917 -615.341
274.802 -612.176
280.821 -609.214
286.491 -606.338
292.229 -603.414
300.401 -599.441
305.565 -596.635
312.529 -592.981
319.004 -589.473
325.141 -586.064
330.275 -583.153
337.81 -578.822
342.006 -576.413
349.293 -572.022
355.954 -567.923
361.753 -564.329
366.962 -561.126
374.263 -556.25
379.878 -552.592
385.929 -548.507
391.261 -544.983
396.615 -541.412
402.903 -536.865
430.387 -514.616
434.377 -510.865
439.892 -506.01
445.98 -500.626
452.045 -495.135
457.661 -489.883
461.807 -485.792
468.392 -479.488
473.913 -473.991
478.063 -469.701
482.926 -464.675
487.935 -459.417
491.935 -455.218
499.671 -446.63
503.179 -442.77
507.85 -437.49
513.38 -430.976
517.879 -425.681
521.66 -421.348
526.348 -415.625
531.003 -409.82
535.598 -403.974
555.886 -376.026
558.883 -370.99
562.791 -364.82
567.559 -357.43
570.49 -352.301
574.072 -346.243
578.179 -339.3
581.565 -333.296
585.113 -326.932
588.706 -320.356
591.449 -315.177
594.361 -309.684
597.893 -302.841
601.605 -295.403
604.872 -288.717
607.44 -283.574
610.786 -276.373
613.526 -270.629
617.041 -262.417
619.953 -255.719
623.672 -246.083
625.358 -243.132
628.426 -234.988
641.14 -199.63
643.283 -192.221
645.112 -185.312
646.603 -179.061
648.332 -172.129
650.015 -165.146
651.676 -158.037
653.176 -151.219
654.448 -145.023
656.015 -137.578
657.355 -130.752
658.647 -123.901
659.887 -117.039
661.077 -110.155
662.216 -103.245
663.379 -95.6153
664.349 -89.1935
665.362 -81.6236
666.23 -75.7337
667.12 -68.0732
667.927 -60.4619
668.681 -53.8925
669.344 -46.2867
669.945 -38.9553
670.565 -32.5286
671.06 -25.289
