670.087 15.1374
669.772 22.8704
669.312 29.834
668.716 35.0477
668.21 42.8966
667.616 50.8995
666.932 58.494
666.169 65.9962
665.375 72.6194
664.389 81.3049
663.631 86.2478
662.632 93.4699
661.638 100.203
660.577 107.05
659.239 115.035
658.351 120.551
656.791 128.803
655.54 135.476
653.968 143.071
652.154 151.158
651.265 156.171
649.254 164.329
648.11 169.981
646.138 177.594
644.66 183.894
632.09 224.304
629.602 230.278
626.93 236.947
624.183 243.666
621.432 250.152
618.284 257.791
616.279 261.537
612.959 269.222
609.346 277.402
606.521 283.198
603.463 289.476
600.356 295.732
597.69 300.957
593.785 308.592
591.215 313.5
587.6 320.257
584.303 326.328
581.168 332.057
577.359 338.725
573.224 345.717
569.954 351.351
565.5 358.478
562.131 364.058
558.604 369.781
555.132 375.382
550.159 382.557
546.71 387.958
543.04 393.549
517.209 426.468
512.118 432.438
507.889 436.937
502.88 442.53
499.48 445.829
493.002 453.151
488.586 457.654
482.724 463.842
478.583 467.888
474.054 472.367
469.155 477.187
462.939 483.226
459.457 486.541
452.341 493.143
447.281 497.763
443.065 501.637
438.359 505.905
432.103 511.275
427.365 515.453
419.911 521.427
415.584 525.185
408.974 530.352
403.711 534.595
397.769 539.169
391.597 543.779
363.262 562.766
357.57 566.187
350.874 570.304
345.376 573.46
339.056 577.139
333.586 580.199
325.767 584.651
318.764 588.475
312.851 591.578
306.779 594.721
300.97 597.683
292.115 602.055
287.288 604.408
280.519 607.609
274.119 610.583
266.958 613.781
260.326 616.698
254.154 619.396
246.989 622.346
238.35 625.633
232.258 628.088
198.578 640.549
192.401 642.096
185.767 643.821
177.631 646.121
171.308 647.583
166.461 648.499
157.251 650.892
150.664 652.307
142.843 654.035
132.628 656.352
129.248 656.683
120.908 658.269
113.97 659.453
107.881 660.431
100.439 661.599
92.9737 662.691
87.1206 663.535
79.2008 664.542
72.3249 665.389
65.081 666.201
58.5866 666.934
51.1663 667.625
43.6645 668.24
36.8083 668.81
28.6244 669.234
22.001 669.697
13.3298 669.891
6.01195 670.14
-1.15768 670.342
-43.0746 669.297
-49.1625 668.514
-55.9405 667.758
-64.8279 667.025
-70.885 666.118
-77.4765 665.195
-85.9806 664.166
-91.6921 663.171
-98.5362 662.086
-103.367 661.193
-114.51 659.469
-120.464 658.303
-125.701 657.268
-133.499 655.727
-139.725 654.452
-147.6 652.73
-153.976 651.319
-160.806 649.738
-168.014 647.976
-174.564 646.371
-183.613 643.781
-190.271 641.969
-197.992 639.661
-203.139 638.384
-210.997 635.848
-220.007 632.645
-224.764 631.441
-232.77 628.516
-265.133 615.115
-272.467 611.857
-277.035 609.475
-285.997 605.451
-292.75 602.131
-299.411 598.766
-304.921 595.828
-311.415 592.403
-318.019 588.845
-324.884 585.065
-330.523 581.859
-337.459 577.861
-342.337 575.01
-350.288 570.184
-354.707 567.554
-361.123 563.54
-366.395 560.29
-371.689 557.01
-378.988 552.023
-384.476 548.438
-391.2 543.688
-396.152 540.47
-427.059 516.848
-432.621 511.993
-438.095 507.115
-443.455 502.233
-448.78 497.297
-454.002 492.354
-459.156 487.385
-464.229 482.404
-469.197 477.436
-474.08 472.471
-478.848 467.542
-483.571 462.592
-488.263 457.606
-492.901 452.61
-497.513 447.573
-502.089 442.509
-506.66 437.375
-511.198 432.205
-515.685 427.025
-520.161 421.776
-524.605 416.487
-529.043 411.113
-533.451 405.69
-537.834 400.2
-542.228 394.572
-565.32 360.227
-570.132 352.707
-572.972 347.412
-577.634 339.747
-581.132 333.414
-584.119 327.691
-587.916 320.728
-591.55 313.846
-594.768 307.464
-597.102 302.466
-599.903 296.668
-603.332 289.587
-606.613 282.603
-609.714 275.802
-612.659 269.168
-615.078 263.633
-617.566 257.91
-620.972 249.535
-622.897 245.186
-625.981 237.165
-628.033 232.432
-630.637 225.606
-633.653 216.67
-635.872 210.805
-637.924 205.835
-640.38 198.339
-642.796 190.461
-645.047 183.132
-655.721 141.039
-657.004 133.94
-658.098 127.188
-658.958 121.035
-660.826 111.452
-662.136 103.273
-662.73 97.3273
-663.273 91.6335
-664.573 82.3542
-665.311 75.1823
-665.939 68.2797
-666.457 61.8052
-667.266 52.7971
-667.601 46.849
-668.114 38.711
-668.411 32.3122
-668.687 25.838
-668.935 19.4236
-669.132 11.6244
-669.311 5.67305
-669.393 -1.69055
-669.346 -9.73891
-669.062 -19.3562
-669.236 -23.6219
-669.313 -29.2657
-668.989 -37.1359
-668.334 -46.2411
-668.421 -51.3156
-668.102 -58.2016
-667.782 -64.9286
-667.278 -72.1172
-660.183 -116.76
-658.651 -125.388
-657.125 -131.665
-655.519 -138.624
-653.736 -146.737
-652.186 -152.092
-650.402 -159.092
-648.419 -166.857
-646.189 -175.442
-644.463 -180.96
-642.846 -186.106
-640.015 -195.864
-638.145 -201.563
-635.552 -209.597
-633.9 -214.416
-631.278 -222.02
-629.161 -228.048
-626.411 -235.53
-625.269 -239.206
-621.491 -248.563
-618.957 -255.052
-616.191 -261.869
-614.204 -267.149
-610.082 -276.091
-608.703 -280.223
-603.909 -289.775
-603.036 -293.138
-598.407 -301.959
-595.483 -308.194
-576.219 -341.978
-572.346 -348.153
-568.459 -354.205
-564.558 -360.146
-560.592 -366.084
-556.978 -371.292
-553.226 -376.683
-548.56 -383.429
-545.166 -388.101
-540.59 -394.433
-536.468 -400.006
-532.059 -405.863
-528.081 -411.085
-523.42 -417.046
-519.531 -422.034
-514.738 -427.942
-509.687 -433.999
-505.598 -438.99
-501.503 -443.951
-495.807 -450.288
-491.598 -455.207
-471.471 -475.211
-464.863 -481.764
-461.092 -485.105
-454.3 -491.527
-450.406 -494.941
-442.106 -502.486
-437.289 -506.585
-432.214 -510.884
-426.522 -515.642
-420.744 -520.374
-413.207 -526.374
-409.066 -529.648
-404.129 -533.522
-398.375 -537.908
-393.309 -541.792
-386.493 -546.674
-358.86 -566.509
-352.538 -570.263
-346.447 -573.74
-339.873 -577.528
-334.301 -580.47
-327.685 -584.124
-321.699 -587.259
-315.456 -590.508
-309.675 -593.415
-303.16 -596.706
-296.648 -599.918
-290.777 -602.729
-285.699 -605.135
-278.157 -608.641
-271.727 -611.56
-265.193 -614.458
-258.663 -617.288
-251.395 -620.309
-245.438 -622.817
-238.108 -625.7
-232.051 -628.142
-224.694 -630.87
-217.987 -633.358
-211.237 -635.793
-204.422 -638.178
-198.415 -640.374
-191.61 -642.648
-152.499 -652.599
-146.626 -653.625
-137.735 -655.641
-131.822 -656.584
-125.961 -657.516
-117.952 -658.98
-111.201 -660.05
-102.971 -661.381
-98.987 -661.83
-89.4411 -663.214
-81.2597 -664.263
-75.3433 -664.927
-67.0086 -665.819
-60.7886 -666.434
-54.2457 -667.048
-47.5072 -667.634
-40.1676 -668.174
-33.4423 -668.662
-24.5554 -669.012
-17.1099 -669.319
-9.91164 -669.571
-2.09959 -669.699
4.38801 -669.897
12.0514 -669.894
48.9328 -668.49
56.9108 -667.8
62.299 -666.941
71.3351 -666.112
78.6504 -665.17
85.6143 -664.167
91.8261 -663.154
99.4769 -662
103.732 -661.142
112.844 -659.678
121.701 -658.126
124.389 -657.525
133.195 -655.793
141.119 -654.134
148.244 -652.57
155.031 -651.029
162.446 -649.248
169.969 -647.347
176.391 -645.726
184.199 -643.562
190.398 -641.91
197.162 -639.995
204.426 -637.799
210.153 -636.241
218.014 -633.606
224.618 -631.511
259.479 -617.806
267.622 -614.385
274.487 -611.227
280.488 -608.271
286.128 -605.406
291.846 -602.491
300.009 -598.521
305.148 -595.726
312.101 -592.078
318.562 -588.576
324.683 -585.175
329.801 -582.273
337.325 -577.947
341.484 -575.56
348.76 -571.176
355.406 -567.087
361.183 -563.507
366.371 -560.319
373.665 -555.448
379.252 -551.813
385.286 -547.742
390.595 -544.237
395.927 -540.686
402.208 -536.145
429.824 -513.79
433.782 -510.061
439.28 -505.219
445.356 -499.844
451.404 -494.368
457.005 -489.128
461.13 -485.055
467.716 -478.751
473.228 -473.262
477.359 -468.991
482.208 -463.979
487.201 -458.739
491.182 -454.561
498.93 -445.958
502.416 -442.123
507.077 -436.856
512.594 -430.359
517.082 -425.077
520.846 -420.767
525.517 -415.068
530.161 -409.281
534.744 -403.454
555.133 -375.367
558.107 -370.358
562.002 -364.205
566.765 -356.823
569.675 -351.721
573.244 -345.684
577.341 -338.754
580.709 -332.779
584.249 -326.427
587.832 -319.87
590.559 -314.722
593.456 -309.258
596.98 -302.432
600.689 -295
603.951 -288.327
606.511 -283.203
609.856 -276.003
612.591 -270.274
616.106 -262.064
619.01 -255.388
622.724 -245.765
624.395 -242.861
627.462 -234.719
640.237 -199.201
642.375 -191.801
644.191 -184.922
645.671 -178.699
647.394 -171.781
649.07 -164.82
650.724 -157.731
652.217 -150.938
653.48 -144.771
655.042 -137.346
656.377 -130.544
657.664 -123.719
658.899 -116.882
660.087 -110.015
661.222 -103.13
662.384 -95.5199
663.352 -89.1195
664.364 -81.5624
665.231 -75.6911
666.12 -68.0437
666.927 -60.4453
667.681 -53.8975
668.344 -46.312
668.946 -39.0032
669.569 -32.6069
670.064 -25.3822
