669.093 15.2495
668.777 22.964
668.314 29.903
667.716 35.0763
667.21 42.9082
666.616 50.8952
665.932 58.4702
665.17 65.9524
664.378 72.5478
663.393 81.2231
662.638 86.132
661.64 93.3389
660.649 100.053
659.591 106.881
658.256 114.849
657.377 120.327
655.818 128.573
654.571 135.226
653.003 142.81
651.192 150.884
650.313 155.865
648.309 164.002
647.175 169.628
645.206 177.232
643.743 183.497
631.109 224.113
628.625 230.065
625.96 236.703
623.216 243.409
620.475 249.862
617.331 257.488
615.336 261.203
612.021 268.876
608.417 277.032
605.604 282.8
602.553 289.062
599.456 295.295
596.803 300.496
592.899 308.128
590.339 313.018
586.725 319.772
583.437 325.828
580.312 331.539
576.51 338.197
572.384 345.175
569.13 350.785
564.684 357.9
561.333 363.456
557.823 369.157
554.369 374.735
549.409 381.895
545.975 387.28
542.331 392.844
516.365 425.931
511.285 431.885
507.074 436.358
502.072 441.94
498.7 445.204
492.224 452.524
487.827 457.003
481.968 463.188
477.845 467.213
473.33 471.676
468.443 476.484
462.234 482.516
458.783 485.801
451.668 492.404
446.621 497.012
442.426 500.868
437.737 505.123
431.485 510.489
426.773 514.647
419.322 520.619
415.025 524.356
408.425 529.516
403.186 533.744
397.263 538.306
391.108 542.907
362.646 561.978
356.976 565.383
350.289 569.493
344.823 572.627
338.523 576.293
333.08 579.336
325.269 583.784
318.28 587.6
312.385 590.693
306.329 593.827
300.538 596.781
291.668 601.16
286.869 603.5
280.111 606.696
273.726 609.664
266.582 612.855
259.971 615.763
253.818 618.454
246.679 621.395
238.045 624.68
231.981 627.127
198.141 639.65
191.993 641.183
185.383 642.898
177.259 645.193
170.964 646.644
166.158 647.545
156.952 649.938
150.39 651.345
142.586 653.068
132.383 655.382
129.041 655.704
120.714 657.288
113.793 658.469
107.727 659.443
100.297 660.609
92.8351 661.701
86.9991 662.542
79.0956 663.547
72.2292 664.394
65.0086 665.203
58.5356 665.936
51.1374 666.626
43.6644 667.24
36.835 667.811
28.6584 668.234
22.0638 668.699
13.4108 668.895
6.11563 669.145
-1.02179 669.352
-43.1576 668.3
-49.2125 667.515
-55.9634 666.758
-64.8347 666.025
-70.8664 665.118
-77.4221 664.197
-85.9138 663.168
-91.6057 662.175
-98.4158 661.093
-103.212 660.205
-114.357 658.481
-120.294 657.318
-125.501 656.288
-133.291 654.749
-139.504 653.477
-147.371 651.756
-153.727 650.351
-160.542 648.774
-167.736 647.015
-174.258 645.418
-183.303 642.83
-189.928 641.029
-197.641 638.725
-202.751 637.462
-210.596 634.932
-219.595 631.734
-224.319 630.546
-232.314 627.626
-264.828 614.163
-272.146 610.909
-276.675 608.542
-285.629 604.521
-292.362 601.209
-299.004 597.853
-304.485 594.928
-310.959 591.513
-317.559 587.957
-324.409 584.185
-330.029 580.99
-336.959 576.995
-341.814 574.158
-349.747 569.343
-354.139 566.73
-360.54 562.728
-365.787 559.497
-371.063 556.231
-378.362 551.244
-383.834 547.672
-390.552 542.926
-395.483 539.726
-426.548 515.989
-432.083 511.15
-437.531 506.29
-442.878 501.417
-448.188 496.491
-453.385 491.567
-458.519 486.614
-463.579 481.644
-468.535 476.687
-473.411 471.727
-478.161 466.816
-482.866 461.883
-487.54 456.915
-492.165 451.933
-496.756 446.92
-501.32 441.869
-505.875 436.756
-510.398 431.605
-514.869 426.445
-519.331 421.217
-523.766 415.943
-528.187 410.597
-532.582 405.194
-536.954 399.726
-541.337 394.118
-564.568 359.567
-569.364 352.067
-572.186 346.794
-576.838 339.141
-580.322 332.829
-583.291 327.131
-587.077 320.183
-590.701 313.319
-593.905 306.958
-596.225 301.986
-599.011 296.216
-602.435 289.144
-605.711 282.17
-608.807 275.38
-611.747 268.759
-614.153 263.253
-616.629 257.56
-620.034 249.19
-621.946 244.875
-625.025 236.871
-627.071 232.161
-629.668 225.356
-632.684 216.422
-634.897 210.58
-636.943 205.64
-639.397 198.154
-641.808 190.307
-644.057 182.989
-654.787 140.683
-656.061 133.606
-657.147 126.88
-658 120.751
-659.863 111.184
-661.169 103.02
-661.755 97.1079
-662.293 91.4338
-663.592 82.1613
-664.326 75.006
-664.953 68.1141
-665.467 61.6614
-666.277 52.6539
-666.608 46.731
-667.119 38.6088
-667.414 32.2397
-667.688 25.795
-667.935 19.4023
-668.132 11.6209
-668.312 5.70318
-668.394 -1.63882
-668.349 -9.67133
-668.065 -19.2705
-668.243 -23.5046
-668.325 -29.1124
-668.004 -36.9656
-667.351 -46.0574
-667.445 -51.0981
-667.132 -57.9588
-666.819 -64.6593
-666.322 -71.8251
-659.185 -116.698
-657.653 -125.324
-656.128 -131.587
-654.523 -138.539
-652.741 -146.646
-651.192 -151.979
-649.41 -158.963
-647.431 -166.704
-645.204 -175.271
-643.482 -180.763
-641.874 -185.871
-639.043 -195.631
-637.181 -201.299
-634.593 -209.312
-632.952 -214.1
-630.335 -221.689
-628.227 -227.689
-625.487 -235.148
-624.359 -238.791
-620.587 -248.135
-618.064 -254.601
-615.308 -261.399
-613.339 -266.648
-609.217 -275.588
-607.859 -279.687
-603.066 -289.237
-602.22 -292.561
-597.596 -301.374
-594.688 -307.588
-575.296 -341.592
-571.429 -347.754
-567.556 -353.776
-563.662 -359.703
-559.707 -365.619
-556.107 -370.8
-552.37 -376.167
-547.712 -382.899
-544.337 -387.542
-539.771 -393.859
-535.664 -399.412
-531.267 -405.252
-527.306 -410.452
-522.659 -416.398
-518.79 -421.364
-514.009 -427.257
-508.97 -433.303
-504.902 -438.272
-500.822 -443.219
-495.141 -449.542
-490.954 -454.442
-470.748 -474.52
-464.144 -481.069
-460.392 -484.391
-453.61 -490.803
-449.734 -494.2
-441.416 -501.762
-436.61 -505.85
-431.55 -510.136
-425.863 -514.89
-420.101 -519.608
-412.573 -525.601
-408.463 -528.85
-403.552 -532.706
-397.803 -537.087
-392.77 -540.95
-385.965 -545.825
-358.206 -565.752
-351.895 -569.498
-345.823 -572.959
-339.264 -576.735
-333.716 -579.659
-327.115 -583.302
-321.152 -586.423
-314.928 -589.659
-309.172 -592.55
-302.676 -595.83
-296.184 -599.032
-290.339 -601.83
-285.279 -604.228
-277.75 -607.728
-271.336 -610.64
-264.818 -613.531
-258.319 -616.349
-251.069 -619.364
-245.134 -621.864
-237.823 -624.742
-231.795 -627.175
-224.449 -629.9
-217.76 -632.384
-211.026 -634.816
-204.226 -637.197
-198.243 -639.389
-191.461 -641.66
-152.151 -651.662
-146.302 -652.679
-137.424 -654.691
-131.542 -655.624
-125.706 -656.549
-117.711 -658.01
-110.984 -659.074
-102.759 -660.404
-98.8165 -660.845
-89.2653 -662.23
-81.0985 -663.276
-75.216 -663.935
-66.9034 -664.824
-60.7072 -665.437
-54.1935 -666.05
-47.4829 -666.634
-40.1658 -667.174
-33.4688 -667.662
-24.5991 -668.013
-17.1677 -668.321
-10.001 -668.575
-2.19976 -668.704
4.2576 -668.905
11.9015 -668.905
48.9951 -667.492
56.9576 -666.801
62.3153 -665.941
71.3376 -665.112
78.6321 -664.17
85.5796 -663.168
91.7681 -662.156
99.4078 -661.003
103.623 -660.148
112.728 -658.684
121.576 -657.133
124.212 -656.541
133.001 -654.812
140.909 -653.156
148.011 -651.597
154.772 -650.063
162.167 -648.287
169.664 -646.395
176.067 -644.78
183.852 -642.624
190.03 -640.98
196.778 -639.072
204.031 -636.88
209.734 -635.333
217.583 -632.704
224.158 -630.624
259.2 -616.846
267.326 -613.43
274.165 -610.28
280.154 -607.328
285.766 -604.475
291.462 -601.567
299.617 -597.601
304.738 -594.813
311.681 -591.17
318.121 -587.679
324.225 -584.286
329.32 -581.397
336.841 -577.072
340.968 -574.703
348.227 -570.33
354.858 -566.25
360.613 -562.686
365.775 -559.517
373.06 -554.652
378.625 -551.033
384.642 -546.976
389.929 -543.492
395.239 -539.96
401.507 -535.432
429.261 -512.963
433.189 -509.256
438.675 -504.423
444.726 -499.067
450.762 -493.601
456.349 -488.374
460.454 -484.319
467.04 -478.014
472.544 -472.533
476.655 -468.281
481.491 -463.282
486.466 -458.061
490.428 -453.903
498.184 -445.293
501.653 -441.476
506.303 -436.223
511.807 -429.741
516.28 -424.48
520.032 -420.186
524.691 -414.505
529.318 -408.742
533.891 -402.933
554.38 -374.709
557.332 -369.727
561.213 -363.591
565.971 -356.215
568.861 -351.141
572.415 -345.125
576.503 -338.208
579.857 -332.255
583.386 -325.923
586.958 -319.384
589.668 -314.267
592.551 -308.832
596.068 -302.024
599.774 -294.598
603.03 -287.936
605.583 -282.831
608.927 -275.634
611.656 -269.919
615.17 -261.71
618.066 -255.057
621.776 -245.446
623.433 -242.59
626.497 -234.458
639.338 -198.764
641.468 -191.381
643.27 -184.532
644.742 -178.329
646.457 -171.433
648.125 -164.494
649.772 -157.426
651.257 -150.656
652.512 -144.52
654.069 -137.114
655.399 -130.337
656.68 -123.536
657.912 -116.725
659.095 -109.883
660.228 -103.023
661.388 -95.4245
662.355 -89.0454
663.366 -81.5011
664.232 -75.6485
665.121 -68.0141
665.928 -60.4286
666.681 -53.9024
667.344 -46.3372
667.947 -39.051
668.571 -32.6776
669.07 -25.4839
