668.099 15.3614
667.781 23.0575
667.316 29.9718
666.717 35.1049
666.21 42.9196
665.616 50.8907
664.932 58.4463
664.171 65.9085
663.381 72.4761
662.396 81.1413
661.644 86.0162
660.649 93.2079
659.66 99.9026
658.606 106.713
657.274 114.662
656.402 120.104
654.845 128.342
653.603 134.976
652.038 142.549
650.229 150.617
649.362 155.558
647.361 163.683
646.239 169.274
644.274 176.871
642.825 183.099
630.127 223.922
627.65 229.844
624.99 236.459
622.25 243.151
619.518 249.573
616.379 257.185
614.394 260.869
611.086 268.521
607.488 276.662
604.686 282.402
601.642 288.648
598.557 294.858
595.915 300.035
592.013 307.664
589.463 312.535
585.85 319.287
582.57 325.328
579.457 331.021
575.661 337.669
571.548 344.626
568.311 350.211
563.872 357.315
560.539 362.847
557.047 368.526
553.606 374.089
548.659 381.234
545.245 386.596
541.621 392.14
515.522 425.394
510.456 431.326
506.258 435.779
501.27 441.344
497.92 444.578
491.445 451.897
487.069 456.352
481.212 462.533
477.107 466.538
472.607 470.986
467.732 475.781
461.53 481.806
458.11 485.062
450.995 491.664
445.961 496.261
441.786 500.099
437.114 504.34
430.868 509.702
426.18 513.841
418.732 519.811
414.465 523.527
407.877 528.679
402.662 532.893
396.756 537.444
390.619 542.035
362.029 561.191
356.383 564.578
349.711 568.677
344.27 571.794
337.99 575.447
332.573 578.474
324.77 582.917
317.796 586.725
311.918 589.808
305.879 592.934
300.107 595.879
291.221 600.266
286.449 602.593
279.702 605.784
273.333 608.745
266.206 611.928
259.617 614.828
253.489 617.51
246.369 620.445
237.74 623.728
231.705 626.166
197.705 638.75
191.584 640.27
184.999 641.974
176.887 644.265
170.62 645.705
165.856 646.592
156.652 648.984
150.117 650.383
142.329 652.102
132.137 654.413
128.835 654.726
120.529 656.306
113.624 657.483
107.574 658.455
100.155 659.619
92.6965 660.711
86.8775 661.55
78.9824 662.554
72.1335 663.399
64.9361 664.206
58.4846 664.937
51.1168 665.626
43.6642 666.24
36.854 666.811
28.7008 667.235
22.1265 667.701
13.4917 667.898
6.22769 668.151
-0.886055 668.361
-43.2332 667.303
-49.2635 666.517
-55.9948 665.759
-64.85 665.025
-70.8487 664.118
-77.3761 663.198
-85.8469 662.17
-91.5193 661.178
-98.2957 660.101
-103.057 659.217
-114.204 657.493
-120.116 656.334
-125.301 655.308
-133.083 653.771
-139.283 652.502
-147.143 650.782
-153.487 649.38
-160.285 647.807
-167.465 646.053
-173.953 644.466
-182.984 641.882
-189.585 640.09
-197.291 637.788
-202.362 636.541
-210.194 634.017
-219.182 630.823
-223.875 629.65
-231.858 626.736
-264.522 613.211
-271.818 609.965
-276.314 607.609
-285.261 603.591
-291.975 600.288
-298.597 596.939
-304.049 594.029
-310.502 590.623
-317.099 587.069
-323.933 583.306
-329.535 580.12
-336.459 576.129
-341.284 573.31
-349.213 568.498
-353.572 565.907
-359.956 561.916
-365.178 558.703
-370.436 555.451
-377.735 550.464
-383.191 546.905
-389.904 542.164
-394.815 538.982
-426.03 515.133
-431.545 510.307
-436.973 505.46
-442.3 500.601
-447.591 495.689
-452.768 490.78
-457.883 485.843
-462.93 480.884
-467.872 475.938
-472.737 470.989
-477.474 466.089
-482.16 461.174
-486.816 456.225
-491.424 451.261
-495.998 446.268
-500.546 441.236
-505.085 436.143
-509.593 431.012
-514.049 425.873
-518.502 420.659
-522.922 415.406
-527.331 410.08
-531.717 404.692
-536.077 399.244
-540.446 393.664
-563.817 358.908
-568.595 351.427
-571.401 346.174
-576.041 338.536
-579.511 332.244
-582.467 326.564
-586.238 319.639
-589.851 312.791
-593.047 306.444
-595.347 301.507
-598.12 295.764
-601.538 288.702
-604.81 281.736
-607.901 274.959
-610.834 268.35
-613.231 262.866
-615.695 257.202
-619.095 248.845
-620.996 244.564
-624.072 236.569
-626.106 231.898
-628.7 225.105
-631.716 216.175
-633.925 210.347
-635.961 205.453
-638.414 197.969
-640.821 190.145
-643.066 182.854
-653.85 140.333
-655.118 133.273
-656.198 126.565
-657.041 120.466
-658.899 110.917
-660.201 102.767
-660.779 96.8885
-661.313 91.2343
-662.611 81.9685
-663.342 74.8297
-663.966 67.9486
-664.477 61.5176
-665.287 52.5107
-665.615 46.6132
-666.125 38.5066
-666.417 32.1589
-666.689 25.752
-666.935 19.381
-667.132 11.6174
-667.312 5.73325
-667.396 -1.58715
-667.351 -9.60381
-667.069 -19.1849
-667.25 -23.3874
-667.337 -28.9592
-667.018 -36.7955
-666.366 -45.8813
-666.469 -50.8808
-666.162 -57.7161
-665.856 -64.3902
-665.365 -71.5333
-658.187 -116.637
-656.655 -125.261
-655.131 -131.509
-653.526 -138.454
-651.744 -146.562
-650.198 -151.866
-648.419 -158.827
-646.443 -166.552
-644.217 -175.11
-642.502 -180.567
-640.902 -185.636
-638.07 -195.399
-636.217 -201.034
-633.634 -209.028
-632.003 -213.784
-629.391 -221.358
-627.294 -227.33
-624.559 -234.773
-623.449 -238.377
-619.68 -247.714
-617.168 -254.157
-614.422 -260.936
-612.471 -266.152
-608.353 -275.086
-607.015 -279.15
-602.224 -288.698
-601.403 -291.983
-596.785 -300.789
-593.893 -306.981
-574.374 -341.206
-570.513 -347.354
-566.649 -353.355
-562.765 -359.26
-558.822 -365.155
-555.236 -370.308
-551.514 -375.65
-546.863 -382.37
-543.508 -386.983
-538.951 -393.286
-534.859 -398.818
-530.476 -404.64
-526.532 -409.819
-521.897 -415.75
-518.048 -420.693
-513.28 -426.573
-508.252 -432.606
-504.205 -437.555
-500.147 -442.481
-494.475 -448.796
-490.311 -453.677
-470.019 -473.836
-463.426 -480.373
-459.697 -483.672
-452.915 -490.085
-449.063 -493.458
-440.726 -501.039
-435.931 -505.116
-430.886 -509.388
-425.21 -514.132
-419.458 -518.842
-411.938 -524.828
-407.86 -528.052
-402.975 -531.889
-397.239 -536.262
-392.231 -540.108
-385.437 -544.976
-357.552 -564.996
-351.257 -568.727
-345.205 -572.173
-338.661 -575.937
-333.137 -578.843
-326.552 -582.476
-320.61 -585.582
-314.407 -588.805
-308.676 -591.682
-302.199 -594.951
-295.727 -598.143
-289.9 -600.931
-284.86 -603.32
-277.343 -606.815
-270.944 -609.72
-264.442 -612.605
-257.975 -615.41
-250.744 -618.418
-244.837 -620.909
-237.537 -623.784
-231.539 -626.208
-224.213 -628.928
-217.532 -631.411
-210.815 -633.838
-204.03 -636.216
-198.07 -638.404
-191.312 -640.671
-151.802 -650.725
-145.985 -651.731
-137.112 -653.741
-131.262 -654.664
-125.458 -655.58
-117.477 -657.037
-110.768 -658.098
-102.547 -659.426
-98.6378 -659.861
-89.0896 -661.245
-80.9374 -662.289
-75.0887 -662.943
-66.7982 -663.83
-60.6259 -664.441
-54.1414 -665.051
-47.4585 -665.634
-40.1639 -666.174
-33.4952 -666.663
-24.635 -667.014
-17.2254 -667.322
-10.0903 -667.579
-2.29982 -667.709
4.12732 -667.914
11.7516 -667.916
49.0572 -666.494
57.0042 -665.802
62.3239 -664.941
71.34 -664.112
78.6136 -663.17
85.5447 -662.169
91.7099 -661.157
99.3387 -660.005
103.514 -659.154
112.612 -657.691
121.451 -656.141
124.035 -655.557
132.806 -653.831
140.698 -652.179
147.777 -650.625
154.514 -649.097
161.889 -647.327
169.367 -645.44
175.743 -643.834
183.513 -641.684
189.662 -640.05
196.394 -638.148
203.636 -635.961
209.316 -634.424
217.153 -631.801
223.705 -629.732
258.921 -615.885
267.031 -612.475
273.85 -609.331
279.813 -606.388
285.403 -603.543
291.079 -600.644
299.233 -596.678
304.329 -593.901
311.261 -590.263
317.679 -586.781
323.767 -583.397
328.838 -580.52
336.356 -576.198
340.453 -573.846
347.701 -569.479
354.317 -565.41
360.049 -561.86
365.184 -558.71
372.462 -553.85
378.005 -550.249
384.005 -546.206
389.269 -542.741
394.557 -539.229
400.812 -534.713
428.691 -512.141
432.595 -508.451
438.064 -503.632
444.103 -498.285
450.121 -492.833
455.693 -487.619
459.784 -483.577
466.364 -477.277
471.859 -471.804
475.951 -467.571
480.774 -462.585
485.731 -457.382
489.674 -453.246
497.437 -444.627
500.891 -440.83
505.53 -435.589
511.026 -429.118
515.483 -423.877
519.219 -419.605
523.864 -413.942
528.48 -408.197
533.041 -402.405
553.627 -374.051
556.557 -369.095
560.424 -362.977
565.176 -355.608
568.046 -350.562
571.586 -344.565
575.665 -337.661
579.005 -331.732
582.522 -325.419
586.084 -318.898
588.778 -313.812
591.647 -308.406
595.155 -301.615
598.859 -294.195
602.11 -287.546
604.654 -282.46
607.998 -275.264
610.721 -269.564
614.235 -261.357
617.12 -254.733
620.831 -245.12
622.47 -242.318
625.531 -234.197
638.438 -198.327
640.56 -190.962
642.349 -184.143
643.813 -177.959
645.519 -171.085
647.179 -164.168
648.82 -157.121
650.298 -150.375
651.545 -144.268
653.097 -136.882
654.42 -130.129
655.697 -123.354
656.924 -116.568
658.104 -109.751
659.234 -102.916
660.393 -95.3291
661.358 -88.9713
662.368 -81.4398
663.233 -75.6058
664.121 -67.9844
664.928 -60.4118
665.681 -53.9072
666.345 -46.3623
666.948 -39.0911
667.574 -32.7482
668.074 -25.5781
