783.29 1.69791
783.199 11.4724
782.98 21.1803
782.629 30.6582
782.18 40.4383
781.61 50.2378
780.916 59.9725
780.103 69.6899
779.173 79.2873
778.113 89.1197
776.965 98.4884
775.683 108.106
774.291 117.653
772.783 127.187
771.136 136.827
769.433 146.164
767.54 155.804
765.575 165.24
763.461 174.772
761.207 184.346
758.959 193.527
756.465 203.056
753.97 212.261
751.264 221.671
748.505 230.909
744.37 244.002
741.283 253.126
738.071 262.291
734.745 271.422
731.313 280.486
727.733 289.645
724.182 298.296
720.376 307.374
716.433 316.467
712.481 325.23
708.401 334.002
704.216 342.724
699.982 351.276
695.499 360.071
691.076 368.489
686.429 377.077
681.724 385.528
676.945 393.877
671.994 402.275
666.907 410.658
661.831 418.82
656.516 427.104
651.236 435.146
645.841 443.15
640.367 451.069
634.624 459.106
628.968 466.877
623.196 474.604
614.813 485.348
608.694 492.989
602.59 500.382
596.311 507.831
590.139 514.932
583.525 522.434
577.068 529.53
570.365 536.744
563.769 543.645
557.046 550.521
550.195 557.365
543.113 564.268
536.277 570.769
528.935 577.578
521.76 584.069
514.614 590.387
507.335 596.668
499.815 602.983
492.402 609.074
484.6 615.287
477.084 621.163
469.241 627.109
461.49 632.859
453.597 638.555
445.615 644.163
435.059 651.308
427.003 656.594
418.772 661.867
410.623 666.932
402.318 671.965
394.051 676.834
385.457 681.767
376.91 686.527
368.428 691.11
359.866 695.604
351.286 699.977
342.294 704.417
333.733 708.517
324.891 712.618
316.057 716.586
307.095 720.475
298.146 724.233
289.211 727.861
280.11 731.418
270.814 734.903
261.747 738.198
249.528 742.527
240.382 745.503
231.163 748.388
221.73 751.238
212.478 753.88
203.37 756.35
193.716 758.892
184.345 761.207
174.818 763.447
164.981 765.652
155.923 767.51
146.259 769.41
136.733 771.155
127.288 772.766
117.655 774.29
108.002 775.696
98.5277 776.961
88.7971 778.135
79.1844 779.178
69.5237 780.107
59.9375 780.916
50.2336 781.61
40.5179 782.183
30.8698 782.641
21.0567 782.969
11.4187 783.193
1.5459 783.271
-8.18517 783.243
-17.8929 783.1
-31.5586 782.705
-41.1365 782.222
-50.7874 781.632
-60.6767 780.935
-70.2146 780.103
-79.8087 779.159
-89.6097 778.094
-99.0725 776.92
-108.648 775.627
-117.982 774.245
-128.03 772.66
-137.458 771.027
-146.786 769.3
-156.398 767.403
-165.808 765.428
-175.388 763.29
-184.754 761.084
-194.151 758.748
-203.553 756.287
-212.849 753.738
-222.406 750.965
-231.66 748.176
-240.999 745.225
-250.016 742.286
-259.305 739.095
-268.697 735.716
-277.55 732.476
-286.747 728.922
-298.654 724.07
-307.692 720.271
-316.379 716.465
-325.513 712.375
-334.331 708.27
-343.103 704.054
-351.701 699.783
-360.353 695.362
-368.973 690.822
-377.566 686.162
-385.979 681.461
-394.487 676.571
-402.697 671.719
-411.203 666.545
-419.252 661.521
-427.469 656.245
-435.493 650.963
-443.454 645.586
-451.57 639.931
-459.412 634.346
-467.33 628.539
-474.972 622.824
-485.438 614.761
-493.006 608.684
-500.503 602.511
-507.906 596.26
-515.24 589.914
-522.486 583.486
-529.652 576.972
-536.735 570.372
-543.737 563.689
-550.655 556.922
-557.49 550.072
-564.252 543.13
-570.918 536.117
-577.498 529.024
-583.992 521.851
-590.399 514.599
-596.718 507.269
-602.949 499.862
-609.09 492.378
-615.142 484.818
-621.103 477.181
-626.972 469.47
-632.75 461.683
-638.439 453.814
-644.035 445.866
-651.657 434.656
-657.101 426.396
-662.217 418.33
-667.453 409.936
-672.455 401.64
-677.306 393.352
-682.154 384.869
-686.887 376.339
-691.473 367.817
-695.861 359.4
-700.204 350.843
-704.525 342.08
-708.733 333.269
-712.822 324.43
-716.793 315.557
-720.606 306.757
-724.321 297.896
-728.04 288.68
-731.48 279.903
-734.954 270.641
-738.2 261.74
-741.405 252.552
-744.55 243.08
-747.496 233.946
-750.315 224.89
-753.073 215.501
-755.721 206.027
-758.242 196.593
-761.618 183.234
-763.809 173.776
-765.868 164.337
-767.791 154.942
-769.723 145.14
-771.48 135.474
-773.04 126.052
-774.488 116.63
-775.915 106.789
-777.165 97.1791
-778.29 87.5929
-779.294 78.0367
-780.22 68.1799
-780.983 58.6583
-781.656 48.8676
-782.193 39.2736
-782.617 29.6613
-782.927 20.049
-783.118 10.2719
-783.198 0.711493
-783.152 -9.02649
-782.98 -18.8351
-782.666 -28.8283
-782.301 -38.184
-781.807 -47.7215
-781.156 -57.488
-780.352 -67.3988
-779.53 -76.8195
-778.546 -86.4468
-777.452 -96.0401
-776.224 -105.676
-774.144 -119.465
-772.581 -129.228
-770.905 -138.701
-769.111 -148.239
-767.187 -157.89
-765.179 -167.189
-763.038 -176.654
-760.765 -186.185
-758.355 -195.786
-755.895 -204.995
-753.34 -214.139
-750.537 -223.795
-747.737 -232.947
-744.749 -242.33
-741.76 -251.317
-738.554 -260.588
-735.307 -269.626
-731.876 -278.807
-728.535 -287.494
-724.776 -296.811
-721.058 -305.757
-717.212 -314.692
-713.356 -323.403
-709.15 -332.488
-705.17 -340.963
-700.682 -350.026
-696.563 -358.314
-691.899 -367.185
-687.337 -375.709
-680.843 -387.247
-675.976 -395.653
-671.011 -403.989
-665.947 -412.258
-660.784 -420.46
-655.566 -428.523
-650.24 -436.544
-644.712 -444.667
-639.243 -452.48
-633.539 -460.431
-627.8 -468.225
-621.939 -475.985
-616.037 -483.607
-609.955 -491.258
-603.891 -498.71
-597.622 -506.211
-591.246 -513.648
-584.905 -520.881
-578.477 -528.039
-571.782 -535.279
-565.176 -542.282
-556.703 -550.9
-549.67 -557.927
-542.886 -564.499
-535.68 -571.349
-528.734 -577.765
-521.211 -584.573
-514.011 -590.903
-506.706 -597.175
-499.258 -603.416
-491.723 -609.572
-483.912 -615.79
-476.428 -621.606
-468.785 -627.402
-460.972 -633.174
-453.176 -638.796
-445.107 -644.444
-434.614 -651.695
-426.472 -657.034
-418.295 -662.245
-409.993 -667.407
-401.754 -672.368
-393.334 -677.319
-384.934 -682.109
-376.441 -686.82
-367.964 -691.382
-359.345 -695.893
-350.676 -700.295
-342.039 -704.546
-333.453 -708.645
-324.53 -712.775
-315.702 -716.73
-306.827 -720.578
-297.905 -724.318
-288.859 -727.977
-279.925 -731.473
-270.79 -734.91
-261.77 -738.192
-252.551 -741.405
-243.369 -744.486
-234.143 -747.458
-224.868 -750.318
-215.649 -753.053
-206.299 -755.689
-193.235 -759.07
-183.927 -761.348
-174.246 -763.634
-164.888 -765.681
-155.521 -767.615
-145.871 -769.506
-136.349 -771.24
-126.637 -772.894
-117.418 -774.329
-107.522 -775.769
-97.7831 -777.056
-88.3046 -778.184
-78.5256 -779.232
-68.988 -780.135
-59.4027 -780.929
-49.7881 -781.609
-40.0874 -782.173
-30.4617 -782.621
-20.5724 -782.939
-10.8496 -783.143
-1.15681 -783.23
8.61229 -783.19
18.2308 -783.049
27.9991 -782.769
41.0534 -782.215
50.8556 -781.636
60.3418 -780.922
70.2528 -780.104
79.9491 -779.159
89.5893 -778.095
99.1262 -776.917
108.811 -775.615
118.069 -774.234
127.879 -772.678
137.64 -771.002
146.651 -769.326
156.364 -767.411
165.951 -765.395
175.423 -763.281
184.828 -761.063
194.282 -758.708
203.722 -756.232
213.004 -753.683
222.421 -750.96
231.622 -748.192
240.863 -745.283
250.153 -742.222
259.217 -739.138
268.491 -735.819
277.578 -732.461
289.815 -727.688
298.999 -723.972
307.987 -720.182
316.823 -716.314
325.574 -712.353
334.284 -708.288
343.226 -704.004
351.759 -699.758
360.45 -695.316
369.028 -690.795
377.517 -686.187
385.845 -681.537
394.406 -676.618
402.516 -671.835
410.943 -666.712
419.234 -661.533
427.366 -656.319
435.364 -651.062
443.555 -645.505
451.48 -640.006
459.399 -634.358
467.166 -628.689
474.885 -622.91
482.641 -616.927
492.759 -608.838
500.093 -602.785
507.535 -596.52
514.97 -590.11
522.328 -583.606
529.558 -577.046
536.535 -570.542
543.721 -563.703
550.699 -556.882
557.432 -550.129
564.166 -543.217
570.837 -536.203
577.311 -529.238
584.142 -521.677
590.402 -514.595
596.722 -507.264
603.058 -499.714
609.193 -492.231
615.158 -484.793
621.14 -477.121
627.031 -469.371
632.828 -461.543
640.333 -451.105
645.779 -443.222
651.222 -435.163
656.682 -426.892
661.818 -418.838
666.938 -410.614
672.027 -402.228
676.931 -393.899
681.758 -385.472
686.496 -376.963
691.031 -368.571
695.49 -360.089
699.924 -351.395
704.277 -342.588
708.479 -333.82
712.496 -325.191
716.503 -316.275
720.338 -307.487
724.161 -298.36
727.812 -289.37
731.454 -279.989
734.761 -271.352
738.122 -262.057
742.472 -249.635
745.52 -240.347
748.422 -231.088
751.176 -221.874
753.86 -212.53
756.427 -203.155
758.883 -193.741
761.208 -184.343
763.396 -174.993
765.512 -165.472
767.491 -156
769.356 -146.507
771.104 -136.992
772.739 -127.449
774.255 -117.902
775.666 -108.248
776.944 -98.7227
778.116 -89.0563
779.163 -79.575
780.1 -69.8678
780.918 -60.1557
781.62 -50.5568
782.199 -40.8289
782.66 -31.1118
783.013 -21.5007
783.239 -11.789
