667.105 15.4658
666.785 23.1434
666.318 30.033
665.717 35.1333
665.21 42.931
664.616 50.8784
663.933 58.4145
663.172 65.8646
662.383 72.4044
661.4 81.0593
660.651 85.9004
659.657 93.0769
658.672 99.7526
657.62 106.544
656.292 114.476
655.427 119.881
653.872 128.112
652.635 134.726
651.075 142.28
649.265 150.35
648.41 155.251
646.413 163.364
645.303 168.921
643.344 176.501
641.907 182.702
629.146 223.73
626.675 229.622
624.02 236.215
621.284 242.894
618.558 249.292
615.426 256.882
613.454 260.527
610.151 268.167
606.559 276.292
603.769 282.004
600.732 288.235
597.657 294.421
595.027 299.575
591.128 307.2
588.587 312.053
584.976 318.803
581.7 324.835
578.597 330.51
574.807 337.148
570.708 344.084
567.487 349.644
563.061 356.731
559.741 362.245
556.266 367.901
552.839 373.448
547.908 380.573
544.516 385.912
540.911 391.435
514.682 424.85
509.622 430.774
505.443 435.2
500.467 440.748
497.134 443.959
490.671 451.263
486.31 455.7
480.462 461.872
476.375 465.857
471.884 470.295
467.021 475.079
460.825 481.097
457.431 484.328
450.322 490.924
445.301 495.51
441.147 499.33
436.485 503.562
430.25 508.916
425.588 513.036
418.15 518.998
413.905 522.699
407.329 527.843
402.137 532.041
396.25 536.582
390.13 541.163
361.412 560.404
355.789 563.773
349.132 567.861
343.717 570.96
337.457 574.601
332.067 577.611
324.271 582.05
317.313 585.849
311.452 588.923
305.429 592.041
299.675 594.977
290.774 599.371
286.022 601.688
279.286 604.874
272.932 607.828
265.829 611.002
259.263 613.893
253.154 616.568
246.051 619.497
237.435 622.776
231.428 625.205
197.268 637.85
191.176 639.357
184.616 641.051
176.515 643.336
170.276 644.766
165.545 645.642
156.352 648.03
149.844 649.421
142.08 651.133
131.884 653.445
128.636 653.745
120.343 655.323
113.455 656.497
107.428 657.465
100.013 658.629
92.5579 659.72
86.7559 660.557
78.8691 661.56
72.0378 662.403
64.8636 663.209
58.4336 663.938
51.0962 664.626
43.6561 665.24
36.8728 665.811
28.7431 666.236
22.1977 666.704
13.5734 666.901
6.33225 667.157
-0.750458 667.37
-43.3087 666.306
-49.3144 665.518
-56.0186 664.759
-64.8652 664.025
-70.8308 663.118
-77.33 662.199
-85.7799 661.173
-91.4249 660.183
-98.1755 659.108
-102.893 658.23
-114.051 656.505
-119.938 655.35
-125.101 654.328
-132.875 652.793
-139.061 651.526
-146.923 649.807
-153.246 648.409
-160.028 646.841
-167.195 645.09
-173.648 643.514
-182.674 640.932
-189.243 639.15
-196.94 636.852
-201.981 635.616
-209.792 633.101
-218.77 629.912
-223.431 628.754
-231.395 625.85
-264.217 612.259
-271.49 609.02
-275.954 606.677
-284.892 602.662
-291.587 599.366
-298.189 596.026
-303.613 593.129
-310.046 589.733
-316.632 586.185
-323.457 582.426
-329.042 579.25
-335.959 575.263
-340.754 572.462
-348.679 567.652
-353.004 565.084
-359.373 561.104
-364.57 557.91
-369.81 554.672
-377.109 549.685
-382.549 546.139
-389.257 541.402
-394.147 538.238
-425.512 514.278
-431.007 509.464
-436.415 504.63
-441.722 499.784
-446.993 494.887
-452.15 489.993
-457.246 485.072
-462.28 480.123
-467.21 475.188
-472.062 470.251
-476.787 465.363
-481.455 460.465
-486.093 455.535
-490.684 450.589
-495.24 445.615
-499.772 440.603
-504.295 435.529
-508.787 430.419
-513.229 425.301
-517.677 420.093
-522.079 414.869
-526.479 409.556
-530.848 404.197
-535.201 398.763
-539.559 393.203
-563.06 358.254
-567.827 350.787
-570.616 345.554
-575.245 337.932
-578.7 331.658
-581.643 325.997
-585.404 319.088
-589.006 312.257
-592.189 305.931
-594.47 301.027
-597.228 295.311
-600.642 288.259
-603.909 281.303
-606.994 274.537
-609.921 267.941
-612.309 262.478
-614.762 256.843
-618.159 248.493
-620.046 244.253
-623.118 236.268
-625.141 231.635
-627.732 224.855
-630.749 215.92
-632.952 210.114
-634.98 205.259
-637.43 197.792
-639.834 189.983
-642.075 182.719
-652.913 139.984
-654.175 132.94
-655.247 126.256
-656.08 120.189
-657.938 110.641
-659.234 102.514
-659.804 96.6692
-660.333 91.0347
-661.63 81.7757
-662.359 74.6453
-662.98 67.7832
-663.488 61.3739
-664.297 52.3676
-664.622 46.4954
-665.13 38.4045
-665.42 32.0782
-665.69 25.7007
-665.936 19.3597
-666.132 11.6139
-666.313 5.76325
-666.397 -1.53556
-666.353 -9.53636
-666.072 -19.1072
-666.257 -23.2703
-666.348 -28.8063
-666.033 -36.6255
-665.383 -45.6967
-665.493 -50.6637
-665.192 -57.4737
-664.892 -64.1213
-664.409 -71.2417
-657.189 -116.575
-655.657 -125.197
-654.134 -131.432
-652.53 -138.368
-650.748 -146.479
-649.205 -151.753
-647.429 -158.69
-645.454 -166.399
-643.23 -174.948
-641.521 -180.37
-639.93 -185.401
-637.097 -195.166
-635.253 -200.769
-632.676 -208.744
-631.054 -213.468
-628.448 -221.027
-626.361 -226.971
-623.632 -234.398
-622.542 -237.954
-618.773 -247.293
-616.271 -253.714
-613.535 -260.473
-611.602 -265.657
-607.488 -274.583
-606.172 -278.613
-601.381 -288.16
-600.587 -291.405
-595.974 -300.204
-593.098 -306.375
-573.448 -340.828
-569.596 -346.954
-565.742 -352.934
-561.869 -358.817
-557.936 -364.69
-554.366 -369.816
-550.658 -375.133
-546.015 -381.841
-542.679 -386.424
-538.132 -392.713
-534.055 -398.224
-529.685 -404.029
-525.758 -409.187
-521.136 -415.102
-517.306 -420.022
-512.551 -425.888
-507.535 -431.909
-503.509 -436.837
-499.472 -441.744
-493.81 -448.05
-489.667 -452.911
-469.29 -473.151
-462.701 -479.684
-459.003 -482.952
-452.219 -489.366
-448.392 -492.717
-440.036 -500.315
-435.253 -504.382
-430.223 -508.64
-424.557 -513.375
-418.815 -518.076
-411.304 -524.055
-407.25 -527.259
-402.391 -531.078
-396.674 -535.437
-391.691 -539.266
-384.909 -544.127
-356.898 -564.239
-350.62 -567.957
-344.586 -571.387
-338.058 -575.139
-332.559 -578.027
-325.989 -581.649
-320.069 -584.741
-313.887 -587.951
-308.181 -590.813
-301.722 -594.072
-295.27 -597.253
-289.462 -600.033
-284.44 -602.412
-276.936 -605.901
-270.553 -608.799
-264.075 -611.675
-257.624 -614.474
-250.418 -617.473
-244.541 -619.954
-237.259 -622.823
-231.282 -625.242
-223.976 -627.957
-217.304 -630.437
-210.603 -632.861
-203.843 -635.234
-197.897 -637.419
-191.162 -639.682
-151.453 -649.788
-145.668 -650.782
-136.8 -652.791
-130.982 -653.704
-125.211 -654.611
-117.244 -656.065
-110.551 -657.122
-102.335 -658.449
-98.4591 -658.877
-88.914 -660.261
-80.7763 -661.302
-74.9615 -661.951
-66.685 -662.836
-60.5445 -663.444
-54.0892 -664.052
-47.4341 -664.634
-40.162 -665.174
-33.5215 -665.663
-24.6708 -666.014
-17.283 -666.324
-10.1805 -666.583
-2.40827 -666.715
3.99717 -666.922
11.6019 -666.927
49.1191 -665.496
57.0507 -664.804
62.3324 -663.941
71.3423 -663.112
78.595 -662.17
85.5098 -661.169
91.6517 -660.159
99.2694 -659.008
103.406 -658.16
112.497 -656.698
121.326 -655.149
123.85 -654.574
132.612 -652.85
140.487 -651.201
147.544 -649.653
154.255 -648.131
161.61 -646.366
169.07 -644.485
175.419 -642.888
183.173 -640.743
189.295 -639.12
196.011 -637.225
203.242 -635.042
208.897 -633.516
216.723 -630.898
223.252 -628.841
258.635 -614.927
266.736 -611.519
273.536 -608.382
279.472 -605.448
285.04 -602.611
290.695 -599.72
298.849 -595.755
303.919 -592.989
310.84 -589.355
317.237 -585.884
323.308 -582.508
328.357 -579.644
335.872 -575.323
339.938 -572.989
347.176 -568.628
353.775 -564.569
359.486 -561.034
364.594 -557.903
371.864 -553.049
377.385 -549.464
383.368 -545.435
388.609 -541.989
393.875 -538.498
400.117 -533.994
428.129 -511.314
432.001 -507.647
437.452 -502.84
443.48 -497.503
449.486 -492.061
455.037 -486.864
459.113 -482.835
465.687 -476.541
471.175 -471.075
475.252 -466.855
480.056 -461.888
484.997 -456.704
488.92 -452.589
496.691 -443.962
500.123 -440.189
504.756 -434.955
510.244 -428.494
514.686 -423.273
518.405 -419.023
523.038 -413.379
527.637 -407.659
532.187 -401.885
552.869 -373.399
555.777 -368.47
559.63 -362.369
564.377 -355.007
567.227 -349.988
570.757 -344.006
574.823 -337.122
578.149 -331.215
581.654 -324.922
585.21 -318.412
587.887 -313.357
590.745 -307.972
594.246 -301.199
597.943 -293.792
601.189 -287.156
603.726 -282.088
607.069 -274.895
609.786 -269.209
613.296 -261.011
616.174 -254.41
619.883 -244.802
621.508 -242.047
624.566 -233.937
637.538 -197.89
639.649 -190.549
641.431 -183.745
642.884 -177.589
644.582 -170.737
646.232 -163.849
647.867 -156.816
649.338 -150.094
650.577 -144.017
652.124 -136.65
653.442 -129.922
654.714 -123.171
655.937 -116.41
657.113 -109.619
658.24 -102.81
659.398 -95.2336
660.36 -88.8971
661.37 -81.3784
662.234 -75.5631
663.122 -67.9547
663.928 -60.395
664.681 -53.9119
665.345 -46.3796
665.949 -39.1311
666.576 -32.8187
667.079 -25.6722
