666.11 15.5701
665.789 23.2292
665.32 30.0941
664.718 35.1617
664.211 42.9431
663.617 50.866
662.933 58.3827
662.173 65.8206
661.386 72.3327
660.403 80.9774
659.658 85.7846
658.666 92.9458
657.683 99.6025
656.634 106.375
655.309 114.29
654.453 119.657
652.898 127.882
651.667 134.476
650.111 142.012
648.303 150.076
647.458 154.945
645.466 163.045
644.368 168.568
642.415 176.132
640.989 182.305
628.164 223.538
625.697 229.409
623.051 235.971
620.318 242.636
617.598 249.01
614.47 256.586
612.514 260.185
609.216 267.812
605.627 275.929
602.848 281.614
599.822 287.821
596.758 293.984
594.143 299.107
590.242 306.736
587.711 311.571
584.101 318.318
580.83 324.343
577.737 329.999
573.958 336.62
569.867 343.542
566.664 349.077
562.245 356.153
558.943 361.643
555.485 367.276
552.076 372.801
547.153 379.917
543.781 385.233
540.201 390.731
513.838 424.314
508.788 430.222
504.628 434.621
499.664 440.151
496.354 443.334
489.897 450.63
485.556 455.043
479.711 461.212
475.642 465.176
471.166 469.599
466.309 474.376
460.127 480.381
456.751 483.594
449.649 490.184
444.641 494.759
440.501 498.567
435.857 502.785
429.627 508.134
424.989 512.235
417.567 518.186
413.346 521.87
406.78 527.007
401.612 531.19
395.743 535.72
389.641 540.291
360.796 559.617
355.196 562.968
348.554 567.046
343.165 570.127
336.923 573.755
331.561 576.749
323.773 581.184
316.829 584.974
310.986 588.039
304.98 591.148
299.244 594.074
290.328 598.476
285.595 600.784
278.87 603.965
272.531 606.912
265.453 610.075
258.901 612.96
252.818 615.626
245.734 618.548
237.131 621.823
231.152 624.244
196.832 636.95
190.768 638.444
184.232 640.127
176.15 642.405
169.939 643.825
165.234 644.691
156.052 647.076
149.578 648.457
141.831 650.165
131.631 652.478
128.438 652.765
120.158 654.34
113.286 655.512
107.283 656.476
99.8716 657.639
92.4193 658.73
86.6343 659.564
78.7558 660.566
71.942 661.408
64.791 662.211
58.3908 662.939
51.0755 663.626
43.6564 664.24
36.9001 664.811
28.7853 665.237
22.2687 665.706
13.655 665.905
6.4367 666.162
-0.622256 666.378
-43.3926 665.309
-49.3652 664.519
-56.0422 663.759
-64.8802 663.025
-70.8128 662.118
-77.2838 661.2
-85.7212 660.174
-91.3305 659.187
-98.0553 658.115
-102.73 657.244
-113.898 655.517
-119.76 654.366
-124.893 653.35
-132.667 651.815
-138.84 650.551
-146.702 648.832
-153.006 647.439
-159.771 645.874
-166.916 644.129
-173.351 642.559
-182.363 639.981
-188.907 638.208
-196.589 635.915
-201.6 634.692
-209.39 632.185
-218.358 629.001
-222.986 627.859
-230.932 624.963
-263.904 611.309
-271.161 608.076
-275.594 605.744
-284.524 601.732
-291.199 598.444
-297.782 595.113
-303.177 592.229
-309.59 588.843
-316.164 585.301
-322.974 581.551
-328.548 578.381
-335.459 574.397
-340.223 571.615
-348.138 566.811
-352.437 564.26
-358.79 560.291
-363.962 557.116
-369.184 553.892
-376.482 548.905
-381.906 545.373
-388.609 540.64
-393.478 537.494
-424.993 513.423
-430.469 508.621
-435.857 503.8
-441.144 498.968
-446.395 494.085
-451.533 489.207
-456.609 484.301
-461.631 479.363
-466.548 474.439
-471.387 469.513
-476.099 464.636
-480.749 459.757
-485.369 454.844
-489.943 449.917
-494.488 444.957
-499.003 439.964
-503.505 434.916
-507.987 429.82
-512.414 424.722
-516.847 419.535
-521.235 414.332
-525.627 409.033
-529.98 403.702
-534.324 398.281
-538.671 392.743
-562.304 357.6
-567.063 350.141
-569.831 344.935
-574.454 337.32
-577.894 331.066
-580.819 325.43
-584.569 318.537
-588.157 311.729
-591.326 305.425
-593.592 300.547
-596.336 294.859
-599.745 287.816
-603.007 280.87
-606.084 274.123
-609.006 267.54
-611.387 262.091
-613.828 256.485
-617.22 248.148
-619.095 243.941
-622.165 235.966
-624.177 231.372
-626.764 224.604
-629.782 215.664
-631.98 209.881
-633.999 205.064
-636.446 197.615
-638.847 189.821
-641.086 182.577
-651.979 139.627
-653.23 132.614
-654.295 125.947
-655.119 119.912
-656.977 110.366
-658.266 102.261
-658.83 96.4418
-659.353 90.8353
-660.65 81.5748
-661.376 74.4611
-661.994 67.6179
-662.498 61.2302
-663.307 52.2246
-663.629 46.3776
-664.135 38.302
-664.424 31.9975
-664.692 25.6495
-664.936 19.3384
-665.132 11.6187
-665.313 5.79321
-665.398 -1.48403
-665.356 -9.46055
-665.075 -19.0295
-665.265 -23.1448
-665.359 -28.6608
-665.047 -36.4556
-664.401 -45.5123
-664.517 -50.4467
-664.22 -57.2383
-663.929 -63.8526
-663.452 -70.9502
-656.192 -116.506
-654.659 -125.133
-653.137 -131.354
-651.533 -138.283
-649.751 -146.395
-648.211 -151.64
-646.438 -158.553
-644.466 -166.246
-642.243 -174.786
-640.541 -180.174
-638.958 -185.166
-636.127 -194.926
-634.288 -200.504
-631.717 -208.46
-630.105 -213.152
-627.504 -220.696
-625.428 -226.611
-622.705 -234.023
-621.636 -237.532
-617.866 -246.872
-615.375 -253.27
-612.649 -260.01
-610.733 -265.162
-606.62 -274.087
-605.328 -278.077
-600.538 -287.622
-599.772 -290.826
-595.163 -299.619
-592.302 -305.769
-572.522 -340.449
-568.679 -346.555
-564.838 -352.506
-560.972 -358.374
-557.051 -364.225
-553.495 -369.325
-549.801 -374.617
-545.167 -381.311
-541.849 -385.866
-537.308 -392.147
-533.25 -397.63
-528.898 -403.411
-524.984 -408.554
-520.374 -414.454
-516.559 -419.358
-511.817 -425.209
-506.818 -431.212
-502.812 -436.12
-498.791 -441.011
-493.144 -447.304
-489.024 -452.146
-468.562 -472.466
-461.977 -478.995
-458.308 -482.233
-451.523 -488.648
-447.72 -491.976
-439.346 -499.591
-434.574 -503.648
-429.559 -507.892
-423.904 -512.618
-418.173 -517.31
-410.669 -523.282
-406.641 -526.466
-401.806 -530.266
-396.109 -534.612
-391.152 -538.424
-384.381 -543.278
-356.244 -563.483
-349.982 -567.186
-343.968 -570.601
-337.455 -574.342
-331.973 -577.217
-325.426 -580.823
-319.528 -583.9
-313.366 -587.098
-307.678 -589.949
-301.246 -593.193
-294.814 -596.364
-289.016 -599.137
-284.02 -601.505
-276.522 -604.991
-270.162 -607.879
-263.707 -610.745
-257.273 -613.538
-250.093 -616.527
-244.245 -618.999
-236.981 -621.862
-231.034 -624.273
-223.739 -626.985
-217.084 -629.461
-210.4 -631.882
-203.656 -634.252
-197.733 -636.433
-191.014 -638.693
-151.104 -648.851
-145.351 -649.834
-136.489 -651.841
-130.702 -652.744
-124.963 -653.642
-117.01 -655.093
-110.326 -656.147
-102.123 -657.472
-98.2804 -657.893
-88.7384 -659.276
-80.6232 -660.314
-74.8342 -660.96
-66.5718 -661.843
-60.4631 -662.447
-54.037 -663.054
-47.4097 -663.635
-40.16 -664.174
-33.5478 -664.663
-24.7066 -665.015
-17.3491 -665.326
-10.2706 -665.587
-2.51661 -665.721
3.86715 -665.931
11.4523 -665.939
49.1735 -664.498
57.097 -663.805
62.3418 -662.941
71.3369 -662.112
78.5763 -661.17
85.4747 -660.17
91.5934 -659.161
99.2001 -658.01
103.305 -657.165
112.381 -655.705
121.2 -654.157
123.672 -653.59
132.417 -651.869
140.277 -650.223
147.31 -648.68
153.996 -647.165
161.332 -645.406
168.766 -643.533
175.095 -641.942
182.826 -639.805
188.919 -638.193
195.62 -636.304
202.839 -634.127
208.479 -632.608
216.285 -629.999
222.799 -627.949
258.349 -613.969
266.441 -610.564
273.222 -607.432
279.131 -604.508
284.685 -601.676
290.311 -598.797
298.464 -594.832
303.509 -592.077
310.42 -588.448
316.796 -584.987
322.85 -581.62
327.875 -578.767
335.38 -574.452
339.423 -572.132
346.65 -567.778
353.234 -563.728
358.922 -560.207
364.004 -557.095
371.266 -552.248
376.765 -548.68
382.731 -544.664
387.949 -541.238
393.193 -537.766
399.422 -533.275
427.567 -510.488
431.407 -506.842
436.841 -502.049
442.857 -496.721
448.851 -491.288
454.387 -486.104
458.443 -482.093
465.017 -475.798
470.496 -470.341
474.554 -466.139
479.345 -461.186
484.262 -456.025
488.167 -451.932
495.944 -443.296
499.355 -439.549
503.977 -434.328
509.462 -427.87
513.888 -422.669
517.586 -418.449
522.207 -412.823
526.794 -407.121
531.333 -401.365
552.111 -372.747
555.002 -367.838
558.836 -361.761
563.578 -354.406
566.407 -349.415
569.923 -343.453
573.981 -336.583
577.293 -330.698
580.787 -324.424
584.332 -317.933
586.997 -312.902
589.844 -307.539
593.336 -300.783
597.028 -293.389
600.268 -286.766
602.798 -281.716
606.14 -274.525
608.848 -268.862
612.358 -260.666
615.23 -254.079
618.935 -244.484
620.548 -241.768
623.603 -233.668
636.639 -197.454
638.738 -190.137
640.513 -183.348
641.955 -177.22
643.641 -170.396
645.284 -163.53
646.913 -156.518
648.376 -149.821
649.609 -143.765
651.153 -136.409
652.464 -129.715
653.732 -122.981
654.95 -116.245
656.123 -109.479
657.246 -102.695
658.402 -95.138
659.364 -88.815
660.371 -81.3169
661.234 -75.5202
662.122 -67.9249
662.928 -60.3781
663.681 -53.9165
664.345 -46.3968
664.95 -39.171
665.578 -32.889
666.083 -25.7661
