665.115 15.6743
664.792 23.3148
664.322 30.155
663.718 35.1908
663.211 42.9551
662.617 50.8536
661.934 58.3507
661.174 65.7686
660.389 72.2528
659.406 80.8953
658.664 85.6769
657.674 92.8229
656.693 99.4604
655.649 106.206
654.328 114.095
653.478 119.434
651.925 127.651
650.698 134.226
649.148 141.743
647.342 149.801
646.504 154.646
644.521 162.717
643.432 168.216
641.486 175.763
640.069 181.915
627.181 223.354
624.72 229.196
622.081 235.727
619.351 242.378
616.639 248.729
613.515 256.291
611.574 259.844
608.28 267.458
604.695 275.566
601.927 281.224
598.911 287.407
595.858 293.547
593.26 298.639
589.356 306.273
586.835 311.089
583.226 317.834
579.96 323.85
576.878 329.488
573.109 336.092
569.027 343
565.84 348.511
561.429 355.575
558.145 361.04
554.704 366.652
551.314 372.154
546.398 379.262
543.047 384.555
539.486 390.032
512.994 423.778
507.954 429.67
503.813 434.041
498.862 439.554
495.574 442.708
489.124 449.996
484.803 454.385
478.96 460.551
474.91 464.496
470.448 468.903
465.598 473.673
459.422 479.671
456.072 482.861
448.97 489.45
443.974 494.013
439.855 497.803
435.228 502.007
429.003 507.352
424.39 511.434
416.984 517.373
412.779 521.046
406.232 526.171
401.087 530.339
395.237 534.857
389.151 539.419
360.179 558.829
354.602 562.163
347.976 566.23
342.612 569.293
336.39 572.909
331.048 575.89
323.274 580.317
316.353 584.095
310.52 587.154
304.537 590.251
298.812 593.172
289.881 597.582
285.168 599.88
278.454 603.056
272.13 605.996
265.069 609.152
258.539 612.028
252.482 614.684
245.416 617.6
236.818 620.873
230.868 623.285
196.403 636.047
190.359 637.532
183.856 639.201
175.786 641.474
169.602 642.883
164.931 643.738
155.752 646.123
149.313 647.493
141.573 649.199
131.386 651.508
128.24 651.785
119.973 653.358
113.116 654.526
107.137 655.487
99.7297 656.649
92.2807 657.74
86.5127 658.572
78.6426 659.573
71.8463 660.412
64.7184 661.214
58.3479 661.94
51.0547 662.627
43.6566 663.24
36.9272 663.812
28.8274 664.238
22.3396 664.709
13.7366 664.908
6.54103 665.168
-0.494192 665.387
-43.4763 664.313
-49.4158 663.52
-56.0658 662.76
-64.8951 662.025
-70.7948 661.119
-77.2375 660.201
-85.6624 659.176
-91.236 658.192
-97.9351 657.122
-102.566 656.257
-113.744 654.528
-119.582 653.382
-124.686 652.372
-132.459 650.837
-138.619 649.576
-146.482 647.856
-152.765 646.468
-159.514 644.908
-166.638 643.169
-173.045 641.607
-182.052 639.031
-188.572 637.266
-196.239 634.979
-201.219 633.767
-208.988 631.27
-217.945 628.09
-222.54 626.963
-230.469 624.077
-263.591 610.359
-270.832 607.131
-275.234 604.811
-284.155 600.802
-290.804 597.525
-297.367 594.203
-302.74 591.329
-309.134 587.954
-315.697 584.417
-322.491 580.675
-328.047 577.515
-334.959 573.531
-339.693 570.767
-347.597 565.97
-351.869 563.437
-358.207 559.479
-363.353 556.322
-368.558 553.112
-375.856 548.125
-381.27 544.601
-387.962 539.878
-392.816 536.745
-424.475 512.568
-429.931 507.778
-435.299 502.97
-440.566 498.152
-445.797 493.284
-450.909 488.425
-455.972 483.53
-460.981 478.603
-465.886 473.69
-470.706 468.781
-475.412 463.91
-480.05 459.042
-484.652 454.148
-489.202 449.246
-493.735 444.298
-498.234 439.325
-502.72 434.297
-507.186 429.221
-511.599 424.143
-516.017 418.977
-520.392 413.795
-524.774 408.51
-529.111 403.207
-533.444 397.807
-537.78 392.29
-561.547 356.946
-566.3 349.494
-569.046 344.316
-573.663 336.709
-577.083 330.481
-579.991 324.87
-583.735 317.985
-587.307 311.201
-590.464 304.919
-592.711 300.075
-595.444 294.407
-598.845 287.38
-602.103 280.444
-605.173 273.709
-608.09 267.138
-610.466 261.704
-612.895 256.127
-616.282 247.804
-618.145 243.63
-621.209 235.673
-623.212 231.108
-625.796 224.353
-628.815 215.409
-631.007 209.648
-633.018 204.87
-635.461 197.438
-637.861 189.659
-640.096 182.434
-651.044 139.27
-652.287 132.28
-653.344 125.639
-654.158 119.635
-656.015 110.09
-657.299 102.009
-657.856 96.2144
-658.373 90.6359
-659.67 81.374
-660.393 74.2769
-661.008 67.4526
-661.508 61.0866
-662.317 52.0893
-662.636 46.2599
-663.14 38.1996
-663.426 31.9249
-663.693 25.6065
-663.936 19.3171
-664.132 11.6234
-664.313 5.81512
-664.4 -1.43207
-664.359 -9.38482
-664.078 -18.9519
-664.273 -23.0194
-664.37 -28.5156
-664.062 -36.2847
-663.418 -45.328
-663.54 -50.2299
-663.248 -57.0031
-662.966 -63.5841
-662.496 -70.659
-655.194 -116.436
-653.661 -125.069
-652.141 -131.275
-650.537 -138.197
-648.755 -146.312
-647.218 -151.527
-645.448 -158.417
-643.478 -166.093
-641.258 -174.616
-639.562 -179.969
-637.984 -184.939
-635.156 -194.686
-633.324 -200.239
-630.758 -208.176
-629.154 -212.844
-626.56 -220.365
-624.494 -226.252
-621.778 -233.649
-620.726 -237.117
-616.962 -246.443
-614.483 -252.819
-611.766 -259.539
-609.864 -264.667
-605.751 -273.591
-604.484 -277.54
-599.691 -287.09
-598.956 -290.248
-594.347 -299.04
-591.503 -305.169
-571.597 -340.071
-567.763 -346.155
-563.934 -352.077
-560.076 -357.931
-556.166 -363.76
-552.62 -368.84
-548.941 -374.107
-544.318 -380.782
-541.02 -385.307
-536.483 -391.58
-532.441 -397.042
-528.112 -402.794
-524.205 -407.927
-519.607 -413.812
-515.812 -418.693
-511.083 -424.531
-506.1 -430.516
-502.115 -435.402
-498.111 -440.278
-492.478 -446.558
-488.374 -451.386
-467.833 -471.781
-461.258 -478.3
-457.614 -481.513
-450.827 -487.93
-447.049 -491.235
-438.655 -498.868
-433.895 -502.913
-428.895 -507.144
-423.251 -511.86
-417.53 -516.545
-410.035 -522.509
-406.038 -525.668
-401.222 -529.454
-395.544 -533.787
-390.612 -537.582
-383.853 -542.429
-355.59 -562.726
-349.345 -566.416
-343.343 -569.821
-336.852 -573.544
-331.388 -576.406
-324.856 -580.001
-318.98 -583.063
-312.846 -586.244
-307.175 -589.085
-300.769 -592.314
-294.349 -595.478
-288.57 -598.242
-283.6 -600.597
-276.107 -604.081
-269.771 -606.959
-263.332 -609.818
-256.921 -612.602
-249.767 -615.582
-243.948 -618.044
-236.704 -620.902
-230.786 -623.304
-223.502 -626.014
-216.864 -628.486
-210.197 -630.903
-203.468 -633.269
-197.568 -635.446
-190.865 -637.704
-150.755 -647.913
-145.034 -648.885
-136.185 -650.888
-130.414 -651.786
-124.707 -652.676
-116.777 -654.12
-110.102 -655.173
-101.912 -656.494
-98.1017 -656.909
-88.5629 -658.292
-80.47 -659.325
-74.715 -659.967
-66.4586 -660.849
-60.3899 -661.45
-53.9768 -662.056
-47.3773 -662.635
-40.1501 -663.174
-33.5739 -663.664
-24.7423 -664.016
-17.415 -664.328
-10.3606 -664.591
-2.62483 -664.726
3.72875 -664.94
11.2944 -664.951
49.2278 -663.499
57.1432 -662.806
62.3511 -661.941
71.3313 -661.112
78.5575 -660.17
85.4396 -659.17
91.535 -658.162
99.1306 -657.012
103.205 -656.17
112.265 -654.711
121.075 -653.165
123.495 -652.606
132.223 -650.889
140.066 -649.246
147.077 -647.708
153.738 -646.199
161.045 -644.448
168.461 -642.58
174.763 -640.999
182.479 -638.867
188.544 -637.266
195.229 -635.384
202.437 -633.211
208.061 -631.699
215.847 -629.1
222.345 -627.058
258.062 -613.011
266.146 -609.608
272.907 -606.483
278.789 -603.568
284.33 -600.741
289.935 -597.87
298.08 -593.909
303.099 -591.165
310 -587.541
316.354 -584.09
322.392 -580.731
327.387 -577.895
334.888 -573.581
338.908 -571.275
346.124 -566.927
352.693 -562.887
358.359 -559.381
363.413 -556.288
370.661 -551.451
376.138 -547.9
382.087 -543.899
387.289 -540.487
392.511 -537.035
398.727 -532.556
426.998 -509.665
430.813 -506.038
436.229 -501.258
442.233 -495.939
448.21 -490.521
453.737 -485.344
457.772 -481.351
464.347 -475.056
469.817 -469.606
473.856 -465.423
478.627 -460.489
483.527 -455.347
487.413 -451.274
495.198 -442.631
498.587 -438.908
503.198 -433.701
508.681 -427.246
513.091 -422.065
516.768 -417.874
521.38 -412.26
525.951 -406.583
530.479 -400.845
551.353 -372.095
554.227 -367.206
558.047 -361.146
562.779 -353.805
565.593 -348.835
569.09 -342.901
573.139 -336.044
576.437 -330.181
579.919 -323.927
583.454 -317.454
586.106 -312.447
588.939 -307.113
592.427 -300.367
596.116 -292.979
599.351 -286.368
601.869 -281.345
605.21 -274.155
607.91 -268.515
611.42 -260.32
614.286 -253.748
617.987 -244.166
619.587 -241.489
622.639 -233.4
635.736 -197.024
637.827 -189.724
639.593 -182.957
641.023 -176.857
642.701 -170.056
644.336 -163.212
645.958 -156.221
647.414 -149.547
648.643 -143.506
650.181 -136.177
651.487 -129.499
652.75 -122.79
653.964 -116.08
655.133 -109.339
656.253 -102.58
657.407 -95.0424
658.367 -88.7329
659.374 -81.2476
660.235 -75.4772
661.123 -67.8949
661.928 -60.361
662.681 -53.921
663.345 -46.4139
663.951 -39.2193
664.581 -32.9591
665.087 -25.8598
