664.122 15.7869
663.797 23.409
663.324 30.2244
662.718 35.2199
662.211 42.967
661.617 50.841
660.934 58.3272
660.175 65.725
659.391 72.1814
658.41 80.8132
657.669 85.5692
656.681 92.6999
655.703 99.3183
654.662 106.045
653.347 113.901
652.503 119.21
650.954 127.413
649.732 133.969
648.185 141.474
646.38 149.526
645.552 154.338
643.576 162.39
642.494 167.87
640.557 175.393
639.148 181.525
626.2 223.164
623.743 228.983
621.109 235.491
618.387 242.113
615.681 248.44
612.562 255.988
610.635 259.502
607.345 267.103
603.766 275.196
601.007 280.834
598.001 286.994
594.959 293.11
592.376 298.171
588.47 305.809
585.959 310.607
582.351 317.349
579.09 323.357
576.018 328.978
572.26 335.564
568.187 342.458
565.016 347.944
560.613 354.997
557.346 360.438
553.923 366.027
550.551 371.507
545.643 378.606
542.318 383.87
538.771 389.333
512.15 423.241
507.121 429.118
502.998 433.462
498.059 438.958
494.793 442.083
488.35 449.363
484.05 453.728
478.21 459.89
474.177 463.815
469.731 468.206
464.892 472.965
458.718 478.962
455.392 482.127
448.291 488.716
443.308 493.268
439.209 497.04
434.599 501.23
428.386 506.566
423.791 510.634
416.395 516.565
412.213 520.222
405.684 525.334
400.555 529.492
394.731 533.995
388.669 538.542
359.569 558.037
354.002 561.363
347.397 565.414
342.059 568.46
335.857 572.063
330.542 575.028
322.782 579.446
315.876 583.216
310.061 586.266
304.095 589.354
298.38 592.27
289.434 596.687
284.741 598.976
278.038 602.146
271.729 605.08
264.685 608.228
258.177 611.096
252.146 613.742
245.098 616.652
236.513 619.921
230.583 622.326
195.973 635.144
189.95 636.619
183.471 638.278
175.413 640.546
169.258 641.944
164.628 642.785
155.452 645.169
149.039 646.531
141.316 648.232
131.14 650.539
128.033 650.807
119.787 652.375
112.947 653.541
106.992 654.497
99.5878 655.659
92.1421 656.749
86.3911 657.579
78.5211 658.58
71.7505 659.417
64.6458 660.217
58.2971 660.941
51.026 661.627
43.6489 662.24
36.9543 662.812
28.8693 663.239
22.4028 663.711
13.818 663.911
6.64524 664.173
-0.366264 664.395
-43.5527 663.316
-49.4663 662.522
-56.0892 661.76
-64.9023 661.025
-70.7689 660.119
-77.1834 659.203
-85.6035 658.178
-91.1415 657.196
-97.8069 656.131
-102.411 655.269
-113.583 653.542
-119.404 652.398
-124.478 651.394
-132.251 649.858
-138.398 648.601
-146.262 646.881
-152.525 645.497
-159.258 643.941
-166.359 642.209
-172.74 640.655
-181.742 638.08
-188.237 636.324
-195.888 634.042
-200.83 632.846
-208.586 630.354
-217.54 627.176
-222.095 626.068
-230.006 623.191
-263.286 609.407
-270.504 606.187
-274.874 603.878
-283.787 599.873
-290.417 596.603
-296.952 593.293
-302.312 590.426
-308.685 587.06
-315.222 583.537
-322.009 579.799
-327.547 576.649
-334.452 572.669
-339.163 569.919
-347.056 565.129
-351.301 562.614
-357.623 558.667
-362.751 555.524
-367.938 552.328
-375.236 547.341
-380.634 543.83
-387.32 539.111
-392.154 535.996
-423.95 511.716
-429.387 506.939
-434.735 502.145
-439.988 497.336
-445.193 492.487
-450.293 487.638
-455.335 482.759
-460.325 477.847
-465.223 472.94
-470.025 468.048
-474.719 463.189
-479.344 458.333
-483.934 453.452
-488.461 448.574
-492.983 443.639
-497.465 438.685
-501.935 433.677
-506.386 428.621
-510.783 423.564
-515.188 418.419
-519.548 413.257
-523.922 407.987
-528.242 402.712
-532.564 397.333
-536.888 391.836
-560.79 356.292
-565.537 348.848
-568.261 343.697
-572.867 336.103
-576.273 329.895
-579.163 324.31
-582.896 317.441
-586.458 310.673
-589.602 304.412
-591.83 299.602
-594.548 293.962
-597.945 286.945
-601.198 280.019
-604.263 273.295
-607.174 266.737
-609.54 261.324
-611.961 255.768
-615.343 247.459
-617.195 243.318
-620.256 235.371
-622.249 230.837
-624.83 224.095
-627.848 215.154
-630.033 209.423
-632.039 204.668
-634.477 197.261
-636.875 189.49
-639.105 182.3
-650.11 138.913
-651.345 131.946
-652.393 125.331
-653.197 119.358
-655.052 109.822
-656.331 101.755
-656.882 95.9872
-657.393 90.4366
-658.691 81.1734
-659.411 74.0928
-660.02 67.295
-660.518 60.9508
-661.326 51.9541
-661.642 46.1501
-662.146 38.0972
-662.429 31.8523
-662.694 25.5634
-662.936 19.304
-663.132 11.6281
-663.314 5.84535
-663.401 -1.38018
-663.362 -9.30916
-663.081 -18.8743
-663.28 -22.9018
-663.382 -28.3619
-663.077 -36.114
-662.433 -45.1513
-662.564 -50.0119
-662.278 -56.7596
-662.001 -63.3225
-661.537 -70.3746
-654.196 -116.367
-652.663 -125.005
-651.144 -131.197
-649.541 -138.111
-647.758 -146.228
-646.223 -151.422
-644.457 -158.281
-642.488 -165.948
-640.272 -174.446
-638.581 -179.773
-637.01 -184.712
-634.185 -194.446
-632.36 -199.974
-629.799 -207.892
-628.205 -212.528
-625.617 -220.034
-623.561 -225.893
-620.854 -233.266
-619.816 -236.702
-616.059 -246.015
-613.59 -252.368
-610.884 -259.069
-608.995 -264.173
-604.887 -273.088
-603.64 -277.004
-598.849 -286.551
-598.14 -289.67
-593.532 -298.462
-590.703 -304.568
-570.674 -339.686
-566.849 -345.748
-563.031 -351.649
-559.183 -357.481
-555.28 -363.295
-551.745 -368.355
-548.085 -373.591
-543.47 -380.253
-540.19 -384.748
-535.664 -391.007
-531.632 -396.455
-527.32 -402.182
-523.43 -407.294
-518.846 -413.163
-515.064 -418.029
-510.354 -423.846
-505.383 -429.819
-501.413 -434.69
-497.43 -439.546
-491.812 -445.812
-487.725 -450.625
-467.099 -471.102
-460.539 -477.605
-456.92 -480.793
-450.131 -487.212
-446.371 -490.499
-437.965 -498.144
-433.222 -502.174
-428.232 -506.396
-422.598 -511.103
-416.887 -515.779
-409.4 -521.736
-405.435 -524.871
-400.638 -528.643
-394.979 -532.961
-390.066 -536.744
-383.318 -541.584
-354.93 -561.975
-348.701 -565.65
-342.718 -569.04
-336.248 -572.747
-330.803 -575.595
-324.287 -579.179
-318.432 -582.227
-312.318 -585.394
-306.672 -588.22
-300.285 -591.439
-293.885 -594.592
-288.124 -597.347
-283.18 -599.69
-275.693 -603.171
-269.372 -606.042
-262.957 -608.891
-256.569 -611.666
-249.434 -614.639
-243.644 -617.091
-236.426 -619.941
-230.537 -622.336
-223.265 -625.042
-216.644 -627.51
-209.993 -629.924
-203.28 -632.287
-197.403 -634.46
-190.716 -636.715
-150.406 -646.976
-144.709 -647.94
-135.881 -649.935
-130.134 -650.826
-124.452 -651.709
-116.543 -653.148
-109.877 -654.198
-101.692 -655.519
-97.9231 -655.925
-88.3792 -657.309
-80.3088 -658.338
-74.5877 -658.975
-66.3453 -659.856
-60.3167 -660.453
-53.9248 -661.057
-47.3448 -661.636
-40.1486 -662.174
-33.6 -662.664
-24.7787 -663.016
-17.4808 -663.33
-10.443 -663.594
-2.73294 -663.732
3.59048 -663.95
11.1366 -663.964
49.2907 -662.501
57.1906 -661.807
62.3603 -660.941
71.3343 -660.112
78.5472 -659.171
85.4043 -658.171
91.4851 -657.164
99.0695 -656.014
103.104 -655.175
112.157 -653.717
120.942 -652.174
123.318 -651.622
132.036 -649.906
139.855 -648.268
146.836 -646.737
153.479 -645.233
160.767 -643.487
168.156 -641.628
174.431 -640.055
182.132 -637.93
188.169 -636.339
194.838 -634.463
202.035 -632.296
207.635 -630.795
215.409 -628.201
221.891 -626.167
257.784 -612.05
265.851 -608.653
272.585 -605.536
278.448 -602.629
283.975 -599.806
289.56 -596.944
297.695 -592.985
302.69 -590.252
309.572 -586.637
315.905 -583.196
321.927 -579.845
326.898 -577.022
334.397 -572.71
338.392 -570.418
345.592 -566.081
352.145 -562.05
357.789 -558.56
362.83 -555.476
370.057 -550.655
375.511 -547.121
381.443 -543.134
386.622 -539.741
391.829 -536.304
398.025 -531.843
426.429 -508.843
430.219 -505.233
435.612 -500.471
441.604 -495.162
447.569 -489.754
453.087 -484.584
457.102 -480.609
463.677 -474.314
469.138 -468.872
473.157 -464.708
477.91 -459.792
482.793 -454.669
486.654 -450.623
494.452 -441.966
497.819 -438.268
502.42 -433.073
507.899 -426.622
512.294 -421.461
515.95 -417.3
520.554 -411.697
525.113 -406.038
529.625 -400.324
550.595 -371.443
553.452 -366.574
557.259 -360.531
561.984 -353.197
564.778 -348.255
568.261 -342.341
572.297 -335.504
575.585 -329.657
579.052 -323.43
582.58 -316.968
585.216 -311.992
588.034 -306.687
591.517 -299.951
595.204 -292.569
598.433 -285.97
600.941 -280.973
604.281 -273.786
606.973 -268.167
610.481 -259.974
613.343 -253.417
617.041 -243.841
618.627 -241.21
621.676 -233.131
634.833 -196.595
636.916 -189.312
638.676 -182.559
640.091 -176.495
641.761 -169.716
643.391 -162.885
645.006 -155.915
646.454 -149.266
647.675 -143.254
649.208 -135.945
650.509 -129.292
651.767 -122.608
652.977 -115.923
654.142 -109.199
655.259 -102.465
656.412 -94.9389
657.371 -88.6508
658.376 -81.1783
659.236 -75.4342
660.123 -67.8733
660.928 -60.3524
661.681 -53.9339
662.345 -46.4395
662.952 -39.2676
663.583 -33.0292
664.091 -25.9461
