663.128 15.8995
662.801 23.503
662.327 30.2937
661.719 35.2488
661.211 42.9789
660.617 50.8369
659.934 58.3036
659.176 65.6813
658.394 72.1098
657.413 80.7311
656.675 85.4615
655.689 92.5769
654.713 99.1762
653.676 105.877
652.365 113.715
651.529 118.986
649.983 127.175
648.766 133.711
647.222 141.205
645.419 149.252
644.6 154.031
642.628 162.071
641.555 167.525
639.628 175.023
638.227 181.135
625.218 222.973
622.768 228.763
620.139 235.248
617.423 241.848
614.724 248.151
611.609 255.685
609.695 259.16
606.407 266.757
602.837 274.826
600.086 280.443
597.09 286.58
594.059 292.673
591.492 297.704
587.584 305.345
585.083 310.125
581.477 316.865
578.219 322.865
575.154 328.474
571.411 335.036
567.346 341.916
564.192 347.377
559.797 354.419
556.548 359.836
553.142 365.403
549.789 370.86
544.893 377.945
541.589 383.186
538.056 388.634
511.311 422.698
506.291 428.559
502.183 432.883
497.262 438.355
494.013 441.458
487.576 448.729
483.291 453.076
477.465 459.223
473.445 463.134
469.013 467.51
464.186 472.256
458.013 478.252
454.719 481.388
447.612 487.982
442.642 492.522
438.563 496.277
433.97 500.452
427.768 505.779
423.199 509.828
415.805 515.757
411.653 519.393
405.136 524.498
400.031 528.64
394.225 533.132
388.181 537.67
358.952 557.25
353.402 560.563
346.818 564.599
341.506 567.627
335.324 571.217
330.036 574.166
322.291 578.575
315.4 582.336
309.602 585.377
303.653 588.457
297.949 591.368
288.987 595.793
284.313 598.072
277.621 601.237
271.328 604.164
264.301 607.305
257.815 610.164
251.81 612.8
244.78 615.704
236.209 618.968
230.307 621.365
195.536 634.245
189.541 635.707
183.087 637.354
175.041 639.618
168.913 641.006
164.325 641.832
155.152 644.215
148.766 645.569
141.059 647.266
130.895 649.569
127.827 649.828
119.61 651.391
112.786 652.554
106.847 653.508
99.4459 654.669
92.0035 655.759
86.2694 656.587
78.3997 657.588
71.6466 658.422
64.5651 659.22
58.2462 659.943
50.9972 660.627
43.6411 661.24
36.9812 661.813
28.9112 662.24
22.466 662.713
13.8993 662.915
6.75788 663.18
-0.229906 663.404
-43.6289 662.319
-49.5167 661.523
-56.105 660.76
-64.9094 660.025
-70.743 659.119
-77.1292 658.204
-85.5368 657.18
-91.039 656.201
-97.687 655.138
-102.255 654.282
-113.422 652.555
-119.218 651.415
-124.27 650.416
-132.043 648.88
-138.177 647.625
-146.041 645.905
-152.292 644.525
-159.009 642.973
-166.081 641.248
-172.442 639.7
-181.431 637.13
-187.902 635.382
-195.537 633.106
-200.448 631.922
-208.184 629.439
-217.135 626.261
-221.651 625.172
-229.55 622.301
-262.981 608.454
-270.176 605.242
-274.514 602.945
-283.419 598.943
-290.029 595.682
-296.545 592.38
-301.876 589.526
-308.236 586.166
-314.748 582.656
-321.526 578.924
-327.046 575.784
-333.945 571.807
-338.632 569.071
-346.515 564.288
-350.734 561.791
-357.04 557.855
-362.15 554.725
-367.318 551.543
-374.616 546.556
-379.997 543.058
-386.679 538.344
-391.491 535.247
-423.426 510.865
-428.842 506.1
-434.17 501.319
-439.41 496.521
-444.589 491.69
-449.676 486.851
-454.699 481.988
-459.67 477.092
-464.555 472.197
-469.345 467.316
-474.026 462.468
-478.639 457.625
-483.211 452.761
-487.72 447.902
-492.225 442.987
-496.69 438.052
-501.15 433.058
-505.58 428.029
-509.968 422.985
-514.358 417.861
-518.705 412.72
-523.069 407.464
-527.373 402.216
-531.687 396.852
-536 391.376
-560.033 355.638
-564.769 348.208
-567.475 343.078
-572.071 335.498
-575.462 329.309
-578.334 323.749
-582.058 316.896
-585.609 310.146
-588.739 303.906
-590.953 299.122
-593.656 293.51
-597.045 286.509
-600.293 279.593
-603.353 272.881
-606.258 266.336
-608.615 260.944
-611.027 255.41
-614.404 247.115
-616.244 243.007
-619.302 235.07
-621.287 230.566
-623.864 223.836
-626.883 214.891
-629.06 209.191
-631.06 204.465
-633.493 197.084
-635.89 189.32
-638.115 182.158
-649.176 138.556
-650.402 131.612
-651.439 125.03
-652.237 119.081
-654.088 109.554
-655.364 101.502
-655.908 95.76
-656.413 90.2374
-657.711 80.9728
-658.428 73.9088
-659.033 67.1374
-659.527 60.815
-660.335 51.819
-660.648 46.0403
-661.151 37.9948
-661.432 31.7797
-661.695 25.512
-661.936 19.2908
-662.132 11.6246
-662.314 5.87552
-662.402 -1.32835
-662.364 -9.24141
-662.084 -18.7967
-662.287 -22.7843
-662.393 -28.2084
-662.091 -35.9434
-661.449 -44.9746
-661.588 -49.794
-661.308 -56.5163
-661.038 -63.0527
-660.581 -70.082
-653.199 -116.297
-651.665 -124.941
-650.147 -131.119
-648.545 -138.025
-646.762 -146.144
-645.229 -151.317
-643.466 -158.145
-641.5 -165.796
-639.287 -174.277
-637.601 -179.577
-636.038 -184.477
-633.212 -194.214
-631.395 -199.709
-628.838 -207.616
-627.257 -212.212
-624.673 -219.703
-622.628 -225.534
-619.927 -232.891
-618.906 -236.287
-615.152 -245.594
-612.694 -251.924
-610.001 -258.599
-608.127 -263.677
-604.023 -272.585
-602.796 -276.467
-598.007 -286.012
-597.324 -289.092
-592.721 -297.876
-589.903 -303.968
-569.751 -339.3
-565.936 -345.341
-562.124 -351.228
-558.29 -357.03
-554.395 -362.831
-550.874 -367.864
-547.228 -373.074
-542.621 -379.724
-539.361 -384.19
-534.844 -390.434
-530.827 -395.861
-526.529 -401.571
-522.656 -406.661
-518.084 -412.515
-514.323 -417.358
-509.625 -423.161
-504.666 -429.122
-500.717 -433.972
-496.749 -438.814
-491.146 -445.065
-487.075 -449.865
-466.37 -470.417
-459.82 -476.909
-456.225 -480.074
-449.436 -486.493
-445.694 -489.764
-437.275 -497.42
-432.549 -501.434
-427.568 -505.648
-421.945 -510.345
-416.25 -515.007
-408.766 -520.964
-404.832 -524.073
-400.047 -527.836
-394.421 -532.132
-389.519 -535.907
-382.79 -540.734
-354.276 -561.219
-348.063 -564.88
-342.1 -568.254
-335.644 -571.949
-330.217 -574.784
-323.723 -578.353
-317.884 -581.39
-311.797 -584.541
-306.176 -587.352
-299.809 -590.56
-293.421 -593.706
-287.679 -596.452
-282.76 -598.782
-275.279 -602.261
-268.974 -605.125
-262.589 -607.961
-256.218 -610.729
-249.1 -613.696
-243.341 -616.138
-236.14 -618.983
-230.281 -621.369
-223.028 -624.071
-216.423 -626.535
-209.79 -628.945
-203.092 -631.305
-197.238 -633.474
-190.568 -635.727
-150.065 -646.036
-144.391 -646.992
-135.569 -648.985
-129.853 -649.867
-124.204 -650.74
-116.302 -652.178
-109.653 -653.224
-101.472 -654.543
-97.7444 -654.941
-88.2034 -656.324
-80.1475 -657.352
-74.4604 -657.983
-66.2321 -658.862
-60.2434 -659.455
-53.8728 -660.058
-47.3206 -660.636
-40.147 -661.174
-33.6267 -661.664
-24.8149 -662.017
-17.5465 -662.333
-10.5252 -662.598
-2.84092 -662.738
3.45962 -662.958
10.9789 -662.976
49.3535 -661.503
57.2379 -660.808
62.3694 -659.941
71.3372 -659.112
78.5368 -658.171
85.3775 -657.171
91.435 -656.165
99.0084 -655.016
103.004 -654.18
112.042 -652.724
120.817 -651.182
123.141 -650.637
131.842 -648.925
139.645 -647.291
146.602 -645.765
153.22 -644.267
160.488 -642.527
167.859 -640.673
174.1 -639.112
181.792 -636.989
187.793 -635.412
194.447 -633.543
201.633 -631.38
207.209 -629.89
214.978 -627.299
221.437 -625.276
257.506 -611.09
265.548 -607.7
272.263 -604.59
278.114 -601.686
283.62 -598.871
289.184 -596.017
297.311 -592.062
302.287 -589.337
309.145 -585.733
315.464 -582.299
321.462 -578.96
326.41 -576.15
333.905 -571.84
337.87 -569.565
345.066 -565.23
351.604 -561.21
357.225 -557.734
362.246 -554.664
369.452 -549.858
374.891 -546.337
380.8 -542.368
385.962 -538.991
391.146 -535.573
397.33 -531.125
425.859 -508.021
429.626 -504.429
434.994 -499.685
440.974 -494.386
446.927 -488.986
452.437 -483.824
456.432 -479.867
463.006 -473.572
468.46 -468.138
472.459 -463.992
477.193 -459.096
482.058 -453.99
485.895 -449.972
493.705 -441.3
497.051 -437.627
501.641 -432.446
507.113 -426.005
511.502 -420.851
515.136 -416.719
519.727 -411.134
524.274 -405.493
528.775 -399.797
549.838 -370.79
552.677 -365.942
556.47 -359.917
561.19 -352.589
563.963 -347.675
567.432 -341.781
571.459 -334.958
574.733 -329.133
578.188 -322.926
581.706 -316.482
584.325 -311.537
587.13 -306.261
590.608 -299.535
594.292 -292.159
597.516 -285.573
600.013 -280.601
603.352 -273.416
606.035 -267.82
609.543 -259.629
612.399 -253.086
616.096 -243.515
617.667 -240.931
620.711 -232.871
633.93 -196.165
636.009 -188.892
637.758 -182.161
639.158 -176.133
640.823 -169.368
642.445 -162.559
644.053 -155.61
645.495 -148.985
646.708 -143.002
648.235 -135.712
649.531 -129.085
650.784 -122.426
651.989 -115.765
653.151 -109.067
654.266 -102.35
655.417 -94.8354
656.374 -88.5685
657.379 -81.109
658.237 -75.3994
659.123 -67.8516
659.928 -60.3436
660.681 -53.9467
661.346 -46.465
661.953 -39.3157
662.585 -33.0916
663.095 -26.0322
