662.134 16.0045
661.805 23.5894
661.329 30.3629
660.719 35.2777
660.211 42.9906
659.617 50.8327
658.935 58.2799
658.177 65.6376
657.397 72.0382
656.416 80.6572
655.681 85.3537
654.696 92.4539
653.724 99.0341
652.691 105.708
651.382 113.528
650.554 118.763
649.012 126.936
647.8 133.453
646.258 140.937
644.457 148.977
643.649 153.725
641.681 161.751
640.617 167.179
638.699 174.653
637.309 180.737
624.236 222.782
621.793 228.542
619.169 235.005
616.459 241.582
613.764 247.87
610.656 255.382
608.755 258.819
605.472 266.403
601.908 274.456
599.169 280.046
596.183 286.159
593.164 292.229
590.604 297.243
586.698 304.881
584.207 309.642
580.602 316.38
577.349 322.372
574.29 327.97
570.561 334.508
566.51 341.367
563.364 346.817
558.986 353.834
555.755 359.227
552.356 364.785
549.021 370.219
544.143 377.283
540.855 382.507
537.341 387.935
510.471 422.155
505.462 428.001
501.367 432.304
496.464 437.752
493.233 440.832
486.808 448.089
482.532 452.425
476.719 458.556
472.712 462.453
468.295 466.813
463.481 471.547
457.308 477.542
454.04 480.654
446.933 487.248
441.975 491.776
437.917 495.513
433.341 499.675
427.151 504.992
422.606 509.022
415.216 514.949
411.094 518.564
404.587 523.662
399.507 527.789
393.719 532.27
387.692 536.797
358.335 556.463
352.808 559.759
346.24 563.783
340.954 566.794
334.791 570.371
329.53 573.303
321.792 577.709
314.916 581.461
309.144 584.488
303.21 587.561
297.517 590.466
288.54 594.898
283.886 597.167
277.198 600.331
270.919 603.251
263.925 606.378
257.46 609.229
251.474 611.859
244.47 614.753
235.904 618.016
230.031 620.404
195.099 633.345
189.133 634.794
182.703 636.431
174.668 638.69
168.569 640.067
164.022 640.879
154.852 643.261
148.492 644.607
140.81 646.297
130.65 648.6
127.628 648.848
119.424 650.408
112.625 651.567
106.701 652.519
99.304 653.679
91.8649 654.769
86.1477 655.594
78.2783 656.595
71.5508 657.427
64.4844 658.223
58.1953 658.944
50.9684 659.628
43.6333 660.24
37.0003 660.813
28.9453 661.24
22.529 661.715
13.9729 661.917
6.86299 662.185
-0.100977 662.412
-43.705 661.321
-49.5595 660.524
-56.1292 659.76
-64.9164 659.025
-70.7255 658.119
-77.0834 657.205
-85.47 656.182
-90.9365 655.207
-97.567 654.145
-102.092 653.295
-113.261 651.568
-119.032 650.433
-124.062 649.437
-131.835 647.902
-137.956 646.65
-145.821 644.93
-152.06 643.552
-158.76 642.004
-165.81 640.285
-172.144 638.745
-181.113 636.182
-187.574 634.437
-195.187 632.169
-200.067 630.997
-207.782 628.523
-216.73 625.347
-221.206 624.276
-229.094 621.411
-262.675 607.502
-269.848 604.298
-274.146 602.015
-283.05 598.013
-289.642 594.76
-296.138 591.466
-301.44 588.626
-307.78 585.276
-314.273 581.776
-321.043 578.048
-326.545 574.918
-333.438 570.945
-338.102 568.224
-345.981 563.443
-350.166 560.967
-356.456 557.043
-361.548 553.927
-366.698 550.758
-373.996 545.772
-379.361 542.287
-386.037 537.577
-390.829 534.497
-422.901 510.014
-428.305 505.257
-433.613 500.489
-438.825 495.709
-443.992 490.888
-449.058 486.064
-454.062 481.217
-459.014 476.337
-463.887 471.453
-468.664 466.583
-473.333 461.748
-477.933 456.916
-482.487 452.071
-486.979 447.231
-491.467 442.334
-495.916 437.42
-500.36 432.445
-504.775 427.436
-509.153 422.406
-513.524 417.309
-517.866 412.176
-522.212 406.949
-526.508 401.714
-530.81 396.371
-535.112 390.916
-559.282 354.978
-564.001 347.568
-566.685 342.464
-571.275 334.892
-574.652 328.724
-577.506 323.189
-581.219 316.352
-584.759 309.618
-587.877 303.4
-590.075 298.642
-592.765 293.057
-596.145 286.074
-599.388 279.167
-602.443 272.467
-605.342 265.934
-607.69 260.565
-610.094 255.052
-613.468 246.762
-615.294 242.696
-618.349 234.769
-620.324 230.295
-622.898 223.578
-625.918 214.628
-628.088 208.958
-630.08 204.263
-632.509 196.908
-634.904 189.15
-637.125 182.017
-648.242 138.2
-649.457 131.285
-650.486 124.729
-651.276 118.804
-653.125 109.286
-654.397 101.248
-654.934 95.533
-655.433 90.0382
-656.731 80.7723
-657.445 73.7249
-658.045 66.9799
-658.536 60.6793
-659.344 51.684
-659.654 45.9306
-660.156 37.8926
-660.434 31.7072
-660.696 25.4607
-660.937 19.2695
-661.132 11.6211
-661.315 5.90563
-661.404 -1.27659
-661.366 -9.17374
-661.087 -18.7186
-661.294 -22.6669
-661.405 -28.055
-661.106 -35.7729
-660.465 -44.798
-660.612 -49.5763
-660.338 -56.2732
-660.075 -62.7831
-659.624 -69.7896
-652.201 -116.227
-650.667 -124.876
-649.15 -131.04
-647.548 -137.939
-645.765 -146.06
-644.235 -151.204
-642.475 -158.009
-640.512 -165.643
-638.3 -174.115
-636.62 -179.381
-635.066 -184.242
-632.24 -193.982
-630.431 -199.445
-627.877 -207.34
-626.308 -211.896
-623.729 -219.372
-621.695 -225.174
-619 -232.516
-618 -235.865
-614.245 -245.173
-611.798 -251.48
-609.115 -258.135
-607.258 -263.181
-603.158 -272.082
-601.948 -275.937
-597.164 -285.473
-596.503 -288.52
-591.91 -297.291
-589.108 -303.361
-568.829 -338.915
-565.022 -344.934
-561.216 -350.807
-557.393 -356.588
-553.509 -362.366
-550.004 -367.373
-546.372 -372.558
-541.773 -379.194
-538.531 -383.631
-534.025 -389.861
-530.023 -395.267
-525.738 -400.96
-521.882 -406.028
-517.323 -411.867
-513.581 -416.687
-508.897 -422.476
-503.949 -428.425
-500.021 -433.254
-496.074 -438.075
-490.481 -444.319
-486.432 -449.099
-465.641 -469.733
-459.101 -476.214
-455.525 -479.36
-448.74 -485.775
-445.017 -489.028
-436.585 -496.696
-431.876 -500.694
-426.911 -504.894
-421.299 -509.582
-415.613 -514.236
-408.131 -520.191
-404.223 -523.28
-399.463 -527.024
-393.856 -531.306
-388.98 -535.065
-382.262 -539.885
-353.621 -560.463
-347.425 -564.11
-341.481 -567.469
-335.041 -571.152
-329.639 -573.969
-323.16 -577.527
-317.343 -580.549
-311.276 -583.687
-305.68 -586.484
-299.332 -589.681
-292.957 -592.82
-287.233 -595.557
-282.34 -597.875
-274.857 -601.354
-268.575 -604.207
-262.222 -607.031
-255.874 -609.79
-248.775 -612.751
-243.037 -615.186
-235.855 -618.024
-230.025 -620.402
-222.791 -623.099
-216.203 -625.56
-209.586 -627.966
-202.904 -630.323
-197.073 -632.487
-190.419 -634.738
-149.715 -645.099
-144.074 -646.043
-135.257 -648.035
-129.573 -648.907
-123.956 -649.771
-116.06 -651.207
-109.428 -652.249
-101.253 -653.568
-97.5658 -653.957
-88.0276 -655.34
-79.9864 -656.365
-74.3331 -656.991
-66.1188 -657.868
-60.1621 -658.459
-53.8207 -659.06
-47.2964 -659.636
-40.1453 -660.174
-33.6533 -660.665
-24.8511 -661.018
-17.6122 -661.335
-10.6074 -661.601
-2.94879 -661.744
3.32888 -661.967
10.8286 -661.988
49.4161 -660.505
57.2775 -659.809
62.3783 -658.941
71.3399 -658.112
78.5263 -657.171
85.3506 -656.172
91.3848 -655.166
98.9471 -654.018
102.903 -653.185
111.926 -651.731
120.692 -650.19
122.964 -649.653
131.647 -647.944
139.434 -646.313
146.369 -644.793
152.961 -643.301
160.209 -641.567
167.562 -639.718
173.775 -638.166
181.452 -636.049
187.425 -634.483
194.056 -632.622
201.231 -630.465
206.783 -628.985
214.547 -626.396
220.984 -624.385
257.22 -610.132
265.253 -606.744
271.949 -603.64
277.781 -600.743
283.265 -597.937
288.807 -595.09
296.934 -591.136
301.885 -588.421
308.724 -584.825
315.022 -581.402
320.996 -578.075
325.921 -575.277
333.413 -570.969
337.348 -568.712
344.54 -564.379
351.062 -560.369
356.662 -556.908
361.655 -553.857
368.854 -549.057
374.271 -545.553
380.162 -541.598
385.301 -538.24
390.464 -534.842
396.634 -530.407
425.29 -507.199
429.032 -503.624
434.383 -498.893
440.351 -493.603
446.286 -488.219
451.787 -483.064
455.761 -479.125
462.336 -472.83
467.781 -467.403
471.761 -463.276
476.475 -458.399
481.323 -453.312
485.136 -449.321
492.953 -440.641
496.283 -436.987
500.857 -431.825
506.326 -425.388
510.71 -420.241
514.322 -416.138
518.901 -410.571
523.436 -404.948
527.921 -399.277
549.08 -370.137
551.901 -365.31
555.681 -359.302
560.391 -351.988
563.149 -347.095
566.604 -341.222
570.617 -334.419
573.877 -328.616
577.324 -322.421
580.828 -316.004
583.435 -311.082
586.225 -305.836
589.699 -299.119
593.38 -291.748
596.598 -285.175
599.084 -280.229
602.423 -273.046
605.097 -267.472
608.602 -259.291
611.456 -252.755
615.15 -243.189
616.709 -240.645
619.745 -232.611
633.023 -195.742
635.101 -188.472
636.841 -181.763
638.226 -175.77
639.886 -169.019
641.5 -162.232
643.101 -155.304
644.535 -148.703
645.74 -142.751
647.263 -135.48
648.552 -128.877
649.801 -122.243
651.002 -115.608
652.16 -108.935
653.273 -102.236
654.423 -94.7318
655.377 -88.4863
656.381 -81.0395
657.238 -75.3645
658.123 -67.8298
658.928 -60.3348
659.681 -53.9593
660.346 -46.4904
660.954 -39.3561
661.588 -33.1625
662.099 -26.1268
