661.139 16.1094
660.809 23.6757
660.331 30.4244
659.72 35.3064
659.211 42.9945
658.617 50.8206
657.935 58.2561
657.179 65.5858
656.399 71.9666
655.418 80.5832
654.687 85.2459
653.704 92.3309
652.734 98.892
651.705 105.539
650.4 113.342
649.579 118.539
648.04 126.698
646.833 133.196
645.295 140.668
643.495 148.703
642.697 153.418
640.733 161.432
639.678 166.834
637.769 174.283
636.392 180.34
623.255 222.59
620.817 228.321
618.199 234.761
615.495 241.317
612.805 247.589
609.703 255.079
607.815 258.477
604.537 266.048
600.976 274.094
598.251 279.648
595.277 285.737
592.264 291.792
589.717 296.782
585.812 304.417
583.331 309.16
579.727 315.896
576.479 321.88
573.427 327.466
569.712 333.979
565.67 340.825
562.535 346.257
558.175 353.249
554.957 358.625
551.57 364.167
548.259 369.571
543.388 376.627
540.12 381.828
536.62 387.242
509.631 421.612
504.633 427.442
500.552 431.725
495.661 437.156
492.452 440.207
486.034 447.456
481.773 451.774
475.974 457.89
471.986 461.766
467.578 466.117
462.775 470.839
456.604 476.833
453.36 479.92
446.254 486.514
441.309 491.031
437.265 494.755
432.706 498.902
426.527 504.21
422.007 508.221
414.627 514.141
410.534 517.735
404.039 522.825
398.982 526.938
393.213 531.407
387.203 535.925
357.718 555.676
352.215 558.954
345.661 562.967
340.401 565.96
334.257 569.525
329.023 572.441
321.293 576.842
314.433 580.586
308.685 583.6
302.768 586.664
297.085 589.564
288.094 594.003
283.459 596.263
276.774 599.425
270.519 602.335
263.541 605.455
257.106 608.293
251.138 610.917
244.153 613.805
235.6 617.063
229.747 619.445
194.662 632.446
188.724 633.881
182.319 635.508
174.303 637.759
168.232 639.125
163.72 639.926
154.56 642.304
148.226 643.643
140.561 645.329
130.405 647.63
127.43 647.868
119.239 649.426
112.465 650.58
106.556 651.529
99.162 652.69
91.7263 653.778
86.0261 654.602
78.1569 655.602
71.4551 656.432
64.4036 657.226
58.1527 657.945
50.9395 658.628
43.6254 659.24
37.0194 659.813
28.9879 660.241
22.5919 660.717
14.055 660.921
6.96799 661.191
0.0278107 661.421
-43.7808 660.324
-49.6108 659.525
-56.1533 658.761
-64.9232 658.025
-70.7079 657.12
-77.0376 656.206
-85.4031 655.185
-90.8423 654.211
-97.4469 653.152
-101.929 652.308
-113.099 650.581
-118.846 649.45
-123.854 648.459
-131.627 646.924
-137.735 645.675
-145.601 643.954
-151.827 642.58
-158.511 641.036
-165.539 639.323
-171.847 637.791
-180.794 635.234
-187.246 633.492
-194.836 631.232
-199.685 630.073
-207.379 627.608
-216.317 624.436
-220.761 623.381
-228.638 620.521
-262.363 606.552
-269.52 603.353
-273.778 601.085
-282.682 597.084
-289.254 593.838
-295.731 590.553
-301.004 587.726
-307.324 584.387
-313.798 580.896
-320.56 577.172
-326.044 574.053
-332.931 570.083
-337.571 567.376
-345.44 562.602
-349.598 560.144
-355.873 556.231
-360.946 553.128
-366.079 549.973
-373.376 544.987
-378.725 541.515
-385.396 536.809
-390.167 533.748
-422.383 509.158
-427.767 504.414
-433.055 499.659
-438.248 494.893
-443.394 490.086
-448.441 485.277
-453.426 480.445
-458.358 475.582
-463.218 470.709
-467.983 465.851
-472.639 461.027
-477.228 456.207
-481.764 451.38
-486.239 446.559
-490.71 441.682
-495.147 436.78
-499.575 431.825
-503.969 426.844
-508.337 421.827
-512.694 416.752
-517.027 411.632
-521.356 406.433
-525.644 401.212
-529.933 395.89
-534.225 390.456
-558.526 354.324
-563.232 346.928
-565.901 341.845
-570.479 334.287
-573.841 328.138
-576.678 322.629
-580.385 315.8
-583.909 309.09
-587.019 302.887
-589.198 298.163
-591.873 292.605
-595.244 285.638
-598.483 278.741
-601.532 272.053
-604.426 265.533
-606.765 260.185
-609.16 254.694
-612.532 246.41
-614.344 242.385
-617.395 234.467
-619.362 230.023
-621.932 223.319
-624.954 214.365
-627.115 208.726
-629.101 204.06
-631.524 196.732
-633.917 188.988
-636.135 181.875
-647.305 137.85
-648.512 130.958
-649.532 124.428
-650.315 118.526
-652.161 109.019
-653.429 100.995
-653.96 95.3061
-654.455 89.8308
-655.753 80.5637
-656.462 73.5411
-657.058 66.8225
-657.545 60.5436
-658.353 51.549
-658.66 45.8209
-659.161 37.7904
-659.438 31.6264
-659.698 25.4094
-659.937 19.2482
-660.132 11.6176
-660.315 5.93568
-660.405 -1.2249
-660.369 -9.09766
-660.09 -18.6406
-660.3 -22.5496
-660.417 -27.9018
-660.121 -35.6026
-659.481 -44.6216
-659.636 -49.3588
-659.368 -56.0303
-659.11 -62.5204
-658.668 -69.4974
-651.204 -116.157
-649.669 -124.812
-648.153 -130.962
-646.552 -137.852
-644.769 -145.975
-643.242 -151.091
-641.485 -157.873
-639.523 -165.491
-637.314 -173.946
-635.639 -179.185
-634.094 -184.008
-631.267 -193.749
-629.469 -199.172
-626.916 -207.063
-625.359 -211.58
-622.786 -219.041
-620.761 -224.815
-618.073 -232.141
-617.093 -235.443
-613.338 -244.752
-610.902 -251.036
-608.229 -257.672
-606.389 -262.686
-602.29 -271.586
-601.104 -275.4
-596.322 -284.934
-595.683 -287.949
-591.099 -296.706
-588.313 -302.754
-567.906 -338.529
-564.106 -344.535
-560.309 -350.386
-556.497 -356.145
-552.623 -361.902
-549.133 -366.881
-545.516 -372.042
-540.928 -378.658
-537.702 -383.072
-533.205 -389.288
-529.223 -394.667
-524.946 -400.348
-521.108 -405.395
-516.561 -411.219
-512.839 -416.016
-508.168 -421.792
-503.232 -427.728
-499.324 -432.537
-495.399 -437.337
-489.815 -443.573
-485.789 -448.333
-464.913 -469.048
-458.382 -475.519
-454.825 -478.646
-448.038 -485.063
-444.339 -488.293
-435.895 -495.972
-431.203 -499.954
-426.253 -504.141
-420.652 -508.82
-414.977 -513.465
-407.49 -519.423
-403.613 -522.487
-398.879 -526.212
-393.291 -530.481
-388.44 -534.222
-381.734 -539.036
-352.967 -559.706
-346.787 -563.34
-340.862 -566.683
-334.437 -570.355
-329.06 -573.153
-322.597 -576.7
-316.802 -579.708
-310.755 -582.833
-305.184 -585.615
-298.855 -588.802
-292.493 -591.935
-286.787 -594.662
-281.912 -596.971
-274.435 -600.447
-268.184 -603.287
-261.854 -606.101
-255.53 -608.851
-248.45 -611.805
-242.732 -614.233
-235.577 -617.063
-229.778 -619.434
-222.554 -622.128
-215.982 -624.584
-209.382 -626.987
-202.725 -629.339
-196.908 -631.501
-190.278 -633.748
-149.366 -644.162
-143.756 -645.095
-134.945 -647.085
-129.293 -647.947
-123.7 -648.805
-115.819 -650.237
-109.204 -651.275
-101.033 -652.592
-97.3791 -652.975
-87.8519 -654.356
-79.8253 -655.378
-74.2058 -655.999
-66.0056 -656.875
-60.0808 -657.462
-53.7686 -658.061
-47.2721 -658.637
-40.1435 -659.174
-33.6799 -659.665
-24.8872 -660.018
-17.6786 -660.337
-10.6895 -660.604
-3.05655 -660.75
3.19828 -660.976
10.6784 -660.999
49.4786 -659.507
57.3169 -658.809
62.3872 -657.941
71.3426 -657.112
78.5156 -656.171
85.3236 -655.172
91.3346 -654.167
98.8857 -653.02
102.803 -652.19
111.811 -650.737
120.566 -649.197
122.787 -648.669
131.453 -646.963
139.223 -645.336
146.135 -643.82
152.703 -642.335
159.931 -640.606
167.265 -638.763
173.451 -637.22
181.112 -635.108
187.057 -633.553
193.666 -631.702
200.829 -629.549
206.358 -628.08
214.117 -625.494
220.53 -623.493
256.934 -609.173
264.959 -605.788
271.635 -602.691
277.447 -599.8
282.909 -597.002
288.431 -594.164
296.557 -590.21
301.482 -587.506
308.304 -583.918
314.581 -580.504
320.531 -577.19
325.432 -574.405
332.922 -570.098
336.826 -567.859
344.014 -563.529
350.521 -559.528
356.098 -556.081
361.065 -553.05
368.256 -548.256
373.65 -544.768
379.525 -540.827
384.641 -537.489
389.781 -534.111
395.939 -529.688
424.728 -506.372
428.438 -502.819
433.771 -498.102
439.728 -492.821
445.645 -487.452
451.144 -482.299
455.097 -478.377
461.666 -472.088
467.102 -466.669
471.062 -462.56
475.764 -457.696
480.588 -452.633
484.383 -448.664
492.201 -439.982
495.515 -436.346
500.073 -431.204
505.539 -424.77
509.913 -419.637
513.508 -415.556
518.074 -410.008
522.593 -404.41
527.067 -398.757
548.322 -369.484
551.121 -364.685
554.887 -358.694
559.592 -351.387
562.334 -346.515
565.77 -340.669
569.775 -333.879
573.021 -328.1
576.457 -321.924
579.95 -315.525
582.54 -310.635
585.324 -305.402
588.79 -298.703
592.468 -291.338
595.681 -284.777
598.156 -279.857
601.494 -272.676
604.16 -267.125
607.661 -258.953
610.509 -252.431
614.205 -242.863
615.748 -240.366
618.78 -232.35
632.121 -195.312
634.193 -188.053
635.923 -181.366
637.294 -175.407
638.946 -168.679
640.552 -161.913
642.147 -155.007
643.576 -148.422
644.772 -142.499
646.29 -135.248
647.574 -128.67
648.817 -122.061
650.014 -115.451
651.169 -108.803
652.279 -102.121
653.428 -94.6282
654.381 -88.4039
655.384 -80.9701
656.238 -75.3296
657.124 -67.8079
657.928 -60.3259
658.681 -53.9719
659.346 -46.5156
659.955 -39.3964
660.59 -33.2333
661.104 -26.2213
