660.145 16.2141
659.812 23.7618
659.333 30.4858
658.72 35.336
658.211 42.9982
657.617 50.8083
656.936 58.2244
656.18 65.534
655.402 71.8949
654.421 80.5091
653.693 85.1381
652.712 92.2078
651.744 98.7499
650.719 105.37
649.417 113.155
648.604 118.316
647.069 126.46
645.869 132.93
644.332 140.4
642.536 148.42
641.745 153.111
639.785 161.112
638.743 166.481
636.84 173.913
635.474 179.942
622.273 222.399
619.842 228.1
617.229 234.517
614.531 241.051
611.845 247.308
608.748 254.784
606.875 258.136
603.602 265.694
600.044 273.731
597.33 279.258
594.366 285.324
591.365 291.355
588.829 296.322
584.926 303.953
582.454 308.678
578.852 315.411
575.608 321.387
572.563 326.962
568.863 333.451
564.83 340.283
561.711 345.69
557.359 352.671
554.159 358.022
550.789 363.542
547.497 368.924
542.633 375.971
539.386 381.149
535.899 386.548
508.787 421.076
503.804 426.883
499.736 431.146
494.858 436.559
491.672 439.581
485.26 446.823
481.02 451.116
475.229 457.223
471.259 461.08
466.86 465.421
462.076 470.124
455.905 476.117
452.681 479.186
445.569 485.785
440.637 490.29
436.613 493.997
432.071 498.13
425.904 503.429
421.409 507.42
414.037 513.333
409.968 516.911
403.491 521.989
398.458 526.086
392.707 530.545
386.714 535.053
357.102 554.889
351.621 558.149
345.083 562.152
339.848 565.127
333.731 568.675
328.517 571.578
320.795 575.975
313.949 579.711
308.233 582.708
302.325 585.767
296.654 588.662
287.647 593.109
283.032 595.359
276.351 598.52
270.118 601.419
263.158 604.531
256.744 607.361
250.802 609.975
243.835 612.857
235.287 616.113
229.464 618.486
194.232 631.543
188.323 632.966
181.942 634.582
173.938 636.828
167.895 638.184
163.416 638.973
154.268 641.348
147.953 642.681
140.312 644.361
130.16 646.661
127.232 646.888
119.054 648.443
112.304 649.593
106.41 650.54
99.0201 651.7
91.5877 652.788
85.9044 653.609
78.0355 654.61
71.3593 655.436
64.3311 656.229
58.11 656.946
50.9106 657.629
43.6258 658.24
37.0469 658.813
29.0303 659.242
22.6547 659.719
14.137 659.924
7.07286 660.196
0.156458 660.429
-43.8565 659.327
-49.662 658.527
-56.1773 657.761
-64.9309 657.025
-70.6901 656.12
-76.9916 655.207
-85.3446 654.186
-90.748 653.216
-97.3269 652.159
-101.765 651.322
-112.938 649.594
-118.66 648.467
-123.647 647.481
-131.419 645.946
-137.514 644.7
-145.38 642.979
-151.595 641.607
-158.262 640.067
-165.269 638.36
-171.549 636.836
-180.476 634.286
-186.911 632.55
-194.493 630.293
-199.304 629.149
-206.976 626.692
-215.905 623.525
-220.323 622.482
-228.181 619.631
-262.05 605.602
-269.191 602.408
-273.41 600.155
-282.314 596.154
-288.867 592.916
-295.323 589.64
-300.568 586.826
-306.867 583.497
-313.316 580.02
-320.069 576.301
-325.543 573.187
-332.416 569.226
-337.041 566.528
-344.899 561.761
-349.031 559.321
-355.289 555.418
-360.344 552.329
-365.465 549.183
-372.756 544.202
-378.089 540.743
-384.754 536.042
-389.504 532.999
-421.865 508.303
-427.23 503.571
-432.497 498.829
-437.67 494.076
-442.791 489.289
-447.824 484.49
-452.789 479.674
-457.703 474.827
-462.55 469.965
-467.302 465.119
-471.946 460.306
-476.522 455.498
-481.04 450.69
-485.503 445.881
-489.957 441.023
-494.378 436.141
-498.789 431.206
-503.169 426.244
-507.521 421.249
-511.864 416.194
-516.188 411.087
-520.499 405.917
-524.783 400.703
-529.057 395.409
-533.337 389.996
-557.77 353.67
-562.47 346.281
-565.116 341.225
-569.683 333.682
-573.031 327.552
-575.854 322.062
-579.546 315.255
-583.056 308.57
-586.156 302.38
-588.32 297.683
-590.981 292.152
-594.344 285.203
-597.575 278.323
-600.619 271.646
-603.507 265.139
-605.84 259.805
-608.226 254.335
-611.594 246.066
-613.393 242.074
-616.442 234.166
-618.401 229.744
-620.966 223.061
-623.989 214.102
-626.143 208.493
-628.12 203.866
-630.54 196.555
-632.93 188.827
-635.145 181.733
-646.368 137.5
-647.567 130.632
-648.578 124.127
-649.354 118.249
-651.2 108.743
-652.462 100.742
-652.987 95.0792
-653.477 89.6236
-654.775 80.3552
-655.479 73.3574
-656.071 66.657
-656.555 60.4079
-657.362 51.4141
-657.666 45.7113
-658.166 37.6961
-658.44 31.5536
-658.699 25.3581
-658.937 19.2268
-659.132 11.6224
-659.316 5.96567
-659.406 -1.17328
-659.372 -9.02165
-659.093 -18.5627
-659.308 -22.4238
-659.428 -27.7561
-659.134 -35.4399
-658.498 -44.4367
-658.659 -49.1485
-658.398 -55.7875
-658.145 -62.258
-657.712 -69.2054
-650.206 -116.096
-648.671 -124.747
-647.156 -130.883
-645.556 -137.766
-643.772 -145.891
-642.248 -150.979
-640.494 -157.737
-638.535 -165.338
-636.329 -173.777
-634.659 -178.988
-633.12 -183.781
-630.294 -193.517
-628.507 -198.9
-625.957 -206.779
-624.41 -211.264
-621.842 -218.71
-619.828 -224.456
-617.146 -231.766
-616.184 -235.028
-612.431 -244.331
-610.006 -250.593
-607.343 -257.209
-605.521 -262.191
-601.422 -271.09
-600.261 -274.863
-595.479 -284.396
-594.867 -287.37
-590.288 -296.12
-587.518 -302.148
-566.983 -338.143
-563.192 -344.129
-559.402 -349.965
-555.6 -355.702
-551.738 -361.437
-548.262 -366.389
-544.655 -371.532
-540.084 -378.122
-536.868 -382.521
-532.381 -388.722
-528.419 -394.073
-524.155 -399.737
-520.334 -404.762
-515.8 -410.571
-512.092 -415.352
-507.433 -421.113
-502.509 -427.037
-498.628 -431.819
-494.725 -436.599
-489.144 -442.831
-485.146 -447.568
-464.184 -468.363
-457.658 -474.83
-454.124 -477.932
-447.337 -484.35
-443.662 -487.557
-435.205 -495.249
-430.53 -499.215
-425.596 -503.387
-420.005 -508.057
-414.34 -512.694
-406.856 -518.65
-403.004 -521.694
-398.295 -525.401
-392.727 -529.656
-387.901 -533.38
-381.206 -538.187
-352.313 -558.95
-346.15 -562.57
-340.244 -565.897
-333.834 -569.557
-328.481 -572.338
-322.027 -575.879
-316.254 -578.872
-310.235 -581.98
-304.688 -584.747
-298.371 -587.927
-292.029 -591.049
-286.341 -593.766
-281.485 -596.067
-274.013 -599.54
-267.786 -602.37
-261.487 -605.171
-255.186 -607.912
-248.117 -610.862
-242.436 -613.278
-235.3 -616.103
-229.53 -618.465
-222.325 -621.154
-215.762 -623.609
-209.186 -626.006
-202.545 -628.355
-196.751 -630.513
-190.137 -632.758
-149.016 -643.225
-143.439 -644.147
-134.641 -646.132
-129.013 -646.987
-123.444 -647.838
-115.577 -649.266
-108.979 -650.3
-100.814 -651.616
-97.1923 -651.992
-87.668 -653.373
-79.6721 -654.389
-74.0785 -655.007
-65.9005 -655.88
-59.9994 -656.465
-53.7165 -657.062
-47.2477 -657.637
-40.1417 -658.174
-33.7063 -658.666
-24.9317 -659.019
-17.745 -659.339
-10.78 -659.609
-3.1653 -659.756
3.06781 -659.984
10.5197 -660.012
49.5409 -658.509
57.3563 -657.81
62.3971 -656.941
71.3451 -656.112
78.5048 -655.171
85.2964 -654.172
91.2842 -653.169
98.8241 -652.022
102.703 -651.195
111.695 -649.744
120.441 -648.205
122.61 -647.685
131.259 -645.982
139.012 -644.358
145.902 -642.848
152.444 -641.369
159.652 -639.646
166.96 -637.811
173.127 -636.274
180.765 -634.17
186.682 -632.626
193.267 -630.785
200.419 -628.637
205.932 -627.175
213.678 -624.595
220.069 -622.606
256.648 -608.215
264.664 -604.833
271.321 -601.741
277.114 -598.858
282.554 -596.067
288.063 -593.234
296.18 -589.284
301.08 -586.591
307.884 -583.01
314.139 -579.607
320.059 -576.309
324.944 -573.532
332.43 -569.227
336.304 -567.006
343.489 -562.678
349.98 -558.687
355.535 -555.255
360.475 -552.243
367.657 -547.454
373.03 -543.984
378.888 -540.057
383.98 -536.738
389.099 -533.38
395.243 -528.97
424.166 -505.545
427.845 -502.014
433.16 -497.311
439.105 -492.039
445.01 -486.679
450.5 -481.533
454.433 -477.63
461.002 -471.34
466.423 -465.935
470.37 -461.839
475.052 -456.994
479.859 -451.949
483.629 -448.006
491.45 -439.322
494.742 -435.712
499.289 -430.583
504.753 -424.153
509.115 -419.033
512.689 -414.982
517.243 -409.452
521.754 -403.865
526.213 -398.237
547.564 -368.832
550.341 -364.059
554.099 -358.079
558.793 -350.785
561.52 -345.935
564.937 -340.116
568.933 -333.34
572.165 -327.583
575.589 -321.427
579.072 -315.046
581.65 -310.18
584.422 -304.969
587.884 -298.279
591.559 -290.921
594.763 -284.38
597.231 -279.478
600.562 -272.314
603.222 -266.777
606.719 -258.614
609.563 -252.108
613.26 -242.537
614.788 -240.088
617.816 -232.082
631.218 -194.882
633.283 -187.64
635.003 -180.975
636.363 -175.045
638.006 -168.338
639.605 -161.594
641.192 -154.709
642.616 -148.141
643.802 -142.255
645.317 -135.016
646.598 -128.454
647.834 -121.879
649.028 -115.286
650.178 -108.663
651.287 -101.998
652.434 -94.5166
653.384 -88.3215
654.387 -80.8927
655.239 -75.2869
656.124 -67.786
656.928 -60.3169
657.681 -53.9843
658.347 -46.5408
658.956 -39.4366
659.593 -33.304
660.108 -26.3156
