659.15 16.3187
658.816 23.8478
658.335 30.547
657.721 35.3654
657.211 43.0105
656.617 50.8046
655.936 58.1926
655.181 65.4821
654.404 71.8315
653.424 80.435
652.698 85.0303
651.718 92.0928
650.753 98.6158
649.732 105.209
648.436 112.961
647.63 118.093
646.098 126.222
644.905 132.665
643.371 140.123
641.577 148.138
640.793 152.804
638.835 160.8
637.807 166.128
635.911 173.544
634.554 179.552
621.292 222.209
618.865 227.888
616.259 234.275
613.569 240.778
610.885 247.026
607.794 254.481
605.935 257.794
602.667 265.34
599.112 273.369
596.41 278.867
593.456 284.91
590.465 290.918
587.941 295.861
584.04 303.489
581.578 308.196
577.977 314.927
574.738 320.895
571.703 326.452
568.014 332.923
563.989 339.741
560.888 345.123
556.543 352.093
553.36 357.42
550.009 362.917
546.735 368.277
541.884 375.309
538.652 380.47
535.185 385.849
507.943 420.54
502.97 426.331
498.921 430.567
494.056 435.963
490.897 438.95
484.486 446.189
480.266 450.459
474.484 456.556
470.532 460.393
466.148 464.718
461.376 469.41
455.207 475.402
452.001 478.453
444.884 485.057
439.964 489.55
435.961 493.239
431.435 497.358
425.28 502.647
420.81 506.62
413.441 512.53
409.402 516.087
402.936 521.157
397.926 525.239
392.194 529.686
386.225 534.18
356.485 554.101
351.034 557.34
344.511 561.331
339.302 564.289
333.205 567.825
328.004 570.72
320.303 575.104
313.473 578.831
307.782 581.815
301.883 584.87
296.222 587.76
287.2 592.214
282.605 594.455
275.927 597.614
269.717 600.503
262.774 603.608
256.383 606.429
250.466 609.033
243.518 611.908
234.975 615.163
229.18 617.527
193.802 630.64
187.921 632.05
181.557 633.659
173.573 635.897
167.558 637.242
163.113 638.02
153.967 640.394
147.679 641.72
140.062 643.392
129.914 645.691
127.033 645.908
118.868 647.46
112.143 648.606
106.265 649.55
98.8781 650.71
91.4492 651.798
85.7826 652.616
77.914 653.617
71.2554 654.442
64.2585 655.232
58.0593 655.947
50.8821 656.629
43.6262 657.24
37.0665 657.813
29.0726 658.243
22.7259 658.721
14.2188 658.927
7.17761 659.202
0.284966 659.437
-43.9407 658.331
-49.7056 657.527
-56.2012 656.761
-64.9386 656.025
-70.6646 655.12
-76.9455 654.208
-85.2781 653.188
-90.6456 652.221
-97.2068 651.167
-101.61 650.334
-112.785 648.606
-118.474 647.485
-123.439 646.503
-131.211 644.968
-137.293 643.724
-145.16 642.004
-151.363 640.634
-158.006 639.101
-164.99 637.4
-171.244 635.884
-180.165 633.335
-186.575 631.608
-194.143 629.357
-198.915 628.227
-206.574 625.777
-215.499 622.611
-219.878 621.586
-227.724 618.742
-261.738 604.652
-268.863 601.464
-273.043 599.225
-281.938 595.227
-288.472 591.997
-294.909 588.73
-300.131 585.926
-306.411 582.607
-312.834 579.144
-319.579 575.429
-325.043 572.322
-331.902 568.368
-336.503 565.685
-344.358 560.92
-348.463 558.498
-354.712 554.601
-359.749 551.526
-364.852 548.394
-372.136 543.418
-377.459 539.967
-384.119 535.27
-388.841 532.25
-421.347 507.447
-426.692 502.728
-431.94 497.999
-437.092 493.26
-442.187 488.491
-447.207 483.704
-452.152 478.903
-457.047 474.073
-461.876 469.227
-466.621 464.386
-471.247 459.591
-475.817 454.79
-480.317 449.999
-484.768 445.203
-489.205 440.364
-493.609 435.502
-498.004 430.587
-502.368 425.645
-506.706 420.67
-511.034 415.636
-515.345 410.55
-519.642 405.402
-523.917 400.202
-528.176 394.936
-532.449 389.536
-557.013 353.016
-561.707 345.635
-564.331 340.605
-568.887 333.076
-572.22 326.966
-575.03 321.495
-578.708 314.711
-582.207 308.042
-585.294 301.874
-587.439 297.21
-590.085 291.707
-593.441 284.774
-596.667 277.905
-599.705 271.24
-602.588 264.745
-604.912 259.433
-607.29 253.985
-610.655 245.721
-612.446 241.755
-615.488 233.864
-617.441 229.465
-620.002 222.794
-623.024 213.839
-625.172 208.253
-627.141 203.665
-629.556 196.379
-631.944 188.665
-634.155 181.591
-645.434 137.143
-646.624 130.297
-647.627 123.818
-648.394 117.971
-650.239 108.467
-651.496 100.481
-652.015 94.8442
-652.498 89.4164
-653.797 80.1468
-654.497 73.1656
-655.085 66.4915
-655.564 60.2723
-656.371 51.287
-656.671 45.6096
-657.17 37.6019
-657.443 31.4809
-657.7 25.315
-657.937 19.2137
-658.132 11.6272
-658.316 5.98759
-658.408 -1.12122
-658.375 -8.95361
-658.096 -18.4848
-658.316 -22.2982
-658.438 -27.6106
-658.149 -35.2686
-657.515 -44.252
-657.681 -48.9385
-657.426 -55.5518
-657.18 -61.9957
-656.753 -68.9203
-649.207 -116.034
-647.673 -124.682
-646.159 -130.804
-644.56 -137.68
-642.776 -145.806
-641.254 -150.866
-639.503 -157.6
-637.547 -165.185
-635.343 -173.607
-633.68 -178.784
-632.146 -183.554
-629.324 -193.277
-627.545 -198.627
-624.998 -206.495
-623.459 -210.955
-620.901 -218.371
-618.892 -224.104
-616.222 -231.384
-615.274 -234.613
-611.527 -243.902
-609.113 -250.141
-606.46 -256.738
-604.652 -261.695
-600.554 -270.594
-599.417 -274.327
-594.633 -283.863
-594.052 -286.791
-589.473 -295.541
-586.719 -301.547
-566.061 -337.757
-562.278 -343.723
-558.495 -349.544
-554.704 -355.259
-550.853 -360.972
-547.391 -365.898
-543.794 -371.023
-539.24 -377.586
-536.034 -381.969
-531.557 -388.155
-527.614 -393.479
-523.363 -399.126
-519.554 -404.135
-515.033 -409.929
-511.345 -414.687
-506.699 -420.434
-501.786 -426.346
-497.926 -431.107
-494.044 -435.867
-488.472 -442.09
-484.502 -446.802
-463.455 -467.678
-456.933 -474.14
-453.424 -477.218
-446.635 -483.637
-442.985 -486.821
-434.516 -494.525
-429.857 -498.475
-424.938 -502.634
-419.359 -507.294
-413.703 -511.923
-406.221 -517.877
-402.395 -520.902
-397.711 -524.589
-392.162 -528.831
-387.361 -532.538
-380.678 -537.337
-351.659 -558.194
-345.512 -561.799
-339.631 -565.107
-333.224 -568.765
-327.895 -571.527
-321.457 -575.057
-315.705 -578.036
-309.707 -581.13
-304.185 -583.883
-297.887 -587.052
-291.565 -590.163
-285.888 -592.875
-281.058 -595.163
-273.592 -598.634
-267.387 -601.453
-261.119 -604.241
-254.835 -606.976
-247.784 -609.919
-242.14 -612.323
-235.022 -615.142
-229.281 -617.496
-222.095 -620.181
-215.549 -622.632
-208.991 -625.025
-202.365 -627.372
-196.594 -629.526
-189.997 -631.768
-148.674 -642.286
-143.122 -643.198
-134.337 -645.18
-128.74 -646.025
-123.188 -646.871
-115.327 -648.298
-108.755 -649.326
-100.586 -650.643
-97.0056 -651.01
-87.4919 -652.388
-79.5189 -653.401
-73.9431 -654.017
-65.7954 -654.886
-59.9182 -655.469
-53.6643 -656.064
-47.2154 -656.637
-40.132 -657.174
-33.7249 -657.666
-24.9762 -658.02
-17.8113 -658.341
-10.8703 -658.613
-3.27393 -658.762
2.92891 -658.994
10.3613 -659.024
49.5957 -657.511
57.3954 -656.811
62.4068 -655.941
71.3475 -655.112
78.4939 -654.171
85.2692 -653.173
91.2423 -652.169
98.7625 -651.024
102.603 -650.2
111.579 -648.751
120.308 -647.214
122.433 -646.7
131.072 -645
138.802 -643.381
145.668 -641.876
152.177 -640.405
159.366 -638.688
166.655 -636.859
172.795 -635.331
180.417 -633.233
186.306 -631.699
192.869 -629.867
200.01 -627.724
205.499 -626.274
213.24 -623.696
219.608 -621.719
256.362 -607.257
264.362 -603.88
271.006 -600.792
276.78 -597.915
282.198 -595.133
287.695 -592.304
295.803 -588.358
300.678 -585.675
307.464 -582.103
313.698 -578.71
319.586 -575.427
324.448 -572.663
331.931 -568.361
335.782 -566.153
342.963 -561.827
349.432 -557.851
354.971 -554.429
359.891 -551.431
367.053 -546.658
372.403 -543.205
378.244 -539.292
383.32 -535.987
388.417 -532.649
394.548 -528.251
423.597 -504.722
427.251 -501.21
432.549 -496.519
438.475 -491.262
444.375 -485.907
449.856 -480.768
453.768 -476.883
460.337 -470.593
465.75 -465.195
469.671 -461.123
474.335 -456.297
479.125 -451.271
482.876 -447.349
490.698 -438.663
493.969 -435.077
498.506 -429.962
503.966 -423.535
508.318 -418.43
511.875 -414.401
516.412 -408.896
520.915 -403.321
525.362 -397.711
546.807 -368.179
549.566 -363.427
553.31 -357.464
557.994 -350.184
560.705 -345.355
564.108 -339.557
568.091 -332.801
571.309 -327.066
574.722 -320.93
578.194 -314.568
580.759 -309.725
583.521 -304.536
586.978 -297.856
590.651 -290.503
593.849 -283.975
596.306 -279.098
599.63 -271.951
602.282 -266.437
605.778 -258.276
608.617 -251.785
612.317 -242.204
613.827 -239.809
616.853 -231.814
630.315 -194.451
632.372 -187.227
634.082 -180.584
635.434 -174.674
637.066 -167.997
638.657 -161.276
640.237 -154.411
641.654 -147.868
642.834 -142.003
644.345 -134.784
645.619 -128.247
646.851 -121.697
648.041 -115.121
649.188 -108.523
650.294 -101.875
651.441 -94.4051
652.388 -88.2313
653.39 -80.8154
654.24 -75.2441
655.124 -67.7639
655.928 -60.3077
656.682 -53.9967
657.347 -46.5744
657.956 -39.4766
658.595 -33.3745
659.112 -26.4023
