658.157 16.4319
657.82 23.9424
657.337 30.6168
656.721 35.3948
656.211 43.0227
655.617 50.8008
654.937 58.1607
654.182 65.4386
653.406 71.7681
652.427 80.3608
651.703 84.9306
650.725 91.9779
649.762 98.4816
648.747 105.041
647.455 112.766
646.653 117.877
645.129 125.976
643.941 132.399
642.41 139.847
640.618 147.856
639.841 152.498
637.885 160.489
636.872 165.774
634.979 173.182
633.633 179.161
620.31 222.019
617.889 227.668
615.289 234.032
612.604 240.513
609.928 246.738
606.841 254.178
604.995 257.453
601.735 264.978
598.183 272.999
595.489 278.477
592.545 284.496
589.566 290.481
587.054 295.401
583.155 303.025
580.702 307.714
577.103 314.442
573.868 320.402
570.843 325.941
567.165 332.395
563.149 339.199
560.064 344.556
555.727 351.514
552.562 356.817
549.228 362.292
545.973 367.63
541.134 374.647
537.917 379.792
534.47 385.15
507.103 419.998
502.14 425.773
498.106 429.988
493.253 435.366
490.116 438.325
483.707 445.562
479.513 449.801
473.739 455.889
469.805 459.706
465.436 464.016
460.676 468.695
454.508 474.686
451.322 477.719
444.199 484.329
439.292 488.81
435.309 492.481
430.8 496.586
424.656 501.865
420.218 505.814
412.852 511.722
408.836 515.262
402.381 520.325
397.402 524.387
391.688 528.824
385.737 533.308
355.875 553.309
350.447 556.53
343.939 560.511
338.749 563.456
332.679 566.974
327.498 569.858
319.811 574.233
312.996 577.952
307.33 580.923
301.441 583.973
295.79 586.858
286.754 591.319
282.178 593.551
275.504 596.708
269.316 599.587
262.39 602.685
256.021 605.497
250.131 608.091
243.2 610.96
234.671 614.211
228.896 616.568
193.372 629.737
187.512 631.137
181.173 632.736
173.208 634.966
167.213 636.304
162.81 637.068
153.667 639.44
147.405 640.758
139.813 642.424
129.669 644.722
126.827 644.929
118.691 646.476
111.982 647.619
106.119 648.561
98.7362 649.72
91.3106 650.807
85.6609 651.624
77.7926 652.625
71.1515 653.447
64.1779 654.235
58.0085 654.948
50.8535 655.629
43.6187 656.24
37.0861 656.814
29.1149 657.244
22.7894 657.723
14.293 657.93
7.28224 658.207
0.413332 658.446
-44.0247 657.334
-49.7491 656.528
-56.225 655.762
-64.946 655.025
-70.639 654.12
-76.8994 653.209
-85.2116 652.191
-90.5433 651.226
-97.0787 650.175
-101.454 649.346
-112.623 647.619
-118.288 646.502
-123.231 645.525
-131.003 643.99
-137.072 642.749
-144.94 641.028
-151.13 639.662
-157.757 638.132
-164.719 636.437
-170.938 634.931
-179.854 632.385
-186.24 630.666
-193.792 628.42
-198.526 627.306
-206.172 624.861
-215.093 621.697
-219.433 620.691
-227.268 617.852
-261.425 603.703
-268.527 600.522
-272.683 598.292
-281.57 594.297
-288.077 591.079
-294.494 587.82
-299.703 585.022
-305.955 581.717
-312.36 578.264
-319.089 574.557
-324.535 571.46
-331.388 567.511
-335.966 564.842
-343.823 560.075
-347.895 557.675
-354.136 553.785
-359.154 550.722
-364.238 547.604
-371.523 542.628
-376.829 539.19
-383.484 534.498
-388.179 531.501
-420.823 506.596
-426.148 501.889
-431.382 497.169
-436.508 492.448
-441.583 487.694
-446.589 482.917
-451.516 478.132
-456.391 473.318
-461.201 468.488
-465.934 463.659
-470.548 458.876
-475.106 454.087
-479.594 449.309
-484.027 444.532
-488.447 439.712
-492.84 434.863
-497.214 429.974
-501.568 425.046
-505.89 420.091
-510.204 415.078
-514.501 410.013
-518.786 404.886
-523.052 399.701
-527.295 394.462
-531.565 389.069
-556.257 352.362
-560.944 344.988
-563.546 339.986
-568.092 332.47
-571.41 326.38
-574.202 320.935
-577.869 314.166
-581.357 307.514
-584.432 301.368
-586.558 296.738
-589.19 291.262
-592.537 284.346
-595.758 277.487
-598.791 270.833
-601.668 264.352
-603.984 259.061
-606.353 253.635
-609.716 245.377
-611.495 241.444
-614.535 233.563
-616.481 229.186
-619.038 222.528
-622.057 213.584
-624.201 208.012
-626.161 203.463
-628.573 196.195
-630.957 188.503
-633.167 181.441
-644.5 136.786
-645.679 129.97
-646.674 123.517
-647.433 117.694
-649.276 108.199
-650.531 100.22
-651.043 94.6093
-651.52 89.2093
-652.819 79.9385
-653.514 72.9814
-654.098 66.3337
-654.572 60.1445
-655.379 51.1599
-655.676 45.5079
-656.175 37.5078
-656.445 31.4082
-656.701 25.2719
-656.937 19.1924
-657.132 11.6319
-657.316 6.01787
-657.409 -1.06922
-657.377 -8.88563
-657.099 -18.4069
-657.323 -22.1803
-657.45 -27.4567
-657.163 -35.0976
-656.531 -44.0748
-656.705 -48.72
-656.455 -55.3164
-656.215 -61.7337
-655.795 -68.6353
-648.209 -115.972
-646.675 -124.617
-645.162 -130.725
-643.563 -137.593
-641.78 -145.714
-640.262 -150.745
-638.512 -157.472
-636.559 -165.034
-634.358 -173.438
-632.699 -178.589
-631.174 -183.32
-628.353 -193.037
-626.58 -198.362
-624.04 -206.211
-622.508 -210.647
-619.958 -218.04
-617.956 -223.753
-615.295 -231.009
-614.364 -234.198
-610.62 -243.481
-608.217 -249.697
-605.578 -256.268
-603.779 -261.207
-599.69 -270.09
-598.573 -273.79
-593.791 -283.324
-593.236 -286.213
-588.658 -294.962
-585.92 -300.946
-565.141 -337.364
-561.364 -343.316
-557.592 -349.116
-553.81 -354.809
-549.971 -360.5
-546.52 -365.407
-542.934 -370.514
-538.391 -377.058
-535.204 -381.411
-530.733 -387.589
-526.81 -392.885
-522.572 -398.515
-518.78 -403.502
-514.272 -409.281
-510.604 -414.016
-505.965 -419.755
-501.069 -425.648
-497.224 -430.395
-493.363 -435.134
-487.801 -441.349
-483.853 -446.042
-462.726 -466.994
-456.209 -473.451
-452.724 -476.504
-445.934 -482.925
-442.307 -486.086
-433.831 -493.795
-429.185 -497.735
-424.281 -501.88
-418.712 -506.531
-413.073 -511.147
-405.587 -517.105
-401.785 -520.109
-397.12 -523.782
-391.59 -528.01
-386.822 -531.697
-380.143 -536.492
-350.998 -557.443
-344.874 -561.03
-339.012 -564.322
-332.62 -567.968
-327.316 -570.712
-320.893 -574.231
-315.164 -577.195
-309.186 -580.277
-303.682 -583.018
-297.403 -586.176
-291.094 -589.281
-285.435 -591.983
-280.63 -594.258
-273.17 -597.727
-266.989 -600.536
-260.744 -603.314
-254.483 -606.04
-247.451 -608.976
-241.836 -611.37
-234.745 -614.181
-229.033 -616.527
-221.866 -619.208
-215.337 -621.655
-208.795 -624.045
-202.185 -626.388
-196.436 -628.538
-189.856 -630.778
-148.324 -641.349
-142.803 -642.25
-134.032 -644.227
-128.46 -645.065
-122.932 -645.905
-115.078 -647.33
-108.522 -648.353
-100.358 -649.669
-96.8189 -650.028
-87.3159 -651.404
-79.3658 -652.413
-73.8077 -653.026
-65.6903 -653.891
-59.837 -654.472
-53.6204 -655.065
-47.1914 -655.638
-40.1306 -656.174
-33.7435 -656.666
-25.0205 -657.021
-17.8698 -657.343
-10.9606 -657.617
-3.37498 -657.767
2.79014 -658.004
10.2029 -658.037
49.6504 -656.512
57.4433 -655.812
62.4164 -654.941
71.3585 -654.112
78.4916 -653.171
85.2504 -652.173
91.2003 -651.17
98.6932 -650.026
102.503 -649.205
111.472 -647.757
120.175 -646.223
122.256 -645.716
130.886 -644.018
138.591 -642.403
145.435 -640.903
151.918 -639.439
159.079 -637.73
166.358 -635.904
172.463 -634.387
180.07 -632.295
185.93 -630.772
192.471 -628.95
199.6 -626.812
205.066 -625.372
212.802 -622.797
219.154 -620.828
256.077 -606.298
264.06 -602.926
270.692 -599.843
276.446 -596.972
281.851 -594.195
287.326 -591.375
295.425 -587.431
300.268 -584.763
307.036 -581.199
313.249 -577.816
319.114 -574.546
323.953 -571.795
331.432 -567.494
335.26 -565.3
342.43 -560.981
348.884 -557.014
354.415 -553.598
359.3 -550.624
366.454 -545.857
371.782 -542.421
377.606 -538.521
382.666 -535.231
387.734 -531.918
393.852 -527.532
423.028 -503.9
426.651 -500.41
431.931 -495.733
437.846 -490.485
443.74 -485.134
449.213 -480.003
453.104 -476.135
459.673 -469.845
465.077 -464.455
468.973 -460.408
473.618 -455.6
478.39 -450.592
482.117 -446.698
489.946 -438.004
493.196 -434.443
497.722 -429.341
503.179 -422.918
507.521 -417.826
511.061 -413.82
515.585 -408.333
520.077 -402.776
524.512 -397.184
546.049 -367.527
548.792 -362.795
552.521 -356.849
557.195 -349.583
559.891 -344.774
563.28 -338.997
567.254 -332.254
570.457 -326.542
573.858 -320.426
577.316 -314.089
579.869 -309.27
582.62 -304.102
586.072 -297.432
589.742 -290.086
592.934 -283.57
595.38 -278.719
598.698 -271.589
601.341 -266.097
604.837 -257.938
607.668 -251.469
611.371 -241.879
612.867 -239.53
615.89 -231.546
629.416 -194.013
631.461 -186.814
633.162 -180.194
634.505 -174.303
636.125 -167.657
637.709 -160.957
639.285 -154.105
640.694 -147.586
641.867 -141.752
643.372 -134.551
644.641 -128.039
645.868 -121.514
647.054 -114.964
648.198 -108.383
649.302 -101.752
650.447 -94.2934
651.392 -88.141
652.393 -80.738
653.241 -75.2012
654.124 -67.7417
654.928 -60.307
655.682 -54.0089
656.348 -46.6079
656.957 -39.5165
657.597 -33.4373
658.116 -26.489
