782.298 1.82295
782.204 11.5801
781.983 21.264
781.63 30.7012
781.181 40.4721
780.61 50.2564
779.916 59.9722
779.103 69.67
778.174 79.2395
777.114 89.0629
775.97 98.3884
774.69 107.983
773.302 117.503
771.799 127.01
770.155 136.633
768.46 145.932
766.57 155.557
764.614 164.966
762.505 174.48
760.254 184.042
758.02 193.183
755.53 202.701
753.048 211.873
750.349 221.267
747.603 230.478
743.383 243.845
740.3 252.941
737.092 262.083
733.771 271.193
730.346 280.233
726.769 289.38
723.232 297.982
719.43 307.049
715.49 316.134
711.548 324.869
707.478 333.618
703.303 342.316
699.084 350.836
694.605 359.623
690.2 368.007
685.562 376.579
680.87 385.008
676.107 393.331
671.167 401.713
666.089 410.083
661.03 418.221
655.723 426.494
650.462 434.513
645.08 442.501
639.625 450.398
633.889 458.428
628.254 466.176
622.502 473.884
613.954 484.836
607.84 492.468
601.753 499.834
595.486 507.266
589.34 514.33
582.727 521.832
576.289 528.903
569.594 536.108
563.021 542.982
556.319 549.835
549.484 556.661
542.409 563.558
535.605 570.029
528.261 576.839
521.106 583.313
513.987 589.608
506.732 595.87
499.223 602.177
491.836 608.249
484.036 614.461
476.551 620.317
468.712 626.26
460.985 631.996
453.11 637.681
445.145 643.28
434.425 650.534
426.391 655.803
418.175 661.065
410.051 666.112
401.759 671.136
393.518 675.987
384.931 680.917
376.398 685.668
367.94 690.237
359.402 694.719
350.847 699.078
341.854 703.519
333.328 707.602
324.504 711.695
315.693 715.654
306.748 719.538
297.82 723.287
288.912 726.907
279.829 730.458
270.538 733.942
261.498 737.23
249.072 741.637
239.953 744.6
230.759 747.473
221.337 750.318
212.112 752.95
203.039 755.406
193.387 757.947
184.042 760.254
174.531 762.489
164.688 764.696
155.686 766.539
146.034 768.436
136.532 770.175
127.119 771.78
117.505 773.302
107.871 774.705
98.4307 775.966
88.7158 777.138
79.1287 778.18
69.4911 779.107
59.9345 779.916
50.2518 780.61
40.5571 781.184
30.9357 781.643
21.137 781.972
11.5271 782.198
1.66448 782.278
-8.04495 782.253
-17.7364 782.112
-31.6717 781.712
-41.2239 781.226
-50.8482 780.633
-60.7303 779.937
-70.2349 779.103
-79.8009 778.159
-89.5906 777.094
-99.0173 775.921
-108.566 774.63
-117.857 773.253
-127.918 771.666
-137.312 770.038
-146.602 768.317
-156.198 766.424
-165.578 764.454
-175.144 762.32
-184.482 760.121
-193.855 757.793
-203.236 755.339
-212.506 752.799
-222.059 750.028
-231.288 747.248
-240.612 744.302
-249.592 741.38
-258.874 738.192
-268.265 734.814
-277.078 731.594
-286.265 728.046
-298.362 723.113
-307.392 719.317
-316.039 715.524
-325.174 711.435
-333.972 707.336
-342.725 703.128
-351.294 698.87
-359.925 694.458
-368.527 689.927
-377.104 685.275
-385.492 680.588
-393.988 675.705
-402.167 670.871
-410.67 665.698
-418.685 660.697
-426.887 655.431
-434.886 650.168
-442.828 644.806
-450.938 639.155
-458.758 633.59
-466.665 627.791
-474.281 622.101
-484.933 613.898
-492.481 607.832
-499.959 601.673
-507.342 595.435
-514.655 589.103
-521.882 582.689
-529.028 576.19
-536.092 569.606
-543.075 562.939
-549.974 556.189
-556.797 549.352
-563.54 542.427
-570.189 535.433
-576.752 528.358
-583.229 521.204
-589.62 513.972
-595.924 506.662
-602.14 499.275
-608.267 491.811
-614.304 484.271
-620.252 476.656
-626.109 468.965
-631.875 461.199
-637.553 453.35
-643.142 445.416
-650.91 433.991
-656.348 425.737
-661.442 417.698
-666.672 409.312
-671.659 401.034
-676.491 392.772
-681.329 384.303
-686.052 375.79
-690.624 367.288
-694.991 358.906
-699.319 350.376
-703.632 341.629
-707.832 332.836
-711.912 324.015
-715.878 315.154
-719.678 306.384
-723.382 297.553
-727.099 288.341
-730.525 279.606
-733.997 270.352
-737.231 261.491
-740.431 252.323
-743.576 242.854
-746.515 233.75
-749.327 224.733
-752.083 215.362
-754.729 205.901
-757.248 196.479
-760.694 182.85
-762.877 173.414
-764.926 164.001
-766.839 154.636
-768.77 144.834
-770.524 135.182
-772.074 125.794
-773.515 116.401
-774.941 106.564
-776.185 96.9781
-777.305 87.4186
-778.304 77.8931
-779.23 68.0437
-779.988 58.5566
-780.66 48.7807
-781.195 39.2169
-781.618 29.6345
-781.927 20.052
-782.118 10.2923
-782.199 0.765978
-782.155 -8.95092
-781.983 -18.7521
-781.67 -28.7447
-781.31 -38.0511
-780.822 -47.552
-780.174 -57.3025
-779.37 -67.2086
-778.557 -76.5877
-777.58 -86.1902
-776.493 -95.7573
-775.272 -105.372
-773.144 -119.454
-771.581 -129.208
-769.906 -138.652
-768.113 -148.167
-766.191 -157.804
-764.187 -167.066
-762.048 -176.508
-759.778 -186.023
-757.37 -195.616
-754.917 -204.79
-752.371 -213.895
-749.566 -223.555
-746.775 -232.674
-743.79 -242.045
-740.814 -250.993
-737.611 -260.257
-734.374 -269.266
-730.949 -278.432
-727.63 -287.07
-723.869 -296.39
-720.161 -305.313
-716.325 -314.23
-712.487 -322.908
-708.281 -331.993
-704.327 -340.426
-699.834 -349.496
-695.747 -357.736
-691.083 -366.607
-686.536 -375.11
-679.922 -386.858
-675.064 -395.244
-670.108 -403.559
-665.054 -411.806
-659.903 -419.987
-654.7 -428.024
-649.389 -436.019
-643.868 -444.13
-638.419 -451.914
-632.725 -459.851
-627.001 -467.625
-621.153 -475.367
-615.268 -482.967
-609.199 -490.605
-603.15 -498.039
-596.893 -505.527
-590.528 -512.952
-584.208 -520.164
-577.802 -527.301
-571.115 -534.534
-564.531 -541.517
-555.949 -550.244
-548.919 -557.267
-542.164 -563.807
-534.961 -570.653
-528.045 -577.04
-520.514 -583.855
-513.338 -590.163
-506.055 -596.416
-498.623 -602.643
-491.105 -608.786
-483.295 -615.003
-475.844 -620.794
-468.227 -626.572
-460.433 -632.331
-452.663 -637.938
-444.604 -643.579
-433.944 -650.953
-425.817 -656.278
-417.66 -661.474
-409.366 -666.628
-401.151 -671.571
-392.745 -676.511
-384.367 -681.285
-375.894 -685.983
-367.441 -690.529
-358.84 -695.03
-350.19 -699.421
-341.578 -703.658
-333.027 -707.74
-324.116 -711.865
-315.311 -715.81
-306.46 -719.648
-297.562 -723.379
-288.533 -727.031
-279.629 -730.518
-270.512 -733.949
-261.522 -737.223
-252.322 -740.431
-243.164 -743.508
-233.962 -746.474
-224.709 -749.331
-215.521 -752.062
-206.193 -754.695
-192.867 -758.14
-183.59 -760.407
-173.914 -762.691
-164.588 -764.727
-155.253 -766.651
-145.615 -768.54
-136.118 -770.267
-126.418 -771.919
-117.249 -773.343
-107.354 -774.783
-97.629 -776.068
-88.1854 -777.192
-78.4195 -778.238
-68.9143 -779.138
-59.3586 -779.93
-49.7722 -780.609
-40.0937 -781.173
-30.4963 -781.621
-20.6156 -781.94
-10.9143 -782.145
-1.24554 -782.234
8.50544 -782.196
18.0944 -782.058
27.8435 -781.781
41.1345 -781.219
50.9222 -780.638
60.3705 -779.922
70.2767 -779.104
79.9526 -778.159
89.5692 -777.095
99.0751 -775.918
108.742 -774.617
117.95 -773.241
127.755 -771.686
137.508 -770.01
146.456 -768.345
156.16 -766.431
165.732 -764.419
175.182 -762.311
184.561 -760.099
193.996 -757.75
203.417 -755.279
212.672 -752.739
222.075 -750.022
231.247 -747.265
240.466 -744.365
249.739 -741.313
258.778 -738.239
268.041 -734.926
277.106 -731.579
289.563 -726.72
298.739 -723.006
307.708 -719.221
316.517 -715.362
325.24 -711.411
333.921 -707.356
342.856 -703.075
351.356 -698.842
360.03 -694.409
368.587 -689.898
377.052 -685.302
385.349 -680.669
393.901 -675.755
401.972 -670.995
410.39 -665.879
418.666 -660.71
426.777 -655.511
434.748 -650.274
442.932 -644.722
450.836 -639.24
458.739 -633.607
466.484 -627.958
474.182 -622.199
481.926 -616.229
492.22 -607.995
499.522 -601.963
506.947 -595.711
514.371 -589.31
521.717 -582.814
528.933 -576.265
535.882 -569.784
543.063 -562.95
550.027 -556.141
556.734 -549.413
563.448 -542.521
570.102 -535.525
576.551 -528.588
583.392 -521.016
589.624 -513.967
595.929 -506.655
602.258 -499.114
608.378 -491.652
614.322 -484.244
620.293 -476.59
626.173 -468.857
631.96 -461.048
639.594 -450.432
645.017 -442.574
650.447 -434.532
655.902 -426.266
661.016 -418.24
666.123 -410.036
671.202 -401.662
676.092 -393.355
680.907 -384.947
685.634 -376.455
690.152 -368.094
694.595 -359.642
699.022 -350.964
703.369 -342.17
707.561 -333.422
711.564 -324.827
715.565 -315.928
719.389 -307.17
723.21 -298.051
726.854 -289.084
730.497 -279.698
733.789 -271.118
737.148 -261.831
741.578 -249.186
744.618 -239.915
747.51 -230.677
750.253 -221.491
752.928 -212.168
755.49 -202.807
757.938 -193.413
760.255 -184.039
762.434 -174.719
764.545 -165.216
766.518 -155.769
768.377 -146.301
770.121 -136.811
771.751 -127.293
773.264 -117.771
774.672 -108.136
775.947 -98.6406
777.118 -88.9948
778.163 -79.5492
779.1 -69.8621
779.918 -60.17
780.621 -50.6005
781.201 -40.892
781.663 -31.1969
782.02 -21.6157
782.248 -11.9265
