657.162 16.5376
656.825 24.0368
656.34 30.6864
655.721 35.424
655.211 43.0348
654.617 50.7969
653.937 58.1372
653.183 65.395
652.408 71.7046
651.429 80.2949
650.708 84.831
649.732 91.8629
648.772 98.3395
647.761 104.872
646.473 112.58
645.677 117.661
644.158 125.738
642.977 132.134
641.449 139.571
639.658 147.573
638.892 152.183
636.935 160.177
635.937 165.42
634.05 172.811
632.712 178.771
619.328 221.828
616.914 227.447
614.319 233.789
611.64 240.248
608.971 246.449
605.888 253.875
604.053 257.119
600.802 264.616
597.254 272.628
594.571 278.079
591.638 284.075
588.666 290.044
586.166 294.94
582.269 302.561
579.826 307.232
576.228 313.958
572.998 319.909
569.984 325.43
566.311 331.874
562.309 338.657
559.24 343.989
554.916 350.929
551.764 356.215
548.447 361.668
545.205 366.988
540.385 373.985
537.183 379.113
533.75 384.456
506.263 419.455
501.31 425.214
497.295 429.403
492.45 434.77
489.336 437.699
482.928 444.935
478.764 449.138
472.999 455.216
469.078 459.019
464.724 463.314
459.976 467.981
453.81 473.97
450.642 476.985
443.514 483.6
438.619 488.07
434.657 491.723
430.171 495.808
424.039 501.079
419.625 505.008
412.263 510.914
408.27 514.438
401.833 519.488
396.878 523.536
391.183 527.961
385.249 532.435
355.257 552.523
349.853 555.726
343.36 559.696
338.196 562.623
332.145 566.128
326.991 568.995
319.313 573.367
312.52 577.073
306.879 580.031
300.998 583.077
295.358 585.956
286.307 590.424
281.751 592.647
275.08 595.802
268.907 598.674
262.006 601.761
255.659 604.565
249.795 607.149
242.882 610.012
234.366 613.258
228.62 615.607
192.935 628.838
187.103 630.225
180.788 631.812
172.843 634.035
166.869 635.365
162.507 636.115
153.375 638.484
147.132 639.796
139.564 641.455
129.424 643.753
126.628 643.949
118.506 645.493
111.821 646.632
105.974 647.572
98.5942 648.73
91.172 649.817
85.5391 650.631
77.6712 651.632
71.0476 652.452
64.0972 653.238
57.9577 653.95
50.8249 654.63
43.6111 655.24
37.1055 655.814
29.157 656.245
22.8529 656.725
14.3671 656.933
7.38793 657.213
0.53422 657.453
-44.1014 656.337
-49.7924 655.529
-56.241 654.762
-64.9534 654.025
-70.6133 653.121
-76.8539 652.21
-85.145 651.193
-90.4409 650.231
-96.9505 649.183
-101.299 648.358
-112.462 646.632
-118.102 645.52
-123.023 644.546
-130.795 643.012
-136.851 641.774
-144.719 640.053
-150.898 638.689
-157.508 637.164
-164.449 635.474
-170.641 633.977
-179.544 631.434
-185.905 629.724
-193.441 627.484
-198.144 626.382
-205.776 623.943
-214.688 620.783
-218.988 619.795
-226.811 616.962
-261.113 602.753
-268.2 599.577
-272.323 597.359
-281.203 593.367
-287.682 590.16
-294.087 586.906
-299.274 584.119
-305.499 580.827
-311.885 577.383
-318.599 573.686
-324.027 570.599
-330.873 566.653
-335.428 563.998
-343.289 559.23
-347.327 556.852
-353.559 552.968
-358.559 549.919
-363.625 546.814
-370.909 541.838
-376.2 538.413
-382.849 533.725
-387.516 530.752
-420.299 505.744
-425.604 501.05
-430.818 496.343
-435.924 491.637
-440.979 486.897
-445.966 482.135
-450.88 477.36
-455.735 472.562
-460.527 467.75
-465.247 462.933
-469.849 458.161
-474.394 453.384
-478.87 448.618
-483.286 443.86
-487.689 439.059
-492.066 434.23
-496.424 429.361
-500.767 424.447
-505.07 419.519
-509.379 414.513
-513.653 409.483
-517.933 404.363
-522.187 399.199
-526.418 393.982
-530.681 388.601
-555.5 351.708
-560.176 344.348
-562.756 339.372
-567.296 331.865
-570.6 325.794
-573.374 320.375
-577.03 313.621
-580.508 306.986
-583.569 300.861
-585.677 296.265
-588.298 290.81
-591.633 283.918
-594.85 277.068
-597.878 270.427
-600.749 263.958
-603.055 258.689
-605.417 253.284
-608.78 245.024
-610.545 241.134
-613.584 233.254
-615.521 228.907
-618.074 222.261
-621.092 213.321
-623.231 207.772
-625.182 203.261
-627.59 196.01
-629.969 188.35
-632.178 181.292
-643.564 136.435
-644.735 129.643
-645.72 123.215
-646.47 117.424
-648.312 107.93
-649.566 99.959
-650.07 94.3745
-650.542 89.0022
-651.841 79.7303
-652.532 72.7972
-653.11 66.176
-653.58 60.0167
-654.387 51.033
-654.682 45.4062
-655.179 37.4137
-655.448 31.3356
-655.702 25.2204
-655.938 19.1711
-656.132 11.6366
-656.317 6.04808
-656.41 -1.01729
-656.379 -8.81772
-656.103 -18.3206
-656.33 -22.0626
-656.462 -27.3029
-656.178 -34.9266
-655.547 -43.8977
-655.729 -48.5017
-655.485 -55.0726
-655.252 -61.4634
-654.836 -68.3506
-647.211 -115.911
-645.677 -124.552
-644.165 -130.646
-642.567 -137.506
-640.785 -145.622
-639.269 -150.625
-637.52 -157.344
-635.57 -164.882
-633.371 -173.277
-631.719 -178.393
-630.202 -183.085
-627.38 -192.805
-625.616 -198.098
-623.078 -205.935
-621.559 -210.331
-619.014 -217.709
-617.023 -223.393
-614.368 -230.634
-613.454 -233.783
-609.713 -243.059
-607.321 -249.253
-604.692 -255.804
-602.907 -260.719
-598.826 -269.587
-597.725 -273.259
-592.949 -282.784
-592.416 -285.641
-587.848 -294.376
-585.12 -300.345
-564.222 -336.971
-560.45 -342.91
-556.688 -348.688
-552.913 -354.367
-549.085 -360.036
-545.649 -364.916
-542.077 -369.998
-537.543 -376.529
-534.375 -380.852
-529.913 -387.016
-526.005 -392.291
-521.78 -397.903
-518.006 -402.869
-513.51 -408.632
-509.862 -413.345
-505.236 -419.07
-500.353 -424.951
-496.528 -429.677
-492.683 -434.402
-487.136 -440.602
-483.211 -445.275
-461.997 -466.309
-455.484 -472.762
-452.024 -475.79
-445.232 -482.212
-441.624 -485.356
-433.147 -493.066
-428.512 -496.995
-423.623 -501.127
-418.065 -505.769
-412.443 -510.37
-404.952 -516.332
-401.176 -519.316
-396.536 -522.97
-391.026 -527.185
-386.275 -530.859
-379.616 -535.643
-350.343 -556.687
-344.235 -560.26
-338.393 -563.536
-332.016 -567.171
-326.737 -569.897
-320.33 -573.405
-314.622 -576.354
-308.665 -579.423
-303.186 -582.15
-296.919 -585.301
-290.623 -588.399
-284.982 -591.092
-280.203 -593.354
-272.748 -596.82
-266.59 -599.618
-260.369 -602.387
-254.132 -605.104
-247.118 -608.033
-241.533 -610.417
-234.459 -613.223
-228.778 -615.561
-221.636 -618.234
-215.124 -620.677
-208.599 -623.064
-202.005 -625.404
-196.279 -627.551
-189.714 -629.788
-147.974 -640.413
-142.485 -641.302
-133.728 -643.274
-128.179 -644.105
-122.677 -644.938
-114.828 -646.361
-108.29 -647.381
-100.131 -648.695
-96.6322 -649.045
-87.1399 -650.419
-79.2046 -651.426
-73.6804 -652.034
-65.5771 -652.898
-59.7557 -653.475
-53.5764 -654.066
-47.1674 -654.638
-40.1292 -655.174
-33.7704 -655.666
-25.0648 -656.022
-17.9282 -656.345
-11.0508 -656.621
-3.47591 -656.772
2.65152 -657.013
10.0519 -657.048
49.6974 -655.513
57.491 -654.813
62.426 -653.941
71.3693 -653.112
78.4891 -652.171
85.2316 -651.173
91.1582 -650.171
98.6322 -649.028
102.403 -648.21
111.356 -646.763
120.05 -645.231
122.079 -644.732
130.691 -643.037
138.38 -641.425
145.201 -639.931
151.66 -638.474
158.801 -636.769
166.06 -634.949
172.138 -633.442
179.723 -631.357
185.562 -629.843
192.08 -628.03
199.191 -625.9
204.633 -624.471
212.364 -621.898
218.7 -619.937
255.792 -605.34
263.757 -601.973
270.377 -598.894
276.112 -596.03
281.503 -593.257
286.958 -590.445
295.056 -586.502
299.866 -583.847
306.616 -580.291
312.8 -576.923
318.649 -573.661
323.457 -570.926
330.933 -566.627
334.731 -564.452
341.898 -560.135
348.343 -556.173
353.851 -552.772
358.71 -549.817
365.856 -545.056
371.162 -541.637
376.968 -537.751
382.005 -534.48
387.051 -531.188
393.156 -526.814
422.459 -503.077
426.058 -499.605
431.314 -494.946
437.216 -489.708
443.105 -484.362
448.569 -479.238
452.439 -475.388
459.009 -469.098
464.404 -463.716
468.275 -459.692
472.9 -454.904
477.655 -449.914
481.358 -446.047
489.194 -437.344
492.417 -433.815
496.938 -428.72
502.393 -422.3
506.724 -417.222
510.248 -413.239
514.759 -407.771
519.238 -402.231
523.662 -396.657
545.286 -366.881
548.017 -362.162
551.733 -356.234
556.401 -348.976
559.076 -344.194
562.451 -338.437
566.412 -331.715
569.605 -326.018
572.995 -319.921
576.438 -313.611
578.978 -308.815
581.719 -303.669
585.166 -297.009
588.833 -289.668
592.02 -283.164
594.455 -278.339
597.766 -271.227
600.401 -265.757
603.896 -257.6
606.719 -251.154
610.426 -241.553
611.909 -239.244
614.926 -231.278
628.517 -193.576
630.55 -186.402
632.244 -179.795
633.576 -173.932
635.185 -167.316
636.764 -160.63
638.333 -153.8
639.735 -147.305
640.899 -141.5
642.4 -134.319
643.663 -127.832
644.885 -121.332
646.066 -114.807
647.208 -108.243
648.31 -101.629
649.453 -94.1818
650.396 -88.0506
651.395 -80.6688
652.241 -75.1666
653.124 -67.7278
653.928 -60.3062
654.682 -54.0295
655.348 -46.6413
655.958 -39.565
656.599 -33.5001
657.119 -26.5754
