656.168 16.6431
655.829 24.1236
655.342 30.7484
654.722 35.4532
654.211 43.0468
653.617 50.7929
652.937 58.1137
652.184 65.3514
651.41 71.6411
650.431 80.229
649.713 84.7312
648.738 91.7478
647.782 98.1974
646.775 104.703
645.491 112.393
644.702 117.438
643.186 125.499
642.013 131.869
640.488 139.295
638.699 147.291
637.943 151.869
635.985 159.865
635.001 165.066
633.121 172.441
631.795 178.373
618.346 221.637
615.939 227.227
613.349 233.546
610.676 239.983
608.013 246.16
604.935 253.573
603.113 256.778
599.87 264.254
596.325 272.258
593.651 277.689
590.731 283.654
587.767 289.607
585.275 294.487
581.383 302.097
578.95 306.75
575.353 313.473
572.127 319.417
569.124 324.919
565.458 331.352
561.468 338.115
558.412 343.429
554.1 350.351
550.961 355.619
547.661 361.049
544.438 366.347
539.63 373.329
536.443 378.44
533.03 383.762
505.423 418.913
500.481 424.656
496.484 428.817
491.653 434.167
488.555 437.074
482.154 444.302
478.016 448.474
472.26 454.543
468.351 458.332
464.012 462.611
459.277 467.267
453.111 473.255
449.963 476.252
442.829 482.872
437.947 487.33
433.998 490.97
429.536 495.036
423.422 500.292
419.027 504.207
411.674 510.106
407.71 513.609
401.286 518.652
396.354 522.684
390.677 527.098
384.76 531.562
354.64 551.736
349.259 554.921
342.781 558.88
337.643 561.79
331.612 565.282
326.485 568.133
318.814 572.5
312.036 576.198
306.42 579.142
300.556 582.18
294.927 585.054
285.86 589.53
281.324 591.742
274.656 594.896
268.499 597.761
261.623 600.838
255.297 603.632
249.459 606.207
242.572 609.061
234.062 612.306
228.344 614.646
192.497 627.939
186.694 629.312
180.404 630.889
172.477 633.104
166.531 634.424
162.204 635.162
153.082 637.528
146.866 638.832
139.315 640.487
129.179 642.783
126.43 642.969
118.32 644.511
111.652 645.646
105.828 646.582
98.4522 647.74
91.0335 648.826
85.4174 649.639
77.558 650.638
70.9436 651.458
64.0164 652.241
57.9068 652.951
50.7962 653.63
43.6034 654.24
37.1248 654.814
29.1913 655.245
22.9162 655.727
14.4496 655.936
7.4935 656.218
0.663619 656.461
-44.1778 655.34
-49.8356 654.53
-56.257 653.762
-64.9606 653.025
-70.5874 652.121
-76.8084 651.212
-85.0783 650.195
-90.3384 649.237
-96.8223 648.191
-101.135 647.372
-112.301 645.645
-117.916 644.537
-122.816 643.568
-130.587 642.033
-136.63 640.798
-144.499 639.077
-150.665 637.717
-157.259 636.195
-164.178 634.512
-170.343 633.022
-179.241 630.481
-185.57 628.782
-193.098 626.545
-197.762 625.458
-205.381 623.024
-214.283 619.869
-218.543 618.9
-226.354 616.073
-260.801 601.803
-267.872 598.632
-271.955 596.429
-280.835 592.437
-287.295 589.238
-293.68 585.993
-298.838 583.219
-305.043 579.937
-311.41 576.503
-318.109 572.814
-323.519 569.737
-330.359 565.796
-334.891 563.155
-342.748 558.389
-346.759 556.028
-352.982 552.151
-357.964 549.115
-363.012 546.024
-370.296 541.049
-375.57 537.637
-382.214 532.953
-386.854 530.003
-419.774 504.893
-425.059 500.211
-430.26 495.513
-435.347 490.82
-440.376 486.1
-445.349 481.348
-450.244 476.589
-455.08 471.807
-459.852 467.011
-464.56 462.206
-469.15 457.446
-473.683 452.681
-478.147 447.928
-482.546 443.188
-486.931 438.407
-491.292 433.597
-495.638 428.742
-499.971 423.841
-504.25 418.948
-508.553 413.948
-512.809 408.947
-517.08 403.84
-521.322 398.698
-525.541 393.501
-529.797 388.134
-554.745 351.053
-559.408 343.707
-561.966 338.759
-566.5 331.259
-569.789 325.209
-572.545 319.814
-576.192 313.076
-579.658 306.458
-582.707 300.355
-584.799 295.785
-587.406 290.357
-590.733 283.482
-593.942 276.65
-596.964 270.02
-599.83 263.564
-602.127 258.317
-604.48 252.934
-607.844 244.672
-609.594 240.823
-612.633 232.944
-614.561 228.627
-617.111 221.995
-620.127 213.058
-622.258 207.539
-624.201 203.067
-626.607 195.826
-628.982 188.189
-631.189 181.142
-642.627 136.085
-643.79 129.315
-644.767 122.914
-645.507 117.155
-647.349 107.662
-648.6 99.6982
-649.098 94.1399
-649.563 88.7953
-650.863 79.5222
-651.549 72.6131
-652.123 66.0184
-652.589 59.8889
-653.395 50.906
-653.687 45.3046
-654.183 37.3197
-654.451 31.2629
-654.703 25.169
-654.938 19.1498
-655.132 11.6331
-655.317 6.07824
-655.412 -0.965436
-655.381 -8.74987
-655.106 -18.2422
-655.337 -21.9449
-655.474 -27.1493
-655.193 -34.7558
-654.562 -43.7207
-654.753 -48.2835
-654.515 -54.8289
-654.289 -61.1932
-653.878 -68.0642
-646.213 -115.849
-644.68 -124.487
-643.169 -130.567
-641.571 -137.419
-639.789 -145.529
-638.276 -150.504
-636.529 -157.209
-634.582 -164.73
-632.384 -173.116
-630.738 -178.197
-629.23 -182.851
-626.409 -192.565
-624.652 -197.833
-622.117 -205.659
-620.61 -210.015
-618.07 -217.378
-616.089 -223.034
-613.441 -230.259
-612.548 -233.36
-608.806 -242.638
-606.425 -248.809
-603.806 -255.34
-602.038 -260.223
-597.962 -269.083
-596.882 -272.722
-592.107 -282.245
-591.596 -285.068
-587.037 -293.79
-584.321 -299.745
-563.302 -336.578
-559.537 -342.503
-555.78 -348.268
-552.017 -353.925
-548.199 -359.572
-544.777 -364.425
-541.221 -369.482
-536.694 -376
-533.545 -380.294
-529.094 -386.443
-525.2 -391.697
-520.989 -397.292
-517.232 -402.236
-512.749 -407.984
-509.12 -412.674
-504.508 -418.385
-499.636 -424.254
-495.832 -428.959
-492.008 -433.663
-486.471 -439.856
-482.568 -444.509
-461.268 -465.624
-454.754 -472.079
-451.318 -475.082
-444.531 -481.499
-440.941 -484.625
-432.463 -492.337
-427.845 -496.25
-422.972 -500.368
-417.425 -505.001
-411.812 -509.594
-404.317 -515.559
-400.566 -518.523
-395.952 -522.159
-390.461 -526.359
-385.736 -530.017
-379.088 -534.794
-349.688 -555.931
-343.597 -559.49
-337.774 -562.751
-331.413 -566.374
-326.158 -569.082
-319.767 -572.579
-314.081 -575.514
-308.144 -578.57
-302.69 -581.282
-296.436 -584.426
-290.151 -587.517
-284.53 -590.2
-279.776 -592.45
-272.327 -595.913
-266.192 -598.701
-260.001 -601.457
-253.78 -604.168
-246.785 -607.09
-241.229 -609.465
-234.182 -612.262
-228.522 -614.594
-221.399 -617.263
-214.911 -619.7
-208.403 -622.083
-201.824 -624.421
-196.122 -626.563
-189.573 -628.798
-147.623 -639.476
-142.167 -640.354
-133.416 -642.324
-127.898 -643.145
-122.421 -643.971
-114.579 -645.393
-108.057 -646.408
-99.9035 -647.721
-96.4373 -648.064
-86.964 -649.435
-79.0433 -650.439
-73.553 -651.042
-65.4639 -651.904
-59.6745 -652.478
-53.5245 -653.067
-47.1433 -653.638
-40.1277 -654.174
-33.7973 -654.667
-25.1012 -655.023
-17.9866 -655.346
-11.1333 -655.624
-3.57672 -655.777
2.51303 -656.023
9.90107 -656.06
49.7442 -654.514
57.5311 -653.814
62.4354 -652.941
71.3801 -652.112
78.4865 -651.171
85.2126 -650.173
91.116 -649.172
98.5712 -648.03
102.302 -647.215
111.241 -645.77
119.925 -644.239
121.894 -643.749
130.497 -642.056
138.17 -640.448
144.968 -638.959
151.401 -637.508
158.522 -635.809
165.763 -633.994
171.814 -632.496
179.383 -630.417
185.194 -628.913
191.688 -627.109
198.782 -624.987
204.2 -623.569
211.926 -620.999
218.246 -619.046
255.507 -604.381
263.463 -601.017
270.071 -597.942
275.786 -595.085
281.155 -592.32
286.589 -589.516
294.686 -585.573
299.464 -582.932
306.197 -579.384
312.359 -576.025
318.184 -572.775
322.962 -570.058
330.434 -565.761
334.202 -563.603
341.365 -559.289
347.801 -555.332
353.287 -551.946
358.119 -549.01
365.257 -544.254
370.541 -540.852
376.33 -536.981
381.344 -533.73
386.368 -530.457
392.46 -526.096
421.89 -502.255
425.464 -498.8
430.703 -494.155
436.587 -488.931
442.47 -483.589
447.925 -478.472
451.781 -474.635
458.344 -468.351
463.731 -462.976
467.576 -458.976
472.183 -454.207
476.92 -449.236
480.599 -445.396
488.442 -436.685
491.639 -433.187
496.155 -428.099
501.606 -421.683
505.922 -416.625
509.434 -412.658
513.932 -407.208
518.395 -401.694
522.813 -396.13
544.523 -366.234
547.242 -361.53
550.939 -355.626
555.602 -348.374
558.257 -343.621
561.618 -337.884
565.57 -331.175
568.749 -325.501
572.127 -319.424
575.56 -313.132
578.087 -308.361
580.818 -303.236
584.26 -296.585
587.925 -289.25
591.106 -282.759
593.53 -277.96
596.834 -270.864
599.46 -265.417
602.955 -257.261
605.77 -250.838
609.48 -241.228
610.951 -238.958
613.965 -231.002
627.618 -193.138
629.639 -185.99
631.324 -179.404
632.645 -173.569
634.248 -166.968
635.816 -160.311
637.381 -153.494
638.775 -147.023
639.931 -141.248
641.427 -134.087
642.685 -127.625
643.901 -121.15
645.079 -114.649
646.218 -108.103
647.317 -101.506
648.459 -94.0701
649.401 -87.9602
650.397 -80.5996
651.242 -75.132
652.124 -67.7139
652.928 -60.3052
653.682 -54.0501
654.349 -46.6746
654.959 -39.6134
655.602 -33.5714
656.124 -26.6705
