655.173 16.7484
654.832 24.2103
654.344 30.8102
653.722 35.4832
653.211 43.0509
652.617 50.7888
651.938 58.0822
651.185 65.3077
650.412 71.5775
649.433 80.1629
648.718 84.6315
647.745 91.6328
646.792 98.0553
645.79 104.534
644.508 112.207
643.727 117.214
642.217 125.253
641.048 131.603
639.527 139.018
637.74 147.009
636.993 151.555
635.037 159.545
634.063 164.72
632.192 172.071
630.877 177.975
617.365 221.447
614.963 227.007
612.379 233.303
609.712 239.718
607.056 245.871
603.98 253.278
602.173 256.437
598.935 263.9
595.393 271.896
592.73 277.299
589.824 283.233
586.864 289.177
584.383 294.034
580.493 301.641
578.074 306.268
574.478 312.989
571.257 318.924
568.264 324.409
564.609 330.824
560.624 337.58
557.588 342.862
553.285 349.772
550.158 355.023
546.88 360.424
543.676 365.699
538.876 372.673
535.703 377.767
532.309 383.068
504.583 418.37
499.651 424.097
495.674 428.232
490.85 433.571
487.78 436.443
481.38 443.669
477.263 447.817
471.515 453.876
467.625 457.645
463.306 461.903
458.577 466.552
452.413 472.539
449.283 475.518
442.137 482.149
437.268 486.596
433.34 490.217
428.901 494.263
422.798 499.51
418.428 503.406
411.085 509.298
407.145 512.785
400.738 517.815
395.83 521.832
390.171 526.235
384.272 530.69
354.023 550.949
348.665 554.117
342.209 558.06
337.097 560.952
331.079 564.436
325.979 567.27
318.315 571.633
311.56 575.318
305.961 578.254
300.113 581.283
294.495 584.152
285.414 588.635
280.896 590.838
274.24 593.987
268.098 596.845
261.239 599.914
254.935 602.7
249.123 605.265
242.255 608.113
233.757 611.353
228.061 613.687
192.067 627.037
186.291 628.397
180.026 629.963
172.112 632.174
166.194 633.482
161.9 634.209
152.79 636.571
146.6 637.868
139.065 639.518
128.933 641.814
126.231 641.989
118.135 643.528
111.483 644.661
105.683 645.593
98.3102 646.75
90.8949 647.836
85.2956 648.646
77.4447 649.645
70.8396 650.463
63.944 651.244
57.8558 651.952
50.7674 652.631
43.5956 653.24
37.1441 653.814
29.2255 654.246
22.9794 654.729
14.5321 654.94
7.59894 655.224
0.792873 655.47
-44.2541 654.343
-49.8787 653.531
-56.2815 652.762
-64.96 652.025
-70.5701 651.121
-76.7627 650.213
-85.0037 649.198
-90.2443 648.241
-96.7024 647.199
-100.972 646.385
-112.139 644.658
-117.73 643.555
-122.608 642.59
-130.379 641.055
-136.409 639.823
-144.279 638.102
-150.433 636.744
-157.01 635.227
-163.907 633.549
-170.045 632.067
-178.938 629.528
-185.242 627.837
-192.754 625.605
-197.38 624.534
-204.986 622.105
-213.869 618.958
-218.104 618.001
-225.89 615.187
-260.489 600.852
-267.544 597.688
-271.588 595.499
-280.467 591.508
-286.907 588.316
-293.273 585.08
-298.402 582.319
-304.587 579.047
-310.936 575.623
-317.618 571.943
-323.011 568.876
-329.837 564.942
-334.354 562.312
-342.206 557.548
-346.191 555.205
-352.406 551.334
-357.375 548.306
-362.405 545.229
-369.682 540.259
-374.94 536.86
-381.572 532.186
-386.197 529.249
-419.257 504.037
-424.522 499.367
-429.703 494.682
-434.77 490.004
-439.778 485.298
-444.732 480.561
-449.607 475.817
-454.424 471.052
-459.178 466.273
-463.874 461.479
-468.45 456.731
-472.966 451.984
-477.424 447.237
-481.81 442.511
-486.179 437.748
-490.522 432.958
-494.853 428.123
-499.171 423.242
-503.434 418.369
-507.728 413.384
-511.965 408.411
-516.228 403.318
-520.457 398.196
-524.668 393.014
-528.913 387.667
-553.989 350.398
-558.64 343.067
-561.182 338.139
-565.704 330.654
-568.979 324.623
-571.717 319.254
-575.353 312.532
-578.805 305.937
-581.84 299.856
-583.922 295.305
-586.515 289.905
-589.833 283.047
-593.03 276.239
-596.051 269.614
-598.907 263.178
-601.196 257.953
-603.543 252.583
-606.905 244.328
-608.644 240.512
-611.682 232.635
-613.6 228.348
-616.149 221.72
-619.163 212.796
-621.285 207.307
-623.221 202.866
-625.624 195.642
-627.995 188.028
-630.2 180.992
-641.69 135.735
-642.845 128.988
-643.813 122.612
-644.544 116.885
-646.386 107.394
-647.635 99.4376
-648.126 93.9053
-648.585 88.5884
-649.885 79.3143
-650.567 72.4209
-651.135 65.8608
-651.598 59.753
-652.403 50.7792
-652.692 45.203
-653.187 37.2336
-653.453 31.1904
-653.705 25.1176
-653.938 19.1285
-654.132 11.6296
-654.318 6.10833
-654.414 -0.905151
-654.384 -8.68209
-654.109 -18.164
-654.344 -21.8274
-654.486 -26.9958
-654.208 -34.5852
-653.58 -43.5352
-653.777 -48.0655
-653.543 -54.5925
-653.327 -60.9233
-652.92 -67.7781
-645.215 -115.795
-643.682 -124.422
-642.172 -130.487
-640.575 -137.332
-638.793 -145.437
-637.284 -150.383
-635.538 -157.073
-633.593 -164.577
-631.398 -172.947
-629.757 -178.001
-628.258 -182.616
-625.439 -192.325
-623.687 -197.568
-621.156 -205.383
-619.661 -209.699
-617.127 -217.047
-615.156 -222.675
-612.514 -229.883
-611.638 -232.945
-607.899 -242.217
-605.529 -248.365
-602.92 -254.877
-601.17 -259.727
-597.094 -268.587
-596.039 -272.184
-591.265 -281.706
-590.781 -284.489
-586.227 -293.204
-583.521 -299.144
-562.383 -336.185
-558.623 -342.097
-554.873 -347.847
-551.12 -353.483
-547.314 -359.108
-543.906 -363.934
-540.368 -368.959
-535.845 -375.471
-532.716 -379.735
-528.279 -385.864
-524.391 -391.11
-520.193 -396.688
-516.458 -401.603
-511.988 -407.336
-508.379 -412.004
-503.774 -417.706
-498.919 -423.557
-495.13 -428.246
-491.328 -432.93
-485.806 -439.109
-481.919 -443.748
-460.54 -464.94
-454.024 -471.395
-450.612 -474.374
-443.829 -480.787
-440.257 -483.895
-431.779 -491.607
-427.178 -495.505
-422.321 -499.609
-416.785 -504.233
-411.182 -508.818
-403.683 -514.786
-399.957 -517.73
-395.368 -521.347
-389.896 -525.534
-385.197 -529.175
-378.56 -533.944
-349.034 -555.175
-342.959 -558.72
-337.155 -561.966
-330.809 -565.576
-325.579 -568.266
-319.203 -571.752
-313.532 -574.678
-307.623 -577.716
-302.194 -580.413
-295.952 -583.551
-289.68 -586.635
-284.077 -589.309
-279.341 -591.55
-271.913 -595.003
-265.793 -597.784
-259.634 -600.527
-253.437 -603.228
-246.46 -606.145
-240.918 -608.514
-233.905 -611.301
-228.266 -613.627
-221.162 -616.291
-214.698 -618.723
-208.206 -621.103
-201.644 -623.437
-195.972 -625.574
-189.431 -627.808
-147.274 -638.539
-141.85 -639.406
-133.111 -641.372
-127.618 -642.185
-122.165 -643.004
-114.321 -644.427
-107.825 -645.436
-99.6762 -646.747
-96.2503 -647.082
-86.7882 -648.451
-78.8822 -649.452
-73.4257 -650.05
-65.3507 -650.911
-59.5932 -651.482
-53.4724 -652.068
-47.1191 -652.639
-40.1261 -653.174
-33.8241 -653.667
-25.1462 -654.024
-18.0449 -654.348
-11.2157 -654.628
-3.67743 -654.782
2.38195 -655.031
9.75035 -655.071
49.791 -653.515
57.571 -652.815
62.4447 -651.942
71.3907 -651.112
78.4838 -650.171
85.1934 -649.174
91.0736 -648.173
98.51 -647.032
102.203 -646.22
111.126 -644.777
119.8 -643.247
121.718 -642.765
130.303 -641.075
137.959 -639.47
144.734 -637.986
151.142 -636.542
158.243 -634.848
165.466 -633.039
171.489 -631.55
179.035 -629.479
184.826 -627.983
191.298 -626.189
198.373 -624.075
203.768 -622.668
211.48 -620.104
217.792 -618.155
255.221 -603.423
263.169 -600.062
269.764 -596.99
275.46 -594.139
280.807 -591.382
286.22 -588.586
294.317 -584.644
299.061 -582.016
305.776 -578.476
311.91 -575.132
317.718 -571.89
322.466 -569.189
329.936 -564.894
333.673 -562.755
340.832 -558.442
347.26 -554.491
352.724 -551.12
357.529 -548.203
364.659 -543.453
369.921 -540.068
375.693 -536.211
380.683 -532.979
385.685 -529.726
391.765 -525.378
421.322 -501.432
424.871 -497.995
430.092 -493.363
435.964 -488.149
441.841 -482.812
447.281 -477.707
451.123 -473.882
457.68 -467.603
463.058 -462.237
466.878 -458.26
471.466 -453.51
476.186 -448.557
479.845 -444.738
487.685 -436.032
490.861 -432.559
495.366 -427.484
500.815 -421.072
505.12 -416.028
508.62 -412.077
513.101 -406.652
517.552 -401.156
521.962 -395.604
543.765 -365.581
546.462 -360.904
550.146 -355.017
554.803 -347.773
557.438 -343.047
560.784 -337.331
564.728 -330.636
567.893 -324.984
571.259 -318.927
574.682 -312.653
577.197 -307.906
579.92 -302.795
583.354 -296.161
587.016 -288.833
590.192 -282.354
592.605 -277.58
595.902 -270.502
598.52 -265.077
602.011 -256.931
604.821 -250.523
608.535 -240.902
609.99 -238.679
613.001 -230.734
626.716 -192.707
628.728 -185.576
630.404 -179.012
631.713 -173.206
633.308 -166.627
634.868 -159.992
636.429 -153.189
637.813 -146.75
638.963 -140.996
640.454 -133.855
641.706 -127.417
642.918 -120.967
644.091 -114.492
645.229 -107.955
646.325 -101.383
647.466 -93.9584
648.405 -87.8698
649.4 -80.5304
650.243 -75.0895
651.125 -67.6998
651.928 -60.3042
652.682 -54.0705
653.349 -46.7077
653.961 -39.6616
654.604 -33.6425
655.128 -26.7653
