654.179 16.8537
653.836 24.2969
653.345 30.8719
652.723 35.513
652.211 43.0636
651.617 50.7768
650.938 58.0506
650.186 65.2639
649.414 71.5138
648.435 80.0968
647.723 84.5317
646.751 91.5177
645.801 97.9212
644.804 104.365
643.526 112.02
642.753 116.991
641.248 125.007
640.084 131.338
638.565 138.742
636.783 146.719
636.044 151.24
634.09 159.226
633.125 164.374
631.263 171.701
629.957 177.584
616.383 221.257
613.989 226.779
611.411 233.052
608.748 239.453
606.101 245.575
603.026 252.975
601.233 256.096
598 263.546
594.461 271.534
591.809 276.909
588.914 282.819
585.961 288.748
583.492 293.581
579.604 301.184
577.197 305.786
573.603 312.504
570.387 318.432
567.409 323.891
563.76 330.296
559.783 337.037
556.765 342.295
552.469 349.194
549.36 354.42
546.1 359.799
542.914 365.052
538.121 372.017
534.969 377.088
531.595 382.368
503.743 417.827
498.822 423.539
494.858 427.653
490.047 432.975
487.005 435.811
480.606 443.036
476.509 447.16
470.769 453.209
466.904 456.953
462.6 461.195
457.883 465.832
451.714 471.824
448.604 474.784
441.446 481.426
436.589 485.861
432.681 489.465
428.266 493.491
422.174 498.728
417.829 502.605
410.489 508.495
406.579 511.96
400.183 516.983
395.299 520.985
389.659 525.377
383.783 529.817
353.412 550.157
348.071 553.312
341.637 557.24
336.55 560.114
330.546 563.59
325.473 566.408
317.816 570.766
311.084 574.439
305.502 577.365
299.671 580.386
294.063 583.25
284.967 587.74
280.469 589.934
273.824 593.078
267.697 595.929
260.855 598.991
254.574 601.768
248.788 604.323
241.938 607.165
233.445 610.403
227.777 612.728
191.636 626.134
185.889 627.481
179.649 629.037
171.746 631.243
165.857 632.541
161.596 633.256
152.497 635.615
146.334 636.904
138.808 638.552
128.688 640.844
126.033 641.009
117.95 642.545
111.313 643.675
105.537 644.604
98.1682 645.76
90.7563 646.846
85.1738 647.654
77.3314 648.651
70.7439 649.468
63.8634 650.247
57.7968 650.954
50.7306 651.631
43.5963 652.24
37.1555 652.814
29.2605 653.247
23.0425 653.731
14.6144 653.943
7.70425 654.229
0.921982 654.478
-44.3229 653.345
-49.9303 652.533
-56.2982 651.762
-64.968 651.025
-70.5526 650.121
-76.717 649.214
-84.9374 648.2
-90.1501 647.246
-96.5825 646.206
-100.808 645.399
-111.986 643.67
-117.552 642.571
-122.401 641.612
-130.171 640.077
-136.188 638.848
-144.058 637.127
-150.201 635.771
-156.762 634.258
-163.637 632.586
-169.74 631.115
-178.627 628.578
-184.914 626.892
-192.403 624.669
-196.991 623.613
-204.591 621.187
-213.463 618.045
-217.666 617.102
-225.433 614.297
-260.176 599.903
-267.216 596.743
-271.22 594.569
-280.091 590.581
-286.52 587.394
-292.865 584.166
-297.966 581.419
-304.123 578.161
-310.454 574.747
-317.128 571.071
-322.496 568.019
-329.316 564.089
-333.809 561.473
-341.665 556.707
-345.63 554.377
-351.829 550.517
-356.786 547.498
-361.798 544.434
-369.069 539.469
-374.31 536.083
-380.93 531.419
-385.54 528.495
-418.74 503.181
-423.985 498.524
-429.146 493.852
-434.186 489.191
-439.181 484.496
-444.115 479.774
-448.971 475.046
-453.763 470.302
-458.504 465.535
-463.181 460.758
-467.751 456.016
-472.249 451.287
-476.7 446.547
-481.075 441.833
-485.427 437.089
-489.753 432.319
-494.068 427.504
-498.37 422.643
-502.618 417.791
-506.898 412.826
-511.121 407.874
-515.371 402.802
-519.587 397.702
-523.794 392.527
-528.029 387.199
-553.233 349.743
-557.877 342.42
-560.397 337.519
-564.904 330.054
-568.164 324.044
-570.889 318.693
-574.51 311.994
-577.956 305.409
-580.974 299.357
-583.041 294.832
-585.623 289.453
-588.929 282.619
-592.118 275.828
-595.134 269.215
-597.985 262.792
-600.265 257.589
-602.607 252.233
-605.966 243.984
-607.696 240.193
-610.731 232.326
-612.642 228.061
-615.187 221.446
-618.198 212.533
-620.313 207.075
-622.242 202.665
-624.64 195.466
-627.008 187.867
-629.212 180.842
-640.753 135.385
-641.899 128.662
-642.86 122.311
-643.583 116.607
-645.424 107.118
-646.669 99.1771
-647.156 93.6626
-647.609 88.3734
-648.907 79.1064
-649.586 72.2289
-650.148 65.7033
-650.607 59.6172
-651.41 50.6602
-651.697 45.1015
-652.191 37.1476
-652.455 31.1259
-652.706 25.0745
-652.938 19.1071
-653.132 11.6344
-653.318 6.13836
-653.415 -0.852913
-653.387 -8.60587
-653.112 -18.0857
-653.352 -21.7014
-653.497 -26.8499
-653.221 -34.4221
-652.597 -43.3499
-652.8 -47.8549
-652.572 -54.3561
-652.362 -60.6603
-651.961 -67.4922
-644.216 -115.742
-642.684 -124.356
-641.175 -130.408
-639.578 -137.245
-637.798 -145.337
-636.291 -150.262
-634.548 -156.937
-632.606 -164.418
-630.413 -172.778
-628.778 -177.797
-627.284 -182.39
-624.468 -192.086
-622.723 -197.304
-620.197 -205.099
-618.71 -209.391
-616.183 -216.716
-614.22 -222.323
-611.59 -229.501
-610.728 -232.53
-606.996 -241.788
-604.637 -247.913
-602.034 -254.413
-600.301 -259.231
-596.226 -268.09
-595.196 -271.647
-590.418 -281.173
-589.965 -283.91
-585.412 -292.624
-582.717 -298.55
-561.466 -335.785
-557.71 -341.69
-553.966 -347.427
-550.223 -353.04
-546.432 -358.637
-543.035 -363.443
-539.511 -368.443
-534.996 -374.942
-531.881 -379.184
-527.459 -385.291
-523.586 -390.516
-519.396 -396.083
-515.679 -400.977
-511.226 -406.688
-507.632 -411.339
-503.039 -417.027
-498.196 -422.866
-494.429 -427.534
-490.648 -432.197
-485.14 -438.363
-481.271 -442.987
-459.811 -464.255
-453.294 -470.712
-449.905 -473.666
-443.122 -480.08
-439.574 -483.165
-431.095 -490.878
-426.511 -494.76
-421.669 -498.85
-416.144 -503.465
-410.552 -508.041
-403.048 -514.013
-399.347 -516.938
-394.784 -520.535
-389.332 -524.709
-384.658 -528.333
-378.032 -533.095
-348.379 -554.419
-342.327 -557.945
-336.536 -561.18
-330.205 -564.779
-324.993 -567.456
-318.64 -570.926
-312.99 -573.837
-307.095 -576.867
-301.691 -579.549
-295.468 -582.676
-289.202 -585.757
-283.624 -588.417
-278.906 -590.649
-271.491 -594.096
-265.395 -596.867
-259.259 -599.6
-253.093 -602.289
-246.134 -605.199
-240.614 -607.561
-233.628 -610.34
-228.01 -612.66
-220.925 -615.32
-214.494 -617.744
-208.018 -620.121
-201.472 -622.452
-195.823 -624.586
-189.29 -626.818
-146.931 -637.6
-141.523 -638.461
-132.807 -640.42
-127.337 -641.225
-121.901 -642.04
-114.064 -643.46
-107.585 -644.465
-99.449 -645.774
-96.0633 -646.1
-86.6124 -647.466
-78.7128 -648.467
-73.2984 -649.058
-65.2456 -649.916
-59.5119 -650.485
-53.4123 -651.07
-47.0948 -651.639
-40.1166 -652.174
-33.843 -652.667
-25.191 -653.025
-18.1116 -653.35
-11.2981 -653.631
-3.77802 -653.787
2.24239 -654.041
9.59978 -654.083
49.8376 -652.516
57.6108 -651.816
62.4627 -650.942
71.4011 -650.113
78.4809 -649.171
85.1742 -648.174
91.0398 -647.174
98.4487 -646.034
102.103 -645.225
111.019 -643.782
119.667 -642.256
121.541 -641.781
130.116 -640.092
137.748 -638.493
144.493 -637.016
150.883 -635.576
157.957 -633.89
165.161 -632.087
171.157 -630.607
178.687 -628.542
184.45 -627.057
190.907 -625.269
197.956 -623.166
203.335 -621.766
211.035 -619.209
217.33 -617.268
254.936 -602.465
262.874 -599.106
269.458 -596.038
275.133 -593.194
280.459 -590.445
285.852 -587.656
293.947 -583.715
298.659 -581.101
305.356 -577.569
311.462 -574.238
317.246 -571.009
321.971 -568.321
329.437 -564.027
333.144 -561.906
340.3 -557.596
346.719 -553.651
352.16 -550.294
356.945 -547.391
364.054 -542.657
369.3 -539.284
375.055 -535.44
380.023 -532.228
385.008 -528.99
391.069 -524.66
420.754 -500.609
424.277 -497.19
429.474 -492.576
435.341 -487.367
441.212 -482.034
446.644 -476.937
450.465 -473.129
457.015 -466.856
462.379 -461.502
466.185 -457.539
470.754 -452.807
475.456 -447.873
479.091 -444.081
486.928 -435.379
490.083 -431.931
494.577 -426.869
500.023 -420.461
504.317 -415.431
507.801 -411.503
512.274 -406.09
516.709 -400.618
521.112 -395.078
543.008 -364.929
545.682 -360.278
549.352 -354.409
554.004 -347.171
556.619 -342.474
559.956 -336.771
563.886 -330.096
567.037 -324.467
570.392 -318.43
573.804 -312.175
576.306 -307.451
579.022 -302.354
582.452 -295.731
586.108 -288.415
589.277 -281.949
591.683 -277.193
594.97 -270.139
597.577 -264.745
601.068 -256.6
603.872 -250.207
607.589 -240.576
609.03 -238.401
612.038 -230.466
625.813 -192.276
627.818 -185.163
629.484 -178.621
630.781 -172.843
632.371 -166.278
633.921 -159.673
635.474 -152.891
636.852 -146.476
637.995 -140.744
639.48 -133.63
640.728 -127.21
641.936 -120.777
643.105 -114.327
644.24 -107.807
645.333 -101.251
646.472 -93.8467
647.409 -87.7714
648.402 -80.461
649.244 -75.047
650.125 -67.678
650.928 -60.303
651.682 -54.0908
652.35 -46.7407
652.962 -39.7097
653.607 -33.7136
654.133 -26.8601
