653.185 16.9675
652.84 24.3832
652.347 30.9335
651.723 35.5428
651.211 43.0761
650.617 50.7647
649.938 58.0275
649.187 65.22
648.416 71.4501
647.438 80.0306
646.728 84.4401
645.758 91.4026
644.81 97.7872
643.817 104.204
642.543 111.834
641.776 116.775
640.279 124.761
639.12 131.073
637.607 138.458
635.826 146.428
635.095 150.926
633.145 158.898
632.187 164.028
630.331 171.338
629.037 177.193
615.401 221.068
613.014 226.56
610.441 232.81
607.783 239.188
605.146 245.278
602.073 252.673
600.29 255.763
597.065 263.191
593.532 271.164
590.888 276.519
588.004 282.405
585.058 288.318
582.6 293.128
578.714 300.727
576.321 305.305
572.729 312.02
569.521 317.932
566.553 323.373
562.911 329.768
558.943 336.495
555.941 341.728
551.653 348.616
548.562 353.818
545.319 359.174
542.152 364.404
537.366 371.361
534.235 376.409
530.881 381.669
502.898 417.292
497.992 422.981
494.042 427.074
489.244 432.378
486.229 435.18
479.832 442.403
475.75 446.509
470.024 452.542
466.182 456.26
461.894 460.487
457.19 465.112
451.016 471.108
447.924 474.051
440.755 480.704
435.911 485.127
432.023 488.712
427.63 492.719
421.557 497.942
417.23 501.804
409.893 507.692
406.013 511.136
399.629 516.151
394.768 520.138
389.146 524.518
383.288 528.948
352.802 549.365
347.483 552.503
341.065 556.42
336.004 559.277
330.019 562.74
324.974 565.541
317.325 569.895
310.607 573.56
305.043 576.477
299.228 579.49
293.631 582.349
284.52 586.846
280.042 589.03
273.408 592.168
267.296 595.013
260.471 598.067
254.212 600.835
248.452 603.381
241.62 606.216
233.133 609.453
227.494 611.769
191.206 625.231
185.488 626.565
179.272 628.111
171.381 630.312
165.52 631.599
161.293 632.303
152.205 634.659
146.06 635.942
138.551 637.586
128.443 639.875
125.826 640.031
117.764 641.563
111.144 642.69
105.391 643.614
98.0262 644.771
90.6178 645.855
85.052 646.661
77.2181 647.658
70.6481 648.472
63.7827 649.251
57.7462 649.955
50.7023 650.632
43.5889 651.24
37.1753 651.814
29.2954 652.247
23.1141 652.734
14.6966 652.946
7.80196 653.234
1.05095 653.487
-44.4003 652.348
-49.9743 651.534
-56.3149 650.762
-64.9759 650.025
-70.535 649.122
-76.6633 648.215
-84.8711 647.202
-90.0479 646.251
-96.4625 645.213
-100.645 644.412
-111.833 642.682
-117.374 641.587
-122.193 640.634
-129.963 639.099
-135.967 637.873
-143.838 636.151
-149.96 634.801
-156.505 633.291
-163.358 631.626
-169.442 630.161
-178.316 627.627
-184.587 625.947
-192.052 623.733
-196.601 622.691
-204.188 620.271
-213.057 617.131
-217.22 616.207
-224.976 613.408
-259.864 598.953
-266.888 595.798
-270.86 593.636
-279.716 589.654
-286.125 586.475
-292.458 583.253
-297.523 580.523
-303.66 577.275
-309.972 573.871
-316.631 570.204
-321.98 567.162
-328.794 563.236
-333.265 560.634
-341.124 555.866
-345.069 553.55
-351.259 549.695
-356.198 546.689
-361.192 543.639
-368.462 538.674
-373.687 535.301
-380.295 530.647
-384.884 527.741
-418.222 502.326
-423.447 497.681
-428.582 493.026
-433.603 488.379
-438.584 483.694
-443.492 478.992
-448.334 474.275
-453.101 469.553
-457.823 464.802
-462.488 460.037
-467.046 455.307
-471.532 450.59
-475.971 445.862
-480.334 441.161
-484.674 436.431
-488.979 431.686
-493.283 426.884
-497.569 422.044
-501.802 417.212
-506.068 412.268
-510.277 407.337
-514.514 402.287
-518.718 397.208
-522.921 392.04
-527.145 386.731
-552.477 349.089
-557.115 341.773
-559.613 336.899
-564.108 329.448
-567.353 323.457
-570.061 318.132
-573.672 311.449
-577.106 304.881
-580.112 298.85
-582.16 294.359
-584.727 289.007
-588.026 282.19
-591.207 275.417
-594.217 268.816
-597.063 262.406
-599.333 257.224
-601.667 251.89
-605.028 243.64
-606.748 239.874
-609.782 232.008
-611.685 227.774
-614.226 221.172
-617.233 212.27
-619.342 206.835
-621.262 202.464
-623.657 195.282
-626.021 187.706
-628.222 180.7
-639.817 135.034
-640.955 128.334
-641.906 122.009
-642.623 116.33
-644.463 106.842
-645.704 98.9168
-646.186 93.42
-646.632 88.1584
-647.93 78.8905
-648.604 72.0369
-649.161 65.5377
-649.616 59.4814
-650.417 50.5412
-650.701 45.0079
-651.195 37.0617
-651.458 31.0614
-651.707 25.0313
-651.938 19.094
-652.132 11.6392
-652.319 6.17678
-652.416 -0.800744
-652.389 -8.53764
-652.115 -18.0075
-652.359 -21.5832
-652.507 -26.7042
-652.234 -34.2591
-651.613 -43.1722
-651.822 -47.6444
-651.6 -54.12
-651.397 -60.3976
-651.003 -67.2065
-643.218 -115.688
-641.686 -124.291
-640.178 -130.328
-638.582 -137.158
-636.803 -145.237
-635.298 -150.141
-633.557 -156.802
-631.619 -164.258
-629.427 -172.609
-627.798 -177.602
-626.31 -182.163
-623.497 -191.846
-621.758 -197.039
-619.238 -204.815
-617.761 -209.075
-615.239 -216.385
-613.287 -221.964
-610.663 -229.125
-609.819 -232.115
-606.089 -241.366
-603.742 -247.469
-601.148 -253.95
-599.429 -258.743
-595.362 -267.586
-594.352 -271.11
-589.577 -280.633
-589.15 -283.331
-584.597 -292.045
-581.913 -297.955
-560.55 -335.385
-556.799 -341.276
-553.062 -346.999
-549.33 -352.591
-545.55 -358.165
-542.164 -362.951
-538.655 -367.927
-534.148 -374.413
-531.047 -378.632
-526.639 -384.718
-522.782 -389.922
-518.605 -395.472
-514.899 -400.35
-510.465 -406.039
-506.885 -410.674
-502.305 -416.348
-497.479 -422.168
-493.727 -426.821
-489.968 -431.464
-484.469 -437.621
-480.622 -442.226
-459.082 -463.57
-452.564 -470.029
-449.199 -472.958
-442.415 -479.373
-438.891 -482.435
-430.405 -490.154
-425.844 -494.015
-421.018 -498.092
-415.504 -502.697
-409.921 -507.265
-402.42 -513.235
-398.737 -516.145
-394.193 -519.729
-388.76 -523.888
-384.111 -527.495
-377.512 -532.241
-347.73 -553.659
-341.694 -557.171
-335.923 -560.39
-329.608 -563.977
-324.413 -566.641
-318.076 -570.1
-312.449 -572.997
-306.573 -576.013
-301.188 -578.685
-294.977 -581.805
-288.723 -584.879
-283.164 -587.529
-278.471 -589.749
-271.069 -593.19
-264.996 -595.95
-258.884 -598.673
-252.749 -601.35
-245.809 -604.253
-240.311 -606.608
-233.351 -609.38
-227.762 -611.692
-220.696 -614.347
-214.289 -616.766
-207.83 -619.139
-201.3 -621.467
-195.674 -623.597
-189.148 -625.828
-146.588 -636.66
-141.205 -637.513
-132.502 -639.467
-127.057 -640.265
-121.637 -641.075
-113.806 -642.494
-107.344 -643.494
-99.2219 -644.8
-95.8763 -645.117
-86.4362 -646.482
-78.5513 -647.48
-73.171 -648.066
-65.1323 -648.923
-59.4225 -649.489
-53.3522 -650.072
-47.0705 -650.639
-40.1071 -651.174
-33.8618 -651.667
-25.2357 -652.026
-18.1783 -652.353
-11.3813 -652.635
-3.88709 -652.793
2.11027 -653.05
9.44074 -653.095
49.8841 -651.517
57.6505 -650.817
62.4806 -649.942
71.4203 -649.113
78.4867 -648.171
85.1635 -647.174
91.0058 -646.174
98.3874 -645.035
102.003 -644.23
110.912 -642.788
119.534 -641.264
121.364 -640.797
129.93 -639.11
137.538 -637.515
144.251 -636.045
150.624 -634.61
157.67 -632.932
164.856 -631.135
170.832 -629.661
178.339 -627.604
184.074 -626.13
190.508 -624.351
197.539 -622.257
202.895 -620.868
210.59 -618.313
216.869 -616.381
254.643 -601.509
262.58 -598.15
269.151 -595.086
274.807 -592.249
280.111 -589.507
285.483 -586.727
293.578 -582.785
298.257 -580.185
304.936 -576.661
311.013 -573.344
316.774 -570.127
321.482 -567.448
328.931 -563.165
332.615 -561.057
339.767 -556.749
346.178 -552.81
351.597 -549.468
356.361 -546.579
363.455 -541.856
368.679 -538.5
374.424 -534.665
379.362 -531.478
384.331 -528.254
390.379 -523.936
420.185 -499.787
423.677 -496.39
428.857 -491.79
434.718 -486.585
440.584 -481.256
446.006 -476.167
449.806 -472.377
456.357 -466.103
461.706 -460.763
465.487 -456.823
470.037 -452.111
474.722 -447.195
478.338 -443.424
486.165 -434.732
489.305 -431.303
493.788 -426.255
499.231 -419.85
503.515 -414.834
506.982 -410.929
511.447 -405.527
515.87 -400.074
520.262 -394.551
542.25 -364.276
544.902 -359.653
548.564 -353.793
553.21 -346.563
555.804 -341.893
559.127 -336.211
563.043 -329.557
566.181 -323.951
569.524 -317.933
572.926 -311.696
575.416 -306.996
578.125 -301.913
581.55 -295.3
585.202 -287.99
588.366 -281.537
590.758 -276.814
594.038 -269.777
596.634 -264.412
600.124 -256.27
602.923 -249.891
606.641 -240.259
608.069 -238.122
611.075 -230.198
624.911 -191.846
626.907 -184.75
628.563 -178.23
629.85 -172.48
631.433 -165.929
632.973 -159.354
634.519 -152.593
635.892 -146.195
637.028 -140.492
638.507 -133.398
639.75 -127.003
640.953 -120.595
642.119 -114.162
643.251 -107.659
644.342 -101.12
645.479 -93.727
646.414 -87.673
647.405 -80.3839
648.245 -75.0044
649.125 -67.6562
649.928 -60.3018
650.683 -54.1109
651.351 -46.7736
651.963 -39.7576
652.609 -33.7844
653.137 -26.9472
