652.192 17.0812
651.844 24.4708
651.349 30.996
650.724 35.5725
650.211 43.0886
649.617 50.7611
648.939 58.0043
648.188 65.1761
647.417 71.3947
646.439 79.9727
645.732 84.3485
644.764 91.2956
643.821 97.6451
642.831 104.035
641.561 111.647
640.8 116.559
639.31 124.514
638.156 130.808
636.648 138.174
634.869 146.138
634.145 150.612
632.2 158.57
631.249 163.682
629.399 170.976
628.116 176.803
614.419 220.878
612.038 226.34
609.471 232.567
606.819 238.924
604.188 244.99
601.12 252.371
599.35 255.422
596.132 262.83
592.603 270.794
589.971 276.121
587.093 281.992
584.155 287.888
581.709 292.674
577.824 300.271
575.445 304.823
571.854 311.535
568.654 317.433
565.698 322.855
562.061 329.24
558.103 335.953
555.117 341.161
550.837 348.037
547.759 353.221
544.538 358.549
541.385 363.762
536.611 370.705
533.501 375.73
530.161 380.974
502.058 416.75
497.162 422.423
493.227 426.495
488.441 431.782
485.448 434.555
479.063 441.763
474.991 445.858
469.279 451.875
465.461 455.567
461.188 459.779
456.496 464.391
450.317 470.392
447.244 473.317
440.064 479.981
435.232 484.392
431.371 487.954
426.989 491.952
420.94 497.155
416.631 501.004
409.304 506.884
405.447 510.311
399.081 515.314
394.245 519.286
388.641 523.655
382.793 528.08
352.191 548.573
346.889 551.699
340.493 555.6
335.451 558.444
329.486 561.894
324.467 564.679
316.833 569.025
310.131 572.681
304.585 575.588
298.786 578.593
293.199 581.447
284.074 585.951
279.615 588.126
272.992 591.259
266.895 594.097
260.088 597.144
253.843 599.906
248.109 602.442
241.303 605.268
232.829 608.501
227.218 610.808
190.775 624.329
185.078 625.653
178.887 627.188
171.015 629.381
165.182 630.658
160.989 631.35
151.912 633.703
145.794 634.978
138.301 636.617
128.198 638.905
125.628 639.05
117.579 640.58
110.975 641.704
105.246 642.625
97.8842 643.781
90.4792 644.865
84.9301 645.669
77.1048 646.664
70.5523 647.477
63.702 648.254
57.6955 648.956
50.6738 649.632
43.5815 650.24
37.1951 650.815
29.3301 651.248
23.1779 651.736
14.7711 651.949
7.89954 652.239
1.1724 652.494
-44.4775 651.351
-50.0182 650.534
-56.3314 649.763
-64.9836 649.025
-70.5096 648.122
-76.6095 647.216
-84.8047 646.205
-89.9456 645.256
-96.3345 644.221
-100.482 643.426
-111.68 641.694
-117.196 640.603
-121.986 639.655
-129.756 638.121
-135.746 636.897
-143.618 635.176
-149.72 633.83
-156.248 632.325
-163.087 630.663
-169.144 629.206
-178.005 626.677
-184.251 625.005
-191.701 622.796
-196.219 621.767
-203.786 619.356
-212.652 616.217
-216.775 615.312
-224.519 612.519
-259.552 598.002
-266.553 594.856
-270.493 592.706
-279.34 588.727
-285.738 585.553
-292.043 582.343
-297.087 579.623
-303.204 576.385
-309.497 572.991
-316.133 569.336
-321.465 566.305
-328.273 562.383
-332.72 559.795
-340.582 555.026
-344.508 552.722
-350.689 548.873
-355.609 545.881
-360.585 542.844
-367.855 537.88
-373.064 534.519
-379.659 529.875
-384.221 526.992
-417.698 501.474
-422.91 496.837
-428.018 492.2
-433.019 487.567
-437.98 482.897
-442.869 478.21
-447.692 473.509
-452.446 468.797
-457.149 464.064
-461.795 459.316
-466.341 454.598
-470.814 449.893
-475.242 445.178
-479.594 440.489
-483.916 435.778
-488.204 431.053
-492.498 426.265
-496.768 421.446
-500.987 416.634
-505.233 411.718
-509.438 406.794
-513.661 401.765
-517.852 396.707
-522.048 391.552
-526.265 386.257
-551.721 348.434
-556.347 341.132
-558.823 336.285
-563.313 328.842
-566.543 322.871
-569.233 317.572
-572.833 310.904
-576.257 304.353
-579.249 298.344
-581.279 293.887
-583.832 288.562
-587.122 281.762
-590.295 275.006
-593.3 268.416
-596.14 262.02
-598.402 256.86
-600.728 251.547
-604.089 243.295
-605.8 239.555
-608.834 231.691
-610.727 227.486
-613.264 220.897
-616.27 211.999
-618.369 206.603
-620.283 202.262
-622.674 195.098
-625.035 187.537
-627.232 180.558
-638.881 134.682
-640.01 128.006
-640.953 121.707
-641.66 116.06
-643.502 106.566
-644.741 98.6483
-645.216 93.1775
-645.655 87.9436
-646.952 78.682
-647.622 71.8525
-648.174 65.3798
-648.625 59.3535
-649.424 50.4223
-649.706 44.9144
-650.198 36.9758
-650.46 30.997
-650.707 24.9881
-650.939 19.0727
-651.132 11.6358
-651.319 6.2071
-651.418 -0.748645
-651.391 -8.46949
-651.118 -17.9373
-651.366 -21.4651
-651.519 -26.55
-651.249 -34.0877
-650.629 -42.9945
-650.847 -47.4254
-650.63 -53.8755
-650.432 -60.135
-650.045 -66.921
-642.219 -115.634
-640.688 -124.233
-639.181 -130.248
-637.586 -137.07
-635.808 -145.136
-634.306 -150.02
-632.567 -156.658
-630.631 -164.106
-628.441 -172.44
-626.817 -177.407
-625.336 -181.937
-622.524 -191.614
-620.794 -196.775
-618.277 -204.54
-616.812 -208.759
-614.296 -216.054
-612.354 -221.605
-609.736 -228.75
-608.909 -231.7
-605.183 -240.944
-602.846 -247.024
-600.262 -253.486
-598.556 -258.254
-594.498 -267.082
-593.505 -270.579
-588.735 -280.093
-588.331 -282.758
-583.782 -291.465
-581.108 -297.361
-559.634 -334.984
-555.889 -340.862
-552.158 -346.571
-548.436 -352.141
-544.664 -357.702
-541.293 -362.461
-537.798 -367.412
-533.299 -373.885
-530.213 -378.081
-525.82 -384.145
-521.977 -389.329
-517.813 -394.86
-514.125 -399.717
-509.703 -405.391
-506.143 -410.003
-501.577 -415.663
-496.763 -421.471
-493.025 -426.109
-489.287 -430.731
-483.804 -436.874
-479.973 -441.465
-458.353 -462.885
-451.834 -469.345
-448.488 -472.256
-441.707 -478.666
-438.207 -481.705
-429.715 -489.43
-425.178 -493.269
-420.367 -497.333
-414.863 -501.929
-409.297 -506.483
-401.792 -512.457
-398.135 -515.347
-393.603 -518.922
-388.189 -523.068
-383.565 -526.657
-376.984 -531.391
-347.075 -552.903
-341.056 -556.401
-335.304 -559.605
-329.004 -563.18
-323.834 -565.826
-317.513 -569.274
-311.907 -572.156
-306.052 -575.16
-300.685 -577.821
-294.486 -580.934
-288.245 -584
-282.703 -586.642
-278.037 -588.848
-270.648 -592.283
-264.598 -595.032
-258.509 -597.745
-252.398 -600.414
-245.476 -603.31
-240.007 -605.656
-233.066 -608.421
-227.507 -610.725
-220.467 -613.373
-214.084 -615.787
-207.642 -618.156
-201.127 -620.482
-195.524 -622.608
-189.006 -624.838
-146.246 -635.721
-140.886 -636.565
-132.197 -638.515
-126.769 -639.308
-121.374 -640.111
-113.549 -641.528
-107.104 -642.524
-99.0025 -643.824
-95.6893 -644.135
-86.26 -645.497
-78.3899 -646.493
-73.0435 -647.075
-65.0191 -647.929
-59.3414 -648.492
-53.3004 -649.073
-47.0546 -649.639
-40.1059 -650.174
-33.8891 -650.668
-25.2727 -651.027
-18.2448 -651.355
-11.4645 -651.638
-3.99603 -651.799
1.97829 -652.059
9.28184 -652.108
49.9304 -650.519
57.69 -649.817
62.4984 -648.942
71.4392 -648.113
78.4923 -647.171
85.1526 -646.174
90.9718 -645.175
98.3268 -644.037
101.903 -643.235
110.796 -641.795
119.4 -640.273
121.187 -639.812
129.744 -638.127
137.327 -636.538
144.017 -635.073
150.365 -633.644
157.391 -631.972
164.558 -630.18
170.507 -628.715
177.992 -626.666
183.698 -625.203
190.116 -623.431
197.123 -621.348
202.455 -619.97
210.144 -617.418
216.407 -615.494
254.349 -600.553
262.285 -597.195
268.844 -594.135
274.481 -591.303
279.763 -588.57
285.122 -585.794
293.209 -581.856
297.855 -579.269
304.509 -575.757
310.564 -572.45
316.301 -569.246
320.987 -566.579
328.425 -562.302
332.086 -560.208
339.228 -555.908
345.63 -551.973
351.033 -548.642
355.77 -545.772
362.857 -541.055
368.059 -537.716
373.786 -533.895
378.7 -530.728
383.655 -527.518
389.682 -523.219
419.617 -498.964
423.077 -495.59
428.239 -491.003
434.094 -485.803
439.955 -480.479
445.368 -475.396
449.148 -471.624
455.699 -465.351
461.034 -460.023
464.789 -456.107
469.32 -451.414
473.987 -446.516
477.579 -442.773
485.403 -434.085
488.527 -430.675
493 -425.64
498.44 -419.239
502.713 -414.236
506.164 -410.355
510.62 -404.965
515.031 -399.53
519.411 -394.025
541.498 -363.617
544.122 -359.027
547.775 -353.178
552.411 -345.961
554.99 -341.313
558.294 -335.658
562.206 -329.011
565.329 -323.427
568.656 -317.436
572.052 -311.211
574.529 -306.534
577.227 -301.473
580.647 -294.869
584.297 -287.565
587.455 -281.124
589.832 -276.435
593.106 -269.415
595.691 -264.08
599.177 -255.947
601.975 -249.575
605.693 -239.941
607.109 -237.844
610.111 -229.93
624.008 -191.415
626 -184.329
627.64 -177.846
628.921 -172.109
630.496 -165.58
632.025 -159.035
633.565 -152.296
634.933 -145.913
636.06 -140.24
637.534 -133.166
638.772 -126.795
639.97 -120.413
641.132 -113.997
642.262 -107.511
643.351 -100.989
644.486 -93.6073
645.419 -87.5746
646.407 -80.315
647.246 -74.9617
648.125 -67.6427
648.928 -60.3089
649.683 -54.1395
650.351 -46.8064
650.964 -39.8055
651.612 -33.8551
652.141 -27.0342
