651.198 17.1873
650.848 24.5582
650.351 31.0585
649.724 35.602
649.211 43.101
648.617 50.7575
647.939 57.981
647.189 65.1406
646.419 71.3393
645.441 79.9147
644.736 84.2569
643.77 91.1806
642.831 97.503
641.846 103.866
640.578 111.461
639.825 116.335
638.338 124.276
637.192 130.542
635.689 137.89
633.912 145.848
633.196 150.298
631.255 158.243
630.31 163.336
628.47 170.605
627.199 176.404
613.437 220.688
611.063 226.12
608.501 232.325
605.854 238.659
603.231 244.701
600.167 252.068
598.41 255.081
595.2 262.468
591.674 270.424
589.053 275.724
586.183 281.578
583.252 287.459
580.818 292.221
576.935 299.814
574.569 304.341
570.979 311.051
567.788 316.933
564.842 322.338
561.212 328.712
557.258 335.418
554.289 340.6
550.021 347.459
546.956 352.625
543.753 357.93
540.624 363.114
535.852 370.055
532.761 375.057
529.441 380.28
501.218 416.207
496.332 421.865
492.416 425.91
487.643 431.18
484.668 433.93
478.294 441.124
474.237 445.201
468.534 451.208
464.74 454.874
460.482 459.07
455.802 463.671
449.619 469.677
446.565 472.584
439.373 479.258
434.554 483.657
430.712 487.201
426.347 491.185
420.317 496.373
416.026 500.208
408.715 506.076
404.874 509.492
398.533 514.477
393.721 518.434
388.136 522.792
382.305 527.207
351.573 547.787
346.295 550.895
339.921 554.779
334.898 557.611
328.952 561.048
323.961 563.817
316.335 568.158
309.655 571.801
304.126 574.7
298.343 577.696
292.767 580.545
283.627 585.056
279.188 587.222
272.576 590.35
266.494 593.181
259.696 596.224
253.473 598.977
247.765 601.503
240.985 604.32
232.525 607.548
226.943 609.846
190.344 623.427
184.675 624.738
178.509 626.262
170.648 628.451
164.845 629.717
160.686 630.398
151.619 632.746
145.528 634.014
138.052 635.649
127.952 637.936
125.429 638.07
117.394 639.597
110.798 640.72
105.092 641.637
97.7422 642.791
90.3407 643.875
84.8083 644.676
76.9915 645.671
70.4564 646.482
63.6213 647.257
57.6447 647.958
50.6453 648.633
43.5741 649.24
37.2147 649.815
29.3648 650.248
23.2417 650.738
14.8542 650.953
7.997 651.244
1.29372 651.501
-44.5546 650.354
-50.0619 649.535
-56.3478 648.763
-64.9912 648.025
-70.4841 647.122
-76.5557 646.218
-84.7382 645.207
-89.8432 644.261
-96.2064 643.23
-100.326 642.438
-111.526 640.705
-117.017 639.619
-121.778 638.677
-129.548 637.143
-135.526 635.922
-143.397 634.2
-149.48 632.859
-155.992 631.358
-162.817 629.701
-168.846 628.251
-177.702 625.724
-183.923 624.061
-191.35 621.86
-195.837 620.843
-203.39 618.438
-212.246 615.303
-216.336 614.413
-224.062 611.629
-259.241 597.052
-266.217 593.914
-270.126 591.776
-278.964 587.8
-285.351 584.631
-291.629 581.433
-296.651 578.723
-302.748 575.495
-309.022 572.11
-315.643 568.464
-320.95 565.448
-327.751 561.529
-332.176 558.957
-340.041 554.185
-343.947 551.894
-350.119 548.051
-355.021 545.072
-359.978 542.049
-367.248 537.085
-372.44 533.737
-379.024 529.102
-383.558 526.243
-417.174 500.622
-422.366 495.998
-427.455 491.374
-432.435 486.756
-437.376 482.1
-442.246 477.428
-447.049 472.742
-451.79 468.042
-456.475 463.325
-461.102 458.595
-465.636 453.889
-470.097 449.197
-474.513 444.494
-478.853 439.818
-483.164 435.12
-487.435 430.414
-491.712 425.646
-495.967 420.847
-500.176 416.049
-504.398 411.168
-508.598 406.251
-512.808 401.242
-516.987 396.206
-521.175 391.065
-525.384 385.782
-550.96 347.785
-555.58 340.491
-558.034 335.671
-562.517 328.236
-565.733 322.285
-568.405 317.011
-571.995 310.359
-575.408 303.825
-578.387 297.837
-580.397 293.414
-582.94 288.11
-586.218 281.334
-589.383 274.595
-592.383 268.017
-595.218 261.633
-597.471 256.495
-599.789 251.205
-603.15 242.951
-604.852 239.237
-607.886 231.374
-609.769 227.199
-612.303 220.623
-615.305 211.737
-617.397 206.371
-619.303 202.06
-621.691 194.915
-624.05 187.368
-626.242 180.416
-637.944 134.332
-639.065 127.678
-640 121.405
-640.697 115.789
-642.541 106.29
-643.777 98.3799
-644.246 92.9352
-644.679 87.7288
-645.974 78.4736
-646.639 71.6682
-647.187 65.2219
-647.633 59.2255
-648.431 50.3035
-648.71 44.8208
-649.202 36.8899
-649.462 30.9326
-649.708 24.9449
-649.939 19.0514
-650.132 11.6324
-650.32 6.23736
-650.419 -0.696618
-650.394 -8.4014
-650.121 -17.8587
-650.373 -21.3471
-650.531 -26.3959
-650.264 -33.9164
-649.645 -42.817
-649.871 -47.2067
-649.66 -53.6312
-649.469 -59.8641
-649.086 -66.6357
-641.22 -115.58
-639.689 -124.176
-638.184 -130.168
-636.591 -136.975
-634.813 -145.036
-633.314 -149.891
-631.578 -156.514
-629.642 -163.955
-627.454 -172.279
-625.836 -177.211
-624.364 -181.703
-621.551 -191.382
-619.83 -196.511
-617.316 -204.264
-615.864 -208.444
-613.352 -215.723
-611.42 -221.245
-608.81 -228.375
-608.002 -231.277
-604.276 -240.523
-601.95 -246.58
-599.376 -253.022
-597.684 -257.765
-593.631 -266.585
-592.657 -270.048
-587.894 -279.553
-587.511 -282.185
-582.967 -290.886
-580.304 -296.767
-558.717 -334.584
-554.979 -340.449
-551.254 -346.144
-547.539 -351.7
-543.778 -357.238
-540.422 -361.97
-536.941 -366.896
-532.45 -373.356
-529.383 -377.523
-525 -383.572
-521.173 -388.735
-517.022 -394.249
-513.351 -399.084
-508.942 -404.742
-505.402 -409.332
-500.848 -414.978
-496.046 -420.774
-492.329 -425.391
-488.613 -429.993
-483.14 -436.127
-479.331 -440.698
-457.625 -462.201
-451.098 -468.668
-447.776 -471.553
-441 -477.959
-437.524 -480.975
-429.031 -488.701
-424.511 -492.524
-419.715 -496.574
-414.229 -501.155
-408.673 -505.702
-401.164 -511.679
-397.532 -514.549
-393.019 -518.11
-387.624 -522.242
-383.019 -525.82
-376.457 -530.542
-346.419 -552.148
-340.417 -555.632
-334.684 -558.82
-328.4 -562.383
-323.254 -565.011
-316.949 -568.448
-311.365 -571.315
-305.531 -574.306
-300.182 -576.956
-293.995 -580.062
-287.767 -583.122
-282.243 -585.754
-277.602 -587.948
-270.233 -591.373
-264.207 -594.112
-258.127 -596.822
-252.046 -599.478
-245.143 -602.367
-239.704 -604.703
-232.781 -607.462
-227.252 -609.758
-220.23 -612.402
-213.879 -614.808
-207.453 -617.174
-200.955 -619.497
-195.374 -621.619
-188.872 -623.847
-145.895 -634.784
-140.568 -635.617
-131.885 -637.565
-126.48 -638.35
-121.11 -639.146
-113.292 -640.561
-106.863 -641.553
-98.7748 -642.85
-95.5103 -643.151
-86.0839 -644.513
-78.2285 -645.506
-72.9161 -646.083
-64.9059 -646.936
-59.2602 -647.496
-53.2486 -648.075
-47.0306 -648.64
-40.1047 -649.174
-33.9163 -649.668
-25.3095 -650.027
-18.3112 -650.357
-11.5475 -650.641
-4.10486 -650.805
1.84644 -651.067
9.1231 -651.121
49.9691 -649.519
57.7293 -648.818
62.516 -647.942
71.458 -647.113
78.4977 -646.171
85.1417 -645.174
90.93 -644.176
98.2661 -643.039
101.803 -642.24
110.681 -640.801
119.276 -639.281
121.011 -638.828
129.55 -637.146
137.116 -635.56
143.784 -634.101
150.106 -632.678
157.112 -631.012
164.261 -629.225
170.182 -627.769
177.652 -625.726
183.329 -624.274
189.725 -622.511
196.713 -620.435
202.015 -619.072
209.699 -616.523
215.946 -614.606
254.056 -599.596
261.999 -596.237
268.537 -593.183
274.154 -590.358
279.423 -587.629
284.761 -584.862
292.839 -580.927
297.453 -578.354
304.089 -574.849
310.123 -571.553
315.829 -568.364
320.491 -565.711
327.919 -561.44
331.55 -559.364
338.688 -555.066
345.081 -551.137
350.47 -547.816
355.18 -544.965
362.258 -540.254
367.438 -536.932
373.148 -533.125
378.039 -529.978
382.972 -526.788
388.986 -522.501
419.048 -498.141
422.484 -494.785
427.628 -490.211
433.471 -485.021
439.326 -479.701
444.731 -474.626
448.49 -470.871
455.04 -464.598
460.361 -459.283
464.09 -455.391
468.602 -450.717
473.252 -445.838
476.82 -442.121
484.645 -433.432
487.748 -430.047
492.211 -425.025
497.648 -418.628
501.911 -413.639
505.345 -409.78
509.794 -404.402
514.192 -398.985
518.561 -393.498
540.741 -362.963
543.343 -358.401
546.987 -352.563
551.613 -345.359
554.171 -340.739
557.461 -335.105
561.364 -328.471
564.473 -322.91
567.789 -316.938
571.178 -310.725
573.642 -306.072
576.329 -301.032
579.745 -294.438
583.392 -287.14
586.545 -280.712
588.907 -276.055
592.174 -269.052
594.748 -263.747
598.231 -255.624
601.026 -249.259
604.745 -239.623
606.149 -237.565
609.147 -229.663
623.109 -190.977
625.09 -183.915
626.716 -177.463
627.989 -171.745
629.556 -165.238
631.077 -158.717
632.61 -151.997
633.973 -145.631
635.092 -139.988
636.562 -132.933
637.793 -126.588
638.987 -120.23
640.146 -113.832
641.273 -107.363
642.359 -100.858
643.494 -93.4876
644.423 -87.4844
645.41 -80.246
646.247 -74.9189
647.125 -67.6291
647.928 -60.316
648.683 -54.168
649.352 -46.8477
649.965 -39.8532
650.614 -33.9257
651.144 -27.1211
