650.203 17.2933
649.851 24.6454
649.353 31.1208
648.724 35.6237
648.211 43.1133
647.617 50.7458
646.939 57.9577
646.189 65.105
645.42 71.2838
644.443 79.8567
643.74 84.1652
642.777 91.0657
641.841 97.3609
640.86 103.698
639.596 111.274
638.851 116.112
637.367 124.037
636.228 130.277
634.73 137.607
632.955 145.558
632.246 149.985
630.31 157.916
629.375 162.982
627.539 170.242
626.282 176.006
612.456 220.498
610.087 225.901
607.53 232.082
604.89 238.394
602.273 244.413
599.214 251.765
597.469 254.74
594.265 262.114
590.745 270.054
588.132 275.334
585.269 281.172
582.349 287.029
579.923 291.775
576.045 299.357
573.688 303.866
570.104 310.567
566.922 316.433
563.986 321.82
560.363 328.184
556.418 334.875
553.461 340.04
549.201 346.887
546.159 352.022
542.973 357.305
539.862 362.466
535.092 369.405
532.022 374.384
528.728 379.579
500.378 415.665
495.503 421.307
491.605 425.325
486.845 430.577
483.887 433.305
477.526 440.484
473.483 444.544
467.794 450.535
464.019 454.181
459.776 458.362
455.108 462.951
448.92 468.961
445.885 471.85
438.682 478.535
433.869 482.929
430.054 486.449
425.712 490.412
419.693 495.591
415.428 499.406
408.126 505.267
404.308 508.667
397.979 513.645
393.197 517.582
387.63 521.929
381.817 526.334
350.956 547
345.701 550.09
339.348 553.959
334.345 556.778
328.419 560.203
323.455 562.954
315.836 567.291
309.171 570.926
303.66 573.815
297.893 576.803
292.335 579.643
283.181 584.161
278.76 586.317
272.159 589.44
266.093 592.265
259.312 595.3
253.112 598.044
247.422 600.563
240.668 603.372
232.221 606.595
226.66 608.887
189.912 622.524
184.272 623.823
178.131 625.336
170.282 627.52
164.507 628.775
160.39 629.442
151.327 631.79
145.262 633.05
137.802 634.681
127.715 636.964
125.231 637.09
117.201 638.616
110.621 639.736
104.938 640.649
97.6001 641.801
90.2021 642.884
84.6864 643.683
76.8782 644.677
70.3606 645.486
63.5406 646.26
57.5939 646.959
50.6168 647.633
43.5665 648.24
37.2342 648.815
29.3993 649.249
23.3053 649.74
14.9371 649.956
8.10303 650.249
1.4236 650.51
-44.6314 649.357
-50.1055 648.536
-56.3641 647.763
-64.9986 647.025
-70.4671 646.122
-76.5018 645.219
-84.6637 644.21
-89.7493 643.266
-96.0866 642.237
-100.163 641.451
-111.373 639.717
-116.839 638.635
-121.579 637.697
-129.34 636.165
-135.305 634.947
-143.177 633.225
-149.239 631.889
-155.735 630.392
-162.546 628.738
-168.549 627.297
-177.399 624.771
-183.595 623.116
-190.992 620.926
-195.455 619.919
-202.995 617.519
-211.847 614.386
-215.897 613.514
-223.605 610.74
-258.929 596.102
-265.89 592.969
-269.759 590.846
-278.597 586.871
-284.964 583.709
-291.222 580.52
-296.215 577.823
-302.292 574.605
-308.548 571.23
-315.145 567.597
-320.435 564.59
-327.222 560.681
-331.631 558.118
-339.499 553.344
-343.386 551.066
-349.55 547.23
-354.433 544.264
-359.378 541.25
-366.641 536.29
-371.817 532.955
-378.389 528.33
-382.895 525.494
-416.65 499.77
-421.822 495.159
-426.891 490.549
-431.858 485.939
-436.78 481.297
-441.622 476.646
-446.413 471.971
-451.135 467.287
-455.8 462.587
-460.409 457.874
-464.925 453.186
-469.38 448.5
-473.784 443.809
-478.112 439.146
-482.411 434.461
-486.666 429.775
-490.927 425.027
-495.166 420.248
-499.365 415.464
-503.568 410.61
-507.759 405.707
-511.956 400.72
-516.122 395.705
-520.302 390.577
-524.508 385.301
-550.199 347.137
-554.812 339.85
-557.245 335.057
-561.722 327.63
-564.918 321.705
-567.577 316.45
-571.156 309.814
-574.554 303.304
-577.521 297.338
-579.516 292.941
-582.048 287.657
-585.318 280.898
-588.475 274.177
-591.463 267.626
-594.292 261.255
-596.54 256.131
-598.849 250.862
-602.211 242.607
-603.905 238.918
-606.937 231.057
-608.811 226.912
-611.339 220.356
-614.34 211.475
-616.424 206.139
-618.324 201.859
-620.708 194.732
-623.064 187.199
-625.253 180.267
-637.008 133.981
-638.12 127.35
-639.046 121.103
-639.734 115.519
-641.58 106.015
-642.814 98.1117
-643.275 92.6929
-643.704 87.5058
-644.996 78.2653
-645.656 71.4839
-646.199 65.0641
-646.641 59.0976
-647.438 50.1847
-647.715 44.7273
-648.206 36.8041
-648.464 30.8682
-648.709 24.9017
-648.939 19.03
-649.132 11.6289
-649.32 6.26756
-649.42 -0.64466
-649.396 -8.33338
-649.124 -17.78
-649.38 -21.2292
-649.543 -26.242
-649.279 -33.7453
-648.661 -42.6396
-648.893 -46.9952
-648.691 -53.387
-648.505 -59.6003
-648.13 -66.3421
-640.222 -115.526
-638.691 -124.118
-637.188 -130.088
-635.595 -136.88
-633.818 -144.935
-632.322 -149.762
-630.588 -156.371
-628.654 -163.803
-626.469 -172.11
-624.855 -177.016
-623.391 -181.468
-620.579 -191.15
-618.865 -196.246
-616.355 -203.988
-614.915 -208.128
-612.409 -215.392
-610.487 -220.886
-607.883 -228
-607.093 -230.862
-603.369 -240.101
-601.054 -246.135
-598.49 -252.558
-596.816 -257.269
-592.763 -266.088
-591.809 -269.518
-587.052 -279.013
-586.691 -281.613
-582.152 -290.306
-579.5 -296.173
-557.801 -334.183
-554.068 -340.035
-550.35 -345.716
-546.642 -351.258
-542.892 -356.774
-539.555 -361.472
-536.085 -366.38
-531.601 -372.827
-528.549 -376.972
-524.18 -382.999
-520.368 -388.141
-516.225 -393.645
-512.572 -398.457
-508.181 -404.094
-504.66 -408.661
-500.12 -414.293
-495.329 -420.076
-491.628 -424.678
-487.933 -429.259
-482.475 -435.38
-478.689 -439.932
-456.89 -461.522
-450.363 -467.99
-447.064 -470.851
-440.293 -477.252
-436.835 -480.25
-428.347 -487.971
-423.85 -491.773
-419.07 -495.81
-413.595 -500.382
-408.05 -504.92
-400.536 -510.9
-396.929 -513.751
-392.435 -517.298
-387.059 -521.417
-382.48 -524.977
-375.929 -529.692
-345.764 -551.393
-339.778 -554.862
-334.065 -558.035
-327.796 -561.586
-322.675 -564.196
-316.385 -567.622
-310.824 -570.475
-305.01 -573.453
-299.679 -576.092
-293.504 -579.191
-287.288 -582.244
-281.783 -584.866
-277.167 -587.047
-269.819 -590.463
-263.816 -593.191
-257.752 -595.894
-251.695 -598.542
-244.81 -601.424
-239.4 -603.75
-232.496 -606.504
-226.996 -608.791
-219.994 -611.43
-213.666 -613.831
-207.265 -616.192
-200.791 -618.511
-195.225 -620.631
-188.739 -622.856
-145.544 -633.848
-140.249 -634.669
-131.572 -636.615
-126.192 -637.393
-120.846 -638.181
-113.034 -639.595
-106.615 -640.584
-98.5472 -641.877
-95.3313 -642.167
-85.9079 -643.529
-78.0673 -644.519
-72.7887 -645.091
-64.7927 -645.942
-59.179 -646.499
-53.1967 -647.076
-47.0066 -647.64
-40.1034 -648.174
-33.9434 -648.668
-25.3462 -649.028
-18.3699 -649.359
-11.6304 -649.645
-4.21356 -649.811
1.71472 -650.076
8.9645 -650.133
50.0076 -648.52
57.7685 -647.819
62.5336 -646.942
71.4767 -646.113
78.503 -645.171
85.1305 -644.174
90.8881 -643.177
98.2054 -642.041
101.711 -641.244
110.566 -639.808
119.151 -638.289
120.826 -637.845
129.355 -636.165
136.906 -634.583
143.55 -633.128
149.847 -631.712
156.833 -630.051
163.963 -628.271
169.858 -626.823
177.311 -624.786
182.961 -623.344
189.334 -621.591
196.303 -619.523
201.575 -618.174
209.254 -615.627
215.485 -613.719
253.763 -598.64
261.712 -595.279
268.238 -592.229
273.835 -589.41
279.083 -586.689
284.4 -583.929
292.47 -579.997
297.051 -577.438
303.669 -573.942
309.682 -570.656
315.364 -567.479
319.996 -564.842
327.413 -560.577
331.015 -558.52
338.148 -554.224
344.533 -550.3
349.906 -546.99
354.589 -544.158
361.66 -539.453
366.817 -536.148
372.51 -532.354
377.378 -529.227
382.288 -526.058
388.289 -521.783
418.473 -497.323
421.891 -493.98
427.018 -489.42
432.855 -484.233
438.697 -478.924
444.093 -473.856
447.831 -470.118
454.382 -463.845
459.688 -458.543
463.392 -454.676
467.885 -450.02
472.518 -445.159
476.066 -441.464
483.888 -432.778
486.965 -429.425
491.422 -424.41
496.852 -418.023
501.104 -413.048
504.527 -409.206
508.962 -403.847
513.354 -398.441
517.707 -392.979
539.984 -362.31
542.563 -357.774
546.194 -351.954
550.814 -344.758
553.352 -340.165
556.628 -334.552
560.522 -327.931
563.617 -322.393
566.921 -316.441
570.303 -310.239
572.755 -305.609
575.432 -300.591
578.842 -294.007
582.487 -286.715
585.634 -280.299
587.982 -275.676
591.242 -268.69
593.805 -263.414
597.284 -255.302
600.077 -248.943
603.796 -239.306
605.188 -237.286
608.184 -229.396
622.207 -190.545
624.179 -183.501
625.793 -177.079
627.058 -171.381
628.616 -164.897
630.132 -158.39
631.656 -151.699
633.011 -145.358
634.124 -139.737
635.589 -132.701
636.815 -126.381
638.003 -120.048
639.16 -113.667
640.284 -107.215
641.368 -100.727
642.501 -93.3679
643.427 -87.3942
644.412 -80.177
645.247 -74.8844
646.125 -67.6154
646.928 -60.3229
647.684 -54.1964
648.353 -46.8888
648.967 -39.9094
649.618 -34.0049
650.149 -27.2166
