649.209 17.3992
648.855 24.7325
648.355 31.183
647.725 35.654
647.211 43.1176
646.617 50.7341
645.939 57.9342
645.19 65.0693
644.422 71.2282
643.444 79.7985
642.744 84.0734
641.784 90.9507
640.851 97.2188
639.875 103.529
638.613 111.088
637.876 115.888
636.396 123.799
635.263 130.012
633.771 137.323
631.997 145.268
631.297 149.671
629.365 157.588
628.44 162.628
626.607 169.878
625.362 175.614
611.475 220.3
609.111 225.682
606.562 231.832
603.928 238.122
601.316 244.124
598.263 251.455
596.529 254.399
593.33 261.76
589.816 269.684
587.212 274.944
584.355 280.766
581.443 286.607
579.027 291.33
575.152 298.908
572.808 303.391
569.229 310.082
566.06 315.927
563.135 321.295
559.514 327.656
555.578 334.333
552.637 339.473
548.385 346.309
545.361 351.419
542.192 356.68
539.1 361.818
534.337 368.748
531.288 373.704
528.014 378.879
499.537 415.123
494.673 420.748
490.794 424.74
486.047 429.974
483.112 432.674
476.751 439.851
472.729 443.886
467.055 449.862
463.298 453.489
459.076 457.648
454.415 462.231
448.222 468.245
445.205 471.117
437.991 477.812
433.184 482.2
429.395 485.696
425.077 489.64
419.07 494.809
414.829 498.605
407.531 504.464
403.743 507.842
397.425 512.813
392.666 516.734
387.118 521.07
381.322 525.465
350.345 546.209
345.113 549.281
338.776 553.139
333.792 555.944
327.893 559.352
322.949 562.092
315.344 566.42
308.688 570.051
303.194 572.93
297.443 575.91
291.903 578.741
282.734 583.267
278.341 585.41
271.751 588.528
265.699 591.345
258.929 594.377
252.75 597.112
247.087 599.621
240.351 602.423
231.909 605.645
226.377 607.928
189.481 621.622
183.87 622.907
177.753 624.411
169.916 626.59
164.169 627.834
160.095 628.487
151.034 630.834
144.996 632.086
137.553 633.712
127.478 635.993
125.032 636.11
117.007 637.635
110.444 638.751
104.785 639.661
97.4581 640.811
90.0636 641.894
84.5726 642.69
76.7649 643.684
70.273 644.49
63.4598 645.264
57.5349 645.961
50.5801 646.634
43.5509 647.24
37.2459 647.815
29.4338 648.25
23.3699 648.742
15.0199 648.96
8.20892 649.255
1.55332 649.518
-44.7008 648.36
-50.1502 647.537
-56.3813 646.763
-65.0059 646.025
-70.4501 645.122
-76.4485 644.221
-84.5977 643.212
-89.6552 642.27
-95.9669 641.244
-99.9992 640.465
-111.228 638.728
-116.669 637.649
-121.379 636.717
-129.132 635.186
-135.084 633.971
-142.957 632.249
-148.999 630.918
-155.478 629.425
-162.267 627.778
-168.251 626.342
-177.096 623.818
-183.267 622.171
-190.64 619.99
-195.073 618.995
-202.6 616.601
-211.441 613.472
-215.459 612.616
-223.155 609.847
-258.617 595.152
-265.555 592.027
-269.391 589.916
-278.229 585.941
-284.576 582.787
-290.807 579.61
-295.772 576.926
-301.828 573.719
-308.073 570.35
-314.648 566.73
-319.913 563.738
-326.694 559.832
-331.08 557.284
-338.958 552.503
-342.825 550.238
-348.987 546.403
-353.851 543.45
-358.778 540.45
-366.034 535.495
-371.2 532.168
-377.753 527.558
-382.238 524.74
-416.133 498.914
-421.285 494.315
-426.328 489.722
-431.281 485.122
-436.183 480.495
-441.005 475.859
-445.77 471.205
-450.479 466.531
-455.12 461.854
-459.717 457.153
-464.214 452.482
-468.663 447.803
-473.055 443.125
-477.371 438.474
-481.659 433.802
-485.897 429.136
-490.142 424.408
-494.365 419.65
-498.549 414.885
-502.737 410.053
-506.915 405.171
-511.098 400.205
-515.256 395.204
-519.429 390.089
-523.631 384.82
-549.443 346.481
-554.044 339.209
-556.46 334.436
-560.926 327.025
-564.103 321.126
-566.745 315.896
-570.313 309.276
-573.701 302.783
-576.654 296.839
-578.635 292.468
-581.153 287.212
-584.414 280.47
-587.563 273.766
-590.542 267.235
-593.366 260.877
-595.605 255.774
-597.91 250.519
-601.272 242.262
-602.957 238.598
-605.992 230.732
-607.856 226.616
-610.377 220.082
-613.375 211.212
-615.451 205.907
-617.346 201.649
-619.725 194.549
-622.078 187.03
-624.265 180.118
-636.071 133.63
-637.173 127.03
-638.093 120.802
-638.774 115.241
-640.618 105.739
-641.851 97.8437
-642.305 92.4508
-642.729 87.283
-644.018 78.0571
-644.673 71.2998
-645.213 64.8981
-645.649 58.9698
-646.446 50.066
-646.719 44.6339
-647.209 36.7264
-647.465 30.8119
-647.71 24.8667
-647.939 19.0086
-648.132 11.6338
-648.321 6.29811
-648.422 -0.592774
-648.399 -8.25686
-648.127 -17.7014
-648.386 -21.1192
-648.554 -26.0958
-648.292 -33.5817
-647.678 -42.4536
-647.916 -46.784
-647.719 -53.15
-647.54 -59.3366
-647.172 -66.0554
-639.223 -115.472
-637.693 -124.061
-636.191 -130.008
-634.6 -136.785
-632.823 -144.835
-631.331 -149.633
-629.598 -156.227
-627.665 -163.651
-625.483 -171.942
-623.875 -176.82
-622.419 -181.234
-619.608 -190.911
-617.901 -195.981
-615.396 -203.704
-613.963 -207.82
-611.465 -215.061
-609.551 -220.534
-606.959 -227.617
-606.183 -230.446
-602.466 -239.672
-600.158 -245.691
-597.604 -252.094
-595.947 -256.773
-591.895 -265.591
-590.966 -268.98
-586.206 -278.48
-585.876 -281.033
-581.333 -289.733
-578.691 -295.585
-556.885 -333.782
-553.158 -339.62
-549.446 -345.288
-545.745 -350.816
-542.006 -356.31
-538.687 -360.974
-535.228 -365.864
-530.752 -372.298
-527.719 -376.414
-523.361 -382.427
-519.558 -387.554
-515.429 -393.04
-511.792 -397.831
-507.414 -403.452
-503.913 -407.996
-499.386 -413.614
-494.607 -419.385
-490.926 -423.965
-487.254 -428.526
-481.804 -434.638
-478.046 -439.166
-456.156 -460.843
-449.627 -467.313
-446.352 -470.149
-439.586 -476.544
-436.152 -479.52
-427.663 -487.242
-423.189 -491.023
-418.425 -495.046
-412.961 -499.609
-407.426 -504.139
-399.914 -510.117
-396.326 -512.954
-391.851 -516.486
-386.495 -520.592
-381.934 -524.14
-375.402 -528.843
-345.115 -550.632
-339.14 -554.093
-333.446 -557.25
-327.192 -560.789
-322.096 -563.381
-315.828 -566.792
-310.289 -569.63
-304.482 -572.604
-299.168 -575.232
-293.006 -578.324
-286.81 -581.366
-281.316 -583.982
-276.725 -586.15
-269.405 -589.552
-263.418 -592.274
-257.377 -594.967
-251.351 -597.603
-244.485 -600.479
-239.105 -602.795
-232.204 -605.548
-226.741 -607.824
-219.757 -610.458
-213.454 -612.854
-207.076 -615.21
-200.626 -617.524
-195.074 -619.642
-188.605 -621.865
-145.201 -632.908
-139.931 -633.721
-131.26 -635.665
-125.904 -636.435
-120.583 -637.217
-112.777 -638.629
-106.366 -639.616
-98.3197 -640.903
-95.144 -641.185
-85.7236 -642.546
-77.906 -643.532
-72.6531 -644.1
-64.6795 -644.948
-59.0978 -645.502
-53.1447 -646.077
-46.9746 -646.64
-40.102 -647.174
-33.9626 -647.669
-25.3915 -648.029
-18.4286 -648.36
-11.7133 -648.648
-4.32333 -648.817
1.58314 -649.085
8.81325 -649.145
50.046 -647.521
57.8076 -646.82
62.551 -645.942
71.4952 -645.113
78.5082 -644.171
85.1193 -643.174
90.8461 -642.177
98.1445 -641.043
101.612 -640.249
110.451 -638.815
119.026 -637.297
120.649 -636.861
129.169 -635.183
136.695 -633.605
143.317 -632.156
149.589 -630.746
156.555 -629.091
163.658 -627.318
169.533 -625.878
176.963 -623.848
182.592 -622.415
188.942 -620.671
195.894 -618.611
201.136 -617.276
208.802 -614.735
215.024 -612.831
253.478 -597.682
261.426 -594.321
267.939 -591.274
273.517 -588.462
278.742 -585.749
284.038 -582.997
292.101 -579.068
296.657 -576.519
303.242 -573.038
309.241 -569.758
314.899 -566.594
319.5 -563.973
326.907 -559.714
330.479 -557.675
337.609 -553.382
343.985 -549.464
349.342 -546.164
354.005 -543.347
361.061 -538.652
366.197 -535.364
371.872 -531.584
376.717 -528.477
381.611 -525.322
387.599 -521.06
417.898 -496.505
421.291 -493.18
426.407 -488.628
432.238 -483.446
438.075 -478.141
443.462 -473.08
447.179 -469.36
453.723 -463.093
459.009 -457.809
462.694 -453.96
467.168 -449.323
471.783 -444.481
475.312 -440.807
483.131 -432.125
486.182 -428.803
490.634 -423.795
496.055 -417.419
500.297 -412.458
503.703 -408.638
508.131 -403.291
512.514 -397.897
516.852 -392.46
539.227 -361.657
541.783 -357.148
545.4 -351.346
550.015 -344.156
552.533 -339.591
555.795 -333.999
559.68 -327.392
562.761 -321.876
566.053 -315.944
569.429 -309.753
571.869 -305.147
574.534 -300.15
577.944 -293.568
581.582 -286.29
584.723 -279.887
587.06 -275.289
590.31 -268.328
592.862 -263.082
596.338 -254.979
599.126 -248.635
602.848 -238.988
604.228 -237.007
607.22 -229.129
621.305 -190.114
623.269 -183.087
624.873 -176.687
626.126 -171.018
627.677 -164.556
629.184 -158.071
630.701 -151.401
632.049 -145.084
633.155 -139.493
634.615 -132.477
635.835 -126.181
637.02 -119.866
638.175 -113.493
639.295 -107.067
640.378 -100.588
641.508 -93.2481
642.431 -87.3039
643.415 -80.108
644.248 -74.8499
645.126 -67.594
645.928 -60.3297
646.684 -54.2246
647.354 -46.9298
647.968 -39.9655
648.621 -34.0839
649.153 -27.3119
