648.214 17.5049
647.859 24.8194
647.357 31.245
646.725 35.6842
646.212 43.1306
645.617 50.7309
644.94 57.9107
644.19 65.0336
643.424 71.1726
642.446 79.7403
641.748 83.9899
640.79 90.8356
639.861 97.0767
638.888 103.368
637.631 110.901
636.901 115.664
635.425 123.561
634.299 129.746
632.812 137.039
631.04 144.979
630.35 149.349
628.42 157.261
627.504 162.274
625.675 169.515
624.441 175.223
610.495 220.103
608.135 225.463
605.592 231.59
602.966 237.85
600.358 243.836
597.313 251.145
595.589 254.058
592.394 261.406
588.887 269.314
586.291 274.554
583.441 280.359
580.536 286.184
578.132 290.884
574.258 298.458
571.928 302.917
568.354 309.598
565.197 315.42
562.284 320.77
558.665 327.128
554.738 333.791
551.813 338.906
547.57 345.73
544.563 350.816
541.407 356.06
538.339 361.17
533.583 368.092
530.555 373.025
527.3 378.179
498.697 414.581
493.843 420.19
489.979 424.161
485.249 429.371
482.336 432.042
475.977 439.218
471.976 443.229
466.31 449.195
462.577 452.796
458.376 456.934
453.721 461.511
447.524 467.53
444.526 470.383
437.3 477.09
432.5 481.471
428.737 484.943
424.442 488.868
418.446 494.028
414.23 497.805
406.935 503.661
403.177 507.018
396.871 511.98
392.136 515.887
386.606 520.211
380.828 524.596
349.734 545.417
344.525 548.472
338.203 552.319
333.245 555.107
327.366 558.502
322.442 561.23
314.853 565.549
308.204 569.175
302.727 572.046
296.994 575.017
291.471 577.839
282.288 582.372
277.921 584.502
271.342 587.615
265.306 590.426
258.545 593.453
252.388 596.18
246.751 598.679
240.033 601.475
231.597 604.695
226.093 606.969
189.05 620.72
183.467 621.992
177.376 623.485
169.551 625.659
163.832 626.893
159.791 627.534
150.742 629.878
144.73 631.122
137.311 632.742
127.233 635.023
124.834 635.13
116.814 636.654
110.267 637.767
104.631 638.673
97.316 639.821
89.925 640.904
84.4589 641.696
76.6597 642.689
70.1854 643.494
63.3874 644.266
57.4759 644.963
50.552 645.634
43.5439 646.24
37.2574 646.815
29.4689 647.25
23.4343 647.744
15.1026 647.963
8.31469 648.261
1.67551 648.526
-44.7701 647.362
-50.1948 646.538
-56.3984 645.763
-65.0054 645.025
-70.4251 644.123
-76.3951 643.222
-84.5316 642.214
-89.5531 641.275
-95.847 640.251
-99.8356 639.478
-111.082 637.738
-116.499 636.664
-121.18 635.737
-128.924 634.208
-134.863 632.996
-142.737 631.274
-148.759 629.947
-155.222 628.459
-161.989 626.817
-167.961 625.385
-176.793 622.865
-182.94 621.226
-190.289 619.054
-194.691 618.071
-202.205 615.682
-211.034 612.558
-215.021 611.717
-222.705 608.954
-258.305 594.202
-265.22 591.085
-269.024 588.986
-277.854 585.014
-284.189 581.865
-290.393 578.7
-295.329 576.03
-301.365 572.833
-307.591 569.474
-314.15 565.862
-319.391 562.885
-326.165 558.983
-330.528 556.45
-338.417 551.663
-342.265 549.41
-348.423 545.577
-353.269 542.637
-358.178 539.65
-365.434 534.696
-370.583 531.381
-377.118 526.786
-381.582 523.986
-415.617 498.058
-420.748 493.472
-425.764 488.896
-430.704 484.305
-435.579 479.697
-440.389 475.072
-445.128 470.438
-449.818 465.781
-454.44 461.121
-459.018 456.437
-463.503 451.779
-467.94 447.112
-472.32 442.446
-476.63 437.803
-480.901 433.15
-485.128 428.497
-489.351 423.796
-493.564 419.051
-497.733 414.307
-501.907 409.496
-506.071 404.635
-510.241 399.69
-514.391 394.702
-518.56 389.594
-522.755 384.338
-548.688 345.826
-553.277 338.567
-555.672 333.822
-560.131 326.418
-563.289 320.546
-565.917 315.335
-569.475 308.731
-572.847 302.262
-575.792 296.332
-577.754 291.995
-580.258 286.767
-583.511 280.042
-586.652 273.355
-589.622 266.843
-592.441 260.498
-594.671 255.418
-596.967 250.184
-600.333 241.918
-602.009 238.279
-605.046 230.407
-606.9 226.321
-609.415 219.808
-612.412 210.942
-614.48 205.668
-616.368 201.44
-618.741 194.366
-621.094 186.853
-623.275 179.977
-635.132 133.287
-636.226 126.71
-637.137 120.507
-637.813 114.963
-639.657 105.464
-640.887 97.5758
-641.335 92.2088
-641.754 87.0602
-643.04 77.8491
-643.69 71.1158
-644.227 64.7322
-644.657 58.842
-645.452 49.9551
-645.723 44.5484
-646.212 36.6486
-646.467 30.7557
-646.711 24.8318
-646.939 18.9956
-647.132 11.6387
-647.321 6.3286
-647.424 -0.532423
-647.401 -8.18839
-647.13 -17.6229
-647.393 -21.0006
-647.565 -25.9497
-647.306 -33.4183
-646.694 -42.2753
-646.939 -46.5729
-646.748 -52.9132
-646.575 -59.0731
-646.214 -65.7688
-638.225 -115.417
-636.694 -124.003
-635.194 -129.928
-633.604 -136.69
-631.828 -144.734
-630.339 -149.504
-628.61 -156.075
-626.678 -163.492
-624.497 -171.773
-622.894 -176.625
-621.447 -181.001
-618.637 -190.671
-616.934 -195.725
-614.437 -203.42
-613.012 -207.512
-610.521 -214.73
-608.618 -220.175
-606.032 -227.241
-605.273 -230.031
-601.559 -239.25
-599.259 -245.254
-596.718 -251.63
-595.075 -256.284
-591.027 -265.094
-590.119 -268.449
-585.36 -277.946
-585.061 -280.453
-580.513 -289.16
-577.882 -294.997
-555.969 -333.382
-552.248 -339.206
-548.543 -344.86
-544.851 -350.367
-541.124 -355.839
-537.816 -360.484
-534.367 -365.355
-529.899 -371.777
-526.889 -375.855
-522.541 -381.854
-518.754 -386.96
-514.637 -392.429
-511.013 -397.204
-506.647 -402.81
-503.166 -407.331
-498.652 -412.935
-493.885 -418.693
-490.225 -423.253
-486.574 -427.793
-481.134 -433.896
-477.398 -438.404
-455.421 -460.165
-448.891 -466.636
-445.64 -469.446
-438.879 -475.837
-435.468 -478.79
-426.979 -486.512
-422.522 -490.278
-417.78 -494.282
-412.327 -498.836
-406.802 -503.358
-399.293 -509.334
-395.723 -512.156
-391.266 -515.675
-385.923 -519.771
-381.388 -523.302
-374.867 -527.998
-344.465 -549.872
-338.507 -553.318
-332.833 -556.46
-326.594 -559.987
-321.523 -562.561
-315.264 -565.966
-309.747 -568.789
-303.954 -571.755
-298.658 -574.372
-292.508 -577.457
-286.325 -580.492
-280.848 -583.098
-276.29 -585.249
-268.983 -588.646
-263.019 -591.357
-257.002 -594.04
-251 -596.666
-244.16 -599.533
-238.809 -601.839
-231.919 -604.589
-226.485 -606.858
-219.529 -609.485
-213.249 -611.875
-206.896 -614.227
-200.462 -616.538
-194.924 -618.653
-188.471 -620.874
-144.858 -631.969
-139.62 -632.771
-130.947 -634.715
-125.615 -635.478
-120.311 -636.254
-112.512 -637.665
-106.118 -638.647
-98.1 -639.927
-94.9567 -640.203
-85.5393 -641.563
-77.7528 -642.544
-72.5256 -643.108
-64.5745 -643.954
-59.0084 -644.506
-53.0847 -645.079
-46.9425 -645.641
-40.1005 -646.174
-33.9903 -646.669
-25.4366 -647.03
-18.4957 -647.363
-11.796 -647.652
-4.43298 -647.823
1.4517 -648.094
8.65348 -648.158
50.0843 -646.522
57.8465 -645.82
62.5683 -644.943
71.5136 -644.114
78.5132 -643.171
85.1079 -642.174
90.8126 -641.178
98.0921 -640.044
101.513 -639.254
110.336 -637.821
118.893 -636.306
120.473 -635.877
128.983 -634.2
136.485 -632.627
143.083 -631.184
149.322 -629.783
156.268 -628.133
163.352 -626.366
169.201 -624.935
176.615 -622.911
182.216 -621.488
188.543 -619.754
195.477 -617.702
200.688 -616.382
208.349 -613.844
214.556 -611.948
253.193 -596.723
261.139 -593.363
267.64 -590.32
273.198 -587.515
278.402 -584.809
283.677 -582.064
291.731 -578.139
296.263 -575.6
302.815 -572.133
308.792 -568.864
314.427 -565.712
319.005 -563.105
326.401 -558.852
329.943 -556.831
337.069 -552.54
343.43 -548.632
348.779 -545.338
353.421 -542.535
360.462 -537.851
365.582 -534.575
371.234 -530.815
376.063 -527.721
380.934 -524.586
386.908 -520.337
417.329 -495.682
420.692 -492.379
425.796 -487.836
431.621 -482.659
437.452 -477.358
442.83 -472.305
446.527 -468.602
453.071 -462.335
458.33 -457.075
461.996 -453.244
466.456 -448.621
471.048 -443.803
474.559 -440.15
482.373 -431.472
485.399 -428.182
489.84 -423.187
495.258 -416.814
499.49 -411.867
502.88 -408.071
507.299 -402.736
511.675 -397.353
516.002 -391.934
538.47 -361.004
541.009 -356.515
544.607 -350.737
549.212 -343.561
551.719 -339.011
554.966 -333.439
558.843 -326.845
561.905 -321.359
565.185 -315.447
568.555 -309.268
570.982 -304.685
573.64 -299.702
577.045 -293.13
580.68 -285.858
583.808 -279.482
586.137 -274.902
589.375 -267.973
591.921 -262.741
595.392 -254.656
598.174 -248.327
601.9 -238.67
603.265 -236.737
606.257 -228.861
620.403 -189.683
622.359 -182.673
623.953 -176.296
625.195 -170.654
626.737 -164.214
628.239 -157.743
629.747 -151.103
631.088 -144.81
632.187 -139.241
633.642 -132.244
634.857 -125.974
636.038 -119.676
637.19 -113.32
638.307 -106.91
639.387 -100.448
640.516 -93.1204
641.436 -87.2056
642.418 -80.0311
643.249 -74.8075
644.126 -67.5724
644.928 -60.3288
645.685 -54.2527
646.354 -46.9707
646.97 -40.0215
647.624 -34.1627
648.158 -27.4071
