781.305 1.9479
781.21 11.6877
780.987 21.3476
780.631 30.744
780.181 40.5058
779.61 50.2749
778.916 59.9717
778.103 69.65
777.175 79.1917
776.116 89.0061
774.975 98.2883
773.698 107.86
772.313 117.353
770.815 126.833
769.174 136.439
767.487 145.699
765.601 155.311
763.652 164.693
761.548 174.189
759.301 183.738
757.081 192.84
754.595 202.346
752.127 211.484
749.434 220.863
746.7 230.047
742.395 243.689
739.318 252.756
736.114 261.876
732.798 270.963
729.378 279.981
725.805 289.114
722.283 297.669
718.485 306.723
714.547 315.802
710.616 324.509
706.555 333.234
702.39 341.908
698.185 350.397
693.712 359.174
689.324 367.524
684.696 376.08
680.016 384.487
675.269 392.786
670.34 401.151
665.271 409.508
660.23 417.622
654.93 425.885
649.688 433.88
644.319 441.852
638.883 449.727
633.154 457.75
627.54 465.476
621.808 473.164
613.095 484.325
606.986 491.948
600.917 499.286
594.661 506.701
588.542 513.728
581.929 521.229
575.511 528.275
568.822 535.471
562.273 542.318
555.591 549.15
548.773 555.958
541.704 562.849
534.932 569.29
527.588 576.1
520.451 582.557
513.359 588.829
506.129 595.072
498.631 601.371
491.269 607.425
483.472 613.636
476.017 619.472
468.183 625.412
460.48 631.133
452.623 636.808
444.675 642.398
433.791 649.761
425.78 655.012
417.577 660.263
409.479 665.291
401.2 670.307
392.986 675.141
384.405 680.067
375.886 684.809
367.453 689.364
358.937 693.833
350.409 698.18
341.413 702.621
332.923 706.688
324.117 710.773
315.329 714.723
306.401 718.6
297.495 722.341
288.613 725.952
279.548 729.498
270.262 732.981
261.249 736.261
248.616 740.747
239.525 743.696
230.355 746.558
220.944 749.399
211.746 752.019
202.707 754.463
193.058 757.003
183.739 759.301
174.243 761.532
164.395 763.74
155.449 765.567
145.809 767.462
136.331 769.196
126.949 770.794
117.355 772.313
107.74 773.713
98.3336 774.971
88.6344 776.141
79.073 777.182
69.4584 778.108
59.9314 778.916
50.27 779.61
40.5963 780.184
31.0015 780.646
21.2172 780.976
11.6354 781.204
1.78297 781.285
-7.90483 781.263
-17.58 781.125
-31.7846 780.718
-41.3111 780.23
-50.9088 779.635
-60.7838 778.938
-70.2552 778.103
-79.7931 777.159
-89.5713 776.094
-98.962 774.923
-108.484 773.634
-117.732 772.261
-127.806 770.673
-137.166 769.049
-146.417 767.334
-155.997 765.444
-165.348 763.481
-174.9 761.35
-184.21 759.159
-193.559 756.838
-202.919 754.39
-212.162 751.86
-221.711 749.09
-230.917 746.32
-240.225 743.38
-249.168 740.474
-258.444 737.289
-267.833 733.912
-276.605 730.713
-285.783 727.17
-298.07 722.157
-307.091 718.363
-315.7 714.584
-324.834 710.494
-333.613 706.403
-342.347 702.202
-350.886 697.957
-359.497 693.554
-368.081 689.032
-376.643 684.387
-385.005 679.714
-393.488 674.838
-401.637 670.023
-410.137 664.852
-418.118 659.873
-426.306 654.618
-434.279 649.373
-442.202 644.026
-450.307 638.38
-458.104 632.833
-466.001 627.044
-473.591 621.378
-484.428 613.035
-491.957 606.981
-499.414 600.834
-506.777 594.609
-514.071 588.291
-521.278 581.892
-528.404 575.408
-535.449 568.841
-542.412 562.19
-549.294 555.457
-556.103 548.631
-562.829 541.724
-569.46 534.748
-576.006 527.692
-582.467 520.557
-588.841 513.344
-595.129 506.054
-601.33 498.687
-607.443 491.244
-613.467 483.724
-619.402 476.13
-625.246 468.46
-631 460.714
-636.667 452.886
-642.249 444.966
-650.163 433.327
-655.595 425.079
-660.666 417.067
-665.891 408.687
-670.864 400.429
-675.676 392.192
-680.504 383.738
-685.216 375.241
-689.775 366.76
-694.122 358.412
-698.435 349.91
-702.739 341.179
-706.931 332.402
-711.002 323.6
-714.962 314.752
-718.75 306.012
-722.443 297.209
-726.158 288.002
-729.57 279.309
-733.039 270.064
-736.263 261.242
-739.458 252.094
-742.602 242.627
-745.534 233.554
-748.339 224.577
-751.093 215.222
-753.737 205.775
-756.255 196.365
-759.771 182.467
-761.945 173.052
-763.985 163.664
-765.887 154.33
-767.818 144.529
-769.567 134.89
-771.108 125.536
-772.542 116.171
-773.967 106.339
-775.205 96.7773
-776.321 87.2444
-777.314 77.7495
-778.239 67.9076
-778.993 58.455
-779.664 48.6937
-780.196 39.1602
-780.618 29.6078
-780.927 20.055
-781.119 10.3127
-781.201 0.820407
-781.158 -8.87541
-780.987 -18.6691
-780.673 -28.661
-780.318 -37.9183
-779.836 -47.3827
-779.191 -57.1171
-778.388 -67.0185
-777.585 -76.356
-776.613 -85.9337
-775.534 -95.4745
-774.319 -105.067
-772.144 -119.437
-770.581 -129.182
-768.908 -138.595
-767.116 -148.086
-765.195 -157.711
-763.196 -166.935
-761.06 -176.354
-758.792 -185.854
-756.386 -195.439
-753.94 -204.576
-751.403 -213.644
-748.597 -223.307
-745.815 -232.394
-742.834 -241.754
-739.871 -250.662
-736.67 -259.919
-733.444 -268.899
-730.025 -278.051
-726.728 -286.639
-722.961 -295.97
-719.265 -304.87
-715.438 -313.767
-711.619 -322.413
-707.412 -331.499
-703.483 -339.89
-698.986 -348.966
-694.932 -357.157
-690.267 -366.03
-685.735 -374.511
-679.003 -386.463
-674.154 -394.828
-669.208 -403.122
-664.165 -411.348
-659.026 -419.508
-653.837 -427.517
-648.542 -435.487
-643.028 -443.587
-637.599 -451.341
-631.915 -459.264
-626.206 -467.018
-620.371 -474.743
-614.504 -482.322
-608.447 -489.945
-602.408 -497.368
-596.164 -504.842
-589.811 -512.255
-583.511 -519.447
-577.127 -526.564
-570.448 -533.789
-563.886 -540.753
-555.194 -549.587
-548.168 -556.606
-541.442 -563.115
-534.243 -569.957
-527.357 -576.315
-519.824 -583.132
-512.665 -589.423
-505.404 -595.657
-497.989 -601.869
-490.488 -607.999
-482.685 -614.211
-475.26 -619.983
-467.669 -625.742
-459.894 -631.489
-452.149 -637.08
-444.101 -642.715
-433.275 -650.21
-425.163 -655.521
-417.024 -660.702
-408.739 -665.849
-400.548 -670.773
-392.157 -675.702
-383.8 -680.462
-375.347 -685.146
-366.912 -689.681
-358.329 -694.17
-349.698 -698.551
-341.111 -702.774
-332.593 -706.839
-323.694 -710.958
-314.913 -714.892
-306.085 -718.721
-297.211 -722.442
-288.2 -726.088
-279.326 -729.565
-270.227 -732.991
-261.267 -736.256
-252.085 -739.46
-242.951 -742.531
-233.773 -745.492
-224.543 -748.345
-215.385 -751.071
-206.079 -753.701
-192.5 -757.21
-183.254 -759.465
-173.582 -761.747
-164.287 -763.773
-154.985 -765.688
-145.36 -767.573
-135.887 -769.294
-126.198 -770.943
-117.08 -772.357
-107.186 -773.797
-97.4672 -775.081
-88.0585 -776.2
-78.3056 -777.244
-68.8329 -778.141
-59.3068 -778.931
-49.7486 -779.609
-40.0923 -780.173
-30.5234 -780.622
-20.6512 -780.941
-10.9716 -781.147
-1.32681 -781.237
8.40601 -781.201
17.9653 -781.067
27.6952 -780.792
41.2156 -780.222
50.9888 -779.64
60.3991 -778.922
70.2933 -778.104
79.9561 -777.159
89.5417 -776.095
99.0239 -774.92
108.673 -773.62
117.832 -772.248
127.624 -770.694
137.369 -769.02
146.261 -767.364
155.965 -765.451
165.506 -763.445
174.941 -761.34
184.287 -759.138
193.71 -756.792
203.121 -754.325
212.34 -751.796
221.721 -749.086
230.872 -746.337
240.068 -743.447
249.324 -740.403
258.339 -737.341
267.592 -734.032
276.634 -730.697
289.311 -725.753
298.479 -722.04
307.423 -718.263
316.205 -714.412
324.906 -710.469
333.559 -706.424
342.48 -702.148
350.946 -697.93
359.603 -693.504
368.139 -689.004
376.58 -684.42
384.852 -679.8
393.389 -674.896
401.428 -670.156
409.83 -665.05
418.092 -659.891
426.181 -654.708
434.132 -649.486
442.304 -643.944
450.186 -638.48
458.073 -632.861
465.802 -627.226
473.478 -621.488
481.211 -615.53
491.682 -607.152
498.952 -601.142
506.36 -594.902
513.772 -588.509
521.106 -582.022
528.307 -575.485
535.229 -569.027
542.405 -562.196
549.355 -555.401
556.035 -548.697
562.731 -541.825
569.368 -534.847
575.791 -527.938
582.641 -520.356
588.846 -513.339
595.135 -506.047
601.457 -498.515
607.562 -491.073
613.487 -483.694
619.445 -476.059
625.314 -468.344
631.091 -460.552
638.855 -449.758
644.255 -441.926
649.671 -433.901
655.121 -425.641
660.215 -417.642
665.311 -409.451
670.377 -401.097
675.257 -392.804
680.056 -384.422
684.773 -375.948
689.273 -367.618
693.705 -359.187
698.123 -350.527
702.46 -341.752
706.644 -333.023
710.636 -324.457
714.627 -315.58
718.443 -306.846
722.259 -297.742
725.896 -288.797
729.54 -279.408
732.819 -270.876
736.174 -261.606
740.684 -248.738
743.717 -239.482
746.599 -230.266
749.329 -221.107
751.995 -211.806
754.552 -202.459
756.993 -193.086
759.305 -183.728
761.475 -174.437
763.578 -164.961
765.545 -155.539
767.4 -146.087
769.139 -136.622
770.765 -127.129
772.274 -117.632
773.679 -108.016
774.951 -98.5585
776.121 -88.9257
777.163 -79.5234
778.1 -69.849
778.918 -60.1769
779.621 -50.6367
780.203 -40.9551
780.666 -31.2748
781.025 -21.7235
781.257 -12.057
