647.22 17.6105
646.863 24.9076
646.359 31.2992
645.726 35.7143
645.212 43.1434
644.617 50.7277
643.94 57.8871
643.191 65.0063
642.425 71.1169
641.448 79.6819
640.751 83.9064
639.796 90.7288
638.871 96.9346
637.901 103.207
636.649 110.714
635.927 115.44
634.454 123.322
633.337 129.473
631.856 136.747
630.083 144.689
629.403 149.028
627.475 156.934
626.569 161.921
624.744 169.152
623.521 174.832
609.513 219.913
607.16 225.244
604.622 231.348
602.001 237.586
599.401 243.548
596.362 250.834
594.649 253.717
591.462 261.045
587.958 268.944
585.37 274.164
582.528 279.953
579.63 285.762
577.237 290.438
573.365 298.009
571.048 302.442
567.484 309.106
564.335 314.913
561.433 320.246
557.82 326.593
553.897 333.249
550.985 338.345
546.754 345.152
543.765 350.214
540.622 355.441
537.572 360.528
532.828 367.436
529.816 372.351
526.581 377.484
497.856 414.04
493.018 419.625
489.163 423.583
484.446 428.775
481.561 431.411
475.208 438.579
471.222 442.572
465.57 448.522
461.855 452.103
457.676 456.22
453.027 460.79
446.825 466.814
443.846 469.65
436.609 476.367
431.821 480.736
428.078 484.191
423.806 488.095
417.822 493.246
413.631 497.004
406.34 502.858
402.611 506.193
396.324 511.143
391.605 515.039
386.094 519.353
380.333 523.727
349.123 544.625
343.938 547.663
337.631 551.499
332.699 554.269
326.84 557.652
321.936 560.367
314.361 564.679
307.72 568.3
302.261 571.161
296.544 574.124
291.039 576.937
281.841 581.477
277.501 583.594
270.933 586.702
264.912 589.507
258.161 592.53
252.027 595.247
246.408 597.74
239.709 600.529
231.293 603.742
225.81 606.01
188.619 619.817
183.065 621.076
176.99 622.562
169.192 624.725
163.494 625.952
159.487 626.581
150.457 628.919
144.464 630.158
137.062 631.773
126.987 634.054
124.635 634.15
116.62 635.673
110.09 636.783
104.477 637.684
97.174 638.831
89.7865 639.913
84.3451 640.703
76.5546 641.695
70.0977 642.498
63.3149 643.269
57.4253 643.964
50.5237 644.634
43.5367 645.24
37.2775 645.815
29.504 646.251
23.4986 646.746
15.1852 646.966
8.41282 647.265
1.79755 647.533
-44.8479 646.365
-50.2392 645.539
-56.4154 644.763
-65.0135 644.026
-70.4 643.123
-76.3416 642.224
-84.4654 641.216
-89.451 640.281
-95.7191 639.259
-99.6721 638.492
-110.937 636.749
-116.329 635.678
-120.98 634.757
-128.716 633.23
-134.642 632.021
-142.508 630.3
-148.51 628.978
-154.957 627.495
-161.71 625.857
-167.671 624.428
-176.497 621.91
-182.604 620.284
-189.938 618.118
-194.309 617.146
-201.817 614.76
-210.628 611.644
-214.581 610.819
-222.247 608.064
-257.994 593.251
-264.885 590.142
-268.657 588.056
-277.478 584.087
-283.794 580.947
-289.978 577.79
-294.885 575.134
-300.909 571.943
-307.109 568.598
-313.653 564.995
-318.868 562.032
-325.636 558.134
-329.977 555.615
-337.875 550.822
-341.704 548.582
-347.86 544.75
-352.687 541.824
-357.578 538.85
-364.833 533.896
-369.959 530.6
-376.482 526.014
-380.925 523.232
-415.099 497.202
-420.205 492.632
-425.201 488.07
-430.121 483.493
-434.976 478.9
-439.766 474.29
-444.486 469.672
-449.156 465.032
-453.766 460.382
-458.319 455.722
-462.792 451.076
-467.217 446.421
-471.585 441.768
-475.884 437.137
-480.143 432.498
-484.359 427.858
-488.56 423.183
-492.763 418.452
-496.917 413.73
-501.081 408.932
-505.227 404.098
-509.388 399.169
-513.53 394.194
-517.691 389.1
-521.878 383.857
-547.932 345.171
-552.51 337.926
-554.883 333.207
-559.336 325.812
-562.479 319.959
-565.089 314.774
-568.637 308.185
-571.998 301.734
-574.93 295.826
-576.873 291.522
-579.362 286.322
-582.607 279.614
-585.74 272.945
-588.702 266.452
-591.515 260.12
-593.737 255.061
-596.025 249.849
-599.394 241.573
-601.062 237.96
-604.1 230.082
-605.945 226.026
-608.454 219.534
-611.447 210.68
-613.509 205.428
-615.388 201.239
-617.758 194.183
-620.108 186.685
-622.286 179.828
-634.196 132.935
-635.281 126.381
-636.184 120.205
-636.853 114.685
-638.696 105.189
-639.924 97.3081
-640.367 91.9586
-640.779 86.8376
-642.06 77.6485
-642.706 70.9394
-643.239 64.5741
-643.666 58.7138
-644.459 49.8361
-644.726 44.4629
-645.215 36.5709
-645.469 30.6994
-645.711 24.7968
-645.939 18.9825
-646.132 11.6354
-646.322 6.35903
-646.425 -0.480138
-646.404 -8.11998
-646.133 -17.5524
-646.4 -20.8821
-646.575 -25.8037
-646.32 -33.2463
-645.71 -42.097
-645.963 -46.3532
-645.776 -52.6766
-645.611 -58.8098
-645.256 -65.4825
-637.226 -115.372
-635.696 -123.954
-634.197 -129.847
-632.61 -136.587
-630.834 -144.625
-629.348 -149.368
-627.621 -155.924
-625.691 -163.332
-623.512 -171.604
-621.913 -176.43
-620.475 -180.767
-617.664 -190.44
-615.97 -195.461
-613.476 -203.145
-612.063 -207.196
-609.578 -214.399
-607.685 -219.815
-605.105 -226.866
-604.364 -229.616
-600.653 -238.828
-598.363 -244.809
-595.833 -251.166
-594.203 -255.795
-590.164 -264.589
-589.272 -267.917
-584.519 -277.405
-584.242 -279.88
-579.694 -288.587
-577.073 -294.409
-555.056 -332.974
-551.341 -338.785
-547.642 -344.425
-543.958 -349.918
-540.241 -355.368
-536.944 -359.994
-533.51 -364.84
-529.05 -371.249
-526.06 -375.297
-521.721 -381.281
-517.949 -386.366
-513.846 -391.817
-510.239 -396.571
-505.886 -402.162
-502.419 -406.667
-497.924 -412.249
-493.162 -418.002
-489.523 -422.54
-485.893 -427.06
-480.463 -433.155
-476.75 -437.643
-454.687 -459.486
-448.156 -465.958
-444.922 -468.75
-438.166 -475.136
-434.785 -478.06
-426.289 -485.789
-421.856 -489.532
-417.135 -493.518
-411.693 -498.062
-406.178 -502.576
-398.671 -508.55
-395.12 -511.358
-390.682 -514.863
-385.352 -518.95
-380.842 -522.464
-374.333 -527.152
-343.816 -549.111
-337.868 -552.549
-332.212 -555.675
-325.989 -559.191
-320.943 -561.746
-314.7 -565.14
-309.205 -567.949
-303.425 -570.906
-298.148 -573.512
-292.01 -576.59
-285.839 -579.617
-280.381 -582.214
-275.855 -584.349
-268.562 -587.739
-262.621 -590.44
-256.627 -593.113
-250.649 -595.73
-243.835 -598.587
-238.506 -600.886
-231.635 -603.63
-226.222 -605.893
-219.3 -608.511
-213.045 -610.896
-206.715 -613.243
-200.297 -615.552
-194.774 -617.665
-188.345 -619.882
-144.515 -631.03
-139.301 -631.823
-130.626 -633.768
-125.319 -634.523
-120.039 -635.292
-112.247 -636.7
-105.87 -637.678
-97.8719 -638.954
-94.7694 -639.22
-85.3551 -640.58
-77.5913 -641.557
-72.3981 -642.116
-64.4613 -642.96
-58.9273 -643.51
-53.033 -644.081
-46.9103 -644.641
-40.1075 -645.174
-34.0179 -645.669
-25.4739 -646.031
-18.555 -646.364
-11.8872 -646.656
-4.53499 -646.828
1.31173 -647.103
8.50108 -647.169
50.1225 -645.522
57.8853 -644.821
62.5854 -643.943
71.5407 -643.114
78.5268 -642.171
85.105 -641.174
90.7791 -640.179
98.0396 -639.046
101.413 -638.259
110.221 -636.828
118.768 -635.313
120.296 -634.892
128.797 -633.218
136.274 -631.65
142.849 -630.211
149.063 -628.817
155.989 -627.173
163.047 -625.414
168.875 -623.989
176.267 -621.973
181.839 -620.562
188.144 -618.837
195.06 -616.793
200.241 -615.487
207.897 -612.952
214.087 -611.065
252.907 -595.765
260.852 -592.405
267.341 -589.366
272.879 -586.567
278.061 -583.868
283.316 -581.132
291.354 -577.213
295.868 -574.681
302.388 -571.229
308.344 -567.971
313.954 -564.831
318.509 -562.236
325.888 -557.993
329.408 -555.986
336.53 -551.698
342.875 -547.8
348.208 -544.516
352.83 -541.728
359.864 -537.05
364.961 -533.791
370.595 -530.045
375.408 -526.965
380.257 -523.85
386.217 -519.614
416.761 -494.859
420.092 -491.579
425.185 -487.045
431.005 -481.872
436.83 -476.576
442.199 -471.529
445.875 -467.844
452.413 -461.582
457.651 -456.341
461.297 -452.528
465.739 -447.924
470.313 -443.124
473.805 -439.492
481.616 -430.819
484.621 -427.554
489.046 -422.578
494.462 -416.21
498.684 -411.276
502.057 -407.503
506.468 -402.18
510.836 -396.808
515.151 -391.408
537.707 -360.356
540.235 -355.882
543.813 -350.128
548.408 -342.966
550.9 -338.437
554.138 -332.879
558.001 -326.305
561.049 -320.842
564.322 -314.943
567.681 -308.782
570.099 -304.215
572.746 -299.254
576.146 -292.691
579.778 -285.425
582.897 -279.069
585.215 -274.516
588.442 -267.611
590.978 -262.409
594.445 -254.333
597.223 -248.019
600.952 -238.352
602.303 -236.466
605.293 -228.594
619.5 -189.252
621.445 -182.266
623.032 -175.905
624.263 -170.291
625.8 -163.865
627.295 -157.416
628.792 -150.805
630.126 -144.537
631.219 -138.988
632.669 -132.012
633.879 -125.767
635.057 -119.485
636.205 -113.147
637.32 -106.754
638.397 -100.309
639.524 -92.9927
640.441 -87.1074
641.421 -79.9541
642.25 -74.7651
643.126 -67.5508
643.929 -60.3364
644.685 -54.2806
645.355 -47.0115
645.972 -40.0774
646.627 -34.2414
647.163 -27.502
