646.226 17.7173
645.867 24.9955
645.361 31.3622
644.726 35.7444
644.212 43.1562
643.617 50.7243
642.94 57.872
642.191 64.9789
641.426 71.0696
640.45 79.6235
639.755 83.8228
638.803 90.614
637.881 96.7926
636.914 103.046
635.666 110.528
634.952 115.216
633.483 123.084
632.373 129.207
630.897 136.463
629.126 144.399
628.459 148.698
626.533 156.599
625.633 161.567
623.815 168.781
622.598 174.447
608.531 219.724
606.184 225.025
603.651 231.106
601.037 237.322
598.443 243.26
595.412 250.524
593.712 253.368
590.527 260.691
587.029 268.574
584.449 273.774
581.614 279.547
578.723 285.34
576.342 289.992
572.472 297.559
570.168 301.967
566.613 308.615
563.473 314.407
560.581 319.721
556.975 326.058
553.057 332.706
550.157 337.785
545.938 344.573
542.963 349.617
539.842 354.815
536.805 359.886
532.069 366.785
529.077 371.677
525.862 376.789
497.015 413.498
492.188 419.067
488.352 422.998
483.648 428.173
480.785 430.78
474.439 437.939
470.468 441.915
464.825 447.856
461.134 451.41
456.97 455.512
452.333 460.07
446.127 466.098
443.166 468.916
435.918 475.644
431.142 480.002
427.414 483.444
423.171 487.323
417.192 492.469
413.026 496.208
405.751 502.049
402.046 505.368
395.776 510.306
391.082 514.187
385.581 518.494
379.846 522.854
348.505 543.839
343.343 546.859
337.052 550.684
332.153 553.432
326.306 556.806
321.43 559.505
313.87 563.808
307.237 567.425
301.795 570.276
296.094 573.23
290.607 576.035
281.395 580.582
277.081 582.687
270.524 585.79
264.519 588.587
257.777 591.607
251.657 594.318
246.065 596.801
239.384 599.583
230.989 602.79
225.535 605.049
188.195 618.912
182.662 620.161
176.611 621.636
168.834 623.792
163.155 625.011
159.183 625.629
150.164 627.963
144.198 629.195
136.812 630.805
126.742 633.084
124.429 633.171
116.419 634.693
109.913 635.799
104.315 636.698
97.0319 637.842
89.648 638.923
84.2312 639.709
76.4494 640.7
70.01 641.502
63.2423 642.271
57.3747 642.965
50.4954 643.635
43.5295 644.24
37.2974 644.816
29.539 645.252
23.5628 645.748
15.2601 645.969
8.51083 646.27
1.91945 646.541
-44.9256 645.368
-50.2835 644.54
-56.4322 643.763
-65.0215 643.026
-70.3748 642.123
-76.288 641.225
-84.399 640.218
-89.3487 639.286
-95.5911 638.268
-99.5168 637.504
-110.792 635.76
-116.159 634.693
-120.781 633.778
-128.509 632.252
-134.422 631.045
-142.28 629.327
-148.262 628.01
-154.693 626.53
-161.432 624.896
-167.381 623.471
-176.194 620.957
-182.276 619.34
-189.594 617.178
-193.928 616.222
-201.421 613.842
-210.222 610.731
-214.142 609.92
-221.79 607.175
-257.683 592.301
-264.55 589.2
-268.29 587.125
-277.103 583.16
-283.4 580.028
-289.571 576.876
-294.45 574.234
-300.453 571.053
-306.634 567.718
-313.155 564.127
-318.353 561.175
-325.1 557.29
-329.425 554.781
-337.334 549.981
-341.143 547.754
-347.297 543.924
-352.106 541.01
-356.978 538.05
-364.233 533.096
-369.335 529.818
-375.847 525.242
-380.262 522.484
-414.576 496.35
-419.662 491.793
-424.638 487.243
-429.537 482.681
-434.373 478.102
-439.143 473.507
-443.843 468.905
-448.495 464.282
-453.091 459.644
-457.62 455.006
-462.081 450.372
-466.494 445.73
-470.85 441.09
-475.137 436.472
-479.385 431.846
-483.59 427.219
-487.775 422.565
-491.967 417.847
-496.1 413.152
-500.256 408.368
-504.383 403.562
-508.535 398.647
-512.669 393.686
-516.822 388.605
-521.002 383.375
-547.172 344.522
-551.743 337.284
-554.094 332.593
-558.541 325.205
-561.669 319.373
-564.261 314.213
-567.798 307.64
-571.149 301.206
-574.068 295.319
-575.992 291.049
-578.467 285.876
-581.703 279.185
-584.828 272.534
-587.782 266.06
-590.59 259.741
-592.803 254.705
-595.083 249.514
-598.456 241.229
-600.114 237.641
-603.155 229.757
-604.989 225.731
-607.492 219.259
-610.482 210.418
-612.539 205.188
-614.409 201.038
-616.775 193.999
-619.123 186.517
-621.297 179.68
-633.26 132.583
-634.337 126.053
-635.231 119.902
-635.892 114.407
-637.734 104.914
-638.962 97.0322
-639.399 91.7086
-639.804 86.615
-641.081 77.4481
-641.723 70.7548
-642.252 64.416
-642.674 58.5857
-643.466 49.7171
-643.73 44.3775
-644.218 36.4933
-644.47 30.6432
-644.712 24.7618
-644.94 18.9694
-645.132 11.632
-645.322 6.3894
-645.426 -0.427925
-645.406 -8.05164
-645.136 -17.4734
-645.407 -20.7637
-645.587 -25.6493
-645.335 -33.0745
-644.726 -41.9189
-644.987 -46.1338
-644.807 -52.4315
-644.646 -58.5468
-644.296 -65.2032
-636.227 -115.325
-634.697 -123.904
-633.2 -129.768
-631.615 -136.484
-629.84 -144.517
-628.358 -149.231
-626.633 -155.772
-624.704 -163.173
-622.525 -171.444
-620.932 -176.235
-619.502 -180.533
-616.691 -190.208
-615.005 -195.197
-612.515 -202.869
-611.114 -206.88
-608.634 -214.068
-606.752 -219.456
-604.178 -226.49
-603.454 -229.201
-599.746 -238.406
-597.467 -244.365
-594.947 -250.701
-593.331 -255.305
-589.297 -264.092
-588.425 -267.386
-583.678 -276.865
-583.423 -279.307
-578.874 -288.014
-576.264 -293.821
-554.143 -332.566
-550.434 -338.364
-546.742 -343.99
-543.064 -349.469
-539.355 -354.905
-536.073 -359.503
-532.653 -364.325
-528.205 -370.713
-525.23 -374.739
-520.901 -380.709
-517.144 -385.773
-513.054 -391.206
-509.465 -395.938
-505.125 -401.513
-501.678 -405.995
-497.195 -411.564
-492.446 -417.304
-488.828 -421.821
-485.22 -426.321
-479.799 -432.407
-476.108 -436.876
-453.953 -458.807
-447.42 -465.281
-444.205 -468.053
-437.453 -474.435
-434.101 -477.33
-425.599 -485.065
-421.189 -488.787
-416.49 -492.754
-411.065 -497.284
-405.554 -501.795
-398.05 -507.767
-394.524 -510.555
-390.098 -514.052
-384.787 -518.125
-380.303 -521.622
-373.805 -526.303
-343.167 -548.35
-337.228 -551.78
-331.593 -554.89
-325.385 -558.394
-320.363 -560.932
-314.136 -564.314
-308.663 -567.108
-302.897 -570.056
-297.638 -572.652
-291.512 -575.723
-285.354 -578.743
-279.913 -581.33
-275.421 -583.448
-268.14 -586.832
-262.223 -589.523
-256.253 -592.186
-250.29 -594.796
-243.503 -597.644
-238.203 -599.934
-231.35 -602.672
-225.967 -604.926
-219.064 -607.54
-212.84 -609.917
-206.534 -612.26
-200.132 -614.565
-194.623 -616.676
-188.219 -618.89
-144.163 -630.094
-138.982 -630.875
-130.306 -632.821
-125.023 -633.568
-119.767 -634.33
-111.982 -635.736
-105.629 -636.708
-97.6439 -637.98
-94.5822 -638.238
-85.1788 -639.596
-77.4298 -640.57
-72.2706 -641.125
-64.348 -641.967
-58.8462 -642.513
-52.9813 -643.082
-46.8866 -643.642
-40.1066 -644.174
-34.0455 -644.67
-25.5112 -645.031
-18.6143 -645.366
-11.9784 -645.66
-4.63688 -645.833
1.1719 -646.113
8.34884 -646.181
50.1606 -644.523
57.9239 -643.822
62.6025 -642.943
71.5676 -642.114
78.5403 -641.171
85.0946 -640.174
90.7454 -639.179
97.9793 -638.047
101.314 -637.264
110.106 -635.835
118.643 -634.321
120.128 -633.907
128.603 -632.237
136.063 -630.672
142.616 -629.239
148.804 -627.851
155.71 -626.213
162.749 -624.459
168.55 -623.043
175.926 -621.033
181.47 -619.632
187.752 -617.917
194.649 -615.881
199.801 -614.589
207.444 -612.06
213.619 -610.181
252.622 -594.807
260.565 -591.447
267.042 -588.412
272.56 -585.619
277.721 -582.928
282.955 -580.199
290.977 -576.286
295.467 -573.765
301.969 -570.321
307.895 -567.077
313.49 -563.946
318.014 -561.367
325.382 -557.131
328.865 -555.147
335.991 -550.856
342.32 -546.969
347.638 -543.695
352.24 -540.921
359.265 -536.249
364.34 -533.007
369.957 -529.275
374.746 -526.215
379.573 -523.12
385.521 -518.897
416.187 -494.041
419.492 -490.779
424.574 -486.253
430.388 -481.084
436.207 -475.793
441.568 -470.754
445.223 -467.086
451.754 -460.829
456.978 -455.601
460.599 -451.812
465.022 -447.227
469.578 -442.446
473.052 -438.835
480.854 -430.172
483.842 -426.925
488.253 -421.97
493.665 -415.605
497.877 -410.686
501.233 -406.935
505.636 -401.624
509.997 -396.264
514.301 -390.881
536.951 -359.703
539.461 -355.249
543.015 -349.526
547.61 -342.364
550.081 -337.863
553.305 -332.326
557.159 -325.766
560.193 -320.325
563.458 -314.438
566.811 -308.289
569.216 -303.746
571.852 -298.805
575.247 -292.253
578.877 -284.993
581.986 -278.657
584.29 -274.136
587.51 -267.249
590.035 -262.077
593.499 -254.009
596.272 -247.711
600.001 -238.042
601.34 -236.195
604.327 -228.334
618.599 -188.819
620.531 -181.86
622.113 -175.512
623.329 -169.935
624.862 -163.516
626.347 -157.096
627.837 -150.507
629.166 -144.255
630.252 -138.736
631.697 -131.78
632.9 -125.559
634.075 -119.295
635.22 -112.973
636.332 -106.598
637.407 -100.17
638.531 -92.8731
639.445 -87.0174
640.423 -79.8854
641.251 -74.7226
642.126 -67.5376
642.929 -60.3439
643.685 -54.3084
644.356 -47.0521
644.973 -40.1331
645.63 -34.3199
646.167 -27.5969
