645.231 17.8239
644.871 25.0834
644.363 31.425
643.727 35.7743
643.212 43.161
642.617 50.7209
641.94 57.8568
641.192 64.9515
640.427 71.0222
639.451 79.5734
638.759 83.7312
637.809 90.4991
636.892 96.6505
635.928 102.877
634.684 110.341
633.977 114.992
632.511 122.845
631.409 128.942
629.938 136.179
628.172 144.102
627.515 148.369
625.591 156.264
624.701 161.206
622.886 168.41
621.678 174.055
607.551 219.527
605.208 224.806
602.681 230.864
600.072 237.057
597.486 242.972
594.458 250.221
592.775 253.02
589.591 260.337
586.1 268.204
583.528 273.383
580.697 279.148
577.813 284.925
575.447 289.546
571.579 297.11
569.284 301.5
565.742 308.123
562.611 313.9
559.73 319.197
556.13 325.523
552.221 332.157
549.329 337.224
545.123 343.995
542.165 349.014
539.062 354.19
536.038 359.245
531.309 366.135
528.344 370.997
525.142 376.095
496.175 412.956
491.358 418.51
487.541 422.413
482.85 427.57
480.015 430.142
473.671 437.3
469.715 441.257
464.079 447.189
460.419 450.712
456.264 454.804
451.639 459.35
445.428 465.383
442.487 468.183
435.227 474.921
430.464 479.268
426.755 482.691
422.536 486.55
416.569 491.687
412.421 495.412
405.156 501.246
401.481 504.543
395.223 509.474
390.552 513.339
385.076 517.631
379.358 521.98
347.893 543.048
342.755 546.05
336.473 549.869
331.599 552.599
325.773 555.96
320.924 558.642
313.371 562.941
306.746 566.553
301.322 569.395
295.644 572.337
290.168 575.137
280.949 579.687
276.661 581.779
270.116 584.877
264.125 587.668
257.394 590.683
251.288 593.389
245.721 595.861
239.059 598.638
230.685 601.837
225.252 604.089
187.763 618.01
182.258 619.246
176.233 620.711
168.467 622.861
162.817 624.069
158.887 624.673
149.871 627.007
143.931 628.231
136.563 629.837
126.489 632.117
124.222 632.193
116.218 633.714
109.728 634.816
104.154 635.711
96.8818 636.853
89.5095 637.933
84.1174 638.716
76.3442 639.706
69.9223 640.505
63.1698 641.274
57.324 641.966
50.459 642.635
43.5221 643.24
37.3173 643.816
29.5739 644.252
23.6269 644.75
15.3435 644.973
8.60872 645.275
2.04121 645.548
-44.9957 644.371
-50.3276 643.541
-56.4489 642.764
-65.0293 642.026
-70.3417 641.124
-76.243 640.226
-84.3326 639.22
-89.2549 638.29
-95.4715 637.275
-99.3615 636.516
-110.646 634.77
-115.989 633.708
-120.589 632.796
-128.301 631.274
-134.201 630.07
-142.052 628.353
-148.014 627.041
-154.428 625.566
-161.153 623.936
-167.084 622.516
-175.891 620.004
-181.948 618.395
-189.251 616.239
-193.545 615.298
-201.025 612.924
-209.816 609.817
-213.703 609.022
-221.339 606.283
-257.371 591.351
-264.223 588.255
-267.923 586.195
-276.735 582.23
-283.005 579.109
-289.157 575.966
-294.014 573.333
-299.997 570.163
-306.159 566.838
-312.658 563.26
-317.831 560.322
-324.564 556.446
-328.874 553.947
-336.793 549.14
-340.582 546.926
-346.735 543.097
-351.531 540.192
-356.384 537.245
-363.632 532.297
-368.712 529.036
-375.211 524.47
-379.599 521.735
-414.052 495.498
-419.118 490.953
-424.074 486.417
-428.954 481.869
-433.769 477.305
-438.52 472.725
-443.201 468.139
-447.833 463.532
-452.417 458.905
-456.922 454.291
-461.371 449.669
-465.771 445.039
-470.116 440.412
-474.391 435.806
-478.627 431.193
-482.82 426.58
-486.989 421.946
-491.166 417.248
-495.284 412.574
-499.425 407.811
-503.543 403.019
-507.682 398.125
-511.807 393.178
-515.953 388.11
-520.126 382.893
-546.411 343.873
-550.976 336.643
-553.304 331.979
-557.741 324.605
-560.858 318.787
-563.433 313.652
-566.96 307.095
-570.296 300.684
-573.201 294.82
-575.111 290.577
-577.571 285.431
-580.803 278.75
-583.916 272.123
-586.858 265.677
-589.664 259.363
-591.868 254.348
-594.141 249.18
-597.517 240.885
-599.166 237.322
-602.209 229.432
-604.037 225.427
-606.53 218.985
-609.517 210.156
-611.568 204.948
-613.431 200.829
-615.792 193.816
-618.137 186.348
-620.308 179.531
-632.324 132.232
-633.392 125.725
-634.278 119.6
-634.931 114.129
-636.775 104.63
-638.001 96.7564
-638.43 91.4587
-638.828 86.3999
-640.103 77.2394
-640.74 70.5703
-641.265 64.258
-641.682 58.4576
-642.473 49.5982
-642.734 44.292
-643.22 36.4237
-643.472 30.587
-643.712 24.7268
-643.94 18.9563
-644.132 11.637
-644.323 6.41971
-644.428 -0.375783
-644.408 -7.98337
-644.139 -17.3944
-644.414 -20.6455
-644.598 -25.5025
-644.35 -32.9028
-643.742 -41.7409
-644.012 -45.9146
-643.835 -52.1937
-643.682 -58.2821
-643.338 -64.9154
-635.228 -115.279
-633.698 -123.854
-632.204 -129.689
-630.62 -136.381
-628.846 -144.408
-627.367 -149.094
-625.645 -155.62
-623.717 -163.013
-621.537 -171.284
-619.953 -176.032
-618.53 -180.299
-615.718 -189.977
-614.041 -194.932
-611.553 -202.593
-610.166 -206.564
-607.691 -213.736
-605.818 -219.097
-603.251 -226.115
-602.544 -228.785
-598.839 -237.984
-596.572 -243.92
-594.062 -250.237
-592.463 -254.809
-588.429 -263.594
-587.582 -266.848
-582.832 -276.331
-582.603 -278.733
-578.05 -287.447
-575.455 -293.234
-553.23 -332.158
-549.527 -337.942
-545.841 -343.555
-542.171 -349.02
-538.473 -354.435
-535.201 -359.013
-531.796 -363.809
-527.361 -370.178
-524.395 -374.188
-520.081 -380.136
-516.34 -385.179
-512.263 -390.595
-508.686 -395.311
-504.358 -400.871
-500.936 -405.324
-496.467 -410.879
-491.729 -416.607
-488.132 -421.103
-484.54 -425.587
-479.134 -431.66
-475.466 -436.109
-453.218 -458.128
-446.685 -464.603
-443.487 -467.357
-436.746 -473.728
-433.418 -476.6
-424.915 -484.336
-420.528 -488.037
-415.851 -491.984
-410.437 -496.506
-404.936 -501.008
-397.428 -506.984
-393.927 -509.752
-389.521 -513.235
-384.223 -517.299
-379.764 -520.779
-373.278 -525.453
-342.511 -547.595
-336.589 -551.011
-330.973 -554.106
-324.787 -557.593
-319.784 -560.117
-313.572 -563.488
-308.122 -566.268
-302.369 -569.207
-297.12 -571.796
-291.014 -574.856
-284.868 -577.869
-279.446 -580.446
-274.978 -582.552
-267.726 -585.922
-261.824 -588.605
-255.878 -591.259
-249.932 -593.863
-243.17 -596.701
-237.899 -598.981
-231.066 -601.713
-225.712 -603.959
-218.828 -606.568
-212.628 -608.94
-206.346 -611.277
-199.967 -613.579
-194.481 -615.686
-188.093 -617.898
-143.819 -629.155
-138.663 -629.927
-129.986 -631.873
-124.726 -632.613
-119.496 -633.367
-111.716 -634.772
-105.388 -635.737
-97.416 -637.006
-94.3946 -637.256
-85.0026 -638.611
-77.2684 -639.583
-72.1431 -640.133
-64.2348 -640.973
-58.7651 -641.516
-52.9296 -642.083
-46.8627 -642.642
-40.1055 -643.174
-34.0729 -643.67
-25.5483 -644.032
-18.6734 -644.368
-12.0618 -644.664
-4.73866 -644.839
1.03952 -645.122
8.19674 -645.193
50.1985 -643.524
57.9624 -642.823
62.6194 -641.943
71.5943 -641.115
78.5536 -640.171
85.084 -639.174
90.704 -638.18
97.9189 -637.049
101.215 -636.269
109.991 -634.841
118.519 -633.329
119.96 -632.921
128.408 -631.256
135.853 -629.695
142.382 -628.267
148.545 -626.885
155.431 -625.252
162.452 -623.505
168.226 -622.097
175.586 -620.093
181.101 -618.703
187.36 -616.997
194.239 -614.969
199.36 -613.692
206.992 -611.168
213.15 -609.297
252.345 -593.846
260.278 -590.489
266.75 -587.455
272.249 -584.669
277.388 -581.985
282.594 -579.267
290.608 -575.357
295.065 -572.85
301.549 -569.414
307.454 -566.179
313.025 -563.06
317.519 -560.499
324.876 -556.268
328.322 -554.307
335.444 -550.018
341.765 -546.137
347.068 -542.874
351.649 -540.114
358.666 -535.448
363.719 -532.223
369.319 -528.505
374.091 -525.46
378.89 -522.39
384.824 -518.179
415.612 -493.223
418.892 -489.979
423.97 -485.456
429.771 -480.297
435.585 -475.01
440.936 -469.978
444.57 -466.328
451.096 -460.076
456.306 -454.861
459.901 -451.096
464.305 -446.53
468.844 -441.768
472.293 -438.184
480.096 -429.519
483.064 -426.297
487.459 -421.361
492.864 -415.007
497.065 -410.102
500.41 -406.367
504.805 -401.068
509.154 -395.727
513.455 -390.348
536.194 -359.049
538.681 -354.623
542.222 -348.917
546.811 -341.762
549.262 -337.289
552.472 -331.772
556.317 -325.226
559.337 -319.808
562.595 -313.934
565.941 -307.796
568.333 -303.276
570.959 -298.357
574.349 -291.815
577.975 -284.56
581.075 -278.245
583.365 -273.757
586.578 -266.887
589.092 -261.744
592.553 -253.686
595.32 -247.402
599.05 -237.732
600.378 -235.924
603.362 -228.075
617.697 -188.387
619.621 -181.445
621.193 -175.12
622.397 -169.571
623.923 -163.174
625.4 -156.776
626.88 -150.217
628.204 -143.981
629.284 -138.484
630.724 -131.547
631.922 -125.352
633.093 -119.105
634.235 -112.8
635.344 -106.442
636.417 -100.031
637.539 -92.7535
638.449 -86.9274
639.425 -79.8167
640.251 -74.6885
641.126 -67.5243
641.929 -60.3513
642.686 -54.3447
643.357 -47.1012
643.975 -40.1974
644.633 -34.3983
645.172 -27.7004
