644.237 17.9305
643.875 25.171
643.364 31.4877
642.727 35.7963
642.212 43.1657
641.617 50.7174
640.94 57.8415
640.192 64.9239
639.428 70.9747
638.452 79.5232
637.763 83.6396
636.816 90.3842
635.902 96.5085
634.942 102.708
633.703 110.146
633.003 114.769
631.54 122.607
630.445 128.676
628.979 135.895
627.217 143.804
626.571 148.039
624.649 155.929
623.769 160.844
621.958 168.039
620.758 173.663
606.57 219.331
604.234 224.579
601.713 230.615
599.108 236.793
596.53 242.676
593.508 249.911
591.838 252.671
588.656 259.984
585.171 267.834
582.608 272.993
579.78 278.75
576.903 284.51
574.548 289.108
570.685 296.66
568.4 301.032
564.867 307.639
561.749 313.394
558.878 318.672
555.285 324.988
551.386 331.608
548.501 336.664
544.307 343.416
541.367 348.411
538.282 353.564
535.271 358.603
530.555 365.478
527.61 370.317
524.423 375.4
495.335 412.414
490.528 417.952
486.73 421.828
482.052 426.968
479.239 429.511
472.902 436.66
468.961 440.6
463.334 446.522
459.698 450.019
455.558 454.096
450.946 458.63
444.73 464.667
441.807 467.449
434.536 474.198
429.785 478.533
426.097 481.939
421.901 485.778
415.945 490.906
411.822 494.61
404.56 500.442
400.915 503.719
394.669 508.641
390.022 512.491
384.565 516.772
378.864 521.111
347.282 542.257
342.167 545.241
335.9 549.049
331.053 551.761
325.239 555.114
320.417 557.78
312.872 562.074
306.256 565.682
300.849 568.514
295.187 571.448
289.728 574.239
280.509 578.789
276.241 580.872
269.707 583.965
263.732 586.749
257.017 589.757
250.927 592.456
245.386 594.919
238.742 597.689
230.374 600.887
224.969 603.13
187.331 617.108
181.855 618.331
175.855 619.785
168.101 621.931
162.479 623.128
158.583 623.721
149.578 626.051
143.665 627.267
136.313 628.868
126.236 631.15
124.015 631.215
116.016 632.734
109.543 633.833
103.992 634.724
96.7317 635.864
89.379 636.941
84.0035 637.722
76.2472 638.71
69.8345 639.509
63.0971 640.277
57.2732 640.968
50.4225 641.636
43.5067 642.24
37.3292 642.816
29.6173 643.253
23.6919 643.752
15.4192 643.976
8.71522 644.281
2.17158 644.557
-45.0657 643.373
-50.364 642.542
-56.4655 641.764
-65.0293 641.026
-70.3085 640.125
-76.1899 639.228
-84.2582 638.223
-89.1611 637.295
-95.3518 636.282
-99.2062 635.528
-110.501 633.781
-115.827 632.721
-120.398 631.815
-128.093 630.295
-133.98 629.095
-141.824 627.38
-147.766 626.072
-154.164 624.601
-160.875 622.975
-166.786 621.562
-175.588 619.051
-181.62 617.45
-188.907 615.3
-193.163 614.374
-200.629 612.005
-209.409 608.903
-213.264 608.123
-220.889 605.39
-257.06 590.4
-263.889 587.313
-267.556 585.265
-276.368 581.3
-282.61 578.19
-288.742 575.056
-293.571 572.437
-299.541 569.273
-305.677 565.962
-312.16 562.393
-317.308 559.47
-324.028 555.601
-328.322 553.113
-336.251 548.299
-340.022 546.098
-346.172 542.271
-350.956 539.374
-355.791 536.44
-363.038 531.492
-368.094 528.25
-374.576 523.698
-378.936 520.986
-413.536 494.642
-418.568 490.118
-423.51 485.591
-428.37 481.057
-433.173 476.502
-437.897 471.943
-442.565 467.367
-447.172 462.782
-451.743 458.167
-456.223 453.575
-460.66 448.966
-465.048 444.348
-469.381 439.733
-473.639 435.147
-477.869 430.541
-482.051 425.941
-486.204 421.327
-490.365 416.65
-494.468 411.996
-498.594 407.254
-502.699 402.483
-506.829 397.603
-510.946 392.669
-515.084 387.615
-519.25 382.411
-545.656 343.217
-550.204 336.007
-552.521 331.358
-556.941 324.005
-560.044 318.207
-562.601 313.098
-566.117 306.557
-569.442 300.163
-572.335 294.32
-574.23 290.104
-576.68 284.979
-579.903 278.314
-583.005 271.712
-585.938 265.285
-588.735 258.992
-590.931 253.999
-593.199 248.844
-596.578 240.54
-598.219 237.002
-601.263 229.106
-603.081 225.132
-605.571 218.703
-608.552 209.894
-610.597 204.709
-612.453 200.62
-614.811 193.625
-617.152 186.172
-619.319 179.382
-631.385 131.887
-632.447 125.397
-633.325 119.298
-633.971 113.852
-635.816 104.347
-637.04 96.4809
-637.462 91.209
-637.851 86.185
-639.125 77.0309
-639.757 70.3859
-640.277 64.1001
-640.691 58.3212
-641.479 49.4872
-641.737 44.2066
-642.223 36.3541
-642.473 30.539
-642.713 24.6918
-642.94 18.9431
-643.132 11.642
-643.323 6.44996
-643.429 -0.33177
-643.411 -7.90655
-643.142 -17.3154
-643.42 -20.5351
-643.609 -25.3558
-643.364 -32.7388
-642.76 -41.5544
-643.034 -45.7027
-642.864 -51.956
-642.717 -58.0177
-642.38 -64.6278
-634.229 -115.233
-632.699 -123.804
-631.207 -129.609
-629.625 -136.278
-627.852 -144.299
-626.377 -148.957
-624.656 -155.468
-622.73 -162.853
-620.55 -171.123
-618.974 -175.829
-617.556 -180.073
-614.745 -189.745
-613.077 -194.668
-610.592 -202.317
-609.214 -206.256
-606.75 -213.398
-604.882 -218.745
-602.328 -225.732
-601.635 -228.37
-597.932 -237.563
-595.676 -243.475
-593.176 -249.773
-591.591 -254.319
-587.562 -263.096
-586.739 -266.309
-581.987 -275.797
-581.784 -278.16
-577.226 -286.881
-574.641 -292.652
-552.317 -331.75
-548.62 -337.521
-544.941 -343.119
-541.278 -348.57
-537.59 -353.965
-534.33 -358.522
-530.935 -363.301
-526.516 -369.642
-523.561 -373.637
-519.257 -379.57
-515.53 -384.592
-511.466 -389.99
-507.906 -394.685
-503.592 -400.229
-500.19 -404.659
-495.739 -410.193
-491.013 -415.909
-487.431 -420.39
-483.861 -424.853
-478.464 -430.918
-474.819 -435.347
-452.478 -457.455
-445.95 -463.925
-442.77 -466.661
-436.033 -473.027
-432.735 -475.87
-424.23 -483.606
-419.867 -487.286
-415.212 -491.215
-409.809 -495.727
-404.319 -500.222
-396.806 -506.2
-393.331 -508.95
-388.944 -512.418
-383.658 -516.474
-379.218 -519.942
-372.751 -524.603
-341.856 -546.84
-335.956 -550.237
-330.359 -553.316
-324.188 -556.792
-319.21 -559.297
-313.015 -562.658
-307.573 -565.432
-301.841 -568.358
-296.603 -570.941
-290.508 -573.993
-284.383 -576.995
-278.986 -579.558
-274.543 -581.651
-267.312 -585.012
-261.433 -587.685
-255.495 -590.335
-249.573 -592.93
-242.845 -595.756
-237.596 -598.028
-230.781 -600.754
-225.449 -602.994
-218.592 -605.596
-212.416 -607.963
-206.167 -610.294
-199.802 -612.593
-194.338 -614.697
-187.967 -616.906
-143.475 -628.216
-138.344 -628.98
-129.665 -630.926
-124.43 -631.657
-119.224 -632.405
-111.452 -633.808
-105.148 -634.766
-97.1882 -636.033
-94.207 -636.273
-84.8264 -637.627
-77.107 -638.597
-72.0157 -639.141
-64.1217 -639.98
-58.684 -640.519
-52.8696 -641.085
-46.8389 -641.642
-40.0965 -642.174
-34.1002 -642.671
-25.5853 -643.033
-18.7325 -643.37
-12.1452 -643.667
-4.84031 -643.844
0.907268 -644.131
8.04478 -644.204
50.2363 -642.524
58.0007 -641.823
62.6362 -640.943
71.6209 -640.115
78.5668 -639.171
85.0733 -638.174
90.6624 -637.181
97.8584 -636.051
101.115 -635.274
109.876 -633.848
118.394 -632.337
119.784 -631.936
128.214 -630.275
135.642 -628.717
142.148 -627.294
148.286 -625.919
155.152 -624.292
162.146 -622.552
167.901 -621.152
175.245 -619.153
180.733 -617.773
186.969 -616.077
193.821 -614.061
198.92 -612.794
206.54 -610.276
212.682 -608.414
252.068 -592.885
259.99 -589.531
266.459 -586.498
271.938 -583.718
277.055 -581.042
282.234 -578.334
290.239 -574.428
294.663 -571.934
301.13 -568.506
307.013 -565.282
312.56 -562.175
317.023 -559.63
324.37 -555.406
327.78 -553.466
334.898 -549.181
341.21 -545.305
346.497 -542.052
351.058 -539.307
358.068 -534.647
363.105 -531.435
368.687 -527.73
373.435 -524.705
378.212 -521.655
384.133 -517.456
415.044 -492.4
418.299 -489.174
423.365 -484.659
429.161 -479.505
434.962 -474.228
440.304 -469.203
443.924 -465.565
450.438 -459.324
455.633 -454.121
459.203 -450.381
463.587 -445.833
468.109 -441.09
471.539 -437.527
479.339 -428.866
482.286 -425.669
486.666 -420.753
492.062 -414.409
496.253 -409.518
499.582 -405.807
503.974 -400.512
508.31 -395.19
512.604 -389.823
535.437 -358.395
537.902 -353.996
541.429 -348.308
546.012 -341.16
548.443 -336.715
551.639 -331.219
555.475 -324.687
558.481 -319.291
561.731 -313.43
565.071 -307.303
567.45 -302.807
570.065 -297.909
573.45 -291.376
577.073 -284.128
580.164 -277.832
582.439 -273.378
585.646 -266.525
588.146 -261.42
591.606 -253.363
594.367 -247.102
598.1 -237.423
599.413 -235.661
602.396 -227.816
616.795 -187.955
618.711 -181.031
620.273 -174.728
621.466 -169.207
622.983 -162.832
624.452 -156.457
625.926 -149.919
627.243 -143.707
628.314 -138.24
629.75 -131.323
630.944 -125.145
632.111 -118.914
633.251 -112.627
634.358 -106.277
635.426 -99.8914
636.546 -92.634
637.453 -86.8373
638.428 -79.7479
639.252 -74.6465
640.126 -67.5109
640.929 -60.3586
641.687 -54.3808
642.358 -47.1502
642.977 -40.2615
643.637 -34.4852
644.178 -27.8037
