643.243 18.0368
642.878 25.2586
642.366 31.5502
641.727 35.8269
641.212 43.1791
640.617 50.7138
639.94 57.8262
639.192 64.8962
638.43 70.9272
637.453 79.473
636.768 83.548
635.823 90.2693
634.912 96.3664
633.957 102.539
632.722 109.951
632.026 114.553
630.569 122.368
629.481 128.411
628.021 135.611
626.265 143.498
625.626 147.71
623.707 155.594
622.836 160.483
621.029 167.668
619.838 173.271
605.59 219.134
603.26 224.352
600.742 230.373
598.145 236.521
595.575 242.38
592.557 249.601
590.897 252.33
587.72 259.63
584.242 267.464
581.684 272.611
578.862 278.351
575.993 284.096
573.649 288.669
569.788 296.218
567.516 300.565
563.996 307.147
560.891 312.88
558.027 318.148
554.445 324.446
550.55 331.059
547.672 336.104
543.492 342.837
540.57 347.807
537.502 352.938
534.499 357.967
529.801 364.822
526.877 369.637
523.704 374.705
494.494 411.872
489.698 417.394
485.919 421.243
481.259 426.359
478.463 428.88
472.128 436.027
468.207 439.943
462.589 445.856
458.977 449.326
454.852 453.388
450.252 457.91
444.031 463.951
441.127 466.716
433.845 473.475
429.107 477.799
425.438 481.186
421.266 485.006
415.322 490.124
411.224 493.809
403.965 499.639
400.35 502.894
394.115 507.809
389.491 511.643
384.053 515.912
378.37 520.242
346.67 541.465
341.579 544.432
335.328 548.229
330.506 550.924
324.713 554.264
319.918 556.914
312.373 561.207
305.765 564.811
300.375 567.633
294.73 570.559
289.289 573.34
280.07 577.89
275.829 579.961
269.306 583.049
263.346 585.826
256.641 588.83
250.565 591.524
245.051 593.977
238.425 596.741
230.062 599.937
224.686 602.171
186.9 616.206
181.452 617.416
175.477 618.859
167.742 620.998
162.149 622.184
158.279 622.768
149.293 625.092
143.399 626.303
136.072 627.898
125.983 630.182
123.801 630.238
115.815 631.755
109.358 632.851
103.83 633.737
96.5817 634.876
89.2485 635.95
83.8896 636.729
76.1501 637.715
69.7467 638.513
63.0245 639.279
57.2224 639.969
50.3859 640.637
43.4913 641.24
37.341 641.816
29.6529 642.254
23.7568 642.754
15.4947 642.978
8.82158 643.286
2.3018 643.565
-45.1355 642.376
-50.4091 641.543
-56.4908 640.764
-65.0292 640.026
-70.2838 639.125
-76.1368 638.229
-84.1837 637.226
-89.0591 636.3
-95.2321 635.289
-99.0509 634.54
-110.355 632.792
-115.665 631.734
-120.206 630.833
-127.893 629.316
-133.76 628.119
-141.595 626.406
-147.518 625.104
-153.891 623.639
-160.596 622.015
-166.488 620.607
-175.284 618.098
-181.284 616.509
-188.564 614.361
-192.788 613.447
-200.234 611.087
-209.002 607.99
-212.825 607.225
-220.438 604.497
-256.741 589.453
-263.554 586.37
-267.189 584.335
-276 580.37
-282.216 577.271
-288.328 574.146
-293.127 571.541
-299.077 568.387
-305.195 565.086
-311.662 561.525
-316.786 558.617
-323.493 554.757
-327.771 552.278
-335.71 547.459
-339.461 545.27
-345.609 541.444
-350.381 538.556
-355.197 535.635
-362.445 530.688
-367.477 527.463
-373.946 522.921
-378.279 520.233
-413.02 493.785
-418.026 489.278
-422.954 484.761
-427.787 480.244
-432.576 475.7
-437.274 471.16
-441.922 466.601
-446.51 462.032
-451.063 457.434
-455.524 452.86
-459.943 448.269
-464.32 443.663
-468.64 439.061
-472.887 434.488
-477.111 429.889
-481.276 425.309
-485.418 420.708
-489.559 416.058
-493.652 411.419
-497.768 406.691
-501.859 401.941
-505.976 397.081
-510.089 392.154
-514.215 387.12
-518.377 381.923
-544.901 342.561
-549.432 335.372
-551.737 330.737
-556.141 323.405
-559.229 317.627
-561.769 312.544
-565.275 306.018
-568.589 299.642
-571.469 293.821
-573.348 289.631
-575.784 284.533
-578.999 277.886
-582.093 271.301
-585.018 264.894
-587.806 258.621
-589.994 253.65
-592.256 248.509
-595.639 240.195
-597.271 236.683
-600.318 228.781
-602.126 224.837
-604.612 218.421
-607.587 209.632
-609.626 204.47
-611.473 200.419
-613.829 193.434
-616.168 185.996
-618.331 179.226
-630.446 131.543
-631.5 125.076
-632.371 118.996
-633.012 113.566
-634.857 104.064
-636.079 96.2055
-636.494 90.9593
-636.876 85.9618
-638.146 76.8225
-638.774 70.2016
-639.29 63.9422
-639.701 58.185
-640.485 49.3762
-640.74 44.1292
-641.225 36.2846
-641.474 30.491
-641.713 24.6651
-641.94 18.9383
-642.132 11.647
-642.324 6.48057
-642.43 -0.279215
-642.414 -7.82981
-642.145 -17.2365
-642.426 -20.4249
-642.62 -25.2093
-642.377 -32.5749
-641.776 -41.3754
-642.057 -45.4909
-641.893 -51.7185
-641.753 -57.7535
-641.423 -64.3405
-633.23 -115.187
-631.701 -123.754
-630.21 -129.529
-628.631 -136.175
-626.859 -144.183
-625.387 -148.812
-623.668 -155.316
-621.744 -162.685
-619.565 -170.955
-617.995 -175.626
-616.582 -179.847
-613.775 -189.506
-612.112 -194.404
-609.633 -202.034
-608.263 -205.948
-605.806 -213.066
-603.949 -218.385
-601.401 -225.356
-600.725 -227.954
-597.022 -237.148
-594.777 -243.038
-592.286 -249.316
-590.719 -253.829
-586.694 -262.599
-585.893 -265.777
-581.141 -275.263
-580.96 -277.593
-576.402 -286.314
-573.828 -292.071
-551.404 -331.342
-547.714 -337.099
-544.044 -342.677
-540.388 -348.114
-536.708 -353.494
-533.462 -358.025
-530.074 -362.793
-525.672 -369.107
-522.731 -373.08
-518.437 -378.998
-514.721 -384.005
-510.675 -389.379
-507.127 -394.058
-502.825 -399.587
-499.443 -403.994
-495.005 -409.514
-490.29 -415.217
-486.73 -419.677
-483.181 -424.12
-477.794 -430.176
-474.171 -434.585
-451.739 -456.783
-445.214 -463.248
-442.052 -465.964
-435.32 -472.326
-432.045 -475.145
-423.546 -482.877
-419.206 -486.536
-414.573 -490.446
-409.181 -494.949
-403.701 -499.435
-396.191 -505.412
-392.735 -508.147
-388.366 -511.602
-383.094 -515.649
-378.672 -519.104
-372.216 -523.758
-341.206 -546.08
-335.323 -549.463
-329.745 -552.526
-323.59 -555.99
-318.637 -558.478
-312.458 -561.828
-307.024 -564.596
-301.306 -567.513
-296.086 -570.085
-290.003 -573.13
-283.89 -576.124
-278.519 -578.674
-274.109 -580.751
-266.89 -584.105
-261.035 -586.768
-255.121 -589.408
-249.222 -591.993
-242.52 -594.81
-237.292 -597.075
-230.496 -599.796
-225.187 -602.029
-218.364 -604.622
-212.213 -606.984
-205.987 -609.31
-199.637 -611.606
-194.196 -613.707
-187.841 -615.914
-143.132 -627.277
-138.026 -628.032
-129.345 -629.979
-124.126 -630.705
-118.944 -631.445
-111.187 -632.843
-104.899 -633.798
-96.9597 -635.059
-94.0194 -635.291
-84.6503 -636.643
-76.9453 -637.61
-71.8799 -638.15
-64.0084 -638.986
-58.6028 -639.523
-52.8097 -640.087
-46.8069 -640.643
-40.0959 -641.174
-34.1275 -641.671
-25.6223 -642.033
-18.7915 -642.371
-12.2371 -642.671
-4.95056 -642.85
0.775162 -643.14
7.89297 -643.216
50.2739 -641.525
58.0389 -640.824
62.6529 -639.943
71.6473 -639.115
78.5798 -638.171
85.0624 -637.174
90.6295 -636.181
97.8065 -635.052
101.016 -634.279
109.77 -632.853
118.261 -631.346
119.607 -630.952
128.028 -629.292
135.44 -627.738
141.907 -626.324
148.026 -624.953
154.865 -623.334
161.84 -621.6
167.568 -620.209
174.897 -618.215
180.356 -616.847
186.577 -615.157
193.404 -613.152
198.48 -611.896
206.08 -609.388
212.207 -607.534
251.791 -591.924
259.703 -588.573
266.168 -585.542
271.627 -582.768
276.722 -580.099
281.873 -577.401
289.87 -573.498
294.254 -571.021
300.71 -567.598
306.572 -564.385
312.095 -561.29
316.528 -558.761
323.865 -554.543
327.237 -552.626
334.351 -548.343
340.655 -544.473
345.927 -541.231
350.468 -538.5
357.476 -533.841
362.483 -530.651
368.055 -526.955
372.78 -523.949
377.534 -520.92
383.442 -516.734
414.476 -491.576
417.706 -488.368
422.761 -483.863
428.551 -478.713
434.346 -473.44
439.679 -468.422
443.279 -464.801
449.779 -458.571
454.954 -453.387
458.504 -449.665
462.876 -445.131
467.38 -440.405
470.78 -436.876
478.581 -428.213
481.508 -425.041
485.867 -420.151
491.261 -413.811
495.441 -408.934
498.754 -405.246
503.138 -399.964
507.467 -394.653
511.753 -389.297
534.68 -357.742
537.123 -353.369
540.641 -347.692
545.209 -340.564
547.625 -336.141
550.811 -330.659
554.629 -324.154
557.63 -318.767
560.868 -312.926
564.201 -306.81
566.567 -302.337
569.174 -297.453
572.551 -290.938
576.171 -283.696
579.253 -277.42
581.517 -272.991
584.717 -266.155
587.2 -261.095
590.657 -253.048
593.413 -246.802
597.149 -237.113
598.448 -235.398
601.43 -227.556
615.893 -187.523
617.801 -180.617
619.353 -174.336
620.534 -168.843
622.043 -162.491
623.504 -156.137
624.974 -149.612
626.281 -143.433
627.344 -137.996
628.775 -131.099
629.967 -124.929
631.131 -118.716
632.267 -112.445
633.371 -106.113
634.437 -99.7441
635.554 -92.5063
636.458 -86.7392
637.43 -79.6791
638.253 -74.6045
639.126 -67.4973
639.929 -60.3581
640.687 -54.4094
641.36 -47.1991
641.979 -40.3255
642.641 -34.572
643.183 -27.9068
