642.248 18.1356
641.882 25.3384
641.369 31.6215
640.728 35.8575
640.212 43.1923
639.617 50.7188
638.94 57.8194
638.193 64.8685
637.43 70.8881
636.455 79.4148
635.771 83.4646
634.828 90.1626
633.921 96.2325
632.971 102.371
631.74 109.765
631.05 114.337
629.596 122.137
628.517 128.145
627.062 135.327
625.313 143.193
624.682 147.381
622.764 155.259
621.904 160.122
620.1 167.298
618.918 172.88
604.61 218.936
602.285 224.134
599.772 230.132
597.181 236.258
594.617 242.092
591.606 249.291
589.957 251.99
586.788 259.269
583.31 267.102
580.76 272.228
577.945 277.952
575.083 283.681
572.751 288.231
568.892 295.776
566.632 300.097
563.125 306.656
560.033 312.367
557.175 317.623
553.604 323.904
549.714 330.51
546.849 335.536
542.672 342.265
539.772 347.204
536.716 352.319
533.727 357.332
529.047 364.165
526.139 368.963
522.985 374.01
493.653 411.331
488.868 416.836
485.103 420.665
480.46 425.757
477.687 428.249
471.353 435.394
467.453 439.286
461.843 445.189
458.25 448.639
454.145 452.68
449.558 457.19
443.333 463.236
440.447 465.982
433.16 472.747
428.428 477.064
424.786 480.428
420.624 484.239
414.692 489.347
410.619 493.013
403.376 498.831
399.784 502.069
393.561 506.976
388.961 510.795
383.541 515.053
377.875 519.372
346.059 540.674
340.991 543.623
334.755 547.409
329.96 550.086
324.187 553.414
319.419 556.047
311.875 560.341
305.274 563.939
299.902 566.752
294.273 569.669
288.85 572.442
279.631 576.992
275.417 579.05
268.904 582.133
262.96 584.904
256.265 587.904
250.204 590.592
244.708 593.038
238.1 595.795
229.75 598.986
224.403 601.212
186.467 615.304
181.056 616.497
175.106 617.931
167.383 620.064
161.819 621.241
157.975 621.816
149.008 624.134
143.141 625.337
135.83 626.927
125.729 629.215
123.586 629.261
115.614 630.775
109.173 631.868
103.668 632.75
96.4316 633.887
89.118 634.958
83.7757 635.735
76.0531 636.72
69.6672 637.516
62.9602 638.281
57.1799 638.97
50.3578 639.637
43.4758 640.241
37.3527 640.816
29.6883 641.254
23.8215 641.756
15.5701 641.981
8.92782 642.292
2.42445 642.573
-45.2051 641.378
-50.4541 640.544
-56.5082 639.764
-65.029 639.026
-70.2591 638.125
-76.0836 637.23
-84.1177 636.228
-88.957 635.305
-95.1124 634.296
-98.8956 633.552
-110.21 631.802
-115.503 630.747
-120.015 629.852
-127.693 628.336
-133.539 627.144
-141.367 625.432
-147.262 624.137
-153.619 622.677
-160.318 621.055
-166.191 619.652
-174.981 617.145
-180.955 615.564
-188.212 613.425
-192.413 612.52
-199.838 610.168
-208.595 607.076
-212.386 606.326
-219.98 603.608
-256.431 588.502
-263.22 585.428
-266.829 583.402
-275.625 579.443
-281.821 576.352
-287.914 573.236
-292.692 570.641
-298.614 567.501
-304.713 564.21
-311.165 560.658
-316.263 557.764
-322.957 553.913
-327.22 551.444
-335.169 546.618
-338.9 544.442
-345.046 540.618
-349.806 537.738
-354.604 534.83
-361.844 529.888
-366.86 526.676
-373.317 522.143
-377.622 519.479
-412.497 492.933
-417.483 488.438
-422.391 483.934
-427.204 479.432
-431.973 474.902
-436.652 470.378
-441.28 465.834
-445.849 461.282
-450.382 456.701
-454.826 452.145
-459.226 447.571
-463.591 442.978
-467.9 438.389
-472.135 433.829
-476.353 429.236
-480.502 424.677
-484.638 420.082
-488.757 415.46
-492.841 410.834
-496.942 406.127
-501.018 401.398
-505.123 396.559
-509.232 391.639
-513.35 386.618
-517.505 381.434
-544.141 341.911
-548.66 334.736
-550.948 330.122
-555.346 322.798
-558.42 317.04
-560.941 311.982
-564.437 305.473
-567.735 299.121
-570.602 293.321
-572.467 289.158
-574.889 284.088
-578.096 277.458
-581.181 270.891
-584.098 264.503
-586.878 258.251
-589.057 253.301
-591.314 248.174
-594.701 239.851
-596.323 236.363
-599.372 228.456
-601.17 224.542
-603.65 218.147
-606.624 209.362
-608.655 204.23
-610.494 200.219
-612.848 193.242
-615.182 185.829
-617.342 179.078
-629.507 131.199
-630.553 124.755
-631.421 118.685
-632.054 113.28
-633.898 103.782
-635.117 95.9302
-635.527 90.7015
-635.901 85.7387
-637.169 76.6133
-637.791 70.0174
-638.301 63.7921
-638.71 58.0488
-639.492 49.2653
-639.744 44.0437
-640.227 36.2151
-640.475 30.443
-640.714 24.6383
-640.94 18.9335
-641.132 11.6519
-641.324 6.51111
-641.431 -0.226731
-641.417 -7.75315
-641.148 -17.1657
-641.434 -20.306
-641.63 -25.063
-641.391 -32.4111
-640.792 -41.1966
-641.08 -45.2794
-640.921 -51.4811
-640.788 -57.4894
-640.465 -64.0533
-632.231 -115.149
-630.702 -123.704
-629.214 -129.442
-627.636 -136.071
-625.866 -144.067
-624.398 -148.668
-622.681 -155.156
-620.758 -162.518
-618.579 -170.787
-617.014 -175.432
-615.608 -179.622
-612.802 -189.275
-611.148 -194.14
-608.672 -201.758
-607.314 -205.633
-604.863 -212.735
-603.016 -218.026
-600.474 -224.981
-599.815 -227.539
-596.116 -236.726
-593.881 -242.593
-591.401 -248.851
-589.847 -253.34
-585.831 -262.094
-585.046 -265.246
-580.296 -274.729
-580.136 -277.027
-575.578 -285.748
-573.014 -291.489
-550.494 -330.927
-546.81 -336.67
-543.147 -342.235
-539.498 -347.658
-535.825 -353.024
-532.59 -357.535
-529.212 -362.285
-524.823 -368.579
-521.901 -372.522
-517.617 -378.425
-513.916 -383.411
-509.883 -388.768
-506.353 -393.425
-502.064 -398.938
-498.696 -403.33
-494.271 -408.835
-489.574 -414.519
-486.029 -418.964
-482.501 -423.386
-477.13 -429.428
-473.523 -433.824
-450.999 -456.11
-444.473 -462.576
-441.335 -465.267
-434.607 -471.625
-431.356 -474.421
-422.862 -482.148
-418.539 -485.79
-413.928 -489.682
-408.554 -494.171
-403.084 -498.648
-395.576 -504.623
-392.138 -507.344
-387.789 -510.786
-382.529 -514.823
-378.126 -518.266
-371.689 -522.908
-340.556 -545.32
-334.69 -548.689
-329.125 -551.742
-322.992 -555.189
-318.057 -557.663
-311.901 -560.997
-306.475 -563.76
-300.771 -566.668
-295.568 -569.229
-289.498 -572.267
-283.398 -575.254
-278.051 -577.79
-273.674 -579.85
-266.468 -583.198
-260.637 -585.85
-254.746 -588.481
-248.871 -591.057
-242.188 -593.867
-236.997 -596.12
-230.211 -598.837
-224.932 -601.062
-218.136 -603.649
-212.009 -606.005
-205.807 -608.326
-199.471 -610.62
-194.053 -612.717
-187.715 -614.922
-142.788 -626.338
-137.699 -627.087
-129.025 -629.031
-123.822 -629.752
-118.664 -630.485
-110.914 -631.881
-104.658 -632.827
-96.7312 -634.085
-93.8318 -634.309
-84.4821 -635.657
-76.7836 -636.623
-71.7523 -637.158
-63.8951 -637.993
-58.5218 -638.526
-52.7497 -639.089
-46.7834 -639.643
-40.0953 -640.174
-34.1633 -640.672
-25.66 -641.034
-18.8513 -641.373
-12.3213 -641.675
-5.06068 -641.856
0.64181 -642.148
7.7413 -642.228
50.3115 -640.526
58.0769 -639.825
62.6695 -638.943
71.6735 -638.116
78.6015 -637.172
85.0602 -636.174
90.5965 -635.182
97.7467 -634.054
100.917 -633.284
109.655 -631.86
118.128 -630.355
119.431 -629.968
127.834 -628.311
135.229 -626.76
141.673 -625.352
147.767 -623.987
154.585 -622.374
161.542 -620.646
167.235 -619.266
174.548 -617.278
179.986 -615.918
186.178 -614.24
192.986 -612.243
198.039 -610.998
205.621 -608.5
211.731 -606.654
251.513 -590.963
259.415 -587.616
265.876 -584.585
271.316 -581.817
276.389 -579.156
281.512 -576.469
289.493 -572.572
293.845 -570.109
300.291 -566.69
306.124 -563.491
311.622 -560.408
316.032 -557.893
323.352 -553.685
326.702 -551.782
333.798 -547.51
340.093 -543.646
345.35 -540.414
349.877 -537.693
356.877 -533.04
361.862 -529.867
367.417 -526.185
372.125 -523.194
376.857 -520.184
382.751 -516.011
413.908 -490.753
417.113 -487.563
422.157 -483.066
427.941 -477.92
433.73 -472.652
439.054 -467.642
442.633 -464.038
449.121 -457.818
454.275 -452.653
457.806 -448.949
462.159 -444.434
466.651 -439.721
470.021 -436.225
477.824 -427.56
480.725 -424.419
485.069 -419.549
490.459 -413.213
494.63 -408.35
497.926 -404.685
502.302 -399.415
506.623 -394.116
510.903 -388.771
533.918 -357.094
536.349 -352.736
539.849 -347.082
544.406 -339.969
546.811 -335.56
549.978 -330.105
553.787 -323.614
556.778 -318.243
560.009 -312.414
563.331 -306.317
565.688 -301.861
568.284 -296.998
571.656 -290.492
575.27 -283.263
578.342 -277.008
580.592 -272.612
583.785 -265.793
586.257 -260.764
589.708 -252.732
592.459 -246.501
596.195 -236.811
597.483 -235.135
600.464 -227.296
614.988 -187.098
616.888 -180.209
618.43 -173.951
619.606 -168.471
621.103 -162.149
622.56 -155.81
624.022 -149.306
625.319 -143.159
626.377 -137.744
627.802 -130.866
628.991 -124.713
630.151 -118.517
631.284 -112.264
632.385 -105.949
633.448 -99.5968
634.562 -92.3787
635.463 -86.6411
636.433 -79.6023
637.254 -74.5624
638.127 -67.4761
638.929 -60.3576
639.688 -54.4378
640.361 -47.2478
640.981 -40.3893
641.644 -34.6587
642.188 -28.0097
