641.253 18.2431
640.885 25.418
640.372 31.6926
639.728 35.888
639.212 43.2055
638.617 50.7237
637.94 57.8124
637.193 64.8406
636.431 70.8489
635.457 79.3566
634.775 83.3733
633.835 90.0479
632.93 96.0985
631.985 102.202
630.757 109.578
630.074 114.121
628.625 121.898
627.551 127.888
626.103 135.043
624.36 142.887
623.738 147.052
621.825 154.916
620.971 159.761
619.171 166.927
617.998 172.488
603.629 218.739
601.309 223.916
598.801 229.891
596.216 235.994
593.66 241.805
590.653 248.989
589.02 251.641
585.856 258.907
582.378 266.739
579.836 271.846
577.028 277.553
574.174 283.266
571.852 287.792
567.995 295.334
565.752 299.622
562.254 306.164
559.174 311.853
556.328 317.092
552.764 323.362
548.879 329.961
546.025 334.969
541.851 341.693
538.975 346.601
535.931 351.7
532.961 356.69
528.287 363.514
525.4 368.289
522.266 373.314
492.812 410.79
488.038 416.279
484.291 420.08
479.662 425.155
476.912 427.618
470.579 434.761
466.705 438.623
461.104 444.516
457.523 447.953
453.439 451.971
448.864 456.469
442.635 462.52
439.768 465.249
432.475 472.018
427.755 476.324
424.134 479.67
419.983 483.472
414.062 488.571
410.013 492.217
402.788 498.022
399.212 501.249
393.014 506.139
388.424 509.952
383.029 514.194
377.381 518.503
345.454 539.878
340.397 542.819
334.183 546.589
329.407 549.253
323.66 552.564
318.913 555.185
311.376 559.474
304.784 563.068
299.429 565.872
293.816 568.78
288.41 571.544
279.192 576.094
275.004 578.139
268.503 581.217
262.574 583.981
255.889 586.977
249.842 589.659
244.365 592.099
237.775 594.849
229.447 598.034
224.129 600.25
186.034 614.403
180.652 615.583
174.727 617.005
167.024 619.131
161.48 620.3
157.679 620.86
148.723 623.175
142.875 624.373
135.589 625.957
125.477 628.247
123.371 628.285
115.412 629.796
108.98 630.887
103.506 631.764
96.2815 632.898
88.9875 633.967
83.6699 634.741
75.956 635.725
69.5876 636.52
62.8958 637.284
57.1375 637.971
50.3297 638.638
43.4688 639.241
37.3729 639.816
29.7236 640.255
23.8862 640.759
15.6454 640.984
9.0264 641.297
2.54696 641.58
-45.276 640.381
-50.4989 639.545
-56.5255 638.764
-65.0296 638.026
-70.2343 637.125
-76.0303 636.232
-84.0516 635.23
-88.8549 634.31
-94.9926 633.304
-98.7485 632.563
-110.072 630.812
-115.341 629.76
-119.823 628.87
-127.493 627.356
-133.319 626.169
-141.131 624.461
-147.006 623.17
-153.347 621.715
-160.039 620.094
-165.893 618.697
-174.678 616.192
-180.627 614.619
-187.868 612.486
-192.039 611.593
-199.435 609.253
-208.189 606.163
-211.955 605.424
-219.529 602.716
-256.12 587.552
-262.893 584.483
-266.463 582.471
-275.25 578.516
-281.419 575.437
-287.499 572.326
-292.256 569.74
-298.15 566.615
-304.238 563.329
-310.66 559.795
-315.741 556.912
-322.421 553.068
-326.669 550.61
-334.627 545.777
-338.34 543.614
-344.483 539.791
-349.231 536.919
-354.017 534.021
-361.243 529.089
-366.243 525.889
-372.681 521.372
-376.965 518.725
-411.974 492.081
-416.94 487.598
-421.828 483.108
-426.621 478.619
-431.37 474.104
-436.029 469.595
-440.638 465.068
-445.188 460.532
-449.696 455.973
-454.133 451.423
-458.515 446.868
-462.862 442.294
-467.16 437.717
-471.382 433.17
-475.59 428.59
-479.727 424.044
-483.858 419.457
-487.956 414.862
-492.029 410.25
-496.116 405.564
-500.178 400.856
-504.275 396.03
-508.375 391.123
-512.485 386.116
-516.632 380.945
-543.381 341.262
-547.893 334.094
-550.159 329.507
-554.552 322.191
-557.61 316.453
-560.114 311.421
-563.598 304.927
-566.886 298.592
-569.736 292.822
-571.586 288.685
-573.993 283.643
-577.192 277.029
-580.27 270.48
-583.177 264.111
-585.949 257.88
-588.12 252.952
-590.372 247.839
-593.762 239.506
-595.376 236.044
-598.424 228.139
-600.215 224.247
-602.69 217.865
-605.662 209.092
-607.684 203.991
-609.516 200.011
-611.866 193.051
-614.196 185.661
-616.353 178.93
-628.568 130.855
-629.609 124.427
-630.47 118.375
-631.096 112.994
-632.938 103.499
-634.156 95.6552
-634.561 90.4439
-634.927 85.5157
-636.191 76.4042
-636.807 69.8409
-637.314 63.6338
-637.718 57.9205
-638.498 49.1544
-638.748 43.9581
-639.23 36.1456
-639.476 30.395
-639.714 24.6116
-639.94 18.9286
-640.132 11.6568
-640.324 6.54159
-640.433 -0.17432
-640.419 -7.68455
-640.15 -17.0949
-640.441 -20.1872
-640.641 -24.9156
-640.406 -32.2388
-639.808 -41.0178
-640.104 -45.0593
-639.95 -51.244
-639.822 -57.2325
-639.507 -63.7664
-631.232 -115.111
-629.703 -123.647
-628.217 -129.363
-626.642 -135.968
-624.873 -143.95
-623.408 -148.523
-621.694 -154.996
-619.772 -162.35
-617.595 -170.611
-616.033 -175.237
-614.635 -179.388
-611.829 -189.044
-610.183 -193.876
-607.711 -201.483
-606.365 -205.317
-603.919 -212.404
-602.083 -217.666
-599.547 -224.605
-598.906 -227.123
-595.209 -236.304
-592.986 -242.148
-590.516 -248.386
-588.975 -252.85
-584.964 -261.596
-584.199 -264.714
-579.45 -274.195
-579.312 -276.46
-574.754 -285.182
-572.2 -290.908
-549.584 -330.511
-545.907 -336.242
-542.251 -341.792
-538.608 -347.201
-534.943 -352.553
-531.719 -357.045
-528.355 -361.769
-523.973 -368.051
-521.071 -371.964
-516.797 -377.853
-513.111 -382.818
-509.092 -388.157
-505.579 -392.792
-501.303 -398.29
-497.949 -402.664
-493.543 -408.149
-488.858 -413.822
-485.333 -418.245
-481.822 -422.653
-476.466 -428.68
-472.875 -433.062
-450.253 -455.443
-443.732 -461.905
-440.617 -464.571
-433.894 -470.923
-430.673 -473.691
-422.178 -481.418
-417.872 -485.045
-413.289 -488.912
-407.926 -493.392
-402.473 -497.857
-394.961 -503.835
-391.549 -506.537
-387.211 -509.969
-381.972 -513.993
-377.58 -517.428
-371.162 -522.058
-339.906 -544.56
-334.057 -547.915
-328.504 -550.958
-322.394 -554.388
-317.477 -556.849
-311.337 -560.172
-305.926 -562.924
-300.236 -565.824
-295.051 -568.373
-288.993 -571.404
-282.905 -574.384
-277.584 -576.906
-273.239 -578.95
-266.047 -582.291
-260.238 -584.933
-254.371 -587.554
-248.52 -590.12
-241.856 -592.923
-236.694 -595.167
-229.927 -597.878
-224.678 -600.095
-217.9 -602.677
-211.805 -605.026
-205.627 -607.343
-199.306 -609.634
-193.919 -611.726
-187.597 -613.929
-142.436 -625.402
-137.372 -626.142
-128.705 -628.084
-123.517 -628.8
-118.385 -629.525
-110.64 -630.919
-104.417 -631.857
-96.5029 -633.112
-93.6359 -633.328
-84.3056 -634.673
-76.622 -635.636
-71.6247 -636.167
-63.7819 -636.999
-58.4408 -637.529
-52.6981 -638.09
-46.7599 -638.643
-40.0946 -639.174
-34.1912 -639.672
-25.6976 -640.035
-18.911 -640.375
-12.4054 -640.678
-5.17067 -640.862
0.508596 -641.157
7.58107 -641.24
50.3489 -639.527
58.1148 -638.825
62.686 -637.944
71.6996 -637.116
78.6156 -636.172
85.0503 -635.174
90.5633 -634.182
97.6869 -633.056
100.818 -632.289
109.541 -630.867
118.004 -629.362
119.255 -628.983
127.64 -627.33
135.018 -625.783
141.439 -624.379
147.508 -623.022
154.306 -621.414
161.244 -619.691
166.91 -618.32
174.208 -616.338
179.617 -614.988
185.785 -613.32
192.568 -611.335
197.598 -610.101
205.161 -607.612
211.256 -605.775
251.236 -590.003
259.136 -586.655
265.584 -583.629
271.005 -580.867
276.049 -578.216
281.159 -575.533
289.117 -571.645
293.444 -569.193
299.872 -565.782
305.683 -562.593
311.15 -559.527
315.544 -557.02
322.838 -552.826
326.166 -550.937
333.245 -546.677
339.531 -542.819
344.772 -539.598
349.28 -536.891
356.278 -532.239
361.241 -529.084
366.778 -525.416
371.463 -522.444
376.185 -519.443
382.06 -515.288
413.34 -489.93
416.52 -486.758
421.552 -482.269
427.33 -477.128
433.114 -471.865
438.429 -466.861
441.986 -463.275
448.463 -457.065
453.602 -451.913
457.108 -448.233
461.441 -443.737
465.916 -439.043
469.262 -435.574
477.067 -426.908
479.947 -423.792
484.275 -418.941
489.658 -412.615
493.818 -407.766
497.099 -404.124
501.466 -398.866
505.78 -393.579
510.052 -388.246
533.156 -356.447
535.57 -352.109
539.056 -346.473
543.602 -339.374
545.992 -334.986
549.145 -329.552
552.945 -323.074
555.926 -317.719
559.149 -311.903
562.465 -305.817
564.809 -301.384
567.394 -296.542
570.761 -290.046
574.368 -282.831
577.431 -276.595
579.666 -272.233
582.852 -265.432
585.313 -260.432
588.762 -252.409
591.505 -246.2
595.242 -236.509
596.518 -234.871
599.499 -227.037
614.087 -186.665
615.978 -179.794
617.507 -173.566
618.678 -168.099
620.161 -161.815
621.615 -155.482
623.068 -149.007
624.357 -142.886
625.409 -137.492
626.83 -130.634
628.014 -124.498
629.171 -118.319
630.3 -112.083
631.399 -105.784
632.459 -99.4494
633.569 -92.2594
634.468 -86.543
635.435 -79.5339
636.255 -74.5201
637.127 -67.4633
637.929 -60.3569
638.688 -54.4661
639.362 -47.2963
639.983 -40.453
640.648 -34.7451
641.194 -28.1125
