640.259 18.3505
639.889 25.5065
639.374 31.7559
638.728 35.9105
638.212 43.2186
637.617 50.7285
636.941 57.8054
636.193 64.8213
635.432 70.8096
634.458 79.2982
633.779 83.2819
632.841 89.9331
631.94 95.9565
631 102.033
629.775 109.391
629.099 113.897
627.654 121.66
626.587 127.622
625.142 134.767
623.408 142.582
622.793 146.723
620.885 154.574
620.042 159.392
618.246 166.549
617.077 172.097
602.65 218.534
600.335 223.69
597.831 229.649
595.252 235.73
592.702 241.517
589.7 248.687
588.083 251.293
584.923 258.546
581.445 266.377
578.912 271.463
576.111 277.155
573.264 282.851
570.95 287.361
567.098 294.891
564.872 299.148
561.383 305.673
558.316 311.34
555.481 316.561
551.923 322.82
548.043 329.412
545.202 334.402
541.036 341.114
538.177 345.997
535.146 351.08
532.194 356.047
527.534 362.857
524.661 367.615
521.548 372.619
491.972 410.248
487.208 415.722
483.48 419.496
478.864 424.553
476.141 426.98
469.81 434.122
465.957 437.96
460.364 443.843
456.796 447.266
452.733 451.263
448.164 455.755
441.936 461.804
439.088 464.516
431.79 471.29
427.083 475.584
423.482 478.912
419.341 482.705
413.439 487.789
409.408 491.421
402.192 497.218
398.647 500.424
392.46 505.306
387.894 509.104
382.518 513.335
376.894 517.63
344.842 539.087
339.802 542.015
333.61 545.769
328.853 548.42
323.127 551.718
318.406 554.322
310.87 558.611
304.293 562.197
298.955 564.991
293.351 567.894
287.971 570.646
278.753 575.195
274.592 577.228
268.102 580.301
262.188 583.059
255.513 586.05
249.48 588.727
244.022 591.159
237.45 593.903
229.135 597.083
223.846 599.291
185.601 613.501
180.249 614.668
174.348 616.08
166.657 618.201
161.142 619.359
157.383 619.905
148.43 622.219
142.608 623.409
135.339 624.989
125.224 627.28
123.156 627.308
115.211 628.816
108.787 629.905
103.337 630.778
96.1234 631.911
88.857 632.975
83.564 633.747
75.8588 634.729
69.508 635.523
62.8314 636.286
57.0949 636.972
50.3015 637.638
43.4537 638.241
37.3852 638.816
29.7588 639.256
23.9507 639.761
15.7206 639.987
9.12485 640.302
2.66932 640.588
-45.3468 639.383
-50.5436 638.546
-56.5427 637.764
-65.0302 637.026
-70.2014 636.126
-75.9769 635.233
-83.9854 634.233
-88.7528 633.316
-94.8813 632.31
-98.6014 631.574
-109.935 629.821
-115.179 628.774
-119.64 627.887
-127.294 626.376
-133.09 625.195
-140.895 623.489
-146.75 622.204
-153.074 620.753
-159.753 619.136
-165.596 617.743
-174.374 615.239
-180.299 613.675
-187.525 611.547
-191.664 610.666
-199.039 608.335
-207.789 605.246
-211.523 604.522
-219.078 601.823
-255.809 586.601
-262.567 583.538
-266.096 581.541
-274.875 577.589
-281.025 574.518
-287.077 571.419
-291.82 568.84
-297.687 565.729
-303.755 562.453
-310.162 558.927
-315.218 556.059
-321.892 552.22
-326.117 549.775
-334.086 544.936
-337.779 542.786
-343.92 538.965
-348.656 536.101
-353.43 533.211
-360.643 528.289
-365.632 525.098
-372.045 520.6
-376.301 517.976
-411.451 491.228
-416.397 486.758
-421.265 482.281
-426.038 477.807
-430.767 473.307
-435.406 468.813
-439.996 464.301
-444.526 459.782
-449.01 455.246
-453.44 450.702
-457.804 446.165
-462.134 441.609
-466.419 437.045
-470.63 432.511
-474.826 427.944
-478.952 423.412
-483.072 418.838
-487.154 414.264
-491.213 409.672
-495.285 405.007
-499.338 400.313
-503.426 395.501
-507.518 390.608
-511.62 385.614
-515.76 380.456
-542.621 340.612
-547.126 333.453
-549.371 328.893
-553.757 321.584
-556.795 315.873
-559.286 310.86
-562.756 304.389
-566.033 298.071
-568.87 292.322
-570.705 288.212
-573.098 283.198
-576.288 276.601
-579.354 270.077
-582.257 263.72
-585.017 257.517
-587.183 252.603
-589.43 247.504
-592.823 239.162
-594.428 235.724
-597.475 227.822
-599.259 223.952
-601.731 217.583
-604.699 208.822
-606.711 203.76
-608.538 199.802
-610.884 192.861
-613.211 185.493
-615.364 178.782
-627.632 130.503
-628.664 124.098
-629.519 118.065
-630.137 112.709
-631.982 103.208
-633.194 95.3803
-633.593 90.1936
-633.952 85.2928
-635.213 76.1952
-635.823 69.6644
-636.326 63.4756
-636.727 57.7922
-637.504 49.0436
-637.751 43.8726
-638.232 36.0762
-638.477 30.347
-638.714 24.5848
-638.94 18.9237
-639.132 11.6617
-639.325 6.57202
-639.434 -0.121978
-639.422 -7.61602
-639.153 -17.0156
-639.448 -20.0686
-639.652 -24.7684
-639.419 -32.0741
-638.824 -40.8392
-639.127 -44.8466
-638.979 -51.0054
-638.858 -56.9671
-638.547 -63.4865
-630.232 -115.072
-628.705 -123.589
-627.22 -129.284
-625.647 -135.865
-623.879 -143.833
-622.419 -148.378
-620.706 -154.837
-618.786 -162.182
-616.61 -170.435
-615.052 -175.042
-613.663 -179.154
-610.856 -188.813
-609.219 -193.612
-606.749 -201.207
-605.416 -205.001
-602.975 -212.073
-601.15 -217.307
-598.621 -224.23
-597.996 -226.707
-594.303 -235.882
-592.09 -241.703
-589.63 -247.921
-588.103 -252.361
-584.097 -261.098
-583.352 -264.182
-578.6 -273.668
-578.488 -275.894
-573.926 -284.621
-571.382 -290.333
-548.675 -330.096
-545.003 -335.813
-541.354 -341.35
-537.722 -346.738
-534.061 -352.082
-530.847 -356.555
-527.502 -361.247
-523.124 -367.523
-520.241 -371.406
-515.977 -377.28
-512.302 -382.231
-508.3 -387.546
-504.799 -392.165
-500.536 -397.647
-497.202 -401.999
-492.815 -407.464
-488.142 -413.124
-484.638 -417.526
-481.142 -421.919
-475.802 -427.932
-472.228 -432.299
-449.508 -454.777
-442.991 -461.233
-439.9 -463.874
-433.181 -470.222
-429.983 -472.966
-421.494 -480.689
-417.212 -484.295
-412.65 -488.143
-407.298 -492.614
-401.862 -497.065
-394.346 -503.046
-390.959 -505.729
-386.641 -509.148
-381.414 -513.163
-377.034 -516.59
-370.635 -521.209
-339.25 -543.805
-333.424 -547.141
-327.89 -550.169
-321.795 -553.587
-316.903 -556.03
-310.773 -559.346
-305.377 -562.088
-299.701 -564.979
-294.534 -567.517
-288.488 -570.54
-282.413 -573.513
-277.123 -576.018
-272.804 -578.049
-265.625 -581.385
-259.84 -584.016
-253.996 -586.626
-248.169 -589.184
-241.516 -591.983
-236.391 -594.214
-229.643 -596.92
-224.423 -599.128
-217.664 -601.705
-211.593 -604.048
-205.44 -606.36
-199.148 -608.646
-193.784 -610.735
-187.479 -612.936
-142.084 -624.466
-137.045 -625.197
-128.377 -627.139
-123.213 -627.847
-118.105 -628.565
-110.375 -629.955
-104.176 -630.886
-96.2747 -632.138
-93.44 -632.348
-84.1292 -633.688
-76.4605 -634.649
-71.4972 -635.175
-63.6687 -636.005
-58.3597 -636.533
-52.6465 -637.091
-46.7362 -637.644
-40.0939 -638.174
-34.2189 -638.672
-25.7352 -639.036
-18.9706 -639.377
-12.4894 -639.682
-5.28054 -639.868
0.375522 -640.166
7.42099 -640.253
50.3862 -638.527
58.1525 -637.826
62.7023 -636.944
71.7255 -636.116
78.6295 -635.172
85.0403 -634.174
90.5224 -633.183
97.6269 -632.058
100.72 -631.294
109.426 -629.873
117.879 -628.37
119.087 -627.998
127.446 -626.349
134.808 -624.805
141.206 -623.407
147.249 -622.056
154.027 -620.453
160.947 -618.737
166.584 -617.374
173.867 -615.398
179.247 -614.059
185.393 -612.4
192.158 -610.423
197.157 -609.203
204.708 -606.72
210.78 -604.895
250.958 -589.042
258.856 -585.695
265.292 -582.672
270.702 -579.914
275.717 -577.273
280.798 -574.6
288.74 -570.719
293.043 -568.277
299.453 -564.875
305.242 -561.695
310.685 -558.641
315.049 -556.151
322.325 -551.968
325.631 -550.093
332.691 -545.844
338.969 -541.991
344.195 -538.781
348.682 -536.089
355.679 -531.438
360.62 -528.3
366.14 -524.646
370.807 -521.689
375.507 -518.708
381.375 -514.559
412.772 -489.107
415.934 -485.948
420.948 -481.473
426.72 -476.336
432.498 -471.077
437.804 -466.081
441.34 -462.511
447.805 -456.312
452.93 -451.173
456.41 -447.517
460.724 -443.04
465.181 -438.364
468.503 -434.923
476.315 -426.248
479.168 -423.164
483.481 -418.332
488.857 -412.017
493.001 -407.188
496.271 -403.563
500.63 -398.317
504.937 -393.041
509.202 -387.72
532.4 -355.792
534.791 -351.482
538.263 -345.863
542.799 -338.778
545.173 -334.411
548.312 -328.998
552.104 -322.534
555.075 -317.195
558.29 -311.391
561.599 -305.317
563.93 -300.907
566.504 -296.087
569.866 -289.6
573.466 -282.399
576.52 -276.183
578.741 -271.854
581.92 -265.07
584.37 -260.099
587.815 -252.086
590.551 -245.9
594.289 -236.207
595.554 -234.608
598.531 -226.785
613.185 -186.232
615.068 -179.379
616.587 -173.173
617.747 -167.734
619.221 -161.473
620.667 -155.162
622.113 -148.708
623.393 -142.62
624.441 -137.24
625.857 -130.401
627.038 -124.283
628.191 -118.12
629.317 -111.901
630.412 -105.62
631.469 -99.3103
632.576 -92.14
633.472 -86.4532
634.438 -79.4655
635.255 -74.4864
636.127 -67.4504
636.929 -60.3648
637.688 -54.4942
638.363 -47.3447
638.986 -40.5253
639.652 -34.8314
640.199 -28.2151
