639.265 18.4577
638.893 25.5948
638.376 31.8191
637.729 35.9417
637.212 43.2316
636.617 50.7332
635.941 57.7983
635.194 64.8018
634.433 70.7702
633.46 79.2398
632.784 83.1905
631.848 89.8184
630.95 95.8145
630.014 101.864
628.792 109.204
628.123 113.681
626.683 121.421
625.623 127.356
624.181 134.491
622.454 142.284
621.852 146.386
619.946 154.231
619.112 159.024
617.32 166.17
616.157 171.706
601.67 218.338
599.361 223.463
596.863 229.4
594.289 235.459
591.744 241.229
588.749 248.377
587.142 250.952
583.991 258.184
580.51 266.023
577.988 271.08
575.194 276.756
572.35 282.444
570.047 286.93
566.201 294.449
563.988 298.68
560.513 305.181
557.454 310.833
554.634 316.029
551.083 322.279
547.207 328.863
544.383 333.828
540.221 340.535
537.38 345.394
534.361 350.461
531.427 355.405
526.78 362.199
523.922 366.941
520.828 371.924
491.131 409.707
486.377 415.164
482.669 418.911
478.065 423.95
475.365 426.35
469.041 433.483
465.203 437.303
459.624 443.17
456.069 446.579
452.021 450.561
447.465 455.041
441.238 461.088
438.408 463.782
431.105 470.561
426.41 474.844
422.829 478.154
418.706 481.932
412.815 487.007
408.803 490.625
401.597 496.415
398.082 499.599
391.906 504.473
387.365 508.256
382.007 512.475
376.4 516.76
344.23 538.296
339.214 541.207
333.037 544.95
328.3 547.588
322.6 550.868
317.9 553.46
310.364 557.749
303.802 561.325
298.475 564.114
292.887 567.008
287.524 569.751
278.321 574.293
274.179 576.317
267.701 579.385
261.802 582.136
255.144 585.121
249.127 587.792
243.678 590.22
237.133 592.955
228.824 596.133
223.564 598.332
185.169 612.6
179.845 613.753
173.969 615.154
166.297 617.268
160.803 618.418
157.087 618.95
148.137 621.263
142.342 622.445
135.09 624.02
124.971 626.312
122.942 626.331
115.002 627.838
108.593 628.924
103.167 629.793
95.9653 630.923
88.7265 631.984
83.4582 632.752
75.7617 633.734
69.4284 634.526
62.767 635.288
57.0523 635.973
50.2732 636.638
43.4385 637.241
37.3974 637.816
29.7948 638.256
24.0073 638.762
15.8044 638.991
9.21558 639.306
2.79154 639.595
-45.4174 638.386
-50.5881 637.547
-56.5521 636.764
-65.0306 636.026
-70.1685 635.127
-75.9155 634.235
-83.9111 633.235
-88.6591 632.32
-94.7699 631.316
-98.4543 630.585
-109.798 628.831
-115.017 627.787
-119.457 626.904
-127.094 625.396
-132.862 624.221
-140.659 622.517
-146.494 621.237
-152.802 619.79
-159.467 618.178
-165.298 616.788
-174.071 614.287
-179.971 612.73
-187.181 610.608
-191.281 609.742
-198.643 607.417
-207.39 604.329
-211.084 603.624
-218.627 600.931
-255.498 585.651
-262.24 582.592
-265.729 580.611
-274.5 576.662
-280.631 573.599
-286.655 570.512
-291.384 567.94
-297.223 564.842
-303.273 561.577
-309.664 558.06
-314.696 555.207
-321.363 551.371
-325.566 548.941
-333.545 544.095
-337.219 541.958
-343.357 538.138
-348.081 535.283
-352.844 532.401
-360.049 527.485
-365.014 524.311
-371.409 519.828
-375.644 517.223
-410.922 490.38
-415.861 485.914
-420.702 481.455
-425.455 476.995
-430.157 472.514
-434.79 468.025
-439.354 463.535
-443.865 459.032
-448.33 454.513
-452.742 449.987
-457.088 445.467
-461.405 440.924
-465.673 436.379
-469.878 431.852
-474.057 427.305
-478.178 422.779
-482.287 418.22
-486.353 413.666
-490.396 409.095
-494.454 404.451
-498.503 399.764
-502.577 394.972
-506.661 390.092
-510.756 385.112
-514.888 379.967
-541.86 339.962
-546.359 332.811
-548.577 328.284
-552.957 320.984
-555.981 315.292
-558.454 310.305
-561.914 303.85
-565.18 297.549
-568.004 291.822
-569.82 287.746
-572.206 282.745
-575.381 276.18
-578.443 269.666
-581.334 263.336
-584.085 257.154
-586.245 252.254
-588.488 247.168
-591.884 238.817
-593.481 235.404
-596.527 227.504
-598.304 223.656
-600.769 217.31
-603.734 208.56
-605.74 203.521
-607.56 199.594
-609.903 192.67
-612.226 185.318
-614.376 178.626
-626.694 130.158
-627.72 123.769
-628.568 117.755
-629.179 112.423
-631.025 102.918
-632.233 95.1055
-632.625 89.9434
-632.975 85.0774
-634.235 75.9863
-634.84 69.4797
-635.339 63.3174
-635.735 57.6639
-636.51 48.9325
-636.755 43.7871
-637.234 36.0149
-637.479 30.299
-637.715 24.558
-637.94 18.9273
-638.132 11.6751
-638.325 6.60238
-638.436 -0.0697123
-638.424 -7.54755
-638.156 -16.9362
-638.454 -19.9579
-638.663 -24.6213
-638.433 -31.9095
-637.84 -40.6608
-638.15 -44.634
-638.007 -50.7669
-637.894 -56.7018
-637.589 -63.198
-629.233 -115.034
-627.706 -123.54
-626.223 -129.205
-624.652 -135.763
-622.887 -143.709
-621.429 -148.233
-619.719 -154.677
-617.8 -162.014
-615.626 -170.258
-614.071 -174.848
-612.689 -178.929
-609.885 -188.574
-608.254 -193.347
-605.79 -200.924
-604.465 -204.693
-602.035 -211.734
-600.213 -216.955
-597.697 -223.846
-597.087 -226.292
-593.393 -235.467
-591.191 -241.265
-588.745 -247.457
-587.231 -251.871
-583.23 -260.599
-582.505 -263.65
-577.75 -273.141
-577.664 -275.327
-573.097 -284.061
-570.564 -289.758
-547.765 -329.681
-544.1 -335.384
-540.457 -340.907
-536.836 -346.274
-533.182 -351.605
-529.975 -356.065
-526.65 -360.725
-522.28 -366.987
-519.406 -370.855
-515.153 -376.715
-511.492 -381.644
-507.504 -386.941
-504.02 -391.539
-499.77 -397.005
-496.456 -401.334
-492.081 -406.784
-487.425 -412.426
-483.937 -416.813
-480.463 -421.185
-475.132 -427.19
-471.581 -431.537
-448.762 -454.11
-442.251 -460.561
-439.176 -463.184
-432.462 -469.527
-429.294 -472.242
-420.809 -479.96
-416.551 -483.544
-412.011 -487.374
-406.677 -491.83
-401.251 -496.274
-393.731 -502.258
-390.37 -504.921
-386.07 -508.327
-380.857 -512.333
-376.495 -515.748
-370.101 -520.363
-338.599 -543.046
-332.791 -546.367
-327.276 -549.38
-321.196 -552.786
-316.33 -555.211
-310.209 -558.52
-304.829 -561.252
-299.159 -564.138
-294.017 -566.661
-287.976 -569.682
-281.927 -572.639
-276.663 -575.13
-272.369 -577.149
-265.204 -580.478
-259.442 -583.099
-253.622 -585.699
-247.818 -588.248
-241.176 -591.043
-236.088 -593.261
-229.359 -595.961
-224.169 -598.161
-217.429 -600.733
-211.39 -603.069
-205.252 -605.378
-198.984 -607.66
-193.65 -609.744
-187.36 -611.943
-141.732 -623.529
-136.718 -624.251
-128.049 -626.195
-122.909 -626.894
-117.817 -627.607
-110.11 -628.991
-103.935 -629.916
-96.0465 -631.165
-93.252 -631.366
-83.9528 -632.704
-76.299 -633.662
-71.3613 -634.184
-63.5555 -635.012
-58.2704 -635.537
-52.5949 -636.093
-46.7045 -636.644
-40.093 -637.174
-34.2388 -637.673
-25.7726 -638.036
-19.0302 -638.379
-12.5733 -638.685
-5.38276 -638.873
0.24259 -639.175
7.26829 -639.265
50.4233 -637.528
58.1901 -636.827
62.7185 -635.944
71.7513 -635.117
78.6433 -634.172
85.0302 -633.174
90.4814 -632.184
97.5668 -631.06
100.621 -630.299
109.32 -628.879
117.754 -627.378
118.911 -627.013
127.26 -625.367
134.597 -623.828
140.972 -622.435
146.99 -621.09
153.748 -619.493
160.641 -617.784
166.259 -616.429
173.518 -614.461
178.878 -613.13
185.001 -611.48
191.747 -609.511
196.716 -608.306
204.256 -605.828
210.305 -604.015
250.68 -588.081
258.577 -584.735
265 -581.716
270.398 -578.961
275.384 -576.33
280.438 -573.668
288.364 -569.792
292.641 -567.361
299.033 -563.967
304.801 -560.798
310.22 -557.756
314.554 -555.283
321.82 -551.105
325.095 -549.248
332.138 -545.011
338.408 -541.164
343.618 -537.964
348.085 -535.287
355.073 -530.643
360.005 -527.511
365.507 -523.871
370.152 -520.934
374.829 -517.974
380.683 -513.837
412.211 -488.279
415.348 -485.138
420.35 -480.671
426.116 -475.539
431.882 -470.29
437.179 -465.301
440.688 -461.753
447.147 -455.56
452.257 -450.433
455.712 -446.801
460.007 -442.343
464.441 -437.692
467.749 -434.265
475.557 -425.596
478.39 -422.536
482.688 -417.724
488.05 -411.426
492.185 -406.611
495.443 -403.002
499.79 -397.775
504.093 -392.504
508.346 -387.201
531.644 -355.138
534.012 -350.855
537.47 -345.254
542 -338.176
544.354 -333.837
547.479 -328.445
551.262 -321.995
554.223 -316.671
557.431 -310.88
560.733 -304.817
563.051 -300.43
565.614 -295.631
568.97 -289.155
572.565 -281.967
575.609 -275.771
577.816 -271.475
580.985 -264.716
583.427 -259.767
586.866 -251.771
589.598 -245.599
593.335 -235.905
594.587 -234.353
597.563 -226.534
612.284 -185.799
614.159 -178.964
615.668 -172.781
616.816 -167.37
618.281 -161.131
619.72 -154.842
621.159 -148.41
622.432 -142.346
623.471 -136.996
624.885 -130.169
626.061 -124.067
627.211 -117.922
628.333 -111.72
629.426 -105.456
630.48 -99.1631
631.584 -92.0205
632.477 -86.3553
633.44 -79.397
634.256 -74.4525
635.127 -67.4373
635.929 -60.3725
636.689 -54.5222
637.365 -47.4017
637.989 -40.5974
638.656 -34.9263
639.204 -28.3176
