638.271 18.5647
637.896 25.6829
637.377 31.8822
636.729 35.9728
636.212 43.2445
635.617 50.7378
634.941 57.7911
634.194 64.7823
633.433 70.7307
632.461 79.1898
631.788 83.099
630.855 89.7036
629.96 95.6725
629.03 101.687
627.81 109.018
627.146 113.465
625.712 121.182
624.659 127.09
623.222 134.207
621.499 141.986
620.91 146.05
619.006 153.889
618.182 158.655
616.394 165.792
615.24 171.306
600.689 218.142
598.386 223.237
595.894 229.151
593.324 235.196
590.789 240.933
587.798 248.067
586.202 250.612
583.059 257.822
579.575 265.668
577.061 270.706
574.274 276.365
571.437 282.036
569.145 286.499
565.304 294.007
563.104 298.213
559.642 304.69
556.592 310.327
553.787 315.498
550.247 321.73
546.376 328.307
543.564 333.254
539.405 339.956
536.578 344.797
533.576 349.842
530.656 354.769
526.021 361.548
523.19 366.261
520.11 371.228
490.29 409.165
485.547 414.607
481.857 418.327
477.267 423.348
474.589 425.719
468.272 432.843
464.449 436.646
458.884 442.497
455.342 445.893
451.304 449.865
446.765 454.326
440.54 460.373
437.728 463.049
430.42 469.832
425.744 474.098
422.177 477.396
418.071 481.16
412.192 486.225
408.198 489.829
401.002 495.611
397.516 498.774
391.353 503.641
386.835 507.407
381.495 511.616
375.907 515.891
343.619 537.505
338.626 540.398
332.465 544.13
327.753 546.75
322.073 550.018
317.394 552.598
309.858 556.886
303.304 560.458
297.994 563.237
292.422 566.123
287.077 568.856
277.889 573.391
273.767 575.406
267.307 578.465
261.423 581.211
254.776 584.191
248.773 586.856
243.343 589.278
236.817 592.006
228.512 595.183
223.281 597.373
184.743 611.695
179.448 612.835
173.597 614.226
165.937 616.335
160.472 617.474
156.782 617.998
147.852 620.305
142.084 621.479
134.84 623.052
124.71 625.347
122.727 625.355
114.792 626.86
108.4 627.943
102.997 628.807
95.8072 629.936
88.588 630.994
83.3523 631.758
75.6645 632.739
69.3487 633.529
62.7024 634.29
57.0096 634.974
50.2448 635.639
43.4232 636.241
37.4182 636.817
29.8306 637.257
24.0727 637.764
15.8804 637.993
9.31499 638.311
2.92241 638.604
-45.4878 637.388
-50.6249 636.548
-56.5701 635.765
-65.0308 635.026
-70.1355 634.127
-75.8626 633.236
-83.8454 632.238
-88.5653 631.324
-94.6584 630.322
-98.3072 629.596
-109.66 627.84
-114.854 626.8
-119.273 625.921
-126.902 624.415
-132.641 623.246
-140.423 621.545
-146.238 620.27
-152.53 618.828
-159.18 617.22
-164.993 615.836
-173.759 613.336
-179.643 611.786
-186.837 609.669
-190.906 608.815
-198.247 606.498
-206.991 603.412
-210.644 602.725
-218.176 600.038
-255.18 584.703
-261.906 581.65
-265.37 579.677
-274.125 575.735
-280.237 572.68
-286.241 569.602
-290.941 567.044
-296.76 563.956
-302.791 560.701
-309.166 557.193
-314.173 554.354
-320.834 550.522
-325.015 548.106
-333.003 543.254
-336.658 541.13
-342.794 537.312
-347.507 534.464
-352.257 531.591
-359.455 526.68
-364.397 523.524
-370.78 519.051
-374.986 516.469
-410.392 489.532
-415.326 485.07
-420.132 480.633
-424.879 476.178
-429.555 471.716
-434.167 467.243
-438.712 462.768
-443.203 458.282
-447.65 453.78
-452.043 449.271
-456.371 444.77
-460.671 440.245
-464.927 435.713
-469.127 431.192
-473.288 426.666
-477.403 422.147
-481.496 417.608
-485.557 413.061
-489.585 408.51
-493.628 403.888
-497.667 399.214
-501.733 394.436
-505.805 389.577
-509.895 384.603
-514.019 379.471
-541.095 339.318
-545.587 332.175
-547.784 327.675
-552.157 320.383
-555.167 314.712
-557.622 309.75
-561.071 303.311
-564.327 297.028
-567.137 291.323
-568.939 287.273
-571.311 282.3
-574.478 275.752
-577.531 269.255
-580.413 262.945
-583.157 256.783
-585.308 251.905
-587.546 246.833
-590.946 238.472
-592.533 235.084
-595.578 227.187
-597.348 223.361
-599.807 217.036
-602.771 208.29
-604.769 203.282
-606.582 199.385
-608.921 192.479
-611.242 185.142
-613.389 178.471
-625.755 129.813
-626.775 123.441
-627.618 117.446
-628.22 112.138
-630.068 102.627
-631.274 94.8226
-631.657 89.6933
-632.001 84.8538
-633.257 75.7775
-633.857 69.2951
-634.351 63.1593
-634.743 57.5357
-635.516 48.8215
-635.758 43.7097
-636.236 35.9536
-636.479 30.2592
-636.715 24.5395
-636.94 18.9307
-637.132 11.6884
-637.326 6.63267
-637.437 -0.0169533
-637.427 -7.47854
-637.16 -16.8569
-637.461 -19.8385
-637.674 -24.4744
-637.447 -31.7451
-636.856 -40.4811
-637.173 -44.4216
-637.036 -50.5287
-636.929 -56.4368
-636.632 -62.9098
-628.234 -114.995
-626.708 -123.49
-625.226 -129.126
-623.657 -135.66
-621.895 -143.585
-620.44 -148.088
-618.732 -154.516
-616.815 -161.846
-614.642 -170.082
-613.092 -174.645
-611.714 -178.704
-608.914 -188.335
-607.287 -193.092
-604.831 -200.64
-603.516 -204.378
-601.091 -211.403
-599.28 -216.596
-596.77 -223.471
-596.177 -225.876
-592.483 -235.053
-590.292 -240.827
-587.856 -246.999
-586.36 -251.381
-582.363 -260.101
-581.659 -263.117
-576.901 -272.614
-576.835 -274.767
-572.268 -283.502
-569.746 -289.183
-546.855 -329.265
-543.2 -334.948
-539.564 -340.457
-535.95 -345.811
-532.304 -351.127
-529.104 -355.575
-525.792 -360.211
-521.43 -366.46
-518.572 -370.305
-514.333 -376.142
-510.687 -381.05
-506.707 -386.337
-503.241 -390.912
-499.003 -396.363
-495.709 -400.669
-491.348 -406.105
-486.704 -411.734
-483.236 -416.1
-479.784 -420.451
-474.462 -426.447
-470.933 -430.775
-448.017 -453.444
-441.51 -459.889
-438.453 -462.493
-431.749 -468.826
-428.604 -471.518
-420.125 -479.23
-415.89 -482.794
-411.372 -486.605
-406.055 -491.047
-400.64 -495.482
-393.116 -501.469
-389.78 -504.113
-385.5 -507.505
-380.299 -511.503
-375.957 -514.905
-369.567 -519.518
-337.949 -542.286
-332.157 -545.593
-326.662 -548.59
-320.598 -551.985
-315.756 -554.391
-309.645 -557.694
-304.28 -560.416
-298.617 -563.298
-293.493 -565.81
-287.463 -568.823
-281.434 -571.769
-276.196 -574.246
-271.934 -576.248
-264.782 -579.571
-259.051 -582.178
-253.239 -584.775
-247.467 -587.311
-240.836 -590.102
-235.777 -592.31
-229.074 -595.002
-223.914 -597.194
-217.185 -599.763
-211.187 -602.09
-205.064 -604.396
-198.819 -606.674
-193.515 -608.753
-187.242 -610.95
-141.381 -622.593
-136.391 -623.306
-127.721 -625.25
-122.605 -625.942
-117.529 -626.649
-109.844 -628.027
-103.694 -628.945
-95.8185 -630.191
-93.0641 -630.383
-83.768 -631.721
-76.1456 -632.674
-71.2254 -633.193
-63.4505 -634.017
-58.181 -634.541
-52.535 -635.094
-46.6813 -635.644
-40.0842 -636.174
-34.2585 -636.673
-25.81 -637.037
-19.0983 -637.381
-12.6571 -637.689
-5.49364 -637.879
0.109799 -638.184
7.11574 -638.277
50.4604 -636.529
58.2276 -635.828
62.7346 -634.944
71.7769 -634.117
78.657 -633.172
85.0199 -632.175
90.449 -631.185
97.5154 -630.061
100.522 -629.303
109.214 -627.884
117.622 -626.387
118.735 -626.029
127.074 -624.384
134.387 -622.85
140.738 -621.463
146.731 -620.124
153.46 -618.535
160.335 -616.832
165.934 -615.483
173.169 -613.524
178.509 -612.201
184.6 -610.564
191.329 -608.603
196.276 -607.408
203.795 -604.941
209.83 -603.135
250.403 -587.121
258.305 -583.773
264.708 -580.76
270.095 -578.009
275.052 -575.386
280.078 -572.735
287.988 -568.866
292.24 -566.445
298.614 -563.059
304.36 -559.9
309.756 -556.871
314.058 -554.414
321.314 -550.243
324.553 -548.408
331.585 -544.178
337.846 -540.337
343.041 -537.148
347.488 -534.485
354.467 -529.847
359.39 -526.723
364.875 -523.097
369.496 -520.179
374.151 -517.238
379.992 -513.115
411.65 -487.452
414.762 -484.328
419.752 -479.869
425.513 -474.742
431.272 -469.497
436.553 -464.52
440.043 -460.99
446.488 -454.807
451.578 -449.698
455.013 -446.085
459.29 -441.646
463.7 -437.02
466.995 -433.608
474.8 -424.943
477.607 -421.914
481.889 -417.122
487.244 -410.834
491.368 -406.034
494.616 -402.44
498.95 -397.233
503.245 -391.973
507.491 -386.683
530.882 -354.49
533.233 -350.228
536.672 -344.651
541.197 -337.581
543.536 -333.263
546.642 -327.899
550.424 -321.448
553.371 -316.147
556.576 -310.361
559.867 -304.317
562.172 -299.954
564.727 -295.168
568.075 -288.709
571.663 -281.534
574.694 -275.366
576.893 -271.088
580.05 -264.361
582.486 -259.428
585.917 -251.457
588.644 -245.298
592.38 -235.611
593.62 -234.098
596.595 -226.282
611.382 -185.367
613.246 -178.556
614.748 -172.388
615.884 -167.005
617.342 -160.789
618.772 -154.522
620.205 -148.111
621.472 -142.063
622.502 -136.752
623.912 -129.937
625.085 -123.852
626.232 -117.715
627.352 -111.53
628.441 -105.283
629.491 -99.0158
630.591 -91.9011
631.481 -86.2575
632.442 -79.3285
633.257 -74.4107
634.127 -67.4165
634.929 -60.3802
635.689 -54.5512
636.366 -47.4585
636.991 -40.6694
637.661 -35.0211
638.21 -28.4198
