780.313 2.07274
780.216 11.7953
779.99 21.4311
779.632 30.7949
779.182 40.5401
778.61 50.294
777.916 59.9718
777.103 69.6305
776.177 79.1442
775.117 88.9497
773.98 98.1884
772.706 107.737
771.325 117.203
769.831 126.656
768.193 136.245
766.513 145.474
764.632 155.065
762.688 164.427
760.589 173.905
758.348 183.434
756.139 192.503
753.658 201.998
751.203 211.102
748.516 220.466
745.795 229.623
741.408 243.526
738.336 252.564
735.138 261.661
731.826 270.727
728.413 279.721
724.843 288.841
721.333 297.355
717.539 306.398
713.607 315.462
709.683 324.148
705.634 332.842
701.48 341.494
697.291 349.95
692.822 358.718
688.448 367.041
683.833 375.574
679.167 383.96
674.435 392.233
669.513 400.589
664.457 408.927
659.429 417.022
654.142 425.269
648.914 433.247
643.563 441.198
638.147 449.051
632.424 457.066
626.826 464.776
621.114 472.444
612.236 483.813
606.132 491.427
600.081 498.738
593.84 506.13
587.739 513.132
581.131 520.627
574.732 527.648
568.051 534.835
561.525 541.654
554.863 548.464
548.068 555.249
541 562.139
534.259 568.55
526.92 575.355
519.802 581.796
512.738 588.046
505.526 594.275
498.046 600.56
490.703 606.601
482.914 612.806
475.491 618.622
467.661 624.559
459.975 630.27
452.136 635.934
444.212 641.511
433.151 648.993
425.162 654.225
416.974 659.466
408.901 664.475
400.634 669.483
392.447 674.299
383.872 679.22
375.368 683.954
366.959 688.494
358.466 692.951
349.963 697.284
340.973 701.723
332.511 705.777
323.731 709.851
314.965 713.791
306.047 717.665
297.17 721.396
288.314 724.998
279.267 728.538
269.985 732.02
261.001 735.292
248.153 739.861
239.089 742.796
229.943 745.647
220.543 748.483
211.373 751.091
202.368 753.522
192.721 756.062
183.428 758.35
173.948 760.576
164.109 762.781
155.204 764.597
145.576 766.489
136.122 768.218
126.772 769.81
117.197 771.326
107.601 772.723
98.2288 773.976
88.5452 775.145
79.0096 776.184
69.4181 777.109
59.9207 777.916
50.2807 778.61
40.628 779.185
31.06 779.647
21.2982 779.979
11.7364 780.209
1.90944 780.293
-7.75675 780.274
-17.4156 780.138
-31.8974 779.725
-41.3911 779.233
-50.9776 778.638
-60.83 777.939
-70.2681 777.103
-79.7851 776.159
-89.5446 775.095
-98.8991 773.925
-108.403 772.637
-117.615 771.268
-127.686 769.68
-137.013 768.06
-146.232 766.351
-155.797 764.464
-165.118 762.508
-174.649 760.383
-183.938 758.197
-193.255 755.885
-202.609 753.44
-211.818 750.921
-221.363 748.152
-230.537 745.394
-239.831 742.461
-248.751 739.566
-258.006 736.39
-267.393 733.014
-276.126 729.835
-285.294 726.297
-297.777 721.2
-306.791 717.41
-315.36 713.643
-324.495 709.553
-333.255 705.469
-341.969 701.276
-350.478 697.044
-359.069 692.65
-367.635 688.137
-376.182 683.5
-384.518 678.841
-392.989 673.972
-401.107 669.176
-409.605 664.005
-417.552 659.049
-425.724 653.805
-433.672 648.578
-441.577 643.246
-449.675 637.604
-457.451 632.076
-465.336 626.297
-472.9 620.655
-483.923 612.172
-491.432 606.13
-498.87 599.995
-506.213 593.784
-513.493 587.475
-520.674 581.095
-527.781 574.627
-534.806 568.075
-541.75 561.44
-548.613 554.724
-555.41 547.911
-562.117 541.022
-568.731 534.063
-575.26 527.026
-581.704 519.91
-588.063 512.717
-594.335 505.447
-600.521 498.099
-606.619 490.676
-612.634 483.171
-618.551 475.604
-624.387 467.948
-630.129 460.223
-635.784 452.416
-641.356 444.516
-649.422 432.656
-654.843 424.421
-659.896 416.429
-665.115 408.056
-670.068 399.823
-674.867 391.606
-679.684 383.167
-684.38 374.692
-688.926 366.232
-693.256 357.912
-697.554 349.437
-701.849 340.722
-706.033 331.962
-710.095 323.178
-714.05 314.343
-717.824 305.633
-721.507 296.858
-725.218 287.663
-728.618 279.005
-732.084 269.768
-735.296 260.985
-738.486 251.858
-741.628 242.4
-744.555 233.35
-747.353 224.413
-750.104 215.075
-752.746 205.642
-755.261 196.251
-758.847 182.083
-761.013 172.69
-763.043 163.328
-764.934 154.024
-766.866 144.224
-768.611 134.598
-770.142 125.278
-771.567 115.95
-772.99 106.122
-774.224 96.5838
-775.335 87.0777
-776.324 77.6135
-777.247 67.7791
-777.998 58.361
-778.667 48.6145
-779.198 39.1113
-779.618 29.5889
-779.927 20.0659
-780.119 10.341
-780.203 0.882767
-780.162 -8.79197
-779.991 -18.5781
-779.678 -28.5695
-779.327 -37.7856
-778.851 -47.2135
-778.208 -56.9319
-777.407 -66.8284
-776.612 -76.1244
-775.647 -85.6774
-774.575 -95.1919
-773.367 -104.762
-771.144 -119.419
-769.582 -129.154
-767.909 -138.538
-766.12 -148.006
-764.2 -157.619
-762.204 -166.805
-760.072 -176.2
-757.807 -185.684
-755.401 -195.261
-752.963 -204.363
-750.435 -213.392
-747.629 -223.059
-744.855 -232.114
-741.877 -241.462
-738.927 -250.33
-735.729 -259.581
-732.513 -268.532
-729.1 -277.669
-725.825 -286.207
-722.054 -295.549
-718.368 -304.427
-714.552 -313.305
-710.75 -321.918
-706.543 -331.004
-702.639 -339.353
-698.138 -348.436
-694.116 -356.579
-689.45 -365.453
-684.933 -373.913
-678.085 -386.068
-673.245 -394.412
-668.309 -402.685
-663.277 -410.89
-658.148 -419.028
-652.975 -427.01
-647.695 -434.956
-642.189 -443.044
-636.78 -450.768
-631.105 -458.678
-625.411 -466.411
-619.59 -474.12
-613.74 -481.676
-607.696 -489.285
-601.667 -496.697
-595.435 -504.158
-589.093 -511.559
-582.814 -518.73
-576.451 -525.826
-569.781 -533.044
-563.242 -539.989
-554.44 -548.931
-547.417 -555.946
-540.72 -562.424
-533.524 -569.262
-526.668 -575.589
-519.127 -582.415
-511.992 -588.684
-504.752 -594.898
-497.355 -601.096
-489.87 -607.213
-482.068 -613.423
-474.676 -619.171
-467.111 -624.912
-459.355 -630.647
-451.636 -636.222
-443.598 -641.851
-432.605 -649.468
-424.509 -654.765
-416.388 -659.93
-408.118 -665.066
-399.95 -669.971
-391.574 -674.889
-383.239 -679.634
-374.805 -684.305
-366.388 -688.829
-357.824 -693.307
-349.212 -697.677
-340.651 -701.886
-332.16 -705.938
-323.28 -710.048
-314.522 -713.972
-305.718 -717.79
-296.867 -721.503
-287.875 -725.143
-279.031 -728.61
-269.95 -732.03
-261.02 -735.287
-251.848 -738.488
-242.747 -741.552
-233.584 -744.51
-224.385 -747.357
-215.249 -750.08
-205.966 -752.708
-192.139 -756.278
-182.925 -758.521
-173.257 -760.802
-163.993 -762.817
-154.724 -764.723
-145.112 -766.604
-135.663 -768.319
-125.986 -769.966
-116.918 -771.371
-107.026 -772.81
-97.313 -774.093
-87.9393 -775.207
-78.1994 -776.25
-68.7593 -777.144
-59.263 -777.932
-49.733 -778.609
-40.0989 -779.173
-30.5584 -779.622
-20.6949 -779.942
-11.0368 -780.149
-1.41609 -780.241
8.29856 -780.207
17.8362 -780.075
27.547 -779.803
41.2893 -779.225
51.0481 -778.642
60.4203 -777.923
70.3097 -777.104
79.9522 -776.159
89.5141 -775.095
98.9652 -773.921
108.604 -772.622
117.714 -771.255
127.5 -769.702
137.238 -768.029
146.066 -766.384
155.762 -764.471
165.287 -762.469
174.7 -760.37
184.02 -758.174
193.423 -755.834
202.816 -753.372
212.008 -750.853
221.374 -748.148
230.497 -745.411
239.678 -742.527
248.916 -739.49
257.9 -736.442
267.142 -733.139
276.163 -729.815
289.059 -724.785
298.22 -721.074
307.145 -717.302
315.901 -713.459
324.572 -709.526
333.196 -705.492
342.111 -701.219
350.544 -697.015
359.183 -692.597
367.69 -688.11
376.115 -683.535
384.356 -678.932
392.884 -674.033
400.885 -669.317
409.277 -664.217
417.525 -659.068
425.591 -653.9
433.516 -648.699
441.675 -643.167
449.542 -637.715
457.407 -632.115
465.125 -626.49
472.775 -620.777
480.496 -614.831
491.144 -606.309
498.382 -600.32
505.772 -594.092
513.173 -587.709
520.496 -581.23
527.682 -574.704
534.576 -568.269
541.747 -561.443
548.683 -554.66
555.337 -547.981
562.013 -541.128
568.633 -534.168
575.03 -527.288
581.89 -519.695
588.067 -512.711
594.341 -505.439
600.656 -497.916
606.747 -490.494
612.65 -483.146
618.598 -475.529
624.456 -467.831
630.222 -460.058
638.116 -449.084
643.493 -441.278
648.901 -433.263
654.346 -425.009
659.418 -417.037
664.5 -408.866
669.553 -400.531
674.418 -392.26
679.209 -383.89
683.915 -375.433
688.397 -367.135
692.814 -358.732
697.223 -350.089
701.555 -341.327
705.727 -332.625
709.707 -324.086
713.692 -315.226
717.497 -306.522
721.308 -297.434
724.94 -288.503
728.583 -279.117
731.848 -270.635
735.199 -261.381
739.791 -248.289
742.815 -239.05
745.687 -229.854
748.406 -220.724
751.063 -211.444
753.618 -202.104
756.051 -192.751
758.354 -183.416
760.515 -174.155
762.611 -164.705
764.574 -155.3
766.423 -145.873
768.157 -136.433
769.778 -126.965
771.283 -117.493
772.687 -107.896
773.955 -98.4687
775.123 -88.8565
776.164 -79.49
777.1 -69.8357
777.918 -60.1837
778.622 -50.6729
779.205 -41.0107
779.669 -31.3526
780.031 -21.8313
780.265 -12.1873
