637.276 18.6641
636.9 25.7708
636.379 31.9374
635.73 36.0039
635.213 43.2661
634.617 50.7511
633.941 57.7925
633.194 64.7626
632.434 70.6912
631.463 79.1318
630.792 83.0075
629.861 89.5887
628.969 95.5386
628.044 101.518
626.828 108.831
626.17 113.249
624.739 120.951
623.692 126.832
622.263 133.923
620.544 141.688
619.968 145.713
618.067 153.546
617.253 158.286
615.469 165.414
614.323 170.907
599.709 217.945
597.412 223.011
594.924 228.91
592.36 234.933
589.831 240.646
586.847 247.757
585.264 250.264
582.126 257.461
578.64 265.314
576.134 270.331
573.354 275.973
570.524 281.629
568.243 286.068
564.407 293.564
562.224 297.738
558.771 304.198
555.73 309.82
552.944 314.96
549.411 321.181
545.544 327.751
542.745 332.68
538.595 339.37
535.775 344.2
532.791 349.222
529.89 354.127
525.262 360.897
522.451 365.586
519.392 370.533
489.454 408.617
484.722 414.042
481.045 417.743
476.474 422.739
473.814 425.088
467.509 432.198
463.695 435.989
458.139 441.83
454.615 445.206
450.586 449.168
446.065 453.612
439.841 459.657
437.048 462.316
429.735 469.104
425.078 473.352
421.525 476.638
417.435 480.388
411.562 485.448
407.593 489.033
400.407 494.808
396.944 497.954
390.799 502.808
386.305 506.559
380.984 510.757
375.413 515.021
343.007 536.713
338.038 539.589
331.892 543.31
327.206 545.913
321.547 549.168
316.887 551.735
309.353 556.023
302.807 559.591
297.514 562.36
291.958 565.237
286.631 567.962
277.458 572.489
273.362 574.492
266.913 577.546
261.045 580.285
254.407 583.262
248.419 585.921
243.008 588.336
236.492 591.061
228.201 594.233
222.991 596.416
184.318 610.79
179.044 611.92
173.226 613.297
165.578 615.401
160.142 616.53
156.486 617.043
147.566 619.346
141.825 620.513
134.591 622.084
124.449 624.382
122.512 624.378
114.583 625.883
108.207 626.962
102.827 627.822
95.6572 628.947
88.4495 630.003
83.2546 630.763
75.5673 631.744
69.269 632.532
62.6463 633.291
56.9669 633.974
50.2164 634.639
43.4079 635.241
37.4389 635.817
29.8664 636.258
24.1379 636.766
15.9563 636.996
9.41428 637.316
3.0457 637.611
-45.5669 636.391
-50.6704 635.549
-56.5881 634.765
-65.0309 634.026
-70.1111 633.127
-75.8097 632.238
-83.7796 631.24
-88.4715 630.329
-94.547 629.328
-98.1684 628.605
-109.531 626.849
-114.7 625.812
-119.09 624.938
-126.71 623.434
-132.42 622.271
-140.187 620.574
-145.974 619.306
-152.258 617.866
-158.894 616.261
-164.687 614.884
-173.448 612.386
-179.322 610.838
-186.501 608.727
-190.531 607.888
-197.859 605.577
-206.584 602.499
-210.212 601.824
-217.725 599.146
-254.861 583.755
-261.572 580.707
-265.011 578.744
-273.75 574.808
-279.842 571.761
-285.826 568.692
-290.498 566.148
-296.296 563.07
-302.308 559.825
-308.668 556.326
-313.65 553.502
-320.305 549.674
-324.464 547.272
-332.462 542.414
-336.098 540.301
-342.232 536.485
-346.932 533.646
-351.67 530.782
-358.861 525.876
-363.779 522.738
-370.15 518.274
-374.329 515.716
-409.863 488.683
-414.783 484.23
-419.57 479.806
-424.296 475.365
-428.952 470.918
-433.545 466.46
-438.07 462.001
-442.542 457.531
-446.969 453.047
-451.344 448.556
-455.654 444.073
-459.936 439.566
-464.181 435.047
-468.369 430.54
-472.52 426.027
-476.629 421.514
-480.705 416.996
-484.76 412.456
-488.773 407.926
-492.801 403.325
-496.832 398.665
-500.889 393.9
-504.952 389.054
-509.034 384.094
-513.151 378.975
-540.336 338.668
-544.816 331.539
-546.995 327.06
-551.358 319.783
-554.352 314.132
-556.794 309.189
-560.228 302.773
-563.473 296.507
-566.271 290.823
-568.058 286.8
-570.415 281.854
-573.574 275.324
-576.619 268.845
-579.493 262.554
-582.228 256.413
-584.371 251.556
-586.604 246.497
-590.007 238.128
-591.586 234.765
-594.63 226.87
-596.391 223.074
-598.845 216.762
-601.808 208.021
-603.798 203.043
-605.604 199.176
-607.939 192.289
-610.256 184.975
-612.4 178.324
-624.816 129.468
-625.831 123.113
-626.667 117.136
-627.265 111.845
-629.111 102.337
-630.314 94.5399
-630.688 89.4434
-631.026 84.6303
-632.279 75.5689
-632.873 69.1182
-633.363 63.0091
-633.75 57.4155
-634.523 48.7021
-634.761 43.6322
-635.238 35.8923
-635.48 30.2194
-635.715 24.5209
-635.94 18.9341
-636.132 11.7016
-636.327 6.67151
-636.438 0.0357332
-636.429 -7.40959
-636.163 -16.7777
-636.468 -19.7192
-636.685 -24.3276
-636.462 -31.572
-635.873 -40.3017
-636.196 -44.2094
-636.065 -50.2906
-635.965 -56.172
-635.674 -62.6218
-627.235 -114.957
-625.709 -123.434
-624.229 -129.047
-622.663 -135.557
-620.903 -143.46
-619.452 -147.935
-617.746 -154.349
-615.83 -161.67
-613.657 -169.905
-612.113 -174.443
-610.74 -178.478
-607.941 -188.104
-606.323 -192.828
-603.87 -200.365
-602.567 -204.062
-600.147 -211.072
-598.347 -216.236
-595.844 -223.095
-595.268 -225.461
-591.576 -234.63
-589.397 -240.382
-586.966 -246.541
-585.488 -250.891
-581.496 -259.603
-580.812 -262.585
-576.051 -272.087
-576.007 -274.207
-571.44 -282.942
-568.928 -288.608
-545.949 -328.843
-542.3 -334.512
-538.671 -340.008
-535.064 -345.347
-531.425 -350.649
-528.232 -355.084
-524.935 -359.696
-520.581 -365.932
-517.741 -369.747
-513.513 -375.57
-509.882 -380.457
-505.916 -385.725
-502.461 -390.286
-498.242 -395.714
-494.962 -400.004
-490.62 -405.419
-485.988 -411.036
-482.535 -415.387
-479.105 -419.717
-473.792 -425.705
-470.286 -430.013
-447.271 -452.777
-440.763 -459.224
-437.735 -461.797
-431.036 -468.125
-427.915 -470.793
-419.441 -478.501
-415.229 -482.043
-410.727 -485.841
-405.427 -490.268
-400.028 -494.69
-392.508 -500.676
-389.19 -503.306
-384.929 -506.684
-379.741 -510.673
-375.418 -514.063
-369.033 -518.672
-337.299 -541.527
-331.523 -544.82
-326.048 -547.801
-320 -551.183
-315.176 -553.577
-309.074 -556.873
-303.725 -559.585
-298.075 -562.458
-292.968 -564.958
-286.951 -567.964
-280.942 -570.899
-275.728 -573.362
-271.499 -575.348
-264.36 -578.664
-258.653 -581.261
-252.865 -583.848
-247.116 -586.375
-240.504 -589.159
-235.466 -591.36
-228.798 -594.041
-223.66 -596.227
-216.951 -598.791
-210.984 -601.111
-204.877 -603.414
-198.655 -605.687
-193.38 -607.762
-187.123 -609.957
-141.029 -621.657
-136.057 -622.364
-127.393 -624.305
-122.302 -624.989
-117.242 -625.691
-109.578 -627.063
-103.453 -627.975
-95.5821 -629.219
-92.8762 -629.401
-83.5912 -630.737
-75.9922 -631.686
-71.0977 -632.201
-63.3373 -633.024
-58.1001 -633.544
-52.4836 -634.096
-46.658 -634.645
-40.0838 -635.174
-34.2781 -635.673
-25.8473 -636.038
-19.1587 -636.383
-12.7418 -636.693
-5.60438 -636.886
-0.0228484 -637.193
6.97065 -637.287
50.4973 -635.529
58.2649 -634.828
62.7505 -633.944
71.8024 -633.117
78.6704 -632.172
85.0183 -631.175
90.4165 -630.185
97.4561 -629.063
100.424 -628.308
109.108 -626.89
117.489 -625.396
118.559 -625.044
126.888 -623.402
134.176 -621.872
140.504 -620.49
146.471 -619.158
153.181 -617.575
160.029 -615.88
165.608 -614.538
172.82 -612.586
178.139 -611.272
184.207 -609.644
190.911 -607.695
195.835 -606.51
203.335 -604.053
209.348 -602.259
250.133 -586.158
258.034 -582.81
264.416 -579.803
269.791 -577.056
274.72 -574.443
279.717 -571.802
287.612 -567.939
291.831 -565.532
298.187 -562.155
303.919 -559.003
309.291 -555.985
313.563 -553.545
320.808 -549.38
324.01 -547.568
331.032 -543.345
337.277 -539.514
342.457 -536.336
346.891 -533.683
353.862 -529.051
358.769 -525.939
364.236 -522.327
368.841 -519.424
373.473 -516.503
379.3 -512.392
411.089 -486.624
414.175 -483.518
419.154 -479.068
424.909 -473.944
430.662 -468.704
435.934 -463.735
439.397 -460.226
445.831 -454.054
450.899 -448.964
454.315 -445.369
458.578 -440.944
462.965 -436.342
466.242 -432.951
474.042 -424.29
476.823 -421.293
481.09 -416.52
486.437 -410.243
490.552 -405.456
493.783 -401.886
498.109 -396.691
502.398 -391.443
506.636 -386.164
530.12 -353.842
532.454 -349.6
535.88 -344.041
540.394 -336.985
542.712 -332.696
545.809 -327.345
549.587 -320.901
552.524 -315.616
555.721 -309.842
559.005 -303.81
561.297 -299.47
563.841 -294.705
567.184 -288.256
570.761 -281.102
573.78 -274.961
575.971 -270.702
579.117 -264
581.546 -259.088
584.968 -251.141
587.688 -245.005
591.424 -235.317
592.653 -233.842
595.627 -226.03
610.477 -184.941
612.333 -178.148
613.828 -171.996
614.95 -166.648
616.405 -160.439
617.825 -154.203
619.25 -147.813
620.513 -141.781
621.532 -136.508
622.939 -129.705
624.11 -123.628
625.254 -117.509
626.37 -111.341
627.456 -105.111
628.502 -98.8686
629.599 -91.7736
630.486 -86.1595
631.445 -79.252
632.258 -74.3689
633.127 -67.3956
633.929 -60.3877
634.69 -54.5802
635.368 -47.5078
635.994 -40.7412
636.665 -35.1156
637.215 -28.5219
