636.282 18.7724
635.904 25.8511
635.381 31.9925
634.73 36.0349
634.213 43.2876
633.617 50.7642
632.941 57.7937
632.194 64.7515
631.435 70.6515
630.465 79.0738
629.797 82.9079
628.867 89.4822
627.979 95.3967
627.059 101.349
625.845 108.644
625.193 113.033
623.766 120.72
622.726 126.574
621.304 133.638
619.592 141.382
619.024 145.384
617.13 153.196
616.323 157.918
614.543 165.036
613.406 170.508
598.73 217.741
596.438 222.784
593.953 228.669
591.395 234.67
588.873 240.359
585.894 247.456
584.327 249.916
581.191 257.107
577.705 264.959
575.207 269.956
572.433 275.582
569.611 281.221
567.34 285.637
563.51 293.122
561.344 297.263
557.9 303.707
554.872 309.306
552.101 314.421
548.575 320.632
544.713 327.195
541.926 332.106
537.785 338.784
534.973 343.603
532.006 348.603
529.123 353.484
524.503 360.246
521.713 364.911
518.674 369.837
488.617 408.069
483.891 413.486
480.234 417.159
475.675 422.137
473.038 424.457
466.74 431.559
462.946 435.326
457.394 441.164
453.888 444.519
449.868 448.472
445.365 452.897
439.143 458.941
436.368 461.582
429.056 468.37
424.411 472.607
420.873 475.88
416.8 479.615
410.932 484.672
406.988 488.236
399.812 494.004
396.372 497.134
390.238 501.98
385.768 505.716
380.466 509.901
374.927 514.147
342.396 535.922
337.45 538.78
331.32 542.49
326.66 545.075
321.013 548.322
316.381 550.873
308.847 555.161
302.309 558.723
297.033 561.483
291.494 564.352
286.184 567.067
277.018 571.591
272.957 573.577
266.519 576.627
260.667 579.359
254.039 582.332
248.065 584.986
242.673 587.394
236.167 590.115
227.89 593.282
222.709 595.456
183.892 609.885
178.639 611.006
172.846 612.372
165.219 614.468
159.803 615.589
156.189 616.088
147.273 618.39
141.567 619.547
134.341 621.115
124.188 623.416
122.289 623.403
114.366 624.907
108.014 625.981
102.649 626.838
95.5071 627.959
88.319 629.012
83.1568 629.768
75.4783 630.748
69.1976 631.535
62.5901 632.293
56.9326 632.975
50.1965 633.639
43.4011 634.241
37.4515 634.817
29.9021 635.258
24.203 635.769
16.0321 635.999
9.51344 636.321
3.16885 636.619
-45.6458 635.394
-50.7158 634.55
-56.5981 633.765
-65.032 633.026
-70.0866 632.128
-75.7566 631.239
-83.7137 630.242
-88.3777 629.333
-94.4354 628.335
-98.0296 627.615
-109.402 625.857
-114.546 624.824
-118.906 623.955
-126.518 622.452
-132.2 621.295
-139.942 619.604
-145.71 618.341
-151.985 616.904
-158.608 615.303
-164.382 613.931
-173.137 611.436
-179.002 609.891
-186.157 607.788
-190.156 606.961
-197.462 604.659
-206.177 601.585
-209.78 600.922
-217.281 598.25
-254.542 582.807
-261.246 579.762
-264.652 577.811
-273.368 573.884
-279.44 570.845
-285.412 567.782
-290.055 565.251
-295.84 562.18
-301.819 558.954
-308.163 555.463
-313.128 552.649
-319.777 548.825
-323.92 546.433
-331.921 541.573
-335.537 539.473
-341.669 535.658
-346.357 532.828
-351.084 529.972
-358.267 525.071
-363.162 521.951
-369.514 517.503
-373.672 514.962
-409.333 487.835
-414.241 483.389
-419.007 478.979
-423.713 474.552
-428.35 470.12
-432.922 465.677
-437.428 461.235
-441.875 456.787
-446.289 452.314
-450.646 447.84
-454.943 443.369
-459.208 438.881
-463.435 434.381
-467.611 429.887
-471.751 425.387
-475.849 420.889
-479.914 416.384
-483.959 411.858
-487.962 407.342
-491.975 402.761
-495.997 398.115
-500.045 393.364
-504.099 388.532
-508.173 383.585
-512.283 378.479
-539.576 338.017
-544.049 330.897
-546.207 326.445
-550.563 319.176
-553.543 313.545
-555.967 308.627
-559.39 302.227
-562.62 295.985
-565.405 290.324
-567.177 286.327
-569.52 281.409
-572.67 274.896
-575.707 268.434
-578.573 262.163
-581.299 256.042
-583.434 251.207
-585.662 246.162
-589.068 237.783
-590.638 234.445
-593.682 226.552
-595.433 222.786
-597.884 216.488
-600.842 207.759
-602.827 202.804
-604.627 198.96
-606.959 192.09
-609.27 184.808
-611.41 178.176
-623.878 129.124
-624.886 122.785
-625.719 116.818
-626.309 111.551
-628.154 102.047
-629.353 94.2644
-629.72 89.1936
-630.051 84.4069
-631.299 75.3678
-631.89 68.933
-632.374 62.8589
-632.759 57.2869
-633.53 48.5828
-633.764 43.5548
-634.24 35.831
-634.481 30.1796
-634.715 24.5024
-634.94 18.9375
-635.132 11.7149
-635.327 6.71028
-635.44 0.0883475
-635.431 -7.34072
-635.167 -16.6898
-635.475 -19.6001
-635.696 -24.1798
-635.475 -31.4067
-634.889 -40.1223
-635.22 -43.9886
-635.094 -50.0527
-634.999 -55.9143
-634.714 -62.3408
-626.235 -114.918
-624.711 -123.377
-623.233 -128.968
-621.668 -135.455
-619.91 -143.336
-618.463 -147.782
-616.761 -154.181
-614.846 -161.494
-612.673 -169.729
-611.134 -174.24
-609.766 -178.253
-606.968 -187.873
-605.358 -192.564
-602.908 -200.09
-601.618 -203.746
-599.204 -210.741
-597.414 -215.877
-594.917 -222.719
-594.355 -225.053
-590.67 -234.208
-588.501 -239.936
-586.081 -246.076
-584.616 -250.401
-580.629 -259.104
-579.966 -262.053
-575.197 -271.566
-575.178 -273.647
-570.607 -282.388
-568.11 -288.033
-545.043 -328.42
-541.4 -334.076
-537.778 -339.558
-534.178 -344.883
-530.547 -350.171
-527.369 -354.58
-524.077 -359.181
-519.732 -365.404
-516.911 -369.189
-512.693 -374.998
-509.078 -379.863
-505.124 -385.114
-501.687 -389.652
-497.481 -395.065
-494.216 -399.339
-489.886 -404.739
-485.272 -410.338
-481.841 -414.668
-478.432 -418.977
-473.129 -424.956
-469.638 -429.251
-446.526 -452.111
-440.017 -458.558
-437.018 -461.1
-430.322 -467.424
-427.225 -470.069
-418.763 -477.766
-414.575 -481.287
-410.082 -485.077
-404.8 -489.49
-399.417 -493.899
-391.899 -499.882
-388.607 -502.493
-384.365 -505.858
-379.183 -509.843
-374.886 -513.216
-368.507 -517.822
-336.642 -540.773
-330.896 -544.041
-325.44 -547.007
-319.4 -550.383
-314.595 -552.763
-308.503 -556.053
-303.169 -558.753
-297.533 -561.617
-292.444 -564.107
-286.439 -567.105
-280.456 -570.025
-275.26 -572.478
-271.064 -574.447
-263.939 -577.758
-258.255 -580.344
-252.49 -582.921
-246.766 -585.438
-240.171 -588.216
-235.148 -590.412
-228.514 -593.082
-223.406 -595.259
-216.716 -597.819
-210.773 -600.133
-204.689 -602.432
-198.498 -604.7
-193.245 -606.772
-187.004 -608.964
-140.678 -620.721
-135.722 -621.422
-127.066 -623.36
-121.99 -624.039
-116.954 -624.734
-109.312 -626.099
-103.211 -627.004
-95.3534 -628.246
-92.6883 -628.419
-83.4145 -629.753
-75.8389 -630.698
-70.97 -631.21
-63.224 -632.03
-58.0191 -632.547
-52.4322 -633.097
-46.6346 -633.645
-40.0834 -634.174
-34.2977 -634.673
-25.8931 -635.039
-19.2189 -635.385
-12.8265 -635.696
-5.70745 -635.891
-0.164132 -636.203
6.81689 -636.299
50.534 -634.53
58.302 -633.829
62.7664 -632.944
71.8203 -632.118
78.6763 -631.172
85.009 -630.175
90.3763 -629.186
97.3966 -628.064
100.325 -627.313
108.994 -625.897
117.365 -624.403
118.391 -624.059
126.694 -622.421
133.965 -620.895
140.271 -619.518
146.212 -618.192
152.901 -616.615
159.731 -614.926
165.283 -613.592
172.479 -611.646
177.769 -610.342
183.814 -608.725
190.499 -606.783
195.394 -605.613
202.881 -603.162
208.865 -601.383
249.863 -585.195
257.762 -581.848
264.132 -578.844
269.48 -576.105
274.395 -573.497
279.364 -570.866
287.236 -567.013
291.422 -564.62
297.76 -561.25
303.479 -558.105
308.826 -555.1
313.075 -552.672
320.302 -548.518
323.475 -546.724
330.479 -542.512
336.708 -538.692
341.873 -535.524
346.287 -532.886
353.256 -528.255
358.147 -525.156
363.597 -521.558
368.184 -518.669
372.801 -515.763
378.608 -511.671
410.528 -485.796
413.596 -482.703
418.556 -478.266
424.305 -473.147
430.053 -467.912
435.315 -462.949
438.751 -459.463
445.173 -453.301
450.221 -448.23
453.617 -444.653
457.861 -440.247
462.231 -435.663
465.482 -432.3
473.285 -423.637
476.045 -420.665
480.292 -415.919
485.631 -409.651
489.735 -404.879
492.951 -401.332
497.269 -396.149
501.55 -390.913
505.782 -385.645
529.359 -353.194
531.676 -348.973
535.088 -343.431
539.596 -336.382
541.889 -332.128
544.976 -326.791
548.75 -320.354
551.677 -315.085
554.866 -309.324
558.143 -303.303
560.422 -298.986
562.954 -294.242
566.292 -287.803
569.856 -280.677
572.869 -274.549
575.046 -270.323
578.185 -263.638
580.602 -258.756
584.022 -250.819
586.734 -244.705
590.468 -235.023
591.686 -233.587
594.66 -225.779
609.576 -184.507
611.423 -177.732
612.909 -171.602
614.019 -166.283
615.465 -160.096
616.875 -153.891
618.296 -147.514
619.554 -141.499
620.562 -136.264
621.969 -129.464
623.135 -123.405
624.276 -117.302
625.388 -111.151
626.471 -104.938
627.513 -98.7213
628.607 -91.6461
629.491 -86.0616
630.448 -79.1839
631.258 -74.327
632.128 -67.3746
632.929 -60.3875
633.69 -54.6089
634.369 -47.5569
634.996 -40.8128
635.67 -35.21
636.221 -28.6326
