635.287 18.8804
634.908 25.9402
634.383 32.0564
633.731 36.0657
633.213 43.309
632.618 50.7773
631.941 57.7949
631.194 64.7402
630.436 70.6125
629.466 79.0242
628.801 82.8167
627.874 89.3676
626.99 95.2547
626.073 101.18
624.863 108.457
624.219 112.809
622.795 120.481
621.76 126.316
620.346 133.353
618.64 141.076
618.08 145.054
616.194 152.845
615.393 157.55
613.617 164.658
612.489 170.11
597.749 217.546
595.464 222.559
592.984 228.421
590.43 234.406
587.915 240.072
584.943 247.147
583.39 249.568
580.256 256.753
576.77 264.605
574.28 269.581
571.513 275.191
568.697 280.814
566.434 285.214
562.613 292.68
560.463 296.788
557.029 303.215
554.014 308.793
551.258 313.883
547.738 320.084
543.882 326.639
541.107 331.532
536.974 338.198
534.171 343.006
531.221 347.983
528.357 352.842
523.744 359.595
520.975 364.237
517.955 369.142
487.776 407.528
483.06 412.929
479.422 416.574
474.877 421.535
472.262 423.826
465.971 430.92
462.198 434.662
456.649 440.497
453.161 443.832
449.15 447.776
444.666 452.183
438.445 458.225
435.688 460.849
428.377 467.635
423.745 471.861
420.22 475.122
416.165 478.843
410.302 483.895
406.383 487.44
399.217 493.2
395.8 496.313
389.685 501.147
385.239 504.867
379.947 509.046
374.434 513.277
341.79 535.126
336.861 537.972
330.74 541.675
326.106 544.243
320.48 547.476
315.867 550.015
308.341 554.298
301.811 557.856
296.553 560.606
291.029 563.466
285.737 566.172
276.579 570.692
272.552 572.663
266.125 575.708
260.288 578.434
253.67 581.402
247.711 584.051
242.338 586.451
235.843 589.169
227.579 592.332
222.427 594.497
183.459 608.984
178.235 610.091
172.467 611.447
164.851 613.538
159.464 614.649
155.893 615.133
146.98 617.434
141.301 618.583
134.084 620.149
123.928 622.451
122.066 622.428
114.148 623.93
107.822 624.999
102.471 625.854
95.3571 626.97
88.1886 628.02
83.059 628.772
75.3893 629.751
69.1261 630.537
62.5339 631.294
56.8982 631.976
50.1765 632.64
43.3943 633.241
37.464 633.817
29.9297 634.259
24.2602 634.77
16.1078 635.002
9.61247 635.326
3.28432 635.626
-45.7172 634.397
-50.7535 633.55
-56.6081 632.765
-65.0329 632.026
-70.0541 631.128
-75.7035 630.241
-83.6477 629.244
-88.2837 628.338
-94.3239 627.341
-97.8907 626.625
-109.272 624.865
-114.392 623.836
-118.723 622.972
-126.318 621.472
-131.971 620.322
-139.698 618.634
-145.446 617.376
-151.713 615.941
-158.322 614.345
-164.077 612.979
-172.825 610.485
-178.673 608.947
-185.813 606.849
-189.781 606.034
-197.066 603.741
-205.77 600.672
-209.34 600.024
-216.829 597.357
-254.224 581.859
-260.92 578.817
-264.286 576.88
-272.985 572.96
-279.038 569.929
-284.997 566.872
-289.604 564.359
-295.377 561.294
-301.329 558.082
-307.665 554.595
-312.612 551.792
-319.248 547.976
-323.376 545.594
-331.38 540.732
-334.977 538.645
-341.106 534.832
-345.783 532.009
-350.497 529.162
-357.679 524.262
-362.551 521.16
-368.878 516.731
-373.015 514.208
-408.81 486.983
-413.699 482.549
-418.444 478.153
-423.13 473.74
-427.747 469.322
-432.3 464.895
-436.786 460.468
-441.207 456.042
-445.609 451.581
-449.947 447.125
-454.232 442.666
-458.473 438.203
-462.689 433.715
-466.854 429.234
-470.982 424.748
-475.069 420.263
-479.123 415.772
-483.157 411.26
-487.145 406.765
-491.149 402.198
-495.161 397.565
-499.2 392.828
-503.247 388.009
-507.313 383.075
-511.414 377.983
-538.817 337.367
-543.278 330.26
-545.419 325.83
-549.764 318.575
-552.729 312.964
-555.135 308.072
-558.548 301.688
-561.767 295.463
-564.539 289.824
-566.296 285.854
-568.625 280.964
-571.763 274.475
-574.796 268.023
-577.649 261.78
-580.37 255.672
-582.497 250.857
-584.72 245.826
-588.13 237.438
-589.691 234.125
-592.734 226.235
-594.475 222.499
-596.922 216.215
-599.879 207.49
-601.858 202.557
-603.651 198.743
-605.977 191.9
-608.285 184.633
-610.421 178.029
-622.942 128.771
-623.944 122.448
-624.77 116.501
-625.353 111.258
-627.197 101.757
-628.392 93.989
-628.75 88.9511
-629.076 84.1835
-630.321 75.1584
-630.908 68.7479
-631.385 62.7087
-631.767 57.1584
-632.538 48.4636
-632.768 43.4692
-633.242 35.7616
-633.482 30.1398
-633.715 24.4922
-633.94 18.9408
-634.132 11.7281
-634.328 6.74897
-634.441 0.14089
-634.434 -7.27191
-634.17 -16.61
-634.482 -19.481
-634.707 -24.0322
-634.489 -31.2414
-633.905 -39.9431
-634.243 -43.7752
-634.123 -49.8133
-634.032 -55.6568
-633.755 -62.06
-625.236 -114.879
-623.712 -123.32
-622.236 -128.881
-620.673 -135.353
-618.918 -143.211
-617.475 -147.629
-615.775 -154.013
-613.863 -161.31
-611.689 -169.552
-610.154 -174.037
-608.793 -178.019
-605.995 -187.642
-604.394 -192.3
-601.949 -199.807
-600.669 -203.43
-598.26 -210.41
-596.481 -215.517
-593.99 -222.343
-593.445 -224.637
-589.763 -233.786
-587.606 -239.491
-585.196 -245.611
-583.745 -249.91
-579.763 -258.605
-579.119 -261.521
-574.343 -271.046
-574.35 -273.088
-569.774 -281.835
-567.287 -287.465
-544.136 -327.997
-540.5 -333.64
-536.888 -339.101
-533.292 -344.42
-529.668 -349.693
-526.505 -354.076
-523.22 -358.666
-518.882 -364.876
-516.077 -368.639
-511.873 -374.425
-508.268 -379.276
-504.328 -384.51
-500.908 -389.026
-496.715 -394.423
-493.469 -398.673
-489.153 -404.059
-484.556 -409.639
-481.146 -413.948
-477.753 -418.243
-472.466 -424.208
-468.992 -428.488
-445.781 -451.444
-439.271 -457.893
-436.3 -460.404
-429.609 -466.723
-426.536 -469.345
-418.085 -477.031
-413.914 -480.537
-409.437 -484.313
-404.178 -488.707
-398.813 -493.102
-391.291 -499.089
-388.025 -501.681
-383.802 -505.032
-378.633 -509.008
-374.354 -512.369
-367.98 -516.972
-335.99 -540.014
-330.262 -543.268
-324.833 -546.213
-318.801 -549.582
-314.015 -551.949
-307.932 -555.232
-302.614 -557.922
-296.991 -560.777
-291.92 -563.255
-285.927 -566.246
-279.97 -569.15
-274.8 -571.591
-270.622 -573.55
-263.517 -576.851
-257.856 -579.426
-252.116 -581.994
-246.415 -584.502
-239.839 -587.272
-234.838 -589.461
-228.23 -592.123
-223.152 -594.292
-216.481 -596.847
-210.562 -599.156
-204.493 -601.451
-198.342 -603.712
-193.118 -605.78
-186.885 -607.971
-140.327 -619.784
-135.387 -620.479
-126.73 -622.418
-121.678 -623.089
-116.666 -623.776
-109.046 -625.135
-102.97 -626.034
-95.1248 -627.272
-92.5 -627.437
-83.2378 -628.768
-75.6771 -629.711
-70.8424 -630.218
-63.1108 -631.037
-57.9381 -631.55
-52.3725 -632.099
-46.6112 -632.645
-40.083 -633.174
-34.3258 -633.673
-25.9311 -634.039
-19.279 -634.386
-12.9111 -634.7
-5.81039 -634.896
-0.297924 -635.212
6.66327 -635.311
50.5707 -633.531
58.339 -632.83
62.7821 -631.944
71.838 -631.118
78.6821 -630.172
84.9996 -629.175
90.3359 -628.187
97.3371 -627.066
100.227 -626.318
108.88 -624.903
117.24 -623.411
118.215 -623.074
126.5 -621.44
133.755 -619.917
140.037 -618.546
145.953 -617.227
152.622 -615.655
159.432 -613.971
164.957 -612.647
172.137 -610.706
177.399 -609.413
183.422 -607.805
190.088 -605.871
194.952 -604.716
202.428 -602.27
208.389 -600.504
249.594 -584.232
257.491 -580.885
263.848 -577.886
269.169 -575.155
274.063 -572.554
279.005 -569.933
286.859 -566.086
291.021 -563.704
297.341 -560.342
303.038 -557.207
308.361 -554.214
312.58 -551.804
319.796 -547.655
322.932 -545.884
329.925 -541.679
336.14 -537.869
341.289 -534.712
345.683 -532.089
352.651 -527.46
357.526 -524.372
362.965 -520.783
367.528 -517.915
372.129 -515.022
377.916 -510.949
409.967 -484.968
413.017 -481.887
417.966 -477.459
423.701 -472.35
429.443 -467.119
434.69 -462.169
438.099 -458.704
444.515 -452.548
449.548 -447.49
452.919 -443.937
457.144 -439.55
461.496 -434.985
464.723 -431.649
472.527 -422.984
475.266 -420.037
479.498 -415.311
484.82 -409.066
488.919 -404.301
492.119 -400.777
496.429 -395.606
500.702 -390.382
504.927 -385.126
528.597 -352.546
530.897 -348.345
534.295 -342.821
538.798 -335.78
541.07 -331.554
544.143 -326.238
547.913 -319.807
550.829 -314.554
554.011 -308.805
557.281 -302.795
559.547 -298.502
562.068 -293.779
565.397 -287.357
568.954 -280.245
571.958 -274.137
574.12 -269.944
577.253 -263.277
579.659 -258.424
583.075 -250.496
585.78 -244.405
589.512 -234.729
590.72 -233.331
593.692 -225.527
608.675 -184.074
610.514 -177.316
611.989 -171.209
613.088 -165.918
614.526 -159.754
615.927 -153.57
617.342 -147.215
618.592 -141.224
619.594 -136.011
620.998 -129.224
622.161 -123.181
623.297 -117.096
624.406 -110.962
625.486 -104.766
626.522 -98.5823
627.614 -91.5269
628.495 -85.972
629.45 -79.1158
630.259 -74.2935
631.128 -67.3535
631.929 -60.3871
632.69 -54.6376
633.37 -47.6059
634 -40.8931
634.674 -35.3042
635.227 -28.7432
