634.293 18.9884
633.911 26.0291
633.385 32.1201
632.731 36.0965
632.213 43.3303
631.618 50.7902
630.941 57.7959
630.194 64.7288
629.437 70.5735
628.467 78.9745
627.805 82.7255
626.88 89.2529
626 95.1127
625.088 101.011
623.88 108.27
623.244 112.585
621.824 120.242
620.794 126.058
619.387 133.068
617.686 140.778
617.139 144.717
615.257 152.495
614.467 157.174
612.694 164.272
611.576 169.703
596.768 217.351
594.49 222.333
592.016 228.172
589.467 234.135
586.96 239.777
583.992 246.837
582.449 249.228
579.32 256.4
575.835 264.25
573.35 269.214
570.593 274.8
567.784 280.406
565.529 284.79
561.713 292.245
559.579 296.321
556.158 302.724
553.156 308.279
550.411 313.352
546.902 319.535
543.055 326.076
540.288 330.958
536.164 337.612
533.368 342.41
530.431 347.37
527.59 352.2
522.991 358.937
520.231 363.568
517.237 368.446
486.935 406.987
482.234 412.365
478.611 415.99
474.078 420.933
471.491 423.189
465.201 430.281
461.45 433.999
455.903 439.83
452.429 443.152
448.433 447.08
443.96 451.474
437.746 457.509
435.014 460.11
427.698 466.901
423.079 471.115
419.574 474.359
415.529 478.071
409.678 483.113
405.784 486.639
398.622 492.397
395.235 495.488
389.132 500.314
384.709 504.019
379.437 508.186
373.941 512.407
341.178 534.335
336.272 537.163
330.167 540.856
325.56 543.405
319.946 546.63
315.354 549.157
307.828 553.44
301.306 556.993
296.072 559.729
290.558 562.584
285.29 565.278
276.14 569.794
272.147 571.749
265.732 574.789
259.91 577.508
253.302 580.473
247.365 583.112
242.002 585.509
235.526 588.22
227.267 591.381
222.145 593.537
183.033 608.079
177.831 609.177
172.088 610.522
164.491 612.605
159.133 613.705
155.596 614.177
146.694 616.476
141.034 617.619
133.826 619.183
123.667 621.485
121.844 621.453
113.931 622.954
107.62 624.02
102.293 624.869
95.1989 625.982
88.0501 627.03
82.9532 627.778
75.3003 628.755
69.0546 629.54
62.4776 630.296
56.8638 630.976
50.1564 631.64
43.3874 632.241
37.4764 632.817
29.9572 633.259
24.3173 633.772
16.1755 634.004
9.70373 634.33
3.40856 634.634
-45.7884 633.399
-50.791 632.551
-56.6179 631.765
-65.0336 631.026
-70.0215 630.129
-75.6423 629.243
-83.5816 628.246
-88.1983 627.341
-94.2122 626.347
-97.7519 625.634
-109.143 623.874
-114.238 622.848
-118.54 621.989
-126.126 620.491
-131.743 619.348
-139.454 617.664
-145.183 616.412
-151.433 614.981
-158.036 613.387
-163.764 612.029
-172.514 609.535
-178.345 608.002
-185.469 605.91
-189.405 605.107
-196.669 602.823
-205.37 599.755
-208.9 599.126
-216.378 596.465
-253.913 580.909
-260.594 577.871
-263.919 575.95
-272.611 572.033
-278.636 569.014
-284.583 565.962
-289.161 563.462
-294.913 560.408
-300.847 557.206
-307.167 553.728
-312.097 550.935
-318.726 547.123
-322.832 544.755
-330.838 539.891
-334.417 537.817
-340.544 534.005
-345.208 531.191
-349.904 528.357
-357.085 523.458
-361.933 520.373
-368.248 515.955
-372.364 513.449
-408.288 486.13
-413.156 481.709
-417.882 477.326
-422.541 472.932
-427.138 468.529
-431.671 464.117
-436.137 459.707
-440.546 455.292
-444.923 450.853
-449.248 446.409
-453.516 441.969
-457.739 437.524
-461.943 433.05
-466.091 428.588
-470.213 424.108
-474.283 419.644
-478.332 415.16
-482.356 410.662
-486.333 406.181
-490.323 401.634
-494.326 397.016
-498.361 392.285
-502.398 387.48
-506.452 382.566
-510.55 377.48
-538.057 336.717
-542.507 329.623
-544.63 325.215
-548.965 317.974
-551.915 312.383
-554.303 307.517
-557.706 301.149
-560.914 294.942
-563.672 289.324
-565.411 285.388
-567.726 280.526
-570.856 274.055
-573.88 267.62
-576.725 261.396
-579.441 255.301
-581.563 250.501
-583.778 245.49
-587.191 237.093
-588.741 233.813
-591.785 225.918
-593.517 222.211
-595.96 215.941
-598.916 207.221
-600.889 202.311
-602.673 198.535
-604.996 191.71
-607.3 184.459
-609.433 177.874
-622.006 128.418
-623.002 122.112
-623.822 116.183
-624.396 110.965
-626.243 101.458
-627.43 93.7138
-627.782 88.7005
-628.1 83.9677
-629.344 74.9492
-629.925 68.5629
-630.398 62.5503
-630.775 57.03
-631.544 48.3524
-631.771 43.3836
-632.244 35.7003
-632.482 30.1083
-632.715 24.482
-632.94 18.9441
-633.133 11.7497
-633.329 6.78759
-633.442 0.19336
-633.436 -7.20318
-633.173 -16.5303
-633.489 -19.3621
-633.718 -23.8847
-633.503 -31.0763
-632.92 -39.7715
-633.266 -43.5619
-633.152 -49.5741
-633.069 -55.3907
-632.797 -61.7707
-624.237 -114.841
-622.714 -123.271
-621.239 -128.802
-619.678 -135.251
-617.926 -143.086
-616.487 -147.476
-614.789 -153.845
-612.88 -161.126
-610.706 -169.367
-609.175 -173.834
-607.821 -177.786
-605.022 -187.411
-603.429 -192.036
-600.99 -199.524
-599.721 -203.115
-597.317 -210.079
-595.548 -215.157
-593.06 -221.975
-592.536 -224.222
-588.854 -233.371
-586.707 -239.053
-584.307 -245.153
-582.874 -249.419
-578.896 -258.106
-578.268 -260.996
-573.489 -270.526
-573.517 -272.534
-568.941 -281.282
-566.464 -286.896
-543.23 -327.575
-539.6 -333.204
-535.999 -338.644
-532.41 -343.949
-528.79 -349.215
-525.641 -353.572
-522.367 -358.144
-518.037 -364.341
-515.242 -368.088
-511.053 -373.853
-507.458 -378.69
-503.531 -383.905
-500.129 -388.399
-495.948 -393.781
-492.722 -398.008
-488.42 -403.38
-483.834 -408.947
-480.445 -413.235
-477.074 -417.509
-471.796 -423.465
-468.345 -427.725
-445.03 -450.783
-438.53 -457.221
-435.583 -459.708
-428.896 -466.022
-425.846 -468.621
-417.4 -476.302
-413.253 -479.786
-408.791 -483.549
-403.557 -487.923
-398.208 -492.306
-390.682 -498.295
-387.442 -500.868
-383.238 -504.206
-378.082 -508.173
-373.823 -511.522
-367.453 -516.122
-335.339 -539.255
-329.627 -542.495
-324.218 -545.424
-318.202 -548.781
-313.435 -551.134
-307.361 -554.41
-302.058 -557.09
-296.449 -559.936
-291.389 -562.408
-285.422 -565.383
-279.477 -568.281
-274.332 -570.707
-270.179 -572.654
-263.096 -575.944
-257.45 -578.512
-251.741 -581.067
-246.064 -583.565
-239.507 -586.329
-234.528 -588.51
-227.947 -591.164
-222.897 -593.325
-216.245 -595.875
-210.351 -598.178
-204.306 -600.468
-198.178 -602.725
-192.984 -604.789
-186.774 -606.977
-139.967 -618.851
-135.052 -619.537
-126.394 -621.476
-121.366 -622.139
-116.386 -622.816
-108.78 -624.171
-102.728 -625.064
-94.8963 -626.299
-92.3116 -626.455
-83.0527 -627.786
-75.5155 -628.724
-70.7147 -629.226
-62.9976 -630.043
-57.8571 -630.554
-52.3127 -631.101
-46.5796 -631.646
-40.0744 -632.174
-34.346 -632.674
-25.969 -633.04
-19.339 -633.388
-12.9955 -633.703
-5.9132 -633.902
-0.431573 -634.221
6.50981 -634.323
50.6072 -632.531
58.3759 -631.83
62.7977 -630.945
71.8556 -630.118
78.6877 -629.172
84.99 -628.175
90.2954 -627.188
97.2774 -626.068
100.129 -625.323
108.774 -623.909
117.108 -622.42
118.04 -622.09
126.315 -620.457
133.553 -618.938
139.803 -617.573
145.694 -616.261
152.343 -614.695
159.134 -613.017
164.632 -611.701
171.796 -609.766
177.029 -608.484
183.029 -606.886
189.677 -604.96
194.511 -603.818
201.975 -601.379
207.913 -599.624
249.332 -583.267
257.219 -579.923
263.563 -576.927
268.858 -574.205
273.732 -571.611
278.645 -569
286.483 -565.16
290.62 -562.788
296.922 -559.434
302.597 -556.31
307.897 -553.329
312.084 -550.935
319.29 -546.793
322.389 -545.044
329.372 -540.846
335.571 -537.047
340.705 -533.9
345.079 -531.292
352.045 -526.664
356.904 -523.589
362.332 -520.009
366.872 -517.16
371.45 -514.288
377.224 -510.227
409.413 -484.136
412.437 -481.072
417.375 -476.653
423.097 -471.553
428.833 -466.326
434.065 -461.388
437.447 -457.946
443.856 -451.795
448.875 -446.75
452.221 -443.221
456.421 -438.859
460.761 -434.307
463.964 -430.998
471.77 -422.331
474.488 -419.409
478.704 -414.702
484.013 -408.475
488.098 -403.731
491.282 -400.23
495.589 -395.064
499.855 -389.852
504.067 -384.615
527.836 -351.898
530.119 -347.718
533.502 -342.211
537.995 -335.184
540.252 -330.98
543.31 -325.684
547.075 -319.261
549.982 -314.023
553.155 -308.287
556.419 -302.288
558.672 -298.018
561.182 -293.316
564.502 -286.911
568.052 -279.813
571.047 -273.725
573.195 -269.565
576.32 -262.915
578.716 -258.093
582.129 -250.174
584.824 -244.112
588.556 -234.435
589.751 -233.084
592.724 -225.274
607.774 -183.64
609.604 -176.901
611.07 -170.816
612.157 -165.553
613.586 -159.411
614.98 -153.25
616.387 -146.916
617.63 -140.95
618.629 -135.751
620.027 -128.983
621.186 -122.958
622.319 -116.889
623.424 -110.773
624.499 -104.602
625.532 -98.4432
626.621 -91.4076
627.499 -85.8823
628.452 -79.0476
629.26 -74.26
630.128 -67.3409
630.929 -60.3954
631.691 -54.6661
632.372 -47.6635
633.003 -40.9732
633.679 -35.3982
634.233 -28.8535
