633.299 19.0961
632.915 26.1178
632.387 32.1837
631.732 36.1271
631.214 43.3603
630.618 50.803
629.941 57.7968
629.194 64.7174
628.437 70.5343
627.469 78.9169
626.809 82.6342
625.887 89.1383
625.011 94.9626
624.101 100.85
622.898 108.084
622.27 112.361
620.851 120.011
619.828 125.801
618.429 132.784
616.731 140.479
616.197 144.38
614.32 152.145
613.54 156.798
611.772 163.887
610.662 169.296
595.788 217.155
593.516 222.108
591.047 227.923
588.505 233.864
586.002 239.49
583.041 246.528
581.509 248.888
578.382 256.054
574.9 263.895
572.42 268.846
569.669 274.416
566.868 280.006
564.623 284.367
560.816 291.803
558.695 295.854
555.283 302.239
552.293 307.773
549.564 312.82
546.066 318.987
542.229 325.513
539.474 330.377
535.353 337.027
532.566 341.813
529.641 346.757
526.825 351.556
522.238 358.28
519.494 362.893
516.513 367.756
486.094 406.446
481.408 411.802
477.804 415.399
473.28 420.331
470.715 422.558
464.432 429.641
460.701 433.336
455.158 439.163
451.696 442.471
447.715 446.383
443.254 450.766
437.042 456.799
434.341 459.371
427.026 466.161
422.413 470.37
418.928 473.595
414.901 477.293
409.055 482.331
405.18 485.843
398.027 491.593
394.664 494.668
388.578 499.481
384.18 503.171
378.926 507.327
373.447 511.537
340.566 533.545
335.684 536.355
329.594 540.036
325.013 542.568
319.412 545.785
314.84 548.299
307.315 552.581
300.801 556.13
295.585 558.856
290.086 561.702
284.844 564.383
275.709 568.892
271.741 570.834
265.338 573.87
259.539 576.579
252.941 579.54
247.019 582.174
241.675 584.565
235.21 587.272
226.956 590.431
221.863 592.578
182.606 607.175
177.433 608.259
171.707 609.597
164.131 611.672
158.801 612.762
155.292 613.225
146.409 615.517
140.768 616.655
133.569 618.216
123.407 620.52
121.621 620.479
113.714 621.978
107.419 623.04
102.116 623.885
95.0408 624.995
87.9116 626.04
82.8473 626.784
75.2112 627.759
68.983 628.542
62.4212 629.298
56.8293 629.977
50.1362 630.64
43.3891 631.241
37.4976 631.817
29.9935 632.26
24.3743 632.773
16.252 633.007
9.80375 633.335
3.53265 633.641
-45.8594 632.402
-50.8373 631.552
-56.6275 630.765
-65.0343 630.026
-69.9888 629.129
-75.581 628.244
-83.5154 627.248
-88.1128 626.345
-94.109 625.353
-97.613 624.644
-109.013 622.882
-114.084 621.86
-118.364 621.004
-125.935 619.509
-131.522 618.373
-139.211 616.695
-144.919 615.447
-151.153 614.021
-157.742 612.431
-163.45 611.08
-172.203 608.585
-178.017 607.057
-185.125 604.971
-189.03 604.18
-196.28 601.901
-204.97 598.839
-208.46 598.228
-215.926 595.573
-253.595 579.961
-260.268 576.926
-263.553 575.019
-272.236 571.105
-278.242 568.095
-284.169 565.052
-288.718 562.566
-294.45 559.522
-300.364 556.33
-306.669 552.861
-311.581 550.078
-318.204 546.27
-322.288 543.916
-330.297 539.05
-333.857 536.988
-339.981 533.178
-344.633 530.372
-349.31 527.552
-356.491 522.653
-361.316 519.587
-367.618 515.178
-371.712 512.691
-407.765 485.278
-412.607 480.874
-417.326 476.495
-421.952 472.124
-426.528 467.736
-431.049 463.334
-435.496 458.94
-439.885 454.541
-444.243 450.12
-448.55 445.694
-452.799 441.271
-457.004 436.845
-461.197 432.384
-465.328 427.942
-469.444 423.469
-473.498 419.025
-477.541 414.548
-481.554 410.064
-485.521 405.597
-489.501 401.064
-493.495 396.459
-497.521 391.742
-501.55 386.951
-505.592 382.057
-509.686 376.977
-537.297 336.067
-541.736 328.987
-543.837 324.606
-548.165 317.373
-551.1 311.803
-553.471 306.962
-556.863 300.61
-560.061 294.42
-562.806 288.825
-564.53 284.915
-566.83 280.081
-569.952 273.627
-572.965 267.217
-575.805 261.005
-578.516 254.923
-580.629 250.144
-582.836 245.155
-586.252 236.749
-587.791 233.501
-590.834 225.608
-592.557 221.932
-594.998 215.667
-597.953 206.952
-599.92 202.064
-601.695 198.327
-604.014 191.52
-606.316 184.284
-608.446 177.719
-621.07 128.066
-622.061 121.776
-622.874 115.866
-623.44 110.672
-625.288 101.16
-626.471 93.4304
-626.814 88.4499
-627.123 83.752
-628.366 74.7401
-628.942 68.378
-629.411 62.392
-629.784 56.9016
-630.55 48.2412
-630.774 43.3061
-631.246 35.639
-631.483 30.0767
-631.716 24.4717
-631.94 18.9558
-632.133 11.7714
-632.33 6.83479
-632.444 0.254464
-632.438 -7.13388
-632.176 -16.4506
-632.496 -19.2511
-632.729 -23.7373
-632.517 -30.9114
-631.936 -39.5912
-632.289 -43.3489
-632.181 -49.3351
-632.105 -55.1248
-631.84 -61.4816
-623.238 -114.803
-621.715 -123.223
-620.243 -128.724
-618.684 -135.142
-616.935 -142.954
-615.499 -147.323
-613.803 -153.676
-611.897 -160.943
-609.723 -169.183
-608.196 -173.631
-606.849 -177.552
-604.051 -187.172
-602.465 -191.772
-600.031 -199.24
-598.772 -202.799
-596.373 -209.748
-594.615 -214.798
-592.134 -221.6
-591.626 -223.806
-587.944 -232.956
-585.808 -238.615
-583.418 -244.695
-582.002 -248.929
-578.029 -257.608
-577.417 -260.47
-572.635 -270.005
-572.684 -271.981
-568.108 -280.729
-565.641 -286.328
-542.327 -327.145
-538.7 -332.768
-535.109 -338.187
-531.527 -343.478
-527.912 -348.737
-524.778 -353.067
-521.514 -357.623
-517.192 -363.806
-514.407 -367.538
-510.233 -373.281
-506.653 -378.096
-502.734 -383.301
-499.349 -387.773
-495.182 -393.139
-491.976 -397.343
-487.686 -402.7
-483.112 -408.255
-479.745 -412.521
-476.395 -416.775
-471.127 -422.722
-467.699 -426.962
-444.279 -450.123
-437.783 -456.556
-434.859 -459.017
-428.183 -465.321
-425.156 -467.897
-416.716 -475.573
-412.592 -479.036
-408.153 -482.779
-402.936 -487.139
-397.604 -491.509
-390.081 -497.496
-386.859 -500.056
-382.674 -503.38
-377.531 -507.339
-373.291 -510.676
-366.926 -515.272
-334.688 -538.496
-328.993 -541.722
-323.604 -544.635
-317.604 -547.98
-312.854 -550.32
-306.79 -553.589
-301.503 -556.258
-295.908 -559.096
-290.857 -561.561
-284.909 -564.524
-278.984 -567.41
-273.865 -569.823
-269.744 -571.753
-262.674 -575.037
-257.045 -577.599
-251.366 -580.139
-245.705 -582.632
-239.167 -585.389
-234.217 -587.56
-227.662 -590.206
-222.643 -592.358
-216.018 -594.901
-210.133 -597.202
-204.119 -599.486
-198.014 -601.739
-192.85 -603.798
-186.664 -605.983
-139.608 -617.918
-134.718 -618.595
-126.059 -620.534
-121.054 -621.188
-116.098 -621.858
-108.506 -623.21
-102.487 -624.093
-94.6756 -625.323
-92.1234 -625.473
-82.8676 -626.803
-75.362 -627.736
-70.5871 -628.234
-62.8842 -629.05
-57.7762 -629.557
-52.2615 -630.102
-46.5479 -630.646
-40.0657 -631.174
-34.3661 -631.674
-26.0076 -632.041
-19.399 -632.39
-13.0887 -632.708
-6.0159 -632.907
-0.565075 -633.23
6.3565 -633.335
50.6436 -631.532
58.4126 -630.831
62.8131 -629.945
71.8731 -629.118
78.6931 -628.172
84.9803 -627.175
90.2636 -626.188
97.2177 -625.07
100.031 -624.328
108.668 -622.914
116.975 -621.429
117.864 -621.105
126.129 -619.474
133.342 -617.96
139.561 -616.603
145.434 -615.295
152.063 -613.734
158.828 -612.065
164.298 -610.758
171.447 -608.829
176.652 -607.558
182.628 -605.969
189.258 -604.052
194.069 -602.921
201.521 -600.488
207.438 -598.745
249.071 -582.301
256.947 -578.961
263.279 -575.968
268.547 -573.254
273.4 -570.667
278.285 -568.067
286.107 -564.233
290.219 -561.872
296.503 -558.526
302.157 -555.412
307.439 -552.439
311.589 -550.066
318.784 -545.93
321.847 -544.204
328.819 -540.013
334.996 -536.229
340.122 -533.088
344.476 -530.495
351.433 -525.873
356.283 -522.805
361.7 -519.234
366.216 -516.405
370.772 -513.553
376.532 -509.505
408.859 -483.303
411.858 -480.257
416.783 -475.846
422.5 -470.751
428.23 -465.529
433.44 -460.608
436.802 -457.182
443.198 -451.042
448.197 -446.015
451.523 -442.505
455.698 -438.168
460.021 -433.635
463.211 -430.341
471.012 -421.679
473.705 -418.788
477.905 -414.101
483.207 -407.884
487.277 -403.16
490.445 -399.683
494.744 -394.529
499.002 -389.329
503.208 -384.103
527.075 -351.249
529.335 -347.097
532.71 -341.602
537.192 -334.588
539.433 -330.405
542.478 -325.131
546.238 -318.714
549.139 -313.484
552.3 -307.768
555.562 -301.774
557.801 -297.526
560.299 -292.846
563.607 -286.465
567.15 -279.381
570.136 -273.313
572.269 -269.187
575.388 -262.553
577.775 -257.753
581.182 -249.851
583.868 -243.82
587.601 -234.141
588.782 -232.836
591.754 -225.031
606.869 -183.214
608.695 -176.485
610.147 -170.43
611.226 -165.188
612.647 -159.069
614.033 -152.93
615.433 -146.617
616.669 -140.676
617.664 -135.49
619.057 -128.743
620.211 -122.734
621.342 -116.675
622.444 -110.575
623.514 -104.429
624.543 -98.296
625.63 -91.2802
626.504 -85.7847
627.455 -78.9714
628.26 -74.2186
629.128 -67.3205
629.929 -60.3959
630.691 -54.7031
631.373 -47.7209
632.006 -41.0531
632.683 -35.492
633.239 -28.9637
