632.306 19.2128
631.919 26.1988
631.389 32.2472
630.733 36.1666
630.214 43.3903
629.618 50.8245
628.941 57.8064
628.194 64.7058
627.438 70.5037
626.47 78.8592
625.813 82.5514
624.893 89.0236
624.021 94.8207
623.114 100.689
621.916 107.897
621.293 112.145
619.878 119.78
618.862 125.542
617.468 132.507
615.777 140.181
615.256 144.043
613.383 151.795
612.614 156.422
610.849 163.501
609.748 168.89
594.807 216.959
592.541 221.882
590.079 227.674
587.54 233.602
585.044 239.203
582.09 246.218
580.568 248.547
577.444 255.708
573.966 263.54
571.489 268.479
568.746 274.032
565.951 279.606
563.717 283.943
559.919 291.361
557.815 295.379
554.409 301.755
551.435 307.259
548.722 312.282
545.23 318.439
541.402 324.951
538.66 329.797
534.543 336.441
531.768 341.209
528.856 346.137
526.059 350.913
521.479 357.628
518.756 362.218
515.789 367.066
485.257 405.899
480.582 411.238
476.992 414.816
472.476 419.736
469.939 421.928
463.669 428.996
459.953 432.672
454.407 438.503
450.963 441.79
446.997 445.687
442.543 450.063
436.338 456.089
433.667 458.632
426.353 465.422
421.746 469.624
418.282 472.832
414.272 476.516
408.432 481.549
404.575 485.046
397.425 490.794
394.092 493.847
388.025 498.648
383.644 502.326
378.408 506.471
372.954 510.667
339.954 532.754
335.096 535.546
329.021 539.216
324.466 541.731
318.879 544.939
314.32 547.445
306.802 551.723
300.296 555.267
295.097 557.983
289.615 560.82
284.397 563.488
275.277 567.99
271.336 569.92
264.952 572.947
259.168 575.651
252.58 578.607
246.673 581.236
241.347 583.62
234.893 586.323
226.645 589.481
221.573 591.621
182.18 606.27
177.036 607.341
171.327 608.672
163.771 610.739
158.47 611.818
154.995 612.27
146.123 614.559
140.493 615.694
133.311 617.25
123.138 619.556
121.398 619.504
113.496 621.002
107.218 622.061
101.938 622.901
94.8827 624.008
87.7812 625.048
82.7415 625.789
75.122 626.763
68.9197 627.544
62.3648 628.299
56.7946 628.977
50.116 629.64
43.3907 630.241
37.5186 630.817
30.0296 631.26
24.44 631.776
16.3284 632.01
9.90364 632.34
3.65659 632.649
-45.9303 631.404
-50.8758 630.553
-56.646 629.765
-65.0347 629.026
-69.9648 628.13
-75.5284 627.246
-83.4491 626.251
-88.0272 625.349
-94.0058 624.358
-97.4741 623.654
-108.892 621.89
-113.938 620.871
-118.189 620.02
-125.743 618.528
-131.301 617.398
-138.959 615.727
-144.655 614.483
-150.873 613.061
-157.448 611.475
-163.137 610.13
-171.892 607.634
-177.689 606.113
-184.789 604.029
-188.654 603.253
-195.891 600.98
-204.563 597.926
-208.021 597.329
-215.482 594.677
-253.277 579.012
-259.934 575.983
-263.187 574.089
-271.862 570.178
-277.848 567.176
-283.755 564.142
-288.274 561.669
-293.986 558.636
-299.882 555.454
-306.171 551.994
-311.066 549.221
-317.682 545.417
-321.743 543.077
-329.756 538.209
-333.296 536.16
-339.418 532.352
-344.059 529.554
-348.717 526.747
-355.897 521.849
-360.698 518.8
-366.988 514.401
-371.055 511.937
-407.236 484.429
-412.058 480.038
-416.764 475.667
-421.37 471.311
-425.926 466.938
-430.427 462.552
-434.848 458.178
-439.224 453.791
-443.563 449.387
-447.851 444.978
-452.082 440.574
-456.27 436.167
-460.445 431.724
-464.565 427.295
-468.675 422.829
-472.713 418.406
-476.751 413.936
-480.753 409.466
-484.709 405.013
-488.68 400.494
-492.664 395.902
-496.681 391.199
-500.702 386.421
-504.735 381.54
-508.822 376.474
-536.532 335.423
-540.964 328.351
-543.049 323.99
-547.366 316.772
-550.286 311.222
-552.644 306.4
-556.021 300.071
-559.203 293.906
-561.94 288.325
-563.649 284.442
-565.935 279.635
-569.048 273.198
-572.053 266.806
-574.885 260.614
-577.59 254.545
-579.695 249.787
-581.894 244.819
-585.313 236.404
-586.841 233.188
-589.883 225.299
-591.597 221.653
-594.037 215.392
-596.99 206.682
-598.951 201.816
-600.718 198.111
-603.032 191.33
-605.331 184.109
-607.458 177.564
-620.134 127.713
-621.119 121.441
-621.925 115.549
-622.487 110.37
-624.333 100.863
-625.512 93.1471
-625.846 88.1995
-626.147 83.5364
-627.386 74.5385
-627.958 68.2009
-628.422 62.2415
-628.791 56.7812
-629.556 48.1301
-629.778 43.2203
-630.248 35.5777
-630.483 30.0451
-630.716 24.4614
-630.94 18.9674
-631.133 11.793
-631.331 6.88191
-631.446 0.315486
-631.441 -7.06465
-631.179 -16.3791
-631.503 -19.1314
-631.74 -23.5901
-631.53 -30.7466
-630.953 -39.4111
-631.312 -43.136
-631.21 -49.0963
-631.14 -54.8592
-630.883 -61.1927
-622.238 -114.765
-620.716 -123.174
-619.246 -128.645
-617.69 -135.032
-615.943 -142.829
-614.512 -147.162
-612.817 -153.508
-610.914 -160.759
-608.74 -168.998
-607.218 -173.42
-605.878 -177.311
-603.078 -186.942
-601.5 -191.509
-599.07 -198.965
-597.823 -202.483
-595.429 -209.416
-593.682 -214.438
-591.207 -221.224
-590.713 -223.398
-587.037 -232.533
-584.909 -238.177
-582.533 -244.229
-581.131 -248.438
-577.158 -257.116
-576.566 -259.945
-571.781 -269.485
-571.85 -271.428
-567.275 -280.176
-564.819 -285.759
-541.424 -326.715
-537.804 -332.324
-534.22 -337.73
-530.645 -343.007
-527.041 -348.245
-523.914 -352.563
-520.661 -357.101
-516.343 -363.278
-513.577 -366.981
-509.412 -372.708
-505.849 -377.502
-501.943 -382.69
-498.575 -387.139
-494.421 -392.49
-491.235 -396.671
-486.953 -402.02
-482.397 -407.556
-479.05 -411.802
-475.716 -416.04
-470.457 -421.98
-467.052 -426.2
-443.528 -449.463
-437.036 -455.891
-434.136 -458.327
-427.476 -464.614
-424.467 -467.172
-416.032 -474.844
-411.931 -478.285
-407.514 -482.01
-402.314 -486.356
-396.999 -490.712
-389.479 -496.698
-386.283 -499.238
-382.111 -502.554
-376.988 -506.499
-372.759 -509.829
-366.399 -514.422
-334.037 -537.737
-328.365 -540.944
-322.989 -543.846
-317.005 -547.18
-312.267 -549.51
-306.212 -552.773
-300.94 -555.432
-295.359 -558.26
-290.326 -560.713
-284.397 -563.665
-278.491 -566.54
-273.397 -568.939
-269.309 -570.853
-262.252 -574.13
-256.646 -576.681
-250.992 -579.212
-245.347 -581.698
-238.827 -584.448
-233.907 -586.609
-227.379 -589.247
-222.397 -591.389
-215.791 -593.928
-209.914 -596.227
-203.932 -598.504
-197.85 -600.753
-192.716 -602.807
-186.553 -604.99
-139.249 -616.985
-134.384 -617.652
-125.723 -619.592
-120.743 -620.238
-115.81 -620.901
-108.239 -622.246
-102.237 -623.125
-94.455 -624.348
-91.9351 -624.491
-82.6906 -625.819
-75.1999 -626.749
-70.4593 -627.242
-62.7709 -628.056
-57.6953 -628.56
-52.2103 -629.103
-46.5248 -629.647
-40.057 -630.174
-34.386 -630.674
-26.0462 -631.042
-19.4676 -631.392
-13.174 -631.711
-6.11847 -631.912
-0.691021 -632.238
6.20334 -632.347
50.6798 -630.533
58.4491 -629.832
62.8285 -628.945
71.8904 -628.118
78.6984 -627.172
84.9629 -626.175
90.224 -625.189
97.1588 -624.072
99.9324 -623.333
108.554 -621.921
116.851 -620.437
117.696 -620.119
125.935 -618.493
133.131 -616.983
139.327 -615.631
145.175 -614.329
151.783 -612.774
158.53 -611.11
163.972 -609.813
171.105 -607.89
176.281 -606.629
182.235 -605.05
188.846 -603.141
193.627 -602.024
201.06 -599.6
206.962 -597.865
248.809 -581.336
256.674 -577.999
262.995 -575.009
268.235 -572.304
273.068 -569.724
277.917 -567.137
285.732 -563.306
289.811 -560.959
296.076 -557.622
301.716 -554.514
306.975 -551.554
311.101 -549.193
318.271 -545.072
321.311 -543.359
328.258 -539.185
334.42 -535.411
339.531 -532.282
343.865 -529.703
350.821 -525.083
355.655 -522.027
361.061 -518.465
365.561 -515.65
370.1 -512.813
375.84 -508.783
408.305 -482.471
411.278 -479.443
416.192 -475.04
421.903 -469.949
427.627 -464.731
432.822 -459.822
436.156 -456.419
442.534 -450.294
447.518 -445.281
450.824 -441.789
454.981 -437.471
459.286 -432.957
462.457 -429.684
470.254 -421.026
472.921 -418.167
477.106 -413.499
482.4 -407.293
486.455 -402.589
489.608 -399.136
493.899 -393.994
498.15 -388.805
502.349 -383.592
526.314 -350.6
528.551 -346.476
531.918 -340.991
536.389 -333.992
538.615 -329.83
541.645 -324.577
545.405 -318.16
548.296 -312.946
551.45 -307.243
554.704 -301.259
556.93 -297.035
559.417 -292.376
562.715 -286.012
566.245 -278.956
569.221 -272.908
571.344 -268.808
574.459 -262.184
576.834 -257.414
580.233 -249.536
582.911 -243.528
586.642 -233.855
587.813 -232.589
590.784 -224.787
605.965 -182.787
607.782 -176.077
609.225 -170.044
610.298 -164.815
611.708 -158.725
613.086 -152.609
614.479 -146.319
615.709 -140.393
616.698 -135.23
618.086 -128.502
619.238 -122.503
620.365 -116.46
621.463 -110.377
622.529 -104.257
623.554 -98.1488
624.638 -91.1529
625.509 -85.6869
626.457 -78.9037
627.261 -74.1771
628.128 -67.3
628.929 -60.3962
629.692 -54.7326
630.375 -47.7707
631.009 -41.1328
631.688 -35.5857
632.246 -29.0825
