631.312 19.3218
630.923 26.2887
630.391 32.3195
629.733 36.2059
629.215 43.4201
628.618 50.8459
627.941 57.8158
627.194 64.7027
626.439 70.4651
625.472 78.8013
624.816 82.4685
623.901 88.9008
623.031 94.6788
622.127 100.528
620.933 107.71
620.317 111.929
618.905 119.549
617.896 125.284
616.507 132.23
614.825 139.875
614.314 143.706
612.447 151.446
611.687 156.046
609.926 163.116
608.835 168.483
593.828 216.756
591.567 221.657
589.11 227.425
586.575 233.339
584.086 238.916
581.137 245.917
579.628 248.207
576.505 255.362
573.031 263.185
570.559 268.112
567.822 273.649
565.035 279.206
562.811 283.519
559.022 290.919
556.935 294.904
553.538 301.263
550.578 306.745
547.879 311.744
544.398 317.883
540.575 324.388
537.851 329.209
533.732 335.855
530.971 340.606
528.072 345.517
525.293 350.271
520.72 356.976
518.018 361.543
515.071 366.37
484.421 405.351
479.756 410.674
476.18 414.232
471.677 419.134
469.168 421.291
462.899 428.357
459.199 432.016
453.657 437.842
450.231 441.11
446.279 444.991
441.831 449.361
435.64 455.374
432.993 457.894
425.68 464.682
421.086 468.873
417.636 472.069
413.643 475.738
407.808 480.767
403.97 484.25
396.83 489.991
393.52 493.027
387.465 497.82
383.107 501.482
377.89 505.616
372.454 509.801
339.349 531.958
334.507 534.737
328.455 538.392
323.912 540.898
318.345 544.093
313.799 546.591
306.289 550.864
299.792 554.403
294.609 557.11
289.143 559.939
283.95 562.593
274.845 567.088
270.932 569.006
264.565 572.025
258.797 574.722
252.219 577.675
246.327 580.298
241.02 582.675
234.576 585.375
226.334 588.53
221.291 590.662
181.754 605.365
176.631 606.427
170.947 607.747
163.411 609.806
158.131 610.877
154.698 611.315
145.838 613.601
140.219 614.732
133.054 616.284
122.87 618.593
121.175 618.529
113.279 620.026
107.009 621.083
101.768 621.916
94.7247 623.02
87.6509 624.057
82.6355 624.795
75.0412 625.767
68.8565 626.546
62.3168 627.3
56.7599 627.978
50.1043 628.64
43.3922 629.241
37.5395 629.818
30.0576 630.261
24.4978 630.777
16.4047 631.013
10.0034 631.345
3.78037 631.657
-45.9935 630.406
-50.9141 629.554
-56.6565 628.765
-65.0362 628.026
-69.9406 627.13
-75.4757 626.247
-83.3914 625.252
-87.9416 624.352
-93.9025 623.363
-97.3436 622.662
-108.771 620.897
-113.792 619.881
-118.014 619.035
-125.551 617.547
-131.081 616.422
-138.714 614.757
-144.392 613.518
-150.594 612.101
-157.154 610.519
-162.824 609.18
-171.581 606.684
-177.36 605.168
-184.445 603.09
-188.279 602.326
-195.503 600.059
-204.163 597.009
-207.588 596.428
-215.029 593.785
-252.967 578.062
-259.6 575.041
-262.82 573.158
-271.488 569.251
-277.454 566.257
-283.333 563.235
-287.824 560.777
-293.515 557.754
-299.399 554.578
-305.673 551.127
-310.55 548.365
-317.161 544.564
-321.199 542.238
-329.215 537.368
-332.736 535.332
-338.856 531.525
-343.484 528.735
-348.124 525.942
-355.303 521.045
-360.087 518.009
-366.358 513.624
-370.403 511.179
-406.707 483.581
-411.508 479.202
-416.202 474.84
-420.788 470.498
-425.324 466.139
-429.804 461.769
-434.2 457.416
-438.563 453.041
-442.883 448.654
-447.152 444.263
-451.365 439.877
-455.541 435.482
-459.699 431.058
-463.802 426.649
-467.901 422.196
-471.927 417.786
-475.955 413.331
-479.946 408.875
-483.897 404.429
-487.859 399.924
-491.834 395.346
-495.841 390.656
-499.853 385.891
-503.879 381.024
-507.957 375.971
-535.773 334.772
-540.193 327.715
-542.261 323.374
-546.566 316.172
-549.472 310.641
-551.817 305.838
-555.179 299.532
-558.346 293.391
-561.074 287.825
-562.768 283.968
-565.039 279.19
-568.145 272.77
-571.142 266.396
-573.964 260.223
-576.664 254.166
-578.761 249.43
-580.952 244.483
-584.372 236.067
-585.891 232.876
-588.933 224.989
-590.637 221.373
-593.073 215.127
-596.027 206.413
-597.984 201.562
-599.742 197.895
-602.052 191.132
-604.347 183.935
-606.468 177.417
-619.198 127.361
-620.177 121.105
-620.977 115.232
-621.533 110.069
-623.379 100.565
-624.551 92.8711
-624.876 87.9565
-625.171 83.3209
-626.407 74.3371
-626.974 68.0238
-627.435 62.0827
-627.798 56.6608
-628.562 48.0191
-628.782 43.1346
-629.25 35.5165
-629.484 30.0054
-629.716 24.451
-629.94 18.979
-630.133 11.8145
-630.332 6.92894
-630.448 0.376427
-630.443 -6.99549
-630.182 -16.2988
-630.51 -19.0118
-630.752 -23.4342
-630.544 -30.5807
-629.969 -39.2311
-630.335 -42.9217
-630.237 -48.8647
-630.174 -54.6007
-629.923 -60.9108
-621.239 -114.72
-619.717 -123.125
-618.249 -128.559
-616.696 -134.922
-614.95 -142.705
-613.525 -147.001
-611.833 -153.332
-609.931 -160.574
-607.758 -168.813
-606.241 -173.21
-604.908 -177.069
-602.105 -186.712
-600.535 -191.245
-598.111 -198.682
-596.874 -202.168
-594.486 -209.085
-592.749 -214.078
-590.28 -220.848
-589.8 -222.99
-586.131 -232.11
-584.014 -237.731
-581.648 -243.764
-580.259 -247.948
-576.287 -256.625
-575.715 -259.42
-570.923 -268.972
-571.017 -270.875
-566.437 -279.629
-563.991 -285.197
-540.521 -326.285
-536.908 -331.881
-533.33 -337.273
-529.763 -342.536
-526.171 -347.753
-523.051 -352.059
-519.808 -356.579
-515.493 -362.751
-512.746 -366.423
-508.592 -372.136
-505.044 -376.909
-501.151 -382.078
-497.796 -386.513
-493.66 -391.841
-490.488 -396.006
-486.22 -401.34
-481.676 -406.864
-478.356 -411.082
-475.037 -415.306
-469.794 -421.231
-466.405 -425.437
-442.772 -448.809
-436.29 -455.226
-433.412 -457.636
-426.763 -463.913
-423.783 -466.443
-415.353 -474.109
-411.27 -477.535
-406.875 -481.241
-401.686 -485.577
-396.388 -489.921
-388.877 -495.899
-385.707 -498.421
-381.547 -501.728
-376.444 -505.66
-372.227 -508.982
-365.872 -513.573
-333.392 -536.973
-327.73 -540.171
-322.374 -543.058
-316.406 -546.378
-311.68 -548.701
-305.635 -551.957
-300.378 -554.605
-294.81 -557.424
-289.795 -559.866
-283.892 -562.803
-278.006 -565.666
-272.929 -568.055
-268.874 -569.952
-261.831 -573.224
-256.248 -575.764
-250.618 -578.285
-244.996 -580.762
-238.496 -583.505
-233.604 -585.656
-227.088 -588.29
-222.143 -590.421
-215.557 -592.955
-209.696 -595.251
-203.746 -597.521
-197.694 -599.765
-192.581 -601.816
-186.442 -603.996
-138.89 -616.052
-134.041 -616.713
-125.388 -618.65
-120.423 -619.291
-115.529 -619.941
-107.972 -621.282
-101.988 -622.156
-94.2259 -623.375
-91.7469 -623.508
-82.5136 -624.835
-75.038 -625.762
-70.3315 -626.251
-62.6576 -627.062
-57.6144 -627.564
-52.159 -628.105
-46.4935 -628.647
-40.0569 -629.174
-34.4059 -629.674
-26.0847 -630.042
-19.5361 -630.395
-13.2593 -630.715
-6.22216 -630.918
-0.81683 -631.246
6.05033 -631.358
50.716 -629.533
58.4855 -628.832
62.8437 -627.945
71.9075 -627.118
78.696 -626.172
84.9454 -625.175
90.1843 -624.19
97.0999 -623.073
99.8342 -622.337
108.441 -620.927
116.727 -619.444
117.529 -619.134
125.741 -617.512
132.921 -616.005
139.094 -614.658
144.916 -613.363
151.504 -611.814
158.231 -610.156
163.646 -608.868
170.763 -606.95
175.911 -605.701
181.841 -604.131
188.434 -602.229
193.185 -601.127
200.6 -598.713
206.485 -596.986
248.548 -580.371
256.402 -577.036
262.712 -574.05
267.925 -571.353
272.728 -568.783
277.558 -566.204
285.356 -562.38
289.402 -560.046
295.65 -556.717
301.268 -553.62
306.51 -550.668
310.613 -548.32
317.758 -544.213
320.775 -542.515
327.698 -538.356
333.845 -534.593
338.94 -531.475
343.254 -528.911
350.208 -524.292
355.027 -521.249
360.422 -517.696
364.911 -514.89
369.427 -512.073
375.154 -508.056
407.75 -481.639
410.706 -478.623
415.608 -474.228
421.306 -469.147
427.024 -463.934
432.197 -459.041
435.511 -455.655
441.876 -449.541
446.846 -444.541
450.126 -441.073
454.264 -436.774
458.551 -432.278
461.703 -429.026
469.497 -420.373
472.142 -417.539
476.312 -412.891
481.594 -406.702
485.634 -402.019
488.771 -398.588
493.054 -393.458
497.298 -388.282
501.49 -383.08
525.552 -349.952
527.773 -345.848
531.126 -340.381
535.586 -333.396
537.797 -329.255
540.812 -324.024
544.573 -317.606
547.454 -312.408
550.599 -306.717
553.847 -300.745
556.059 -296.544
558.534 -291.906
561.824 -285.559
565.343 -278.524
568.306 -272.504
570.418 -268.429
573.526 -261.823
575.891 -257.082
579.286 -249.214
581.955 -243.235
585.684 -233.569
586.844 -232.341
589.815 -224.543
605.06 -182.361
606.869 -175.668
608.306 -169.65
609.368 -164.449
610.768 -158.382
612.139 -152.288
613.522 -146.028
614.75 -140.111
615.733 -134.969
617.115 -128.262
618.266 -122.271
619.389 -116.245
620.483 -110.18
621.544 -104.085
622.565 -98.0016
623.645 -91.0338
624.513 -85.5891
625.46 -78.8359
626.262 -74.1354
627.128 -67.2794
627.929 -60.3965
628.692 -54.7619
629.376 -47.8205
630.012 -41.2051
630.692 -35.6792
631.253 -29.2012
