630.318 19.4306
629.927 26.3785
629.394 32.3917
628.734 36.2451
628.215 43.4498
627.618 50.8671
626.941 57.8251
626.194 64.6919
625.439 70.4265
624.474 78.7434
623.82 82.3775
622.908 88.7863
622.041 94.5369
621.141 100.359
619.951 107.523
619.34 111.713
617.932 119.318
616.932 125.018
615.548 131.945
613.871 139.576
613.37 143.376
611.51 151.095
610.76 155.67
609.007 162.722
607.921 168.077
592.847 216.561
590.593 221.433
588.141 227.177
585.612 233.069
583.13 238.622
580.183 245.615
578.688 247.867
575.567 255.016
572.096 262.83
569.629 267.744
566.899 273.265
564.118 278.806
561.909 283.088
558.125 290.476
556.051 294.437
552.667 300.772
549.72 306.232
547.036 311.205
543.567 317.328
539.749 323.825
537.042 328.622
532.921 335.27
530.174 340.002
527.287 344.897
524.522 349.634
519.962 356.325
517.281 360.868
514.348 365.68
483.584 404.803
478.931 410.11
475.368 413.648
470.879 418.533
468.392 420.66
462.13 427.718
458.445 431.359
452.906 437.181
449.498 440.429
445.562 444.294
441.12 448.658
434.941 454.658
432.313 457.16
425.007 463.942
420.426 468.122
416.99 471.305
413.014 474.961
407.191 479.98
403.365 483.454
396.235 489.187
392.948 492.207
386.912 496.987
382.571 500.639
377.38 504.756
371.954 508.936
338.743 531.162
333.912 533.934
327.889 537.568
323.358 540.065
317.804 543.252
313.278 545.738
305.777 550.006
299.287 553.54
294.122 556.237
288.679 559.053
283.511 561.695
274.406 566.189
270.527 568.091
264.179 571.102
258.426 573.793
251.858 576.742
245.981 579.36
240.692 581.73
234.259 584.426
226.023 587.58
221.01 589.702
181.327 604.461
176.226 605.513
170.567 606.822
163.051 608.874
157.799 609.934
154.401 610.36
145.544 612.645
139.944 613.771
132.797 615.317
122.602 617.63
120.944 617.556
113.054 619.052
106.8 620.105
101.598 620.93
94.5665 622.033
87.5205 623.065
82.5299 623.8
74.9602 624.77
68.7931 625.548
62.2687 626.302
56.7337 626.978
50.0925 627.64
43.3936 628.241
37.5602 628.818
30.0856 629.261
24.5554 629.779
16.473 630.015
10.0953 630.349
3.89646 630.663
-46.0655 629.409
-50.9523 628.554
-56.6669 627.765
-65.0375 627.026
-69.9084 626.13
-75.4228 625.249
-83.3336 624.254
-87.8559 623.356
-93.7991 622.369
-97.213 621.671
-108.649 619.904
-113.646 618.892
-117.838 618.051
-125.351 616.567
-130.852 615.449
-138.47 613.787
-144.128 612.553
-150.314 611.141
-156.86 609.564
-162.503 608.233
-171.262 605.736
-177.024 604.226
-184.101 602.151
-187.896 601.403
-195.114 599.138
-203.762 596.093
-207.156 595.526
-214.577 592.893
-252.657 577.111
-259.259 574.101
-262.454 572.228
-271.113 568.323
-277.052 565.341
-282.911 562.328
-287.38 559.88
-293.044 556.872
-298.917 553.702
-305.175 550.259
-310.042 547.503
-316.639 543.711
-320.662 541.394
-328.673 536.528
-332.176 534.503
-338.293 530.698
-342.903 527.922
-347.531 525.137
-354.702 520.245
-359.475 517.217
-365.729 512.847
-369.752 510.42
-406.185 482.728
-410.966 478.362
-415.633 474.018
-420.205 469.685
-424.715 465.346
-429.182 460.986
-433.551 456.655
-437.896 452.296
-442.196 447.926
-446.454 443.548
-450.643 439.185
-454.812 434.797
-458.947 430.399
-463.039 426.002
-467.121 421.57
-471.142 417.167
-475.158 412.725
-479.14 408.284
-483.086 403.845
-487.042 399.346
-491.003 394.789
-495.002 390.113
-499.009 385.355
-503.026 380.501
-507.093 375.467
-535.014 334.121
-539.422 327.077
-541.473 322.758
-545.767 315.57
-548.659 310.06
-550.986 305.283
-554.337 298.993
-557.493 292.869
-560.208 287.325
-561.884 283.503
-564.14 278.752
-567.241 272.342
-570.226 265.993
-573.044 259.832
-575.738 253.788
-577.827 249.073
-580.01 244.147
-583.43 235.73
-584.941 232.564
-587.979 224.688
-589.677 221.094
-592.109 214.861
-595.064 206.143
-597.015 201.315
-598.766 197.679
-601.07 190.943
-603.362 183.76
-605.48 177.263
-618.262 127.009
-619.238 120.761
-620.031 114.907
-620.58 109.768
-622.422 100.274
-623.59 92.5952
-623.905 87.7136
-624.196 83.0971
-625.429 74.1273
-625.991 67.8384
-626.447 61.924
-626.806 56.5321
-627.569 47.9081
-627.785 43.0489
-628.251 35.4635
-628.485 29.9739
-628.716 24.4406
-628.94 18.9906
-629.134 11.836
-629.333 6.97589
-629.45 0.437285
-629.446 -6.92641
-629.185 -16.2187
-629.516 -18.9003
-629.764 -23.2784
-629.558 -30.4149
-628.984 -39.0588
-629.359 -42.7076
-629.266 -48.6245
-629.211 -54.3335
-628.964 -60.6291
-620.24 -114.683
-618.719 -123.068
-617.252 -128.481
-615.702 -134.812
-613.958 -142.581
-612.538 -146.84
-610.849 -153.156
-608.948 -160.39
-606.775 -168.628
-605.263 -172.999
-603.937 -176.828
-601.133 -186.473
-599.571 -190.981
-597.152 -198.399
-595.922 -201.86
-593.545 -208.746
-591.813 -213.727
-589.354 -220.472
-588.891 -222.574
-585.221 -231.695
-583.115 -237.293
-580.763 -243.298
-579.388 -247.457
-575.417 -256.133
-574.86 -258.901
-570.064 -268.459
-570.18 -270.328
-565.6 -279.083
-563.164 -284.635
-539.619 -325.855
-536.015 -331.431
-532.441 -336.816
-528.881 -342.065
-525.3 -347.26
-522.188 -351.554
-518.955 -356.057
-514.644 -362.223
-511.916 -365.866
-507.767 -371.571
-504.239 -376.315
-500.355 -381.474
-497.017 -385.886
-492.894 -391.198
-489.742 -395.34
-485.487 -400.66
-480.954 -406.171
-477.656 -410.368
-474.359 -414.572
-469.131 -420.482
-465.752 -424.68
-442.015 -448.154
-435.543 -454.56
-432.689 -456.946
-426.049 -463.212
-423.1 -465.713
-414.669 -473.38
-410.609 -476.784
-406.236 -480.471
-401.059 -484.799
-395.784 -489.124
-388.275 -495.1
-385.131 -497.603
-380.99 -500.898
-375.901 -504.821
-371.702 -508.131
-365.352 -512.718
-332.74 -536.214
-327.095 -539.399
-321.759 -542.269
-315.808 -545.577
-311.092 -547.892
-305.057 -551.141
-299.816 -553.778
-294.261 -556.588
-289.264 -559.019
-283.386 -561.94
-277.52 -564.792
-272.454 -567.175
-268.432 -569.056
-261.409 -572.317
-255.85 -574.847
-250.243 -577.358
-244.646 -579.825
-238.164 -582.562
-233.302 -584.703
-226.797 -587.333
-221.89 -589.454
-215.322 -591.983
-209.477 -594.275
-203.56 -596.539
-197.532 -598.778
-192.44 -600.826
-186.33 -603.002
-138.531 -615.118
-133.698 -615.773
-125.044 -617.711
-120.111 -618.341
-115.248 -618.981
-107.706 -620.318
-101.746 -621.186
-93.997 -622.401
-91.5667 -622.525
-82.3367 -623.85
-74.8761 -624.776
-70.2038 -625.259
-62.5444 -626.069
-57.5251 -626.568
-52.1076 -627.106
-46.4621 -627.648
-40.0567 -628.174
-34.4265 -628.674
-26.1231 -629.043
-19.5967 -629.397
-13.3444 -629.719
-6.32573 -629.923
-0.951376 -630.255
5.90479 -630.369
50.752 -628.534
58.5217 -627.833
62.8588 -626.945
71.9171 -626.118
78.6935 -625.172
84.9277 -624.175
90.1445 -623.19
97.0408 -622.075
99.7366 -621.342
108.327 -619.934
116.603 -618.452
117.354 -618.149
125.547 -616.531
132.71 -615.028
138.86 -613.686
144.656 -612.398
151.224 -610.854
157.933 -609.202
163.32 -607.922
170.422 -606.01
175.54 -604.772
181.448 -603.211
188.022 -601.318
192.742 -600.23
200.145 -597.822
206.008 -596.107
248.286 -579.406
256.138 -576.072
262.428 -573.091
267.615 -570.403
272.389 -567.843
277.198 -565.271
284.98 -561.453
289.001 -559.13
295.223 -555.813
300.827 -552.723
306.046 -549.783
310.125 -547.447
317.252 -543.351
320.233 -541.675
327.145 -537.524
333.276 -533.771
338.35 -530.668
342.644 -528.119
349.596 -523.501
354.399 -520.471
359.783 -516.927
364.254 -514.136
368.748 -511.339
374.461 -507.334
407.196 -480.807
410.133 -477.803
415.024 -473.416
420.709 -468.345
426.414 -463.141
431.572 -458.26
434.859 -454.896
441.219 -448.788
446.173 -443.8
449.428 -440.357
453.547 -436.077
457.816 -431.6
460.95 -428.369
468.739 -419.721
471.364 -416.911
475.518 -412.284
480.787 -406.11
484.808 -401.455
487.934 -398.04
492.21 -392.923
496.446 -387.758
500.631 -382.568
524.792 -349.303
526.995 -345.22
530.333 -339.771
534.783 -332.8
536.978 -328.68
539.984 -323.463
543.74 -317.053
546.611 -311.87
549.748 -306.191
552.989 -300.231
555.188 -296.053
557.652 -291.435
560.933 -285.106
564.442 -278.092
567.392 -272.1
569.493 -268.051
572.594 -261.461
574.947 -256.751
578.339 -248.892
581.001 -242.935
584.726 -233.283
585.875 -232.093
588.843 -224.307
604.156 -181.935
605.96 -175.252
607.387 -169.256
608.437 -164.084
609.829 -158.039
611.191 -151.968
612.568 -145.729
613.791 -139.829
614.767 -134.709
616.147 -128.014
617.293 -122.039
618.412 -116.031
619.503 -109.982
620.558 -103.92
621.576 -97.8544
622.652 -90.9148
623.517 -85.4998
624.462 -78.7681
625.263 -74.0937
626.129 -67.2586
626.929 -60.3967
627.693 -54.791
628.377 -47.87
629.014 -41.2772
629.697 -35.7812
630.26 -29.3196
