629.324 19.5393
628.931 26.4681
628.396 32.4637
627.735 36.2843
627.215 43.4794
626.619 50.8883
625.941 57.8343
625.194 64.6809
624.44 70.3878
623.475 78.694
622.825 82.2864
621.914 88.6718
621.052 94.3949
620.155 100.19
618.969 107.336
618.366 111.489
616.959 119.087
615.968 124.751
614.59 131.66
612.916 139.277
612.429 143.039
610.574 150.744
609.833 155.295
608.088 162.329
607.007 167.671
591.866 216.367
589.618 221.208
587.173 226.929
584.65 232.799
582.175 238.327
579.23 245.314
577.744 247.535
574.629 254.67
571.158 262.482
568.699 267.377
565.972 272.889
563.202 278.406
561.003 282.665
557.225 290.042
555.167 293.969
551.796 300.28
548.861 305.718
546.189 310.674
542.735 316.773
538.927 323.256
536.232 328.034
532.111 334.685
529.376 339.399
526.508 344.27
523.751 348.997
519.209 355.667
516.537 360.199
513.624 364.989
482.747 404.256
478.104 409.547
474.557 413.064
470.085 417.924
467.615 420.03
461.361 427.079
457.691 430.702
452.155 436.521
448.766 439.748
444.838 443.604
440.409 447.955
434.243 453.942
431.633 456.427
424.334 463.202
419.766 467.371
416.351 470.537
412.385 474.183
406.575 479.193
402.766 482.653
395.64 488.383
392.377 491.386
386.359 496.153
382.042 499.79
376.87 503.896
371.453 508.07
338.131 530.372
333.323 533.126
327.316 536.748
322.805 539.233
317.264 542.411
312.757 544.884
305.264 549.147
298.782 552.677
293.627 555.368
288.214 558.167
283.064 560.801
273.967 565.291
270.122 567.177
263.793 570.18
258.055 572.865
251.505 575.807
245.643 578.418
240.373 580.782
233.951 583.475
225.712 586.63
220.728 588.743
180.9 603.557
175.828 604.595
170.194 605.894
162.69 607.941
157.468 608.99
154.105 609.405
145.251 611.689
139.67 612.809
132.531 614.353
122.333 616.667
120.713 616.583
112.828 618.077
106.591 619.127
101.42 619.946
94.4084 621.045
87.3901 622.074
82.4241 622.806
74.8793 623.773
68.7297 624.551
62.2206 625.303
56.7074 625.979
50.0807 626.64
43.4037 627.241
37.5809 627.818
30.1134 628.261
24.613 628.781
16.5412 629.018
10.1961 629.354
4.02138 629.671
-46.1373 628.412
-50.9904 627.555
-56.6771 626.765
-65.0386 626.026
-69.8761 625.131
-75.3699 624.25
-83.2757 623.256
-87.7701 622.36
-93.7043 621.373
-97.0824 620.68
-108.528 618.912
-113.5 617.903
-117.671 617.065
-125.151 615.587
-130.631 614.473
-138.226 612.818
-143.857 611.591
-150.034 610.181
-156.558 608.61
-162.182 607.286
-170.943 604.788
-176.688 603.285
-183.757 601.212
-187.52 600.476
-194.725 598.216
-203.362 595.176
-206.722 594.625
-214.125 592.001
-252.347 576.16
-258.917 573.161
-262.08 571.3
-270.739 567.396
-276.658 564.422
-282.489 561.422
-286.937 558.984
-292.581 555.986
-298.434 552.826
-304.685 549.388
-309.533 546.642
-316.124 542.853
-320.125 540.551
-328.132 535.687
-331.616 533.675
-337.73 529.871
-342.322 527.108
-346.938 524.332
-354.101 519.446
-358.857 516.431
-365.098 512.071
-369.093 509.667
-405.663 481.875
-410.424 477.521
-415.065 473.195
-419.616 468.876
-424.106 464.553
-428.553 460.208
-432.903 455.893
-437.235 451.546
-441.516 447.193
-445.755 442.832
-449.926 438.488
-454.084 434.112
-458.195 429.739
-462.276 425.356
-466.342 420.944
-470.357 416.548
-474.362 412.12
-478.333 407.693
-482.274 403.261
-486.225 398.769
-490.177 394.225
-494.167 389.563
-498.165 384.819
-502.174 379.978
-506.229 374.964
-534.25 333.476
-538.651 326.44
-540.68 322.149
-544.968 314.969
-547.845 309.479
-550.154 304.727
-553.495 298.454
-556.64 292.347
-559.342 286.825
-560.999 283.037
-563.245 278.307
-566.334 271.921
-569.311 265.59
-572.123 259.441
-574.813 253.41
-576.895 248.708
-579.071 243.803
-582.489 235.393
-583.991 232.252
-587.026 224.387
-588.716 220.814
-591.145 214.595
-594.101 205.874
-596.045 201.069
-597.787 197.471
-600.088 190.753
-602.377 183.586
-604.492 177.109
-617.326 126.658
-618.298 120.418
-619.086 114.582
-619.626 109.468
-621.467 99.9756
-622.629 92.3195
-622.938 87.4625
-623.22 82.8809
-624.451 73.9177
-625.008 67.6531
-625.46 61.7653
-625.815 56.4034
-626.575 47.7968
-626.789 42.9632
-627.253 35.4022
-627.485 29.9425
-627.716 24.4386
-627.94 19.0021
-628.134 11.866
-628.334 7.02277
-628.452 0.49806
-628.449 -6.8486
-628.188 -16.1385
-628.522 -18.7888
-628.775 -23.1305
-628.572 -30.2492
-627.999 -38.8866
-628.382 -42.4936
-628.295 -48.3845
-628.247 -54.0666
-628.007 -60.3388
-619.241 -114.646
-617.72 -123.012
-616.255 -128.404
-614.708 -134.711
-612.965 -142.465
-611.55 -146.687
-609.866 -152.972
-607.965 -160.206
-605.794 -168.435
-604.288 -172.78
-602.967 -176.586
-600.162 -186.235
-598.608 -190.71
-596.193 -198.116
-594.974 -201.544
-592.602 -208.415
-590.876 -213.375
-588.424 -220.104
-587.982 -222.158
-584.312 -231.28
-582.217 -236.854
-579.874 -242.84
-578.517 -246.965
-574.546 -255.642
-574.005 -258.383
-569.206 -267.945
-569.342 -269.782
-564.762 -278.536
-562.337 -284.074
-538.716 -325.425
-535.122 -330.98
-531.555 -336.352
-527.999 -341.593
-524.43 -346.768
-521.328 -351.042
-518.102 -355.535
-513.799 -361.689
-511.081 -365.315
-506.942 -371.006
-503.429 -375.729
-499.558 -380.87
-496.238 -385.259
-492.127 -390.556
-488.996 -394.675
-484.753 -399.98
-480.233 -405.479
-476.956 -409.654
-473.681 -413.837
-468.463 -419.739
-465.099 -423.922
-441.259 -447.5
-434.797 -453.895
-431.965 -456.256
-425.336 -462.511
-422.416 -464.983
-413.984 -472.651
-409.949 -476.034
-405.597 -479.702
-400.437 -484.015
-395.18 -488.327
-387.68 -494.297
-384.554 -496.786
-380.433 -500.067
-375.357 -503.981
-371.178 -507.279
-364.833 -511.864
-332.089 -535.456
-326.46 -538.626
-321.143 -541.481
-315.202 -544.782
-310.505 -547.082
-304.479 -550.324
-299.253 -552.951
-293.713 -555.752
-288.74 -558.167
-282.873 -561.081
-277.034 -563.918
-271.986 -566.291
-267.989 -568.159
-260.98 -571.414
-255.452 -573.929
-249.861 -576.433
-244.295 -578.889
-237.832 -581.618
-232.992 -583.752
-226.506 -586.376
-221.636 -588.487
-215.088 -591.011
-209.267 -593.297
-203.374 -595.556
-197.368 -597.791
-192.307 -599.835
-186.221 -602.008
-138.172 -614.185
-133.356 -614.834
-124.701 -616.772
-119.798 -617.391
-114.967 -618.022
-107.439 -619.354
-101.504 -620.216
-93.7681 -621.428
-91.378 -621.543
-82.1598 -622.866
-74.7058 -623.79
-70.0676 -624.268
-62.4395 -625.074
-57.4443 -625.571
-52.048 -626.108
-46.4307 -626.648
-40.0484 -627.174
-34.447 -627.675
-26.1614 -628.044
-19.6573 -628.398
-13.4295 -628.722
-6.42917 -628.928
-1.08577 -629.264
5.75939 -629.38
50.7878 -627.535
58.5578 -626.834
62.8663 -625.945
71.9265 -625.118
78.6909 -624.172
84.9098 -623.175
90.1045 -622.191
96.9816 -621.077
99.6389 -620.347
108.221 -618.94
116.47 -617.461
117.178 -617.165
125.362 -615.549
132.5 -614.05
138.634 -612.712
144.397 -611.432
150.945 -609.894
157.626 -608.25
162.995 -606.977
170.072 -605.073
175.17 -603.843
181.055 -602.292
187.611 -600.407
192.3 -599.333
199.691 -596.931
205.532 -595.228
248.024 -578.441
255.874 -575.107
262.145 -572.132
267.304 -569.452
272.049 -566.902
276.839 -564.338
284.612 -560.523
288.601 -558.214
294.804 -554.905
300.387 -551.825
305.581 -548.897
309.638 -546.575
316.746 -542.488
319.69 -540.835
326.591 -536.691
332.707 -532.948
337.759 -529.861
342.034 -527.326
348.984 -522.71
353.771 -519.692
359.144 -516.158
363.598 -513.381
368.069 -510.604
373.769 -506.613
406.649 -479.969
409.561 -476.983
414.44 -472.605
420.118 -467.538
425.805 -462.348
430.947 -457.479
434.207 -454.138
440.561 -448.035
445.501 -443.06
448.725 -439.647
452.83 -435.38
457.081 -430.922
460.191 -427.718
467.981 -419.068
470.585 -416.284
474.719 -411.682
479.981 -405.519
483.987 -400.885
487.098 -397.493
491.365 -392.388
495.589 -387.242
499.772 -382.056
524.031 -348.654
526.216 -344.592
529.536 -339.167
533.98 -332.203
536.16 -328.106
539.155 -322.903
542.907 -316.499
545.768 -311.331
548.898 -305.666
552.131 -299.717
554.321 -295.554
556.769 -290.965
560.037 -284.66
563.54 -277.659
566.477 -271.695
568.567 -267.672
571.661 -261.1
574.004 -256.419
577.393 -248.57
580.045 -242.644
583.768 -232.997
584.907 -231.845
587.871 -224.072
603.255 -181.501
605.047 -174.842
606.467 -168.862
607.506 -163.718
608.89 -157.696
610.244 -151.647
611.614 -145.429
612.832 -139.546
613.802 -134.448
615.18 -127.757
616.32 -121.808
617.435 -115.816
618.521 -109.793
619.571 -103.756
620.585 -97.7155
621.659 -90.7957
622.522 -85.4023
623.464 -78.7002
624.264 -74.044
625.129 -67.2378
625.929 -60.4054
626.693 -54.82
627.379 -47.9283
628.017 -41.3492
628.702 -35.8831
629.267 -29.4378
