628.329 19.6403
627.935 26.5575
627.399 32.5355
626.736 36.3322
626.216 43.5088
625.619 50.9181
624.941 57.8433
624.194 64.6698
623.441 70.3489
622.476 78.6445
621.829 82.1954
620.922 88.5491
620.062 94.253
619.17 100.021
617.986 107.149
617.39 111.273
615.986 118.856
615.002 124.493
613.631 131.375
611.962 138.978
611.487 142.701
609.637 150.393
608.91 154.912
607.168 161.936
606.097 167.257
590.885 216.172
588.644 220.983
586.204 226.681
583.687 232.528
581.216 238.041
578.276 245.012
576.801 247.203
573.688 254.332
570.22 262.135
567.769 267.009
565.046 272.513
562.282 278.014
560.097 282.241
556.328 289.6
554.283 293.502
550.921 299.796
548.004 305.204
545.342 310.142
541.904 316.217
538.105 322.686
535.423 327.447
531.305 334.092
528.584 338.789
525.728 343.644
522.98 348.36
518.451 355.015
515.794 359.529
512.901 364.299
481.91 403.71
477.278 408.984
473.745 412.48
469.291 417.316
466.839 419.4
460.592 426.44
456.937 430.045
451.405 435.86
448.028 439.074
444.115 442.913
439.697 447.252
433.545 453.226
430.959 455.688
423.662 462.462
419.106 466.619
415.711 469.768
411.762 473.401
405.958 478.406
402.168 481.851
395.045 487.579
391.805 490.565
385.799 495.325
381.506 498.946
376.359 503.036
370.961 507.2
337.518 529.581
332.735 532.317
326.743 535.929
322.251 538.4
316.723 541.57
312.237 544.03
304.744 548.293
298.27 551.818
293.132 554.499
287.743 557.285
282.618 559.906
273.536 564.389
269.717 566.263
263.406 569.258
257.692 571.933
251.152 574.871
245.305 577.477
240.054 579.835
233.642 582.524
225.401 585.679
220.438 587.785
180.473 602.653
175.431 603.678
169.822 604.966
162.329 607.008
157.136 608.047
153.807 608.45
144.957 610.733
139.395 611.847
132.266 613.389
122.065 615.703
120.483 615.61
112.603 617.103
106.382 618.149
101.242 618.962
94.2503 620.058
87.2516 621.083
82.3184 621.812
74.7903 622.777
68.6662 623.553
62.1723 624.304
56.6811 624.979
50.0687 625.64
43.4137 626.241
37.6015 626.818
30.15 627.262
24.6704 627.782
16.6183 628.021
10.2968 628.359
4.14615 628.679
-46.2015 627.414
-51.0283 626.556
-56.6963 625.766
-65.0396 625.026
-69.8437 624.131
-75.3257 623.251
-83.2177 622.257
-87.6928 621.363
-93.6093 620.378
-96.9517 619.688
-108.415 617.918
-113.362 616.912
-117.496 616.08
-124.951 614.607
-130.411 613.498
-137.982 611.848
-143.585 610.628
-149.754 609.221
-156.256 607.657
-161.861 606.339
-170.624 603.841
-176.352 602.343
-183.413 600.273
-187.144 599.55
-194.335 597.295
-202.962 594.26
-206.289 593.724
-213.673 591.109
-252.037 575.21
-258.584 572.218
-261.706 570.373
-270.365 566.469
-276.264 563.503
-282.075 560.511
-286.494 558.087
-292.117 555.099
-297.952 551.95
-304.194 548.517
-309.025 545.781
-315.609 541.996
-319.588 539.707
-327.598 534.841
-331.056 532.846
-337.168 529.045
-341.74 526.294
-346.345 523.526
-353.5 518.646
-358.24 515.645
-364.468 511.295
-368.435 508.914
-405.134 481.026
-409.876 476.685
-414.496 472.372
-419.035 468.063
-423.497 463.759
-427.919 459.436
-432.262 455.126
-436.574 450.795
-440.837 446.46
-445.057 442.117
-449.209 437.791
-453.349 433.434
-457.444 429.08
-461.513 424.709
-465.562 420.318
-469.572 415.929
-473.567 411.515
-477.526 407.102
-481.463 402.677
-485.409 398.192
-489.351 393.662
-493.331 389.013
-497.321 384.282
-501.322 379.455
-505.369 374.454
-533.485 332.831
-537.88 325.803
-539.887 321.54
-544.169 314.368
-547.031 308.898
-549.322 304.172
-552.652 297.914
-555.786 291.826
-558.475 286.326
-560.114 282.571
-562.35 277.862
-565.426 271.501
-568.399 265.179
-571.203 259.05
-573.89 253.024
-575.964 248.344
-578.132 243.46
-581.547 235.056
-583.041 231.939
-586.072 224.085
-587.756 220.534
-590.179 214.337
-593.138 205.604
-595.076 200.822
-596.811 197.256
-599.106 190.563
-601.392 183.412
-603.504 176.954
-616.393 126.298
-617.359 120.074
-618.14 114.257
-618.672 109.167
-620.513 99.677
-621.667 92.044
-621.97 87.2114
-622.243 82.6647
-623.473 73.7082
-624.024 67.4755
-624.473 61.6067
-624.823 56.2748
-625.581 47.6855
-625.792 42.8857
-626.255 35.341
-626.486 29.911
-626.716 24.4366
-626.94 19.022
-627.134 11.8959
-627.336 7.07825
-627.454 0.558754
-627.452 -6.77088
-627.192 -16.0584
-627.53 -18.6685
-627.786 -22.9826
-627.586 -30.0837
-627.015 -38.7056
-627.405 -42.2799
-627.325 -48.1446
-627.283 -53.7999
-627.05 -60.0487
-618.241 -114.609
-616.722 -122.955
-615.259 -128.318
-613.713 -134.609
-611.973 -142.342
-610.561 -146.535
-608.883 -152.788
-606.984 -160.014
-604.812 -168.242
-603.312 -172.561
-601.997 -176.345
-599.191 -185.996
-597.644 -190.446
-595.231 -197.841
-594.025 -201.229
-591.658 -208.084
-589.943 -213.015
-587.497 -219.728
-587.069 -221.75
-583.402 -230.865
-581.318 -236.416
-578.986 -242.381
-577.646 -246.474
-573.671 -255.157
-573.15 -257.865
-568.348 -267.432
-568.505 -269.236
-563.925 -277.99
-561.51 -283.512
-537.813 -324.995
-534.229 -330.53
-530.669 -335.887
-527.117 -341.122
-523.56 -346.276
-520.469 -350.531
-517.254 -355.006
-512.954 -361.154
-510.251 -364.758
-506.122 -370.434
-502.624 -375.135
-498.767 -380.258
-495.458 -384.633
-491.367 -389.907
-488.249 -394.009
-484.02 -399.3
-479.518 -404.78
-476.255 -408.94
-473.002 -413.102
-467.794 -418.995
-464.446 -423.165
-440.502 -446.846
-434.05 -453.229
-431.241 -455.566
-424.628 -461.805
-421.726 -464.259
-413.3 -471.922
-409.288 -475.283
-404.958 -478.933
-399.816 -483.232
-394.575 -487.531
-387.085 -493.493
-383.978 -495.969
-379.876 -499.236
-374.813 -503.142
-370.653 -506.428
-364.313 -511.009
-331.443 -534.693
-325.825 -537.853
-320.528 -540.692
-314.597 -543.986
-309.918 -546.272
-303.902 -549.508
-298.684 -552.129
-293.164 -554.915
-288.216 -557.316
-282.361 -560.223
-276.541 -563.048
-271.518 -565.408
-267.547 -567.262
-260.551 -570.51
-255.054 -573.012
-249.479 -575.509
-243.936 -577.955
-237.5 -580.675
-232.682 -582.801
-226.215 -585.42
-221.383 -587.519
-214.853 -590.039
-209.056 -592.32
-203.18 -594.575
-197.205 -596.805
-192.173 -598.844
-186.111 -601.014
-137.813 -613.251
-133.014 -613.894
-124.358 -615.833
-119.486 -616.441
-114.678 -617.064
-107.173 -618.39
-101.254 -619.248
-93.5471 -620.452
-91.1893 -620.561
-81.9745 -621.883
-74.5435 -622.803
-69.9314 -623.277
-62.3346 -624.08
-57.3634 -624.574
-51.9969 -625.109
-46.3992 -625.649
-40.04 -626.175
-34.4674 -626.675
-26.1917 -627.044
-19.7187 -627.4
-13.5144 -627.726
-6.53249 -627.934
-1.22002 -628.273
5.60528 -628.392
50.8236 -626.535
58.5938 -625.834
62.8736 -624.945
71.9358 -624.118
78.6881 -623.172
84.8842 -622.176
90.0644 -621.192
96.9145 -620.079
99.5412 -619.352
108.108 -617.946
116.338 -616.47
117.003 -616.18
125.176 -614.566
132.289 -613.072
138.4 -611.74
144.137 -610.466
150.665 -608.934
157.327 -607.295
162.668 -606.031
169.722 -604.136
174.799 -602.914
180.661 -601.372
187.191 -599.499
191.865 -598.433
199.237 -596.04
205.055 -594.349
247.761 -577.476
255.609 -574.143
261.861 -571.174
267.002 -568.499
271.703 -565.964
276.479 -563.405
284.236 -559.596
288.2 -557.298
294.386 -553.997
299.946 -550.927
305.116 -548.012
309.15 -545.702
316.24 -541.626
319.147 -539.995
326.038 -535.858
332.138 -532.126
337.162 -529.059
341.423 -526.534
348.365 -521.925
353.144 -518.914
358.505 -515.388
362.942 -512.627
367.396 -509.865
373.076 -505.891
406.102 -479.132
408.988 -476.163
413.855 -471.793
419.528 -466.731
425.195 -461.555
430.323 -456.699
433.562 -453.374
439.897 -447.287
444.828 -442.32
448.021 -438.937
452.107 -434.689
456.346 -430.244
459.437 -427.061
467.224 -418.416
469.802 -415.663
473.92 -411.081
479.174 -404.929
483.165 -400.314
486.256 -396.952
490.516 -391.859
494.733 -386.726
498.908 -381.552
523.27 -348.004
525.433 -343.97
528.739 -338.563
533.177 -331.607
535.342 -327.531
538.332 -322.335
542.075 -315.945
544.925 -310.793
548.051 -305.133
551.274 -299.203
553.454 -295.055
555.887 -290.495
559.146 -284.207
562.638 -277.227
565.563 -271.291
567.642 -267.293
570.729 -260.738
573.063 -256.08
576.443 -248.256
579.088 -242.352
582.812 -232.703
583.938 -231.597
586.899 -223.836
602.354 -181.067
604.135 -174.433
605.545 -168.476
606.572 -163.36
607.953 -157.345
609.297 -151.327
610.662 -145.122
611.872 -139.264
612.838 -134.18
614.214 -127.5
615.347 -121.576
616.458 -115.602
617.541 -109.595
618.586 -103.584
619.596 -97.5683
620.667 -90.6685
621.527 -85.3048
622.467 -78.6243
623.265 -74.003
624.129 -67.2178
624.929 -60.4141
625.694 -54.8502
626.38 -47.9863
627.02 -41.421
627.707 -35.9848
628.274 -29.5559
