779.321 2.1975
779.222 11.9027
778.994 21.5145
778.633 30.8457
778.182 40.5743
777.61 50.313
776.916 59.9718
776.103 69.6109
775.178 79.0967
774.119 88.8932
772.985 98.0885
771.713 107.614
770.336 117.052
768.846 126.479
767.212 136.051
765.541 145.242
763.663 154.819
761.726 164.154
759.632 173.614
757.396 183.13
755.201 192.159
752.723 201.642
750.281 210.713
747.602 220.061
744.893 229.192
740.42 243.371
737.353 252.379
734.159 261.454
730.853 270.498
727.445 279.468
723.879 288.576
720.384 297.042
716.593 306.073
712.663 315.13
708.75 323.787
704.711 332.458
700.566 341.086
696.393 349.51
691.928 358.269
687.573 366.559
682.966 375.076
678.313 383.439
673.598 391.688
668.686 400.026
663.639 408.352
658.629 416.422
653.349 424.66
648.14 432.614
642.807 440.543
637.41 448.374
631.694 456.382
626.118 464.07
620.426 471.719
611.372 483.308
605.278 490.908
599.244 498.19
593.015 505.565
586.94 512.53
580.332 520.024
573.953 527.021
567.28 534.198
560.777 540.991
554.135 547.778
547.357 554.546
540.296 561.429
533.586 567.81
526.247 574.616
519.148 581.04
512.111 587.267
504.923 593.477
497.454 599.754
490.137 605.777
482.35 611.98
474.958 617.775
467.139 623.706
459.476 629.403
451.656 635.057
443.749 640.625
432.511 648.225
424.544 653.439
416.37 658.669
408.322 663.66
400.074 668.654
391.914 673.452
383.346 678.37
374.856 683.095
366.471 687.621
358.002 692.065
349.524 696.386
340.532 700.826
332.106 704.863
323.344 708.929
314.602 712.86
305.7 716.727
296.845 720.45
288.016 724.044
278.987 727.579
269.71 731.059
260.753 734.324
247.69 738.974
238.654 741.896
229.532 744.735
220.143 747.566
211 750.163
202.036 752.579
192.391 755.117
183.125 757.398
173.66 759.619
163.816 761.825
154.967 763.626
145.35 765.515
135.921 767.238
126.603 768.825
117.047 770.337
107.47 771.732
98.1319 772.981
88.464 774.149
78.9542 775.185
69.3857 776.109
59.918 776.916
50.2994 777.61
40.6677 778.186
31.1264 778.649
21.3791 778.982
11.8454 779.215
2.02866 779.3
-7.61583 779.284
-17.2513 779.152
-32.0182 778.732
-41.4792 778.237
-51.039 777.64
-60.8843 776.941
-70.289 776.104
-79.7779 775.159
-89.526 774.095
-98.8443 772.926
-108.322 771.64
-117.49 770.275
-127.573 768.686
-136.867 767.071
-146.047 765.369
-155.596 763.485
-164.889 761.535
-174.405 759.413
-183.665 757.235
-192.959 754.93
-202.292 752.491
-211.475 749.982
-221.016 747.215
-230.165 744.466
-239.444 741.539
-248.326 738.66
-257.569 735.491
-266.954 732.116
-275.647 728.957
-284.805 725.425
-297.493 720.242
-306.491 716.456
-315.021 712.703
-324.156 708.613
-332.897 704.536
-341.591 700.35
-350.071 696.13
-358.641 691.746
-367.189 687.242
-375.721 682.613
-384.032 677.967
-392.489 673.106
-400.576 668.328
-409.072 663.159
-416.985 658.226
-425.142 652.991
-433.065 647.784
-440.945 642.47
-449.038 636.834
-456.791 631.325
-464.666 625.555
-472.203 619.938
-483.424 611.305
-490.914 605.274
-498.332 599.152
-505.655 592.954
-512.915 586.659
-520.076 580.293
-527.163 573.84
-534.169 567.304
-541.094 560.686
-547.938 553.986
-554.722 547.185
-561.411 540.314
-568.007 533.373
-574.519 526.355
-580.946 519.258
-587.289 512.084
-593.546 504.833
-599.716 497.506
-605.8 490.103
-611.801 482.618
-617.705 475.071
-623.528 467.436
-629.258 459.733
-634.902 451.946
-640.463 444.066
-648.68 431.985
-654.095 423.757
-659.125 415.792
-664.339 407.426
-669.277 399.212
-674.057 391.019
-678.863 382.595
-683.549 374.137
-688.081 365.697
-692.391 357.411
-696.673 348.964
-700.96 340.265
-705.135 331.521
-709.189 322.756
-713.137 313.934
-716.899 305.253
-720.57 296.507
-724.279 287.316
-727.665 278.701
-731.129 269.472
-734.33 260.728
-737.514 251.622
-740.656 242.166
-743.576 233.147
-746.366 224.249
-749.115 214.928
-751.755 205.509
-754.268 196.136
-757.927 181.692
-760.084 172.32
-762.104 162.984
-763.985 153.711
-765.916 143.911
-767.656 134.299
-769.178 125.012
-770.593 115.72
-772.016 105.897
-773.245 96.3824
-774.35 86.9031
-775.334 77.4697
-776.257 67.6427
-777.003 58.2592
-777.671 48.5274
-778.199 39.0545
-778.619 29.5622
-778.927 20.069
-779.119 10.3616
-779.204 0.93751
-779.164 -8.71609
-778.995 -18.4872
-778.682 -28.4779
-778.336 -37.653
-777.865 -47.0444
-777.226 -56.7467
-776.425 -66.6385
-775.639 -75.8929
-774.68 -85.4211
-773.615 -94.9094
-772.414 -104.458
-770.144 -119.401
-768.582 -129.127
-766.911 -138.481
-765.123 -147.926
-763.204 -157.526
-761.213 -166.674
-759.084 -176.046
-756.821 -185.515
-754.417 -195.083
-751.986 -204.15
-749.467 -213.14
-746.66 -222.811
-743.895 -231.833
-740.921 -241.17
-737.984 -249.999
-734.787 -259.243
-731.583 -268.165
-728.176 -277.287
-724.923 -285.776
-721.147 -295.128
-717.472 -303.984
-713.665 -312.843
-709.881 -321.423
-705.673 -330.51
-701.796 -338.816
-697.29 -347.906
-693.3 -356.001
-688.633 -364.875
-684.132 -373.314
-677.166 -385.673
-672.335 -393.996
-667.41 -402.248
-662.388 -410.431
-657.271 -418.548
-652.113 -426.504
-646.848 -434.425
-641.349 -442.501
-635.96 -450.195
-630.295 -458.091
-624.616 -465.805
-618.808 -473.496
-612.976 -481.031
-606.944 -488.625
-600.925 -496.026
-594.706 -503.473
-588.375 -510.863
-582.117 -518.012
-575.776 -525.089
-569.114 -532.299
-562.597 -539.224
-553.685 -548.275
-546.666 -555.286
-539.998 -561.732
-532.805 -568.567
-525.979 -574.864
-518.431 -581.697
-511.319 -587.944
-504.101 -594.139
-496.72 -600.323
-489.252 -606.427
-481.452 -612.636
-474.092 -618.359
-466.554 -624.083
-458.816 -629.805
-451.123 -635.363
-443.095 -640.986
-431.935 -648.725
-423.855 -654.008
-415.753 -659.158
-407.496 -664.282
-399.353 -669.169
-390.992 -674.076
-382.678 -678.806
-374.264 -683.464
-365.865 -687.977
-357.319 -692.444
-348.726 -696.803
-340.191 -700.998
-331.733 -705.033
-322.866 -709.138
-314.131 -713.052
-305.35 -716.86
-296.524 -720.564
-287.549 -724.197
-278.736 -727.654
-269.672 -731.069
-260.773 -734.318
-251.619 -737.515
-242.542 -740.573
-233.403 -743.527
-224.227 -746.37
-215.121 -749.088
-205.86 -751.713
-191.779 -755.345
-182.595 -757.576
-172.932 -759.856
-163.7 -761.862
-154.463 -763.757
-144.864 -765.635
-135.44 -767.345
-125.774 -768.989
-116.757 -770.384
-106.865 -771.823
-97.1588 -773.105
-87.8201 -774.214
-78.0933 -775.255
-68.6857 -776.147
-59.2191 -776.933
-49.7173 -777.61
-40.1054 -778.173
-30.5934 -778.623
-20.7384 -778.943
-11.102 -779.151
-1.50531 -779.245
8.19119 -779.213
17.7072 -779.083
27.3988 -778.814
41.363 -778.227
51.1073 -777.644
60.4414 -776.923
70.326 -776.104
79.9482 -775.159
89.4864 -774.096
98.9064 -772.923
108.535 -771.624
117.596 -770.262
127.376 -768.71
137.106 -767.038
145.871 -765.403
155.559 -763.492
165.068 -761.493
174.458 -759.399
183.753 -757.21
193.137 -754.876
202.512 -752.419
211.676 -749.909
221.028 -747.21
230.122 -744.484
239.287 -741.606
248.508 -738.577
257.461 -735.544
266.693 -732.246
275.691 -728.933
288.807 -723.817
297.961 -720.109
306.867 -716.342
315.596 -712.507
324.238 -708.583
332.834 -704.56
341.742 -700.289
350.141 -696.099
358.763 -691.689
367.249 -687.213
375.65 -682.65
383.859 -678.064
392.379 -673.17
400.341 -668.478
408.724 -663.384
416.957 -658.245
425.002 -653.092
432.9 -647.911
441.052 -642.384
448.898 -636.95
456.746 -631.364
464.449 -625.754
472.077 -620.061
479.785 -614.127
490.606 -605.466
497.813 -599.498
505.185 -593.283
512.574 -586.908
519.886 -580.438
527.057 -573.924
533.923 -567.512
541.089 -560.69
548.011 -553.92
554.639 -547.265
561.296 -540.431
567.898 -533.49
574.27 -526.639
581.139 -519.035
587.289 -512.083
593.547 -504.831
599.856 -497.317
605.931 -489.916
611.814 -482.597
617.75 -474.998
623.597 -467.319
629.353 -459.563
637.372 -448.416
642.727 -440.636
648.125 -432.631
653.566 -424.383
658.617 -416.439
663.684 -408.288
668.729 -399.965
673.58 -391.715
678.358 -383.365
683.053 -374.926
687.518 -366.658
691.92 -358.285
696.321 -349.658
700.647 -340.909
704.809 -332.227
708.776 -323.722
712.754 -314.879
716.549 -306.205
720.356 -297.125
723.982 -288.217
727.626 -278.827
730.876 -270.401
734.225 -261.156
738.897 -247.84
741.913 -238.617
744.776 -229.443
747.482 -220.34
750.131 -211.082
752.68 -201.755
755.106 -192.423
757.402 -183.112
759.554 -173.881
761.645 -164.449
763.601 -155.069
765.445 -145.666
767.174 -136.251
768.791 -126.808
770.292 -117.362
771.693 -107.784
772.958 -98.3869
774.125 -88.7953
775.164 -79.4646
776.1 -69.8305
776.918 -60.1985
777.623 -50.7171
778.207 -41.0745
778.673 -31.4384
779.038 -21.9471
779.275 -12.3256
