627.334 19.7411
626.939 26.6467
626.402 32.6163
625.737 36.38
625.217 43.5471
624.62 50.9478
623.941 57.8523
623.194 64.6586
622.441 70.3187
621.478 78.587
620.833 82.1042
619.928 88.4349
619.072 94.1111
618.183 99.8606
617.002 106.97
616.413 111.056
615.015 118.617
614.036 124.234
612.671 131.097
611.01 138.671
610.544 142.371
608.701 150.043
607.986 154.528
606.249 161.543
605.186 166.844
589.906 215.969
587.67 220.758
585.235 226.433
582.724 232.257
580.258 237.755
577.32 244.719
575.858 246.871
572.746 253.994
569.283 261.788
566.839 266.641
564.119 272.137
561.362 277.621
559.191 281.818
555.431 289.158
553.399 293.034
550.05 299.304
547.146 304.69
544.495 309.611
541.072 315.661
537.283 322.117
534.614 326.859
530.499 333.5
527.792 338.179
524.949 343.017
522.214 347.717
517.693 354.363
515.057 358.854
512.177 363.608
481.073 403.162
476.452 408.42
472.938 411.889
468.492 416.715
466.063 418.769
459.823 425.801
456.178 429.394
450.654 435.199
447.289 438.399
443.391 442.223
438.986 446.55
432.847 452.51
430.285 454.949
422.989 461.722
418.446 465.868
415.071 468.999
411.14 472.618
405.341 477.619
401.57 481.05
394.444 486.78
391.234 489.745
385.239 494.496
380.97 498.101
375.842 502.18
370.461 506.333
336.906 528.79
332.146 531.509
326.17 535.109
321.697 537.567
316.183 540.728
311.716 543.176
304.224 547.439
297.758 550.959
292.637 553.63
287.271 556.404
282.171 559.011
273.104 563.487
269.312 565.348
263.027 568.332
257.329 571.001
250.799 573.935
244.966 576.536
239.734 578.887
233.333 581.573
225.098 584.726
220.149 586.828
180.046 601.748
175.033 602.76
169.449 604.038
161.961 606.079
156.805 607.104
153.51 607.496
144.664 609.777
139.121 610.886
132 612.425
121.789 614.742
120.252 614.637
112.378 616.129
106.181 617.169
101.056 617.98
94.1002 619.069
87.1132 620.093
82.2125 620.817
74.7096 621.78
68.6027 622.555
62.1241 623.305
56.6546 623.979
50.0653 624.641
43.4235 625.241
37.6308 625.819
30.1865 626.263
24.7287 626.784
16.6951 627.024
10.3973 627.364
4.27076 627.687
-46.2655 626.416
-51.0583 625.556
-56.7152 624.766
-65.0326 624.026
-69.8201 623.132
-75.2814 622.252
-83.1595 621.259
-87.6155 620.366
-93.5143 619.382
-96.8211 618.697
-108.302 616.925
-113.224 615.922
-117.321 615.096
-124.76 613.626
-130.19 612.523
-137.746 610.876
-143.314 609.666
-149.467 608.263
-155.955 606.703
-161.54 605.392
-170.305 602.893
-176.016 601.401
-183.061 599.337
-186.768 598.623
-193.946 596.374
-202.57 593.34
-205.856 592.822
-213.221 590.217
-251.719 574.261
-258.243 571.278
-261.332 569.445
-269.99 565.542
-275.862 562.587
-281.653 559.605
-286.043 557.195
-291.646 554.217
-297.469 551.075
-303.703 547.645
-308.517 544.92
-315.095 541.139
-319.051 538.864
-327.064 533.996
-330.496 532.018
-336.605 528.218
-341.159 525.481
-345.745 522.726
-352.899 517.847
-357.622 514.859
-363.838 510.518
-367.778 508.161
-404.606 480.177
-409.327 475.849
-413.927 471.55
-418.453 467.25
-422.895 462.961
-427.29 458.658
-431.62 454.359
-435.913 450.045
-440.157 445.727
-444.358 441.401
-448.492 437.094
-452.615 432.755
-456.697 428.414
-460.744 424.07
-464.782 419.692
-468.781 415.316
-472.765 410.916
-476.72 406.51
-480.651 402.093
-484.592 397.615
-488.525 393.098
-492.496 388.463
-496.478 383.746
-500.47 378.932
-504.505 373.951
-532.727 332.179
-537.109 325.166
-539.1 320.923
-543.366 313.772
-546.217 308.317
-548.491 303.616
-551.806 297.382
-554.929 291.311
-557.605 285.833
-559.233 282.098
-561.454 277.416
-564.523 271.073
-567.487 264.769
-570.286 258.651
-572.968 252.638
-575.033 247.979
-577.193 243.116
-580.606 234.719
-582.091 231.627
-585.119 223.783
-586.796 220.254
-589.212 214.079
-592.175 205.335
-594.107 200.575
-595.834 197.04
-598.126 190.366
-600.408 183.237
-602.518 176.792
-615.46 125.938
-616.42 119.731
-617.194 113.932
-617.718 108.866
-619.559 99.3786
-620.707 91.7673
-621.002 86.9605
-621.267 82.4487
-622.494 73.5063
-623.04 67.2981
-623.484 61.456
-623.831 56.1458
-624.587 47.5743
-624.795 42.8081
-625.257 35.2798
-625.486 29.8795
-625.716 24.4345
-625.94 19.0419
-626.135 11.9258
-626.337 7.13364
-626.456 0.628109
-626.455 -6.69324
-626.195 -15.9777
-626.537 -18.5484
-626.796 -22.8427
-626.599 -29.9183
-626.032 -38.5247
-626.426 -42.0736
-626.352 -47.9122
-626.318 -53.5403
-626.091 -59.7657
-617.242 -114.572
-615.723 -122.9
-614.263 -128.233
-612.719 -134.5
-610.98 -142.218
-609.573 -146.382
-607.9 -152.604
-606.003 -159.822
-603.831 -168.049
-602.336 -172.342
-601.026 -176.103
-598.22 -185.758
-596.679 -190.183
-594.27 -197.567
-593.076 -200.913
-590.714 -207.753
-589.01 -212.656
-586.571 -219.352
-586.156 -221.341
-582.496 -230.442
-580.423 -235.97
-578.101 -241.915
-576.775 -245.984
-572.796 -254.673
-572.294 -257.347
-567.486 -266.926
-567.667 -268.69
-563.083 -277.45
-560.678 -282.956
-536.91 -324.566
-533.337 -330.079
-529.784 -335.423
-526.243 -340.637
-522.689 -345.783
-519.61 -350.019
-516.405 -354.477
-512.109 -360.619
-509.42 -364.201
-505.302 -369.862
-501.819 -374.542
-497.975 -379.647
-494.679 -384.006
-490.606 -389.258
-487.503 -393.344
-483.287 -398.62
-478.797 -404.087
-475.549 -408.232
-472.323 -412.368
-467.125 -418.252
-463.793 -422.408
-439.751 -446.186
-433.309 -452.558
-430.518 -454.876
-423.921 -461.098
-421.042 -463.529
-412.616 -471.193
-408.627 -474.533
-404.319 -478.163
-399.195 -482.448
-393.971 -486.734
-386.49 -492.689
-383.402 -495.151
-379.326 -498.401
-374.269 -502.303
-370.128 -505.577
-363.793 -510.155
-330.797 -533.929
-325.197 -537.075
-319.906 -539.91
-313.991 -543.19
-309.332 -545.463
-303.317 -548.696
-298.115 -551.307
-292.609 -554.084
-287.684 -556.469
-281.848 -559.364
-276.048 -562.178
-271.05 -564.524
-267.112 -566.362
-260.129 -569.604
-254.655 -572.095
-249.097 -574.585
-243.578 -577.022
-237.168 -579.732
-232.38 -581.848
-225.932 -584.461
-221.122 -586.554
-214.618 -589.067
-208.845 -591.342
-202.986 -593.594
-197.042 -595.818
-192.04 -597.853
-186.001 -600.02
-137.455 -612.318
-132.672 -612.954
-124.022 -614.891
-119.173 -615.491
-114.389 -616.107
-106.898 -617.429
-101.011 -618.277
-93.3261 -619.477
-91.0007 -619.579
-81.7972 -620.899
-74.3814 -621.817
-69.8035 -622.286
-62.2297 -623.085
-57.2826 -623.577
-51.9458 -624.11
-46.3676 -624.649
-40.0315 -625.175
-34.4877 -625.675
-26.2307 -626.045
-19.7801 -626.402
-13.5992 -626.729
-6.62803 -626.938
-1.34669 -627.281
5.45867 -627.402
50.8591 -625.536
58.6295 -624.835
62.8809 -623.945
71.9449 -623.118
78.6776 -622.172
84.8585 -621.176
90.0165 -620.193
96.8561 -619.081
99.4435 -618.356
107.994 -616.952
116.214 -615.477
116.836 -615.194
124.982 -613.585
132.079 -612.095
138.166 -610.767
143.878 -609.5
150.385 -607.974
157.029 -606.341
162.342 -605.086
169.38 -603.197
174.428 -601.986
180.267 -600.453
186.778 -598.588
191.43 -597.533
198.776 -595.153
204.571 -593.474
247.508 -576.509
255.353 -573.176
261.577 -570.215
266.692 -567.548
271.364 -565.023
276.113 -562.474
283.861 -558.67
287.799 -556.381
293.967 -553.089
299.498 -550.033
304.652 -547.126
308.662 -544.829
315.726 -540.768
318.612 -539.151
325.477 -535.03
331.563 -531.308
336.565 -528.257
340.813 -525.742
347.746 -521.139
352.509 -518.141
357.866 -514.619
362.279 -511.878
366.723 -509.125
372.39 -505.164
405.554 -478.296
408.415 -475.343
413.271 -470.982
418.937 -465.924
424.592 -460.757
429.704 -455.913
432.917 -452.61
439.233 -446.539
444.15 -441.586
447.323 -438.221
451.39 -433.992
455.617 -429.559
458.683 -426.404
466.466 -417.763
469.018 -415.041
473.121 -410.48
478.367 -404.338
482.344 -399.744
485.415 -396.412
489.667 -391.331
493.877 -386.21
498.045 -381.047
522.516 -347.349
524.655 -343.342
527.942 -337.96
532.374 -331.011
534.528 -326.949
537.509 -321.767
541.242 -315.392
544.087 -310.248
547.205 -304.6
550.42 -298.681
552.587 -294.557
555.004 -290.024
558.255 -283.754
561.733 -276.803
564.648 -270.886
566.716 -266.914
569.797 -260.377
572.122 -255.741
575.494 -247.941
578.132 -242.06
581.856 -232.409
582.969 -231.348
585.927 -223.6
601.45 -180.64
603.223 -174.024
604.623 -168.089
605.642 -162.994
607.014 -157.001
608.35 -151.005
609.71 -144.814
610.913 -138.982
611.875 -133.911
613.247 -127.243
614.374 -121.345
615.484 -115.379
616.56 -109.398
617.601 -103.411
618.607 -97.4212
619.675 -90.5412
620.532 -85.2073
621.47 -78.5483
622.266 -73.9618
623.129 -67.1977
623.929 -60.4149
624.694 -54.8802
625.382 -48.0442
626.022 -41.4853
626.713 -36.088
627.281 -29.6737
