626.34 19.8509
625.944 26.7449
625.406 32.6969
624.738 36.4278
624.217 43.5852
623.62 50.9774
622.941 57.8698
622.195 64.6483
621.442 70.2805
620.48 78.5293
619.837 82.0135
618.935 88.3206
618.083 93.961
617.197 99.6916
616.02 106.783
615.437 110.84
614.045 118.377
613.07 123.976
611.71 130.82
610.056 138.372
609.6 142.041
607.764 149.693
607.059 154.152
605.329 161.15
604.276 166.43
588.927 215.767
586.695 220.534
584.266 226.186
581.764 231.979
579.3 237.468
576.364 244.426
574.915 246.539
571.805 253.656
568.342 261.449
565.909 266.274
563.193 271.761
560.446 277.222
558.288 281.387
554.534 288.715
552.515 292.567
549.18 298.812
546.288 304.176
543.652 309.072
540.241 315.106
536.466 321.54
533.804 326.272
529.694 332.908
526.999 337.569
524.169 342.391
521.448 347.074
516.934 353.711
514.32 358.178
511.46 362.912
480.236 402.615
475.625 407.857
472.126 411.306
467.693 416.114
465.292 418.132
459.054 425.162
455.418 428.744
449.904 434.538
446.551 437.724
442.668 441.533
438.274 445.847
432.142 451.8
429.611 454.211
422.322 460.977
417.785 465.117
414.431 468.231
410.518 471.835
404.724 476.832
400.972 480.249
393.849 485.976
390.662 488.924
384.679 493.668
380.434 497.257
375.325 501.324
369.961 505.467
336.294 528
331.564 530.696
325.597 534.29
321.143 536.735
315.635 539.892
311.188 542.327
303.704 546.585
297.246 550.1
292.143 552.76
286.8 555.522
281.724 558.117
272.665 562.588
268.907 564.434
262.641 567.41
256.966 570.069
250.446 573
244.628 575.595
239.414 577.94
233.025 580.622
224.796 583.773
219.867 585.869
179.626 600.841
174.627 601.846
169.069 603.113
161.599 605.146
156.465 606.163
153.213 606.541
144.362 608.823
138.838 609.927
131.727 611.463
121.513 613.781
120.013 613.666
112.153 615.155
105.98 616.19
100.87 616.997
93.9502 618.081
86.9747 619.103
82.1067 619.823
74.6289 620.784
68.5475 621.556
62.0842 622.306
56.628 622.98
50.0619 623.641
43.4333 624.241
37.6599 624.819
30.2229 625.263
24.787 625.786
16.7641 626.026
10.4899 626.369
4.38763 626.694
-46.3383 625.418
-51.0972 624.557
-56.7262 623.766
-65.0255 623.026
-69.7963 622.132
-75.237 621.253
-83.11 620.26
-87.5381 619.369
-93.4192 618.387
-96.6988 617.704
-108.188 615.931
-113.086 614.931
-117.145 614.111
-124.568 612.644
-129.97 611.547
-137.51 609.904
-143.05 608.701
-149.179 607.306
-155.653 605.75
-161.22 604.445
-169.986 601.945
-175.68 600.459
-182.709 598.401
-186.392 597.696
-193.557 595.453
-202.169 592.424
-205.423 591.921
-212.768 589.326
-251.402 573.313
-257.902 570.338
-260.958 568.518
-269.624 564.611
-275.461 561.671
-281.231 558.698
-285.593 556.302
-291.175 553.335
-296.986 550.199
-303.22 546.77
-308.008 544.059
-314.58 540.281
-318.514 538.02
-326.529 533.151
-329.936 531.189
-336.043 527.391
-340.578 524.667
-345.145 521.926
-352.298 517.048
-357.004 514.072
-363.208 509.741
-367.126 507.403
-404.077 479.328
-408.778 475.013
-413.358 470.728
-417.871 466.436
-422.293 462.162
-426.662 457.88
-430.979 453.592
-435.252 449.294
-439.476 444.993
-443.653 440.691
-447.776 436.396
-451.874 432.083
-455.951 427.749
-459.981 423.423
-464.003 419.065
-467.991 414.704
-471.964 410.318
-475.914 405.919
-479.839 401.508
-483.776 397.037
-487.704 392.528
-491.661 387.912
-495.634 383.209
-499.622 378.402
-503.64 373.449
-531.968 331.528
-536.333 324.536
-538.312 320.307
-542.562 313.178
-545.398 307.743
-547.66 303.06
-550.964 296.842
-554.076 290.789
-556.735 285.341
-558.348 281.632
-560.559 276.971
-563.615 270.652
-566.576 264.358
-569.369 258.253
-572.045 252.252
-574.102 247.614
-576.254 242.773
-579.665 234.382
-581.138 231.322
-584.165 223.482
-585.834 219.983
-588.246 213.821
-591.21 205.073
-593.136 200.337
-594.858 196.825
-597.146 190.169
-599.425 183.055
-601.531 176.63
-614.527 125.579
-615.481 119.388
-616.248 113.607
-616.765 108.566
-618.604 99.0803
-619.746 91.4907
-620.033 86.7098
-620.29 82.2327
-621.515 73.3045
-622.056 67.1207
-622.495 61.3054
-622.84 56.0168
-623.593 47.4632
-623.798 42.7306
-624.259 35.2185
-624.487 29.848
-624.716 24.4242
-624.941 19.0617
-625.135 11.9557
-625.339 7.18894
-625.458 0.697373
-625.458 -6.61567
-625.198 -15.8971
-625.544 -18.4283
-625.807 -22.6939
-625.615 -29.7442
-625.048 -38.344
-625.45 -41.8586
-625.381 -47.6709
-625.352 -53.281
-625.132 -59.4829
-616.243 -114.535
-614.725 -122.844
-613.266 -128.147
-611.725 -134.39
-609.988 -142.095
-608.586 -146.221
-606.917 -152.42
-605.021 -159.63
-602.85 -167.856
-601.36 -172.123
-600.058 -175.854
-597.251 -185.511
-595.714 -189.919
-593.31 -197.284
-592.127 -200.598
-589.771 -207.422
-588.077 -212.296
-585.644 -218.976
-585.243 -220.933
-581.59 -230.019
-579.528 -235.524
-577.216 -241.449
-575.9 -245.5
-571.921 -254.189
-571.435 -256.836
-566.623 -266.419
-566.829 -268.144
-562.241 -276.91
-559.847 -282.401
-536.01 -324.129
-532.444 -329.628
-528.898 -334.959
-525.368 -340.152
-521.823 -345.284
-518.751 -349.508
-515.556 -353.948
-511.264 -360.084
-508.59 -363.644
-504.482 -369.29
-501.009 -373.955
-497.184 -379.036
-493.9 -383.379
-489.84 -388.615
-486.757 -392.678
-482.554 -397.939
-478.076 -403.394
-474.849 -407.518
-471.646 -411.633
-466.455 -417.509
-463.133 -421.656
-439 -445.526
-432.562 -451.893
-429.794 -454.185
-423.207 -460.397
-420.359 -462.8
-411.925 -470.469
-407.96 -473.788
-403.68 -477.394
-398.574 -481.665
-393.366 -485.937
-385.895 -491.885
-382.833 -494.329
-378.777 -497.566
-373.733 -501.459
-369.603 -504.726
-363.281 -509.296
-330.151 -533.165
-324.568 -536.298
-319.284 -539.126
-313.386 -542.394
-308.745 -544.653
-302.733 -547.885
-297.546 -550.484
-292.053 -553.253
-287.159 -555.617
-281.342 -558.501
-275.555 -561.308
-270.583 -563.64
-266.669 -565.465
-259.708 -568.697
-254.257 -571.177
-248.722 -573.658
-243.22 -576.088
-236.837 -578.788
-232.078 -580.895
-225.649 -583.501
-220.862 -585.588
-214.375 -588.097
-208.636 -590.364
-202.801 -592.611
-196.871 -594.833
-191.899 -596.863
-185.89 -599.026
-137.097 -611.384
-132.33 -612.015
-123.686 -613.949
-118.859 -614.542
-114.108 -615.147
-106.631 -616.465
-100.769 -617.307
-93.0967 -618.504
-90.812 -618.597
-81.6199 -619.915
-74.2193 -620.83
-69.6756 -621.294
-62.1164 -622.092
-57.2017 -622.581
-51.8863 -623.112
-46.3446 -623.649
-40.0236 -624.175
-34.5168 -624.676
-26.2697 -625.046
-19.8414 -625.404
-13.6927 -625.734
-6.73238 -625.944
-1.47322 -626.289
5.30326 -626.415
50.8946 -624.536
58.6651 -623.836
62.888 -622.945
71.9464 -622.118
78.667 -621.172
84.8326 -620.176
89.9684 -619.194
96.7976 -618.082
99.3545 -617.36
107.881 -615.959
116.09 -614.485
116.669 -614.208
124.797 -612.602
131.868 -611.117
137.933 -609.795
143.618 -608.535
150.105 -607.014
156.73 -605.387
162.016 -604.141
169.037 -602.257
174.057 -601.057
179.873 -599.534
186.366 -597.677
190.987 -596.636
198.321 -594.262
204.093 -592.595
247.254 -575.541
255.09 -572.211
261.285 -569.258
266.383 -566.597
271.025 -564.083
275.746 -561.544
283.485 -557.743
287.391 -555.469
293.54 -552.184
299.051 -549.139
304.187 -546.241
308.167 -543.96
315.221 -539.905
318.076 -538.306
324.924 -534.197
330.987 -530.49
335.974 -527.45
340.196 -524.955
347.127 -520.354
351.874 -517.368
357.22 -513.855
361.616 -511.129
366.05 -508.385
371.696 -504.444
405.007 -477.459
407.85 -474.519
412.693 -470.165
418.347 -465.117
423.983 -459.964
429.08 -455.131
432.271 -451.846
438.575 -445.786
443.471 -440.851
446.625 -437.504
450.673 -433.295
454.882 -428.881
457.929 -425.746
465.708 -417.11
468.239 -414.414
472.327 -409.872
477.56 -403.747
481.523 -399.174
484.574 -395.871
488.818 -390.803
493.02 -385.694
497.181 -380.543
521.761 -346.693
523.877 -342.713
527.15 -337.349
531.577 -330.408
533.715 -326.368
536.686 -321.2
540.409 -314.838
543.248 -309.703
546.359 -304.068
549.567 -298.16
551.72 -294.059
554.122 -289.554
557.359 -283.308
560.831 -276.371
563.737 -270.475
565.794 -266.528
568.864 -260.016
571.182 -255.402
574.547 -247.62
577.177 -241.761
580.9 -232.116
582 -231.101
584.956 -223.364
600.545 -180.213
602.31 -173.615
603.704 -167.694
604.711 -162.628
606.075 -156.658
607.403 -150.684
608.759 -144.507
609.953 -138.7
610.912 -133.643
612.281 -126.986
613.401 -121.113
614.509 -115.157
615.58 -109.2
616.616 -103.239
617.618 -97.274
618.682 -90.4224
619.536 -85.1182
620.473 -78.4722
621.267 -73.9205
622.129 -67.1775
622.929 -60.4157
623.695 -54.91
624.383 -48.0946
625.024 -41.5582
625.718 -36.1911
626.289 -29.8002
