625.346 19.9606
624.948 26.843
624.409 32.7773
623.739 36.4754
623.218 43.6232
622.62 51.0069
621.941 57.8873
621.195 64.6379
620.443 70.2422
619.481 78.4803
618.841 81.9228
617.941 88.2063
617.093 93.8191
616.211 99.5226
615.038 106.596
614.46 110.624
613.074 118.137
612.104 123.717
610.749 130.543
609.102 138.073
608.656 141.71
606.827 149.343
606.133 153.776
604.409 160.757
603.365 166.017
587.948 215.564
585.72 220.31
583.297 225.938
580.801 231.709
578.342 237.182
575.408 244.132
573.969 246.215
570.864 253.318
567.401 261.109
564.976 265.914
562.266 271.384
559.526 276.829
557.386 280.956
553.637 288.273
551.631 292.1
548.309 298.321
545.43 303.663
542.81 308.534
539.409 314.55
535.649 320.964
532.995 325.685
528.888 332.315
526.207 336.959
523.39 341.765
520.683 346.431
516.171 353.065
513.582 357.503
510.737 362.221
479.398 402.069
474.799 407.293
471.314 410.722
466.894 415.512
464.521 417.496
458.279 424.529
454.659 428.093
449.147 433.884
445.813 437.05
441.944 440.842
437.563 445.144
431.438 451.09
428.943 453.466
421.655 460.232
417.132 464.36
413.792 467.462
409.895 471.053
404.114 476.04
400.373 479.448
393.254 485.172
390.098 488.099
384.126 492.834
379.906 496.408
374.807 500.469
369.47 504.596
335.681 527.21
330.975 529.888
325.017 533.475
320.583 535.907
315.087 539.055
310.66 541.478
303.177 545.735
296.734 549.241
291.655 551.887
286.335 554.636
281.285 557.218
272.226 561.69
268.502 563.52
262.255 566.487
256.603 569.138
250.092 572.064
244.289 574.654
239.095 576.992
232.724 579.668
224.493 582.82
219.586 584.909
179.206 599.933
174.229 600.929
168.695 602.186
161.238 604.214
156.133 605.22
152.916 605.586
144.061 607.87
138.555 608.967
131.453 610.501
121.237 612.82
119.774 612.695
111.928 614.18
105.779 615.21
100.684 616.015
93.8002 617.092
86.8444 618.111
82.0091 618.828
74.5482 619.787
68.4923 620.558
62.0443 621.307
56.61 621.98
50.0583 622.641
43.4429 623.241
37.689 623.82
30.2591 624.264
24.8451 624.787
16.8329 625.028
10.5824 625.373
4.50436 625.701
-46.411 624.421
-51.136 623.558
-56.7371 622.766
-65.0272 622.026
-69.7724 621.132
-75.1924 620.254
-83.0604 619.261
-87.4606 618.372
-93.3241 617.391
-96.5765 616.712
-108.075 614.937
-112.94 613.942
-116.97 613.127
-124.368 611.664
-129.741 610.574
-137.274 608.933
-142.787 607.737
-148.891 606.348
-155.343 604.799
-160.899 603.497
-169.659 601
-175.336 599.52
-182.357 597.465
-186.017 596.769
-193.167 594.532
-201.768 591.508
-204.99 591.02
-212.315 588.434
-251.076 572.368
-257.57 569.395
-260.584 567.59
-269.25 563.684
-275.067 560.752
-280.809 557.791
-285.142 555.409
-290.711 552.449
-296.504 549.323
-302.736 545.895
-307.507 543.193
-314.072 539.42
-317.984 537.172
-325.995 532.306
-329.382 530.356
-335.474 526.569
-339.997 523.853
-344.545 521.126
-351.698 516.248
-356.386 513.286
-362.578 508.965
-366.474 506.644
-403.556 478.474
-408.231 474.177
-412.79 469.905
-417.283 465.628
-421.685 461.369
-426.034 457.102
-430.331 452.83
-434.585 448.549
-438.79 444.266
-442.949 439.982
-447.059 435.699
-451.14 431.404
-455.205 427.083
-459.212 422.784
-463.223 418.439
-467.2 414.091
-471.163 409.719
-475.107 405.327
-479.028 400.924
-482.959 396.46
-486.882 391.957
-490.831 387.356
-494.794 382.666
-498.774 377.872
-502.78 372.939
-531.209 330.876
-535.557 323.905
-537.52 319.697
-541.763 312.576
-544.585 307.161
-546.828 302.505
-550.122 296.303
-553.223 290.267
-555.869 284.841
-557.463 281.166
-559.66 276.533
-562.708 270.232
-565.664 263.948
-568.452 257.854
-571.123 251.867
-573.171 247.25
-575.315 242.429
-578.723 234.045
-580.186 231.018
-583.212 223.18
-584.872 219.711
-587.28 213.563
-590.245 204.812
-592.165 200.099
-593.88 196.617
-596.164 189.98
-598.44 182.882
-600.544 176.467
-613.597 125.211
-614.541 119.045
-615.305 113.274
-615.813 108.257
-617.647 98.7892
-618.784 91.2143
-619.064 86.4664
-619.314 82.0159
-620.535 73.1028
-621.073 66.935
-621.508 61.1464
-621.848 55.8879
-622.6 47.3521
-622.802 42.6448
-623.261 35.1573
-623.487 29.8165
-623.716 24.4139
-623.941 19.0814
-624.136 11.9855
-624.341 7.24415
-624.461 0.766545
-624.461 -6.53819
-624.201 -15.8165
-624.55 -18.3164
-624.818 -22.5453
-624.629 -29.5778
-624.063 -38.171
-624.473 -41.6437
-624.411 -47.4298
-624.388 -53.0129
-624.172 -59.2002
-615.243 -114.506
-613.727 -122.788
-612.27 -128.062
-610.731 -134.281
-608.996 -141.971
-607.599 -146.062
-605.934 -152.236
-604.04 -159.437
-601.87 -167.655
-600.385 -171.904
-599.09 -175.604
-596.282 -185.265
-594.752 -189.648
-592.351 -197.001
-591.178 -200.282
-588.824 -207.099
-587.141 -211.944
-584.714 -218.607
-584.334 -220.517
-580.68 -229.604
-578.629 -235.085
-576.328 -240.99
-575.025 -245.016
-571.046 -253.704
-570.576 -256.324
-565.761 -265.913
-565.987 -267.604
-561.399 -276.37
-559.02 -281.839
-535.11 -323.693
-531.551 -329.178
-528.013 -334.494
-524.494 -339.666
-520.957 -344.784
-517.892 -348.996
-514.708 -353.418
-510.423 -359.542
-507.76 -363.087
-503.662 -368.718
-500.2 -373.369
-496.387 -378.432
-493.12 -382.753
-489.073 -387.973
-486.01 -392.013
-481.821 -397.259
-477.355 -402.701
-474.15 -406.803
-470.968 -410.897
-465.78 -416.771
-462.474 -420.904
-438.249 -444.865
-431.816 -451.228
-429.076 -453.489
-422.494 -459.696
-419.675 -462.07
-411.241 -469.74
-407.299 -473.037
-403.035 -476.63
-397.952 -480.881
-392.762 -485.141
-385.3 -491.082
-382.264 -493.507
-378.227 -496.731
-373.196 -500.615
-369.078 -503.875
-362.769 -508.438
-329.506 -532.402
-323.933 -535.526
-318.663 -538.343
-312.774 -541.603
-308.151 -543.848
-302.149 -547.074
-296.976 -549.662
-291.498 -552.421
-286.635 -554.766
-280.836 -557.639
-275.069 -560.434
-270.115 -562.756
-266.226 -564.568
-259.286 -567.79
-253.859 -570.26
-248.348 -572.731
-242.869 -575.152
-236.505 -577.845
-231.776 -579.941
-225.366 -582.542
-220.601 -584.623
-214.133 -587.127
-208.426 -589.387
-202.616 -591.629
-196.7 -593.848
-191.758 -595.873
-185.782 -598.032
-136.739 -610.45
-131.988 -611.075
-123.35 -613.007
-118.546 -613.592
-113.826 -614.188
-106.364 -615.502
-100.526 -616.337
-92.8673 -617.531
-90.6229 -617.615
-81.4428 -618.931
-74.0572 -619.843
-69.5392 -620.303
-62.0115 -621.097
-57.1209 -621.584
-51.8267 -622.114
-46.3134 -622.65
-40.0156 -623.175
-34.5377 -623.676
-26.3085 -624.047
-19.9026 -624.406
-13.7784 -624.737
-6.83659 -624.949
-1.5996 -625.297
5.14801 -625.427
50.9386 -623.537
58.6933 -622.836
62.895 -621.945
71.9478 -621.118
78.6562 -620.172
84.8066 -619.177
89.9203 -618.196
96.739 -617.084
99.2573 -616.365
107.767 -614.965
115.958 -613.494
116.493 -613.224
124.611 -611.62
131.658 -610.14
137.699 -608.823
143.367 -607.567
149.825 -606.054
156.431 -604.432
161.689 -603.196
168.695 -601.318
173.686 -600.128
179.479 -598.615
185.953 -596.766
190.544 -595.74
197.866 -593.372
203.616 -591.717
247 -574.574
254.827 -571.247
261.002 -568.299
266.073 -565.646
270.686 -563.142
275.378 -560.614
283.118 -556.813
286.99 -554.552
293.114 -551.28
298.61 -548.241
303.723 -545.355
307.672 -543.091
314.715 -539.042
317.533 -537.466
324.37 -533.364
330.411 -529.673
335.383 -526.643
339.579 -524.168
346.509 -519.568
351.24 -516.595
356.575 -513.092
360.953 -510.38
365.378 -507.645
371.003 -503.723
404.459 -476.622
407.284 -473.694
412.116 -469.349
417.763 -464.305
423.374 -459.171
428.456 -454.35
431.62 -451.087
437.918 -445.032
442.793 -440.117
445.927 -436.788
449.956 -432.598
454.147 -428.203
457.17 -425.096
464.945 -416.464
467.461 -413.787
471.533 -409.265
476.749 -403.163
480.701 -398.603
483.737 -395.324
487.969 -390.274
492.164 -385.177
496.318 -380.038
521 -346.043
523.099 -342.085
526.353 -336.745
530.779 -329.804
532.901 -325.786
535.862 -320.632
539.581 -314.278
542.41 -309.158
545.512 -303.535
548.714 -297.639
550.849 -293.567
553.243 -289.076
556.464 -282.863
559.929 -275.939
562.826 -270.063
564.868 -266.149
567.931 -259.655
570.238 -255.071
573.6 -247.298
576.223 -241.461
579.942 -231.83
581.031 -230.854
583.984 -223.128
599.645 -179.778
601.397 -173.206
602.785 -167.3
603.781 -162.261
605.136 -156.314
606.456 -150.363
607.807 -144.2
608.997 -138.409
609.949 -133.374
611.314 -126.73
612.433 -120.865
613.532 -114.942
614.598 -109.01
615.63 -103.075
616.628 -97.1352
617.689 -90.3035
618.54 -85.0291
619.475 -78.4047
620.268 -73.8791
621.13 -67.1572
621.929 -60.4163
622.695 -54.9397
623.385 -48.1447
624.027 -41.631
624.723 -36.2939
625.297 -29.9266
