624.352 20.07
623.953 26.9408
623.412 32.8575
622.741 36.5319
622.219 43.6611
621.621 51.0362
620.941 57.897
620.195 64.6273
619.443 70.2038
618.482 78.4312
617.845 81.832
616.948 88.0919
616.103 93.6773
615.226 99.3535
614.055 106.409
613.482 110.416
612.103 117.898
611.14 123.451
609.791 130.257
608.148 137.773
607.715 141.372
605.891 148.991
605.21 153.392
603.49 160.365
602.455 165.603
586.967 215.37
584.746 220.086
582.328 225.691
579.838 231.439
577.384 236.895
574.452 243.838
573.023 245.891
569.923 252.98
566.461 260.77
564.043 265.554
561.34 271.008
558.606 276.437
556.48 280.533
552.74 287.831
550.747 291.632
547.434 297.836
544.572 303.149
541.967 307.996
538.578 313.995
534.831 320.387
532.185 325.098
528.087 331.716
525.42 336.342
522.61 341.139
519.917 345.788
515.407 352.419
512.839 356.833
510.014 361.53
478.56 401.523
473.968 406.737
470.506 410.132
466.1 414.904
463.744 416.865
457.505 423.896
453.899 427.442
448.391 433.229
445.075 436.375
441.215 440.158
436.851 444.441
430.734 450.381
428.276 452.722
420.989 459.486
416.478 463.604
413.158 466.688
409.279 470.265
403.504 475.247
399.782 478.641
392.66 484.368
389.527 487.278
383.567 492.005
379.37 495.564
374.29 499.613
368.978 503.726
335.068 526.419
330.386 529.08
324.437 532.66
320.022 535.079
314.539 538.218
310.133 540.628
302.65 544.885
296.222 548.382
291.167 551.014
285.863 553.754
280.845 556.32
271.787 560.791
268.097 562.605
261.869 565.565
256.239 568.206
249.747 571.126
243.959 573.71
238.783 576.042
232.424 578.714
224.19 581.867
219.305 583.949
178.779 599.029
173.83 600.012
168.322 601.258
160.877 603.281
155.801 604.277
152.619 604.631
143.759 606.916
138.273 608.008
131.18 609.54
120.961 611.859
119.535 611.724
111.695 613.208
105.57 614.232
100.506 615.031
93.642 616.105
86.7059 617.121
81.9035 617.833
74.4673 618.79
68.437 619.559
62.0043 620.307
56.5918 620.98
50.0547 621.641
43.4525 622.241
37.7179 622.82
30.2953 623.265
24.9031 623.789
16.9105 624.031
10.6839 624.378
4.62093 624.707
-46.476 623.423
-51.1746 622.559
-56.7478 621.766
-65.0288 621.026
-69.7484 620.133
-75.1478 619.255
-83.0107 618.263
-87.383 617.375
-93.2289 616.396
-96.4541 615.719
-107.961 613.944
-112.802 612.952
-116.803 612.141
-124.168 610.685
-129.512 609.6
-137.029 607.963
-142.523 606.772
-148.604 605.39
-155.034 603.848
-160.579 602.55
-169.332 600.055
-174.992 598.581
-182.005 596.529
-185.641 595.842
-192.777 593.611
-201.368 590.591
-204.556 590.119
-211.87 587.539
-250.759 571.419
-257.237 568.452
-260.211 566.663
-268.876 562.756
-274.673 559.833
-280.388 556.885
-284.699 554.513
-290.248 551.563
-296.029 548.443
-302.253 545.019
-307.006 542.328
-313.565 538.558
-317.454 536.325
-325.46 531.46
-328.829 529.523
-334.904 525.747
-339.416 523.039
-343.946 520.326
-351.09 515.454
-355.769 512.499
-361.947 508.189
-365.822 505.886
-403.034 477.621
-407.683 473.34
-412.222 469.082
-416.694 464.819
-421.077 460.575
-425.405 456.324
-429.683 452.069
-433.917 447.805
-438.111 443.533
-442.25 439.266
-446.342 435.002
-450.405 430.726
-454.459 426.417
-458.444 422.144
-462.444 417.812
-466.41 413.479
-470.362 409.121
-474.301 404.736
-478.217 400.339
-482.143 395.883
-486.061 391.387
-490 386.799
-493.955 382.122
-497.926 377.342
-501.919 372.43
-530.446 330.231
-534.787 323.267
-536.728 319.087
-540.965 311.974
-543.771 306.58
-545.997 301.949
-549.28 295.763
-552.37 289.745
-554.999 284.348
-556.578 280.7
-558.761 276.096
-561.801 269.811
-564.752 263.537
-567.535 257.456
-570.2 251.481
-572.243 246.877
-574.375 242.086
-577.779 233.715
-579.233 230.713
-582.258 222.878
-583.909 219.439
-586.314 213.305
-589.279 204.551
-591.194 199.86
-592.901 196.41
-595.183 189.783
-597.455 182.708
-599.557 176.305
-612.667 124.843
-613.602 118.702
-614.362 112.942
-614.862 107.949
-616.693 98.4898
-617.823 90.9381
-618.094 86.2232
-618.338 81.7992
-619.556 72.9013
-620.091 66.7494
-620.521 60.9875
-620.856 55.759
-621.605 47.2491
-621.805 42.5673
-622.262 35.096
-622.488 29.7851
-622.716 24.4121
-622.941 19.1011
-623.137 12.0238
-623.342 7.29927
-623.463 0.835624
-623.464 -6.45196
-623.205 -15.7359
-623.557 -18.2045
-623.829 -22.3969
-623.643 -29.4115
-623.079 -37.9982
-623.496 -41.429
-623.44 -47.189
-623.423 -52.7521
-623.213 -58.9179
-614.244 -114.47
-612.728 -122.733
-611.274 -127.976
-609.736 -134.18
-608.003 -141.847
-606.612 -145.902
-604.951 -152.052
-603.059 -159.245
-600.891 -167.454
-599.409 -171.685
-598.121 -175.354
-595.313 -185.018
-593.789 -189.376
-591.392 -196.718
-590.229 -199.967
-587.881 -206.768
-586.205 -211.593
-583.788 -218.231
-583.424 -220.101
-579.77 -229.188
-577.731 -234.646
-575.439 -240.531
-574.149 -244.532
-570.167 -253.227
-569.716 -255.813
-564.899 -265.407
-565.145 -267.064
-560.558 -275.831
-558.193 -281.276
-534.211 -323.256
-530.662 -328.72
-527.127 -334.029
-523.62 -339.181
-520.09 -344.285
-517.037 -348.477
-513.864 -352.882
-509.583 -359
-506.929 -362.529
-502.836 -368.153
-499.395 -372.775
-495.59 -377.827
-492.341 -382.126
-488.307 -387.33
-485.264 -391.347
-481.088 -396.579
-476.633 -402.008
-473.45 -406.089
-470.284 -410.168
-465.105 -416.034
-461.815 -420.152
-437.493 -444.212
-431.063 -450.569
-428.358 -452.793
-421.786 -458.99
-418.991 -461.34
-410.556 -469.011
-406.638 -472.287
-402.396 -475.861
-397.331 -480.097
-392.158 -484.344
-384.705 -490.278
-381.694 -492.685
-377.677 -495.895
-372.66 -499.771
-368.56 -503.019
-362.256 -507.579
-328.861 -531.638
-323.297 -534.753
-318.041 -537.56
-312.162 -540.812
-307.557 -543.044
-301.564 -546.262
-296.408 -548.84
-290.949 -551.585
-286.11 -553.915
-280.331 -556.776
-274.575 -559.565
-269.64 -561.876
-265.784 -563.672
-258.864 -566.883
-253.453 -569.346
-247.973 -571.803
-242.511 -574.218
-236.173 -576.901
-231.474 -578.988
-225.084 -581.583
-220.34 -583.658
-213.899 -586.155
-208.217 -588.409
-202.43 -590.646
-196.538 -592.861
-191.626 -594.881
-185.673 -597.038
-136.381 -609.517
-131.646 -610.135
-123.006 -612.068
-118.233 -612.642
-113.545 -613.228
-106.097 -614.538
-100.284 -615.367
-92.638 -616.557
-90.4338 -616.633
-81.2656 -617.947
-73.8952 -618.856
-69.4028 -619.313
-61.9066 -620.103
-57.0485 -620.587
-51.7672 -621.116
-46.2821 -621.65
-40.0076 -622.175
-34.5586 -622.676
-26.3393 -623.047
-19.9636 -623.408
-13.8563 -623.741
-6.94069 -623.955
-1.72585 -624.305
4.99292 -624.439
50.9824 -622.538
58.7213 -621.836
62.9019 -620.945
71.949 -620.118
78.6453 -619.172
84.7805 -618.177
89.872 -617.197
96.6803 -616.086
99.1602 -615.37
107.662 -613.971
115.826 -612.503
116.318 -612.239
124.426 -610.637
131.456 -609.16
137.465 -607.851
143.116 -606.599
149.537 -605.096
156.124 -603.481
161.363 -602.251
168.345 -600.381
173.316 -599.199
179.086 -597.696
185.541 -595.855
190.101 -594.843
197.411 -592.481
203.138 -590.838
246.746 -573.607
254.564 -570.282
260.719 -567.34
265.755 -564.698
270.355 -562.198
275.011 -559.684
282.75 -555.883
286.59 -553.636
292.695 -550.372
298.17 -547.343
303.258 -544.47
307.176 -542.222
314.209 -538.18
316.991 -536.627
323.816 -532.531
329.835 -528.855
334.792 -525.836
338.963 -523.381
345.89 -518.783
350.606 -515.822
355.929 -512.328
360.29 -509.632
364.698 -506.911
370.31 -503.002
403.919 -475.78
406.718 -472.87
411.539 -468.532
417.173 -463.497
422.765 -458.378
427.831 -453.569
430.975 -450.323
437.26 -444.279
442.114 -439.382
445.229 -436.072
449.239 -431.901
453.412 -427.525
456.416 -424.439
464.187 -415.812
466.677 -413.166
470.738 -408.657
475.942 -402.572
479.88 -398.033
482.9 -394.776
487.12 -389.746
491.308 -384.66
495.455 -379.533
520.24 -345.393
522.316 -341.463
525.556 -336.141
529.982 -329.201
532.088 -325.205
535.039 -320.065
538.753 -313.717
541.572 -308.613
544.666 -303.002
547.86 -297.117
549.978 -293.076
552.361 -288.606
555.573 -282.41
559.023 -275.514
561.914 -269.651
563.943 -265.771
566.999 -259.294
569.295 -254.74
572.651 -246.984
575.267 -241.17
578.983 -231.544
580.062 -230.606
583.012 -222.891
598.741 -179.35
600.482 -172.805
601.863 -166.912
602.85 -161.895
604.197 -155.971
605.509 -150.042
606.856 -143.893
608.04 -138.119
608.985 -133.106
610.348 -126.473
611.464 -120.617
612.555 -114.727
613.616 -108.821
614.643 -102.91
615.638 -96.9881
616.697 -90.1846
617.544 -84.9319
618.478 -78.3292
619.269 -73.8297
620.13 -67.129
620.929 -60.4256
621.695 -54.9693
622.386 -48.1948
623.03 -41.7037
623.729 -36.3965
624.305 -30.0527
