623.358 20.1793
622.958 27.0385
622.415 32.9376
621.743 36.5882
621.22 43.7078
620.621 51.0654
619.941 57.9154
619.195 64.6167
618.444 70.1654
617.484 78.374
616.849 81.7416
615.954 87.9776
615.112 93.5438
614.24 99.1846
613.073 106.222
612.504 110.208
611.132 117.659
610.176 123.184
608.83 129.98
607.194 137.474
606.771 141.041
604.955 148.64
604.286 153.008
602.573 159.964
601.548 165.182
585.986 215.176
583.771 219.861
581.36 225.443
578.875 231.169
576.426 236.609
573.497 243.544
572.076 245.567
568.979 252.65
565.52 260.43
563.11 265.194
560.413 270.632
557.686 276.045
555.574 280.11
551.843 287.389
549.863 291.165
546.563 297.345
543.71 302.642
541.12 307.464
537.746 313.439
534.014 319.811
531.376 324.511
527.286 331.117
524.633 335.725
521.836 340.506
519.151 345.145
514.65 351.767
512.096 356.164
509.291 360.839
477.723 400.976
473.142 406.174
469.699 409.542
465.306 414.296
462.968 416.235
456.73 423.264
453.14 426.792
447.635 432.575
444.337 435.7
440.486 439.474
436.14 443.739
430.035 449.665
427.596 451.989
420.322 458.741
415.824 462.847
412.525 465.914
408.663 469.477
402.894 474.455
399.19 477.835
392.065 483.565
388.956 486.457
383.008 491.177
378.835 494.719
373.773 498.757
368.479 502.859
334.455 525.629
329.797 528.271
323.857 531.846
319.461 534.251
313.992 537.382
309.605 539.779
302.123 544.035
295.711 547.523
290.672 550.145
285.392 552.873
280.399 555.425
271.355 559.889
267.685 561.694
261.491 564.639
255.884 567.271
249.402 570.187
243.629 572.767
238.471 575.092
232.123 577.76
223.887 580.914
219.023 582.99
178.351 598.125
173.432 599.095
167.949 600.33
160.516 602.349
155.46 603.336
152.314 603.679
143.458 605.963
137.991 607.049
130.906 608.578
120.685 610.897
119.296 610.753
111.461 612.235
105.361 613.255
100.328 614.047
93.4838 615.117
86.5675 616.13
81.7978 616.839
74.3785 617.794
68.3737 618.561
61.9642 619.308
56.5736 619.98
50.0597 620.641
43.4707 621.242
37.7467 621.82
30.3403 622.266
24.9609 622.791
16.9881 623.034
10.7851 623.383
4.73735 623.714
-46.5408 622.425
-51.2131 621.559
-56.7584 620.766
-65.0302 620.026
-69.7243 619.133
-75.1119 618.256
-82.9608 617.264
-87.3053 616.378
-93.1422 615.399
-96.3317 614.727
-107.848 612.95
-112.664 611.961
-116.628 611.156
-123.976 609.703
-129.284 608.627
-136.793 606.991
-142.26 605.807
-148.308 604.435
-154.724 602.897
-160.25 601.606
-169.005 599.11
-174.648 597.642
-181.653 595.593
-185.258 594.919
-192.387 592.69
-200.975 589.672
-204.122 589.218
-211.424 586.644
-250.442 570.471
-256.904 567.509
-259.845 565.732
-268.495 561.832
-274.272 558.917
-279.966 555.978
-284.248 553.62
-289.784 550.677
-295.553 547.563
-301.77 544.144
-306.505 541.463
-313.057 537.697
-316.923 535.477
-324.933 530.611
-328.276 528.69
-334.335 524.925
-338.835 522.225
-343.346 519.525
-350.483 514.659
-355.151 511.713
-361.317 507.413
-365.164 505.133
-402.507 476.772
-407.135 472.504
-411.654 468.259
-416.106 464.011
-420.469 459.781
-424.777 455.546
-429.041 451.302
-433.257 447.054
-437.431 442.799
-441.551 438.551
-445.625 434.304
-449.67 430.047
-453.707 425.758
-457.675 421.505
-461.659 417.193
-465.614 412.873
-469.561 408.522
-473.495 404.144
-477.405 399.755
-481.326 395.305
-485.24 390.816
-489.17 386.241
-493.116 381.578
-497.078 376.811
-501.059 371.92
-529.682 329.585
-534.016 322.63
-535.935 318.477
-540.166 311.372
-542.953 306.005
-545.165 301.393
-548.438 295.224
-551.513 289.23
-554.128 283.855
-555.693 280.234
-557.865 275.65
-560.897 269.383
-563.84 263.127
-566.621 257.049
-569.277 251.095
-571.315 246.505
-573.436 241.743
-576.835 233.386
-578.278 230.417
-581.302 222.585
-582.945 219.176
-585.348 213.047
-588.314 204.289
-590.223 199.622
-591.923 196.203
-594.203 189.587
-596.47 182.534
-598.569 176.151
-611.737 124.476
-612.665 118.351
-613.419 112.609
-613.909 107.648
-615.739 98.1906
-616.862 90.6621
-617.126 85.9717
-617.362 81.5826
-618.576 72.6989
-619.107 66.5715
-619.532 60.8366
-619.864 55.6382
-620.611 47.1377
-620.808 42.4897
-621.264 35.0348
-621.488 29.7538
-621.716 24.4102
-621.941 19.1293
-622.137 12.0621
-622.344 7.36303
-622.466 0.913404
-622.468 -6.36582
-622.208 -15.6554
-622.564 -18.0837
-622.84 -22.2486
-622.656 -29.2454
-622.095 -37.8164
-622.518 -41.2219
-622.468 -46.9555
-622.458 -52.4914
-622.252 -58.6425
-613.244 -114.433
-611.73 -122.669
-610.277 -127.89
-608.742 -134.072
-607.012 -141.715
-605.625 -145.742
-603.967 -151.876
-602.079 -159.045
-599.911 -167.253
-598.435 -171.458
-597.155 -175.097
-594.344 -184.771
-592.827 -189.105
-590.43 -196.444
-589.28 -199.651
-586.937 -206.436
-585.272 -211.233
-582.861 -217.855
-582.512 -219.692
-578.865 -228.765
-576.832 -234.207
-574.551 -240.073
-573.274 -244.048
-569.288 -252.75
-568.856 -255.302
-564.032 -264.907
-564.303 -266.525
-559.712 -275.298
-557.362 -280.72
-533.311 -322.82
-529.773 -328.262
-526.245 -333.558
-522.746 -338.695
-519.224 -343.785
-516.182 -347.958
-513.02 -352.346
-508.743 -358.459
-506.104 -361.965
-502.016 -367.581
-498.59 -372.182
-494.799 -377.216
-491.567 -381.493
-487.546 -386.681
-484.512 -390.688
-480.361 -395.892
-475.919 -401.309
-472.744 -405.381
-469.6 -409.438
-464.43 -415.296
-461.155 -419.4
-436.736 -443.558
-430.311 -449.911
-427.634 -452.103
-421.073 -458.29
-418.301 -460.616
-409.872 -468.282
-405.977 -471.536
-401.758 -475.091
-396.71 -479.314
-391.554 -483.547
-384.11 -489.474
-381.132 -491.858
-377.127 -495.06
-372.123 -498.927
-368.043 -502.163
-361.744 -506.72
-328.214 -530.875
-322.662 -533.981
-317.419 -536.777
-311.55 -540.021
-306.964 -542.239
-300.98 -545.45
-295.831 -548.022
-290.393 -550.754
-285.578 -553.068
-279.818 -555.918
-274.082 -558.695
-269.171 -560.993
-265.341 -562.775
-258.443 -565.977
-253.047 -568.432
-247.591 -570.879
-242.153 -573.284
-235.842 -575.958
-231.164 -578.037
-224.802 -580.624
-220.079 -582.692
-213.657 -585.184
-208.007 -587.431
-202.245 -589.663
-196.368 -591.875
-191.494 -593.89
-185.564 -596.044
-136.023 -608.583
-131.304 -609.195
-122.669 -611.126
-117.927 -611.69
-113.255 -612.271
-105.837 -613.572
-100.041 -614.397
-92.408 -615.584
-90.2448 -615.651
-81.0967 -616.961
-73.7328 -617.87
-69.2748 -618.321
-61.7932 -619.109
-56.9678 -619.59
-51.7076 -620.117
-46.2508 -620.651
-39.9994 -621.175
-34.5793 -621.676
-26.3789 -622.048
-20.0167 -622.409
-13.9341 -622.744
-7.04465 -622.96
-1.84445 -623.312
4.83798 -623.451
51.0261 -621.539
58.7491 -620.837
62.9012 -619.945
71.9501 -619.118
78.6267 -618.173
84.7466 -617.178
89.8236 -616.198
96.6136 -615.088
99.063 -614.375
107.549 -612.977
115.703 -611.51
116.143 -611.255
124.232 -609.656
131.245 -608.183
137.231 -606.878
142.856 -605.633
149.257 -604.136
155.825 -602.526
161.036 -601.305
168.002 -599.442
172.944 -598.271
178.691 -596.777
185.121 -594.948
189.666 -593.943
196.955 -591.591
202.661 -589.959
246.491 -572.64
254.3 -569.317
260.436 -566.381
265.438 -563.75
270.017 -561.257
274.644 -558.754
282.375 -554.956
286.19 -552.72
292.277 -549.463
297.73 -546.445
302.786 -543.588
306.681 -541.353
313.702 -537.317
316.455 -535.782
323.263 -531.698
329.259 -528.038
334.201 -525.029
338.346 -522.594
345.264 -518.002
349.971 -515.049
355.277 -511.57
359.628 -508.883
364.019 -506.177
369.623 -502.275
403.379 -474.939
406.152 -472.045
410.961 -467.716
416.583 -462.69
422.163 -457.58
427.206 -452.788
430.33 -449.559
436.602 -443.526
441.436 -438.647
444.525 -435.362
448.528 -431.198
452.678 -426.846
455.663 -423.781
463.429 -415.159
465.893 -412.545
469.944 -408.049
475.135 -401.982
479.058 -397.464
482.058 -394.236
486.267 -389.225
490.447 -384.151
494.592 -379.028
519.48 -344.744
521.539 -340.834
524.764 -335.53
529.184 -328.598
531.279 -324.616
534.221 -319.49
537.93 -313.149
540.733 -308.068
543.824 -302.463
547.011 -296.589
549.111 -292.577
551.478 -288.135
554.681 -281.956
558.118 -275.09
561.003 -269.239
563.017 -265.392
566.067 -258.933
568.354 -254.401
571.701 -246.67
574.31 -240.879
578.023 -231.267
579.091 -230.367
582.041 -222.655
597.838 -178.922
599.569 -172.395
600.941 -166.525
601.917 -161.537
603.258 -155.626
604.564 -149.713
605.904 -143.586
607.085 -137.82
608.022 -132.837
609.383 -126.208
610.495 -120.37
611.579 -114.513
612.636 -108.623
613.658 -102.738
614.649 -96.8411
615.705 -90.0575
616.549 -84.8346
617.481 -78.2535
618.27 -73.7802
619.13 -67.1094
619.929 -60.4271
620.696 -55
621.387 -48.2372
622.033 -41.785
622.733 -36.4917
623.313 -30.1785
