622.364 20.2885
621.963 27.136
621.419 33.0266
620.744 36.6444
620.221 43.7543
619.622 51.0944
618.942 57.9336
618.195 64.5981
617.445 70.1356
616.485 78.3167
615.854 81.6511
614.961 87.8632
614.121 93.4103
613.255 99.0156
612.089 106.043
611.526 110
610.159 117.427
609.21 122.925
607.869 129.702
606.239 137.175
605.827 140.711
604.018 148.289
603.363 152.624
601.657 159.564
600.641 164.761
585.006 214.974
582.799 219.629
580.393 225.188
577.91 230.908
575.468 236.322
572.538 243.259
571.13 245.243
568.035 252.32
564.58 260.09
562.174 264.842
559.487 270.255
556.769 275.646
554.671 279.679
550.946 286.947
548.979 290.697
545.693 296.853
542.848 302.136
540.277 306.925
536.915 312.883
533.192 319.241
530.566 323.924
526.486 330.518
523.845 335.109
521.062 339.873
518.391 344.495
513.892 351.114
511.36 355.488
508.568 360.148
476.886 400.43
472.315 405.611
468.892 408.952
464.512 413.688
462.191 415.605
455.95 422.638
452.375 426.147
446.879 431.92
443.599 435.026
439.757 438.789
435.428 443.036
429.337 448.949
426.916 451.255
419.649 458.001
415.17 462.091
411.892 465.141
408.047 468.689
402.283 473.663
398.599 477.029
391.47 482.761
388.384 485.636
382.448 490.348
378.299 493.874
373.256 497.901
367.98 501.992
333.849 524.834
329.208 527.463
323.277 531.031
318.901 533.423
313.444 536.545
309.07 538.934
301.596 543.186
295.192 546.668
290.178 549.277
284.92 551.991
279.952 554.531
270.924 558.987
267.28 560.78
261.112 563.714
255.528 566.337
249.057 569.249
243.298 571.823
238.16 574.141
231.822 576.807
223.592 579.958
218.75 582.028
177.93 597.218
173.034 598.177
167.567 599.406
160.162 601.413
155.12 602.396
152.009 602.726
143.156 605.009
137.708 606.089
130.633 607.616
120.409 609.936
119.057 609.782
111.236 611.261
105.152 612.277
100.15 613.063
93.3257 614.13
86.429 615.14
81.692 615.844
74.2896 616.798
68.3104 617.563
61.9241 618.309
56.5639 618.98
50.0645 619.641
43.4888 620.242
37.7842 620.821
30.3851 621.267
25.0186 621.792
17.0576 622.037
10.8785 622.388
4.85504 622.721
-46.6054 621.427
-51.2528 620.56
-56.7701 619.766
-65.0405 619.026
-69.7001 618.133
-75.0759 617.256
-82.9108 616.265
-87.2362 615.38
-93.0554 614.403
-96.2093 613.734
-107.734 611.957
-112.526 610.971
-116.453 610.172
-123.785 608.722
-129.063 607.651
-136.557 606.02
-141.996 604.843
-148.013 603.479
-154.415 601.947
-159.921 600.661
-168.678 598.165
-174.304 596.703
-181.301 594.657
-184.874 593.995
-191.998 591.769
-200.573 588.756
-203.688 588.317
-210.97 585.753
-250.117 569.525
-256.564 566.568
-259.479 564.801
-268.113 560.908
-273.87 558.001
-279.544 555.071
-283.797 552.728
-289.321 549.791
-295.078 546.683
-301.286 543.268
-306.004 540.597
-312.549 536.835
-316.393 534.629
-324.406 529.761
-327.723 527.857
-333.766 524.103
-338.247 521.416
-342.74 518.73
-349.875 513.865
-354.527 510.932
-360.687 506.636
-364.511 504.375
-401.979 475.922
-406.587 471.667
-411.085 467.436
-415.517 463.202
-419.861 458.987
-424.155 454.763
-428.4 450.534
-432.596 446.304
-436.745 442.072
-440.853 437.835
-444.902 433.613
-448.936 429.369
-452.955 425.099
-456.912 420.859
-460.879 416.567
-464.818 412.267
-468.76 407.924
-472.689 403.553
-476.594 399.17
-480.51 394.727
-484.419 390.245
-488.344 385.678
-492.276 381.035
-496.226 376.288
-500.198 371.411
-528.924 328.933
-533.246 321.992
-535.143 317.867
-539.362 310.777
-542.134 305.43
-544.329 300.845
-547.591 294.692
-550.656 288.715
-553.258 283.363
-554.813 279.761
-556.97 275.205
-559.993 268.955
-562.932 262.709
-565.707 256.643
-568.355 250.709
-570.387 246.133
-572.497 241.399
-575.893 233.049
-577.323 230.12
-580.347 222.291
-581.98 218.912
-584.382 212.788
-587.347 204.036
-589.249 199.392
-590.945 195.996
-593.222 189.39
-595.487 182.353
-597.582 175.989
-610.807 124.109
-611.729 118.001
-612.476 112.277
-612.955 107.346
-614.785 97.8916
-615.901 90.3848
-616.156 85.7276
-616.385 81.3661
-617.597 72.4966
-618.123 66.3938
-618.544 60.6857
-618.871 55.5175
-619.617 47.0264
-619.811 42.4121
-620.266 34.9737
-620.489 29.7141
-620.716 24.4082
-620.942 19.1494
-621.138 12.1003
-621.346 7.42668
-621.469 0.991082
-621.472 -6.27977
-621.211 -15.5749
-621.571 -17.9631
-621.85 -22.1082
-621.67 -29.0781
-621.112 -37.6348
-621.542 -41.0058
-621.496 -46.7222
-621.492 -52.231
-621.29 -58.3674
-612.245 -114.397
-610.732 -122.615
-609.281 -127.805
-607.748 -133.963
-606.02 -141.592
-604.638 -145.582
-602.984 -151.692
-601.099 -158.845
-598.932 -167.052
-597.461 -171.231
-596.189 -174.839
-593.377 -184.516
-591.865 -188.833
-589.471 -196.161
-588.331 -199.336
-585.994 -206.105
-584.339 -210.873
-581.935 -217.479
-581.599 -219.284
-577.959 -228.341
-575.937 -233.761
-573.662 -239.614
-572.395 -243.572
-568.41 -252.273
-567.993 -254.798
-563.166 -264.408
-563.461 -265.986
-558.865 -274.765
-556.531 -280.164
-532.408 -322.391
-528.88 -327.812
-525.367 -333.079
-521.872 -338.21
-518.358 -343.285
-515.327 -347.44
-512.176 -351.81
-507.902 -357.917
-505.278 -361.401
-501.196 -367.009
-497.785 -371.588
-494.007 -376.605
-490.794 -380.859
-486.78 -386.039
-483.766 -390.022
-479.628 -395.212
-475.198 -400.616
-472.045 -404.666
-468.916 -408.709
-463.755 -414.558
-460.496 -418.649
-435.98 -442.904
-429.564 -449.246
-426.91 -451.414
-420.359 -457.589
-417.617 -459.887
-409.187 -467.553
-405.31 -470.791
-401.112 -474.327
-396.089 -478.53
-390.956 -482.745
-383.516 -488.67
-380.57 -491.031
-376.577 -494.225
-371.586 -498.084
-367.525 -501.308
-361.239 -505.857
-327.568 -530.112
-322.027 -533.209
-316.798 -535.993
-310.931 -539.236
-306.363 -541.44
-300.396 -544.638
-295.255 -547.205
-289.837 -549.923
-285.046 -552.221
-279.305 -555.059
-273.588 -557.825
-268.703 -560.109
-264.898 -561.878
-258.021 -565.07
-252.649 -567.515
-247.209 -569.955
-241.803 -572.348
-235.511 -575.014
-230.863 -577.084
-224.52 -579.664
-219.818 -581.727
-213.415 -584.214
-207.797 -586.453
-202.052 -588.682
-196.199 -590.89
-191.354 -592.9
-185.455 -595.05
-135.665 -607.649
-130.963 -608.255
-122.332 -610.185
-117.622 -610.738
-112.966 -611.314
-105.57 -612.609
-99.7981 -613.427
-92.178 -614.611
-90.0557 -614.669
-80.9191 -615.977
-73.5705 -616.883
-69.1468 -617.329
-61.6799 -618.116
-56.887 -618.593
-51.6566 -619.119
-46.2111 -619.652
-40 -620.175
-34.5919 -620.676
-26.4184 -621.049
-20.0697 -621.411
-14.0117 -621.747
-7.14848 -621.965
-1.97186 -622.32
4.69057 -622.462
51.0697 -620.54
58.7768 -619.837
62.9004 -618.945
71.9436 -618.118
78.608 -617.173
84.7125 -616.178
89.7673 -615.199
96.5468 -614.09
98.9576 -613.38
107.436 -611.984
115.579 -610.518
115.976 -610.269
124.039 -608.675
131.035 -607.205
136.997 -605.906
142.596 -604.667
148.977 -603.176
155.526 -601.572
160.709 -600.36
167.66 -598.502
172.573 -597.343
178.296 -595.858
184.707 -594.037
189.23 -593.043
196.499 -590.702
202.182 -589.081
246.237 -571.673
254.036 -568.353
260.154 -565.421
265.121 -562.801
269.679 -560.316
274.285 -557.82
282 -554.029
285.789 -551.803
291.851 -548.559
297.289 -545.548
302.314 -542.706
306.194 -540.48
313.196 -536.455
315.919 -534.938
322.702 -530.87
328.683 -527.22
333.604 -524.228
337.728 -521.807
344.639 -517.222
349.337 -514.276
354.625 -510.812
358.965 -508.133
363.34 -505.443
368.936 -501.549
402.838 -474.097
405.586 -471.221
410.383 -466.9
415.993 -461.882
421.56 -456.782
426.576 -452.012
429.685 -448.795
435.945 -442.772
440.758 -437.912
443.827 -434.646
447.816 -430.495
451.943 -426.168
454.909 -423.124
462.671 -414.507
465.109 -411.924
469.145 -407.448
474.328 -401.391
478.236 -396.894
481.217 -393.696
485.413 -388.703
489.586 -383.642
493.724 -378.531
518.719 -344.094
520.761 -340.205
523.973 -334.918
528.386 -327.995
530.471 -324.027
533.402 -318.915
537.106 -312.582
539.895 -307.523
542.982 -301.923
546.162 -296.06
548.244 -292.079
550.596 -287.665
553.79 -281.503
557.216 -274.658
560.088 -268.835
562.092 -265.014
565.134 -258.571
567.413 -254.062
570.752 -246.357
573.353 -240.587
577.064 -230.983
578.12 -230.128
581.067 -222.427
596.934 -178.494
598.657 -171.985
600.019 -166.138
600.987 -161.17
602.319 -155.282
603.62 -149.384
604.955 -143.27
606.131 -137.522
607.061 -132.561
608.419 -125.944
609.526 -120.122
610.602 -114.298
611.656 -108.426
612.673 -102.566
613.66 -96.694
614.712 -89.9388
615.554 -84.7372
616.484 -78.1778
617.271 -73.7394
618.13 -67.0897
618.929 -60.4285
619.696 -55.0306
620.388 -48.2794
621.036 -41.8662
621.738 -36.5868
622.32 -30.2972
