621.37 20.3975
620.968 27.2425
620.423 33.1155
619.746 36.7006
619.222 43.8007
618.622 51.1322
617.942 57.9441
617.195 64.5883
616.445 70.1056
615.487 78.2601
614.858 81.5606
613.968 87.7491
613.131 93.2685
612.268 98.8548
611.105 105.865
610.55 109.784
609.186 117.196
608.244 122.666
606.908 129.424
605.285 136.875
604.884 140.38
603.079 147.945
602.437 152.247
600.738 159.171
599.734 164.34
584.027 214.772
581.826 219.397
579.424 224.941
576.945 230.646
574.508 236.043
571.58 242.974
570.184 244.918
567.091 251.99
563.636 259.759
561.238 264.49
558.563 269.871
555.852 275.246
553.765 279.256
550.049 286.505
548.099 290.223
544.822 296.361
541.99 301.622
539.435 306.387
536.084 312.327
532.37 318.672
529.761 323.331
525.685 329.919
523.058 334.492
520.287 339.24
517.63 343.846
513.134 350.462
510.618 354.818
507.846 359.456
476.043 399.891
471.493 405.042
468.085 408.361
463.713 413.087
461.415 414.975
455.17 422.012
451.61 425.503
446.118 431.272
442.855 434.357
439.028 438.105
434.717 442.333
428.639 448.233
426.236 450.522
418.983 457.256
414.516 461.334
411.258 464.367
407.431 467.902
401.673 472.871
398.007 476.223
390.882 481.952
387.813 484.816
381.896 489.514
377.764 493.03
372.739 497.045
367.48 501.126
333.243 524.039
328.612 526.66
322.697 530.216
318.333 532.6
312.889 535.713
308.535 538.089
301.069 542.336
294.679 545.809
289.683 548.408
284.448 551.109
279.505 553.636
270.485 558.089
266.875 559.865
260.726 562.791
255.165 565.405
248.711 568.31
242.968 570.879
237.848 573.191
231.521 575.853
223.298 579.003
218.477 581.066
177.51 596.311
172.634 597.26
167.193 598.478
159.809 600.478
154.78 601.456
151.695 601.777
142.847 604.059
137.417 605.133
130.359 606.654
120.126 608.977
118.818 608.811
111.011 610.287
104.943 611.299
99.9801 612.077
93.1593 613.144
86.2988 614.148
81.5946 614.849
74.209 615.801
68.2554 616.565
61.8924 617.31
56.5541 617.98
50.0693 618.641
43.5068 619.242
37.8216 619.822
30.4298 620.268
25.0852 620.795
17.127 621.039
10.9718 621.392
4.97258 621.728
-46.6789 620.43
-51.2923 619.561
-56.7816 618.766
-65.0506 618.026
-69.6846 617.133
-75.0398 616.257
-82.8695 615.266
-87.167 614.382
-92.9686 613.407
-96.0869 612.742
-107.621 610.963
-112.389 609.98
-116.278 609.187
-123.585 607.742
-128.842 606.676
-136.321 605.048
-141.732 603.878
-147.725 602.522
-154.105 600.996
-159.593 599.717
-168.344 597.223
-173.953 595.767
-180.95 593.721
-184.491 593.072
-191.608 590.848
-200.172 587.84
-203.262 587.412
-210.517 584.861
-249.792 568.579
-256.223 565.628
-259.114 563.871
-267.731 559.983
-273.477 557.082
-279.122 554.165
-283.346 551.835
-288.857 548.905
-294.603 545.803
-300.803 542.393
-305.51 539.728
-312.042 535.974
-315.87 533.776
-323.878 528.912
-327.169 527.024
-333.196 523.28
-337.659 520.607
-342.133 517.935
-349.268 513.071
-353.902 510.151
-360.056 505.86
-363.859 503.617
-401.452 475.072
-406.038 470.831
-410.511 466.618
-414.922 462.399
-419.253 458.193
-423.527 453.984
-427.752 449.772
-431.929 445.558
-436.059 441.344
-440.154 437.12
-444.18 432.922
-448.201 428.69
-452.197 424.446
-456.148 420.213
-460.099 415.941
-464.023 411.662
-467.959 407.325
-471.882 402.961
-475.783 398.585
-479.694 394.15
-483.598 389.674
-487.518 385.114
-491.441 380.484
-495.377 375.759
-499.337 370.902
-528.166 328.281
-532.47 321.361
-534.351 317.256
-538.559 310.181
-541.321 304.848
-543.498 300.289
-546.75 294.152
-549.803 288.193
-552.392 282.862
-553.928 279.295
-556.071 274.767
-559.089 268.527
-562.023 262.291
-564.793 256.237
-567.436 250.315
-569.458 245.76
-571.558 241.056
-574.949 232.721
-576.368 229.823
-579.391 221.998
-581.015 218.648
-583.416 212.53
-586.379 203.783
-588.276 199.162
-589.967 195.788
-592.242 189.193
-594.503 182.171
-596.596 175.828
-609.88 123.733
-610.792 117.65
-611.533 111.945
-612.004 107.037
-613.828 97.5997
-614.941 90.1077
-615.186 85.4836
-615.409 81.1497
-616.618 72.2945
-617.139 66.2162
-617.557 60.5263
-617.879 55.3883
-618.624 46.9152
-618.813 42.3429
-619.268 34.9125
-619.49 29.6744
-619.716 24.4062
-619.942 19.1695
-620.139 12.1384
-620.348 7.49024
-620.472 1.06866
-620.476 -6.1938
-620.215 -15.4856
-620.579 -17.8426
-620.861 -21.9589
-620.685 -28.911
-620.128 -37.4534
-620.565 -40.79
-620.525 -46.4801
-620.527 -51.9708
-620.329 -58.0925
-611.246 -114.353
-609.733 -122.56
-608.285 -127.72
-606.754 -133.854
-605.028 -141.462
-603.65 -145.422
-602.001 -151.508
-600.119 -158.644
-597.952 -166.851
-596.487 -171.004
-595.223 -174.581
-592.41 -184.261
-590.905 -188.553
-588.512 -195.879
-587.38 -199.028
-585.05 -205.774
-583.403 -210.521
-581.005 -217.11
-580.686 -218.876
-577.049 -227.926
-575.039 -233.321
-572.77 -239.162
-571.516 -243.095
-567.531 -251.796
-567.129 -254.294
-562.299 -263.909
-562.615 -265.453
-558.019 -274.232
-555.699 -279.608
-531.504 -321.962
-527.987 -327.362
-524.489 -332.601
-521.001 -337.717
-517.492 -342.786
-514.472 -346.921
-511.331 -351.274
-507.062 -357.375
-504.452 -360.837
-500.375 -366.437
-496.98 -370.995
-493.211 -376
-490.014 -380.232
-486.014 -385.396
-483.02 -389.356
-478.896 -394.531
-474.477 -399.922
-471.345 -403.951
-468.232 -407.979
-463.074 -413.826
-459.831 -417.902
-435.223 -442.25
-428.816 -448.581
-426.181 -450.73
-419.645 -456.889
-416.934 -459.157
-408.509 -466.818
-404.643 -470.047
-400.467 -473.563
-395.468 -477.746
-390.359 -481.943
-382.921 -487.866
-380.007 -490.204
-376.034 -493.385
-371.057 -497.235
-367.007 -500.452
-360.734 -504.994
-326.922 -529.349
-321.392 -532.436
-316.17 -535.215
-310.312 -538.45
-305.762 -540.64
-299.813 -543.827
-294.679 -546.387
-289.287 -549.088
-284.521 -551.37
-278.792 -554.201
-273.095 -556.955
-268.236 -559.225
-264.455 -560.982
-257.599 -564.163
-252.251 -566.597
-246.835 -569.028
-241.453 -571.411
-235.18 -574.071
-230.561 -576.13
-224.237 -578.705
-219.557 -580.762
-213.174 -583.243
-207.588 -585.475
-201.858 -587.701
-196.029 -589.905
-191.214 -591.91
-185.339 -594.057
-135.308 -606.715
-130.622 -607.315
-121.995 -609.243
-117.308 -609.788
-112.676 -610.357
-105.302 -611.645
-99.5551 -612.457
-91.9481 -613.638
-89.8662 -613.687
-80.7416 -614.993
-73.4082 -615.896
-69.0188 -616.337
-61.5665 -617.122
-56.8062 -617.596
-51.6056 -618.12
-46.1801 -618.652
-39.9924 -619.175
-34.6134 -619.676
-26.4578 -620.049
-20.1316 -620.412
-14.0982 -620.75
-7.25219 -620.971
-2.10815 -621.33
4.54332 -621.473
51.1131 -619.541
58.8044 -618.838
62.8994 -617.945
71.9369 -617.119
78.5891 -616.173
84.6783 -615.179
89.7109 -614.201
96.4799 -613.093
98.8522 -612.386
107.323 -610.99
115.455 -609.526
115.801 -609.284
123.853 -607.692
130.824 -606.227
136.763 -604.934
142.337 -603.702
148.697 -602.216
155.227 -600.618
160.382 -599.415
167.317 -597.563
172.201 -596.414
177.901 -594.94
184.294 -593.127
188.786 -592.147
196.043 -589.811
201.704 -588.203
245.982 -570.706
253.765 -567.39
259.872 -564.462
264.803 -561.853
269.341 -559.375
273.918 -556.89
281.625 -553.102
285.389 -550.887
291.425 -547.654
296.842 -544.653
301.842 -541.825
305.699 -539.612
312.69 -535.592
315.376 -534.098
322.148 -530.038
328.114 -526.398
333.006 -523.426
337.111 -521.02
344.014 -516.442
348.696 -513.508
353.973 -510.054
358.296 -507.39
362.654 -504.715
368.242 -500.829
402.298 -473.256
405.028 -470.391
409.813 -466.079
415.403 -461.075
420.951 -455.988
425.952 -451.231
429.034 -448.036
435.287 -442.019
440.086 -437.172
443.129 -433.929
447.099 -429.798
451.208 -425.49
454.155 -422.467
461.908 -413.861
464.33 -411.297
468.351 -406.841
473.521 -400.8
477.415 -396.324
480.375 -393.156
484.56 -388.182
488.726 -383.133
492.857 -378.033
517.954 -343.451
519.979 -339.582
523.181 -334.307
527.588 -327.393
529.663 -323.439
532.584 -318.341
536.283 -312.014
539.061 -306.97
542.141 -301.383
545.309 -295.539
547.378 -291.58
549.713 -287.194
552.895 -281.058
556.314 -274.226
559.177 -268.423
561.166 -264.636
564.201 -258.21
566.469 -253.732
569.805 -246.035
572.399 -240.289
576.105 -230.698
577.151 -229.881
580.093 -222.199
596.03 -178.066
597.745 -171.576
599.097 -165.752
600.056 -160.803
601.38 -154.938
602.676 -149.054
604.006 -142.955
605.176 -137.223
606.1 -132.284
607.455 -125.679
608.557 -119.874
609.625 -114.083
610.676 -108.228
611.687 -102.401
612.67 -96.5553
613.719 -89.8201
614.559 -84.6398
615.487 -78.1021
616.272 -73.6984
617.131 -67.0699
617.929 -60.4297
618.697 -55.061
619.389 -48.3304
620.039 -41.9399
620.743 -36.6906
621.329 -30.4245
