620.377 20.5155
619.974 27.3488
619.427 33.2041
618.748 36.7656
618.223 43.847
617.623 51.1699
616.942 57.9544
616.195 64.5783
615.446 70.0677
614.489 78.2034
613.862 81.4701
612.974 87.6349
612.141 93.1268
611.282 98.6858
610.121 105.686
609.575 109.56
608.213 116.964
607.278 122.408
605.95 129.139
604.331 136.576
603.94 140.049
602.143 147.593
601.51 151.87
599.818 158.777
598.826 163.919
583.047 214.57
580.851 219.174
578.454 224.695
575.979 230.385
573.547 235.765
570.621 242.688
569.236 244.603
566.145 251.668
562.693 259.427
560.302 264.138
557.637 269.495
554.936 274.846
552.859 278.833
549.152 286.063
547.218 289.748
543.947 295.877
541.132 301.108
538.592 305.848
535.257 311.765
531.549 318.102
528.956 322.737
524.889 329.314
522.271 333.876
519.513 338.607
516.87 343.196
512.376 349.809
509.875 354.147
507.124 358.765
475.201 399.351
470.666 404.48
467.272 407.778
462.914 412.486
460.639 414.345
454.391 421.386
450.845 424.859
445.356 430.624
442.111 433.689
438.299 437.421
434.005 441.631
427.94 447.518
425.556 449.789
418.316 456.51
413.869 460.572
410.632 463.587
406.815 467.114
401.069 472.073
397.415 475.416
390.295 481.143
387.241 483.995
381.343 488.68
377.221 492.19
372.223 496.188
366.981 500.259
332.629 523.249
328.016 525.857
322.11 529.407
317.765 531.776
312.334 534.881
308 537.244
300.542 541.486
294.167 544.95
289.195 547.535
283.984 550.223
279.066 552.738
270.046 557.19
266.471 558.951
260.34 561.869
254.802 564.473
248.366 567.372
242.645 569.932
237.536 572.241
231.229 574.897
223.003 578.047
218.204 580.104
177.089 595.403
172.235 596.344
166.819 597.551
159.447 599.545
154.44 600.515
151.382 600.827
142.537 603.108
137.127 604.176
130.078 605.694
119.842 608.018
118.571 607.842
110.785 609.312
104.742 610.319
99.802 611.093
93.0011 612.156
86.1686 613.157
81.489 613.855
74.1285 614.805
68.2005 615.566
61.8606 616.31
56.5442 616.98
50.074 617.641
43.5247 618.242
37.8589 618.823
30.4744 619.269
25.1516 619.797
17.2053 620.042
11.0649 620.396
5.08996 620.735
-46.7523 619.433
-51.3316 618.562
-56.793 617.766
-65.0605 617.026
-69.6691 616.133
-75.0035 615.258
-82.828 614.267
-87.0978 613.385
-92.8817 612.411
-95.9729 611.748
-107.508 609.97
-112.243 608.991
-116.111 608.201
-123.385 606.762
-128.622 605.701
-136.084 604.076
-141.468 602.914
-147.429 601.567
-153.796 600.045
-159.265 598.772
-168.009 596.28
-173.601 594.831
-180.59 592.788
-184.108 592.148
-191.219 589.927
-199.771 586.924
-202.827 586.511
-210.063 583.97
-249.467 567.634
-255.882 564.688
-258.748 562.94
-267.349 559.059
-273.083 556.162
-278.708 553.254
-282.903 550.939
-288.393 548.019
-294.135 544.919
-300.319 541.518
-305.016 538.858
-311.534 535.112
-315.347 532.924
-323.351 528.062
-326.623 526.187
-332.627 522.458
-337.071 519.798
-341.527 517.14
-348.661 512.276
-353.278 509.369
-359.419 505.089
-363.207 502.859
-400.925 474.223
-405.491 469.994
-409.943 465.795
-414.334 461.59
-418.645 457.399
-422.899 453.206
-427.105 449.011
-431.262 444.814
-435.372 440.617
-439.45 436.41
-443.463 432.225
-447.467 428.012
-451.445 423.787
-455.385 419.566
-459.32 415.315
-463.227 411.056
-467.158 406.726
-471.076 402.369
-474.972 398.001
-478.878 393.572
-482.776 389.104
-486.692 384.55
-490.607 379.934
-494.529 375.229
-498.476 370.393
-527.403 327.635
-531.701 320.723
-533.559 316.646
-537.761 309.579
-540.508 304.266
-542.667 299.732
-545.908 293.612
-548.95 287.67
-551.526 282.362
-553.043 278.829
-555.172 274.329
-558.186 268.099
-561.115 261.872
-563.88 255.831
-566.516 249.922
-568.53 245.388
-570.621 240.705
-574.004 232.392
-575.413 229.527
-578.432 221.712
-580.051 218.384
-582.45 212.271
-585.412 203.53
-587.303 198.932
-588.988 195.58
-591.26 189.005
-593.52 181.989
-595.607 175.675
-608.953 123.358
-609.859 117.291
-610.589 111.613
-611.053 106.728
-612.872 97.308
-613.98 89.8308
-614.216 85.2398
-614.433 80.9324
-615.638 72.0925
-616.154 66.0386
-616.569 60.3671
-616.888 55.2591
-617.63 46.8036
-617.816 42.2736
-618.269 34.8597
-618.49 29.6432
-618.716 24.4046
-618.942 19.1894
-619.139 12.1765
-619.35 7.55369
-619.475 1.14613
-619.48 -6.09905
-619.219 -15.3963
-619.586 -17.7222
-619.872 -21.8098
-619.699 -28.7439
-619.145 -37.272
-619.589 -40.5744
-619.555 -46.2381
-619.561 -51.7108
-619.367 -57.8179
-610.247 -114.309
-608.735 -122.505
-607.288 -127.635
-605.76 -133.745
-604.037 -141.331
-602.663 -145.261
-601.016 -151.333
-599.14 -158.444
-596.974 -166.642
-595.515 -170.768
-594.256 -174.324
-591.443 -184.006
-589.945 -188.273
-587.553 -195.596
-586.428 -198.721
-584.107 -205.443
-582.467 -210.17
-580.075 -216.742
-579.777 -218.459
-576.14 -227.51
-574.14 -232.882
-571.877 -238.711
-570.636 -242.619
-566.648 -251.326
-566.265 -253.79
-561.433 -263.41
-561.768 -264.921
-557.178 -273.691
-554.868 -279.053
-530.601 -321.533
-527.095 -326.911
-523.611 -332.122
-520.131 -337.224
-516.63 -342.279
-513.621 -346.395
-510.492 -350.731
-506.226 -356.826
-503.627 -360.272
-499.56 -365.858
-496.17 -370.408
-492.414 -375.396
-489.235 -379.606
-485.248 -384.753
-482.274 -388.69
-478.163 -393.851
-473.756 -399.229
-470.646 -403.236
-467.548 -407.25
-462.392 -413.094
-459.165 -417.156
-434.472 -441.59
-428.069 -447.916
-425.456 -450.04
-418.937 -456.182
-416.244 -458.433
-407.831 -466.084
-403.982 -469.296
-399.822 -472.799
-394.853 -476.957
-389.755 -481.146
-382.333 -487.058
-379.438 -489.382
-375.491 -492.545
-370.527 -496.387
-366.497 -499.592
-360.229 -504.131
-326.276 -528.585
-320.757 -531.663
-315.541 -534.437
-309.693 -537.665
-305.162 -539.84
-299.222 -543.02
-294.11 -545.565
-288.738 -548.252
-283.996 -550.519
-278.286 -553.338
-272.602 -556.085
-267.76 -558.345
-264.012 -560.085
-257.17 -563.26
-251.845 -565.684
-246.453 -568.104
-241.102 -570.474
-234.848 -573.127
-230.259 -575.177
-223.955 -577.746
-219.288 -579.798
-212.934 -582.273
-207.379 -584.498
-201.674 -586.718
-195.867 -588.918
-191.083 -590.918
-185.231 -593.063
-134.95 -605.781
-130.287 -606.373
-121.659 -608.302
-116.994 -608.839
-112.394 -609.397
-105.034 -610.682
-99.3123 -611.487
-91.7183 -612.664
-89.6766 -612.705
-80.5641 -614.009
-73.2541 -614.908
-68.8992 -615.344
-61.453 -616.129
-56.7169 -616.6
-51.5545 -617.121
-46.149 -617.652
-39.9847 -618.175
-34.6347 -618.677
-26.4971 -619.05
-20.1854 -619.414
-14.1846 -619.754
-7.34811 -619.975
-2.24429 -620.339
4.38721 -620.485
51.165 -618.543
58.8244 -617.838
62.8983 -616.945
71.93 -616.119
78.5701 -615.173
84.644 -614.179
89.6544 -613.203
96.4049 -612.095
98.7468 -611.391
107.21 -609.997
115.323 -608.534
115.627 -608.299
123.668 -606.71
130.622 -605.248
136.537 -603.96
142.085 -602.734
148.425 -601.254
154.92 -599.666
160.064 -598.467
166.974 -596.623
171.83 -595.485
177.507 -594.021
183.881 -592.216
188.343 -591.25
195.587 -588.921
201.225 -587.325
245.72 -569.741
253.503 -566.425
259.583 -563.505
264.494 -560.902
269.002 -558.434
273.56 -555.956
281.25 -552.175
284.989 -549.97
291.006 -546.746
296.394 -543.759
301.378 -540.939
305.203 -538.743
312.184 -534.73
314.84 -533.254
321.595 -529.205
327.545 -525.576
332.415 -522.619
336.494 -520.233
343.388 -515.662
348.056 -512.74
353.321 -509.295
357.627 -506.647
361.969 -503.987
367.549 -500.108
401.765 -472.41
404.469 -469.562
409.242 -465.257
414.813 -460.267
420.343 -455.195
425.327 -450.45
428.383 -447.277
434.624 -441.27
439.407 -436.437
442.431 -433.213
446.382 -429.101
450.473 -424.812
453.396 -421.816
461.145 -413.215
463.551 -410.669
467.556 -406.233
472.713 -400.21
476.598 -395.747
479.538 -392.609
483.711 -387.654
487.865 -382.623
491.989 -377.536
517.194 -342.801
519.196 -338.96
522.39 -333.696
526.796 -326.783
528.854 -322.85
531.765 -317.766
535.46 -311.446
538.227 -306.418
541.299 -300.843
544.456 -295.017
546.511 -291.081
548.831 -286.724
552.003 -280.604
555.412 -273.794
558.266 -268.011
560.24 -264.257
563.269 -257.849
565.525 -253.401
568.858 -245.714
571.445 -239.99
575.147 -230.413
576.182 -229.634
579.121 -221.963
595.126 -177.639
596.833 -171.165
598.172 -165.372
599.126 -160.436
600.441 -154.594
601.732 -148.725
603.057 -142.64
604.222 -136.925
605.142 -131.999
606.49 -125.414
607.587 -119.634
608.65 -113.86
609.694 -108.038
610.7 -102.237
611.68 -96.4166
612.726 -89.7014
613.563 -84.5423
614.49 -78.0263
615.273 -73.6495
616.131 -67.05
616.929 -60.4308
617.697 -55.0912
618.39 -48.3812
619.042 -42.0134
619.749 -36.7942
620.337 -30.5517
