619.384 20.6333
618.98 27.4549
618.431 33.2926
617.75 36.8305
617.225 43.9021
616.624 51.1998
615.942 57.9645
615.195 64.5682
614.447 70.0297
613.49 78.1466
612.866 81.3796
611.981 87.5207
611.152 92.985
610.295 98.5251
609.137 105.507
608.599 109.343
607.242 116.724
606.315 122.141
604.992 128.853
603.377 136.276
602.996 139.719
601.207 147.242
600.584 151.494
598.899 158.384
597.919 163.499
582.068 214.368
579.876 218.95
577.485 224.448
575.014 230.123
572.587 235.486
569.663 242.402
568.287 244.287
565.198 251.346
561.749 259.095
559.367 263.786
556.71 269.119
554.019 274.446
551.953 278.41
548.255 285.621
546.334 289.281
543.072 295.392
540.27 300.601
537.75 305.309
534.431 311.202
530.727 317.533
528.152 322.143
524.094 328.708
521.483 333.259
518.738 337.975
516.109 342.547
511.618 349.157
509.133 353.477
506.402 358.073
474.363 398.805
469.839 403.918
466.465 407.188
462.115 411.885
459.862 413.714
453.611 420.76
450.081 424.215
444.595 429.976
441.368 433.02
437.575 436.731
433.294 440.928
427.242 446.802
424.876 449.056
417.65 455.765
413.221 459.81
410.005 462.808
406.206 466.321
400.466 471.276
396.83 474.605
389.707 480.334
386.677 483.169
380.784 487.851
376.679 491.35
371.707 495.332
366.483 499.392
332.016 522.459
327.42 525.054
321.523 528.597
317.197 530.953
311.78 534.049
307.465 536.4
300.008 540.64
293.648 544.095
288.707 546.662
283.52 549.338
278.619 551.843
269.615 556.288
266.066 558.037
259.954 560.946
254.439 563.541
248.028 566.431
242.323 568.986
237.232 571.288
230.936 573.94
222.708 577.092
217.931 579.142
176.661 594.5
171.836 595.427
166.446 596.623
159.086 598.613
154.1 599.575
151.068 599.878
142.227 602.157
136.836 603.219
129.796 604.735
119.558 607.059
118.324 606.873
110.552 608.34
104.533 609.341
99.6239 610.109
92.8429 611.169
86.0383 612.166
81.3834 612.86
74.0478 613.808
68.1454 614.568
61.8287 615.311
56.5342 615.98
50.0785 616.641
43.5425 617.242
37.896 617.823
30.5189 618.27
25.2179 618.799
17.2836 619.045
11.1579 619.401
5.21631 619.743
-46.8179 618.435
-51.3708 617.562
-56.8042 616.766
-65.0703 616.026
-69.6534 615.134
-74.9672 614.258
-82.7864 613.268
-87.0284 612.387
-92.7947 611.415
-95.8588 610.755
-107.395 608.976
-112.097 608.002
-115.936 607.217
-123.185 605.782
-128.401 604.725
-135.848 603.105
-141.205 601.949
-147.133 600.611
-153.487 599.094
-158.936 597.828
-167.674 595.338
-173.249 593.895
-180.23 591.855
-183.717 591.228
-190.822 589.01
-199.378 586.005
-202.393 585.611
-209.617 583.075
-249.151 566.685
-255.55 563.745
-258.374 562.012
-266.959 558.138
-272.682 555.246
-278.287 552.347
-282.46 550.042
-287.937 547.129
-293.668 544.036
-299.843 540.638
-304.522 537.989
-311.034 534.246
-314.824 532.072
-322.823 527.212
-326.07 525.354
-332.065 521.631
-336.484 518.989
-340.921 516.344
-348.054 511.482
-352.647 508.593
-358.783 504.318
-362.555 502.101
-400.398 473.373
-404.944 469.157
-409.375 464.971
-413.74 460.785
-418.037 456.606
-422.278 452.422
-426.457 448.249
-430.595 444.069
-434.686 439.889
-438.751 435.695
-442.746 431.528
-446.732 427.334
-450.693 423.128
-454.616 418.927
-458.54 414.689
-462.432 410.45
-466.357 406.127
-470.27 401.777
-474.161 397.416
-478.062 392.994
-481.955 388.533
-485.866 383.986
-489.772 379.383
-493.681 374.699
-497.616 369.884
-526.64 326.988
-530.931 320.085
-532.767 316.035
-536.958 308.983
-539.69 303.691
-541.836 299.177
-545.062 293.079
-548.093 287.155
-550.66 281.862
-552.158 278.363
-554.273 273.892
-557.282 267.671
-560.207 261.454
-562.966 255.424
-565.597 249.529
-567.599 245.023
-569.685 240.354
-573.06 232.063
-574.461 229.222
-577.474 221.427
-579.086 218.12
-581.482 212.021
-584.444 203.277
-586.33 198.701
-588.008 195.381
-590.278 188.816
-592.538 181.8
-594.619 175.522
-608.026 122.983
-608.925 116.933
-609.647 111.28
-610.102 106.419
-611.915 97.0165
-613.019 89.554
-613.246 84.9961
-613.457 80.7153
-614.659 71.8905
-615.169 65.8689
-615.581 60.2158
-615.896 55.13
-616.636 46.6921
-616.819 42.1959
-617.271 34.7985
-617.491 29.612
-617.716 24.4029
-617.942 19.218
-618.141 12.2232
-618.353 7.62582
-618.478 1.2235
-618.485 -6.0044
-618.223 -15.3071
-618.594 -17.5929
-618.884 -21.6608
-618.713 -28.5771
-618.162 -37.0894
-618.612 -40.3589
-618.583 -46.0036
-618.593 -51.458
-618.404 -57.5503
-609.248 -114.274
-607.736 -122.449
-606.292 -127.55
-604.766 -133.636
-603.045 -141.2
-601.675 -145.11
-600.032 -151.157
-598.162 -158.236
-595.996 -166.432
-594.543 -170.533
-593.292 -174.058
-590.476 -183.751
-588.984 -187.994
-586.594 -195.313
-585.479 -198.405
-583.163 -205.112
-581.534 -209.81
-579.149 -216.365
-578.864 -218.051
-575.23 -227.094
-573.242 -232.443
-570.985 -238.26
-569.757 -242.143
-565.765 -250.856
-565.402 -253.286
-560.562 -262.917
-560.922 -264.388
-556.332 -273.158
-554.036 -278.497
-529.701 -321.096
-526.202 -326.461
-522.734 -331.643
-519.261 -336.732
-515.768 -341.772
-512.771 -345.869
-509.652 -350.187
-505.39 -356.277
-502.806 -359.701
-498.745 -365.279
-495.365 -369.815
-491.622 -374.785
-488.461 -378.972
-484.487 -384.104
-481.528 -388.024
-477.425 -393.176
-473.042 -398.53
-469.94 -402.528
-466.858 -406.526
-461.711 -412.362
-458.499 -416.409
-433.715 -440.936
-427.323 -447.252
-424.732 -449.351
-418.229 -455.476
-415.554 -457.709
-407.146 -465.355
-403.321 -468.546
-399.183 -472.03
-394.232 -476.174
-389.15 -480.349
-381.745 -486.249
-378.869 -488.559
-374.948 -491.706
-369.998 -495.539
-365.987 -498.732
-359.724 -503.268
-325.623 -527.828
-320.123 -530.891
-314.913 -533.659
-309.075 -536.879
-304.561 -539.041
-298.631 -542.213
-293.541 -544.743
-288.188 -547.416
-283.463 -549.673
-277.773 -552.48
-272.116 -555.211
-267.284 -557.466
-263.57 -559.189
-256.741 -562.357
-251.44 -564.77
-246.071 -567.179
-240.744 -569.541
-234.509 -572.186
-229.958 -574.223
-223.672 -576.787
-219.028 -578.833
-212.693 -581.302
-207.163 -583.521
-201.489 -585.735
-195.706 -587.931
-190.945 -589.928
-185.123 -592.068
-134.593 -604.847
-129.953 -605.43
-121.33 -607.357
-116.68 -607.889
-112.112 -608.438
-104.766 -609.718
-99.0695 -610.517
-91.4965 -611.689
-89.4871 -611.723
-80.3867 -613.025
-73.1002 -613.92
-68.771 -614.353
-61.3396 -615.135
-56.6276 -615.604
-51.495 -616.123
-46.1179 -616.653
-39.9769 -617.175
-34.6559 -617.677
-26.5283 -618.051
-20.2391 -618.415
-14.2631 -618.757
-7.44516 -618.98
-2.38027 -619.348
4.23126 -619.497
51.2095 -617.544
58.8443 -616.838
62.8896 -615.945
71.923 -615.119
78.5509 -614.173
84.6019 -613.18
89.5978 -612.204
96.3299 -611.098
98.6413 -610.397
107.097 -609.003
115.191 -607.543
115.452 -607.315
123.483 -605.727
130.412 -604.27
136.303 -602.987
141.825 -601.768
148.145 -600.294
154.621 -598.712
159.736 -597.522
166.631 -595.684
171.458 -594.557
177.12 -593.099
183.475 -591.302
187.906 -590.351
195.131 -588.031
200.753 -586.443
245.458 -568.776
253.24 -565.461
259.293 -562.548
264.177 -559.954
268.664 -557.493
273.202 -555.023
280.875 -551.248
284.589 -549.054
290.588 -545.837
295.954 -542.861
300.914 -540.053
304.708 -537.874
311.671 -533.872
314.305 -532.409
321.034 -528.377
326.976 -524.754
331.824 -521.812
335.877 -519.447
342.763 -514.881
347.415 -511.973
352.669 -508.537
356.958 -505.904
361.283 -503.259
366.855 -499.388
401.232 -471.564
403.91 -468.732
408.671 -464.436
414.224 -459.459
419.741 -454.396
424.703 -449.669
427.732 -446.518
433.96 -440.522
438.729 -435.702
441.733 -432.497
445.665 -428.404
449.738 -424.134
452.642 -421.159
460.387 -412.563
462.773 -410.042
466.757 -405.632
471.906 -399.62
475.775 -395.178
478.701 -392.062
482.862 -387.126
487.005 -382.114
491.122 -377.038
516.434 -342.151
518.414 -338.337
521.604 -333.078
526.003 -326.173
528.046 -322.262
530.947 -317.192
534.636 -310.879
537.398 -305.859
540.457 -300.304
543.602 -294.496
545.644 -290.582
547.949 -286.253
551.112 -280.151
554.51 -273.362
557.355 -267.599
559.315 -263.879
562.336 -257.489
564.582 -253.07
567.908 -245.401
570.491 -239.69
574.19 -230.121
575.213 -229.387
578.15 -221.728
594.222 -177.21
595.922 -170.754
597.25 -164.984
598.193 -160.077
599.502 -154.25
600.787 -148.396
602.111 -142.316
603.268 -136.626
604.183 -131.714
605.526 -125.15
606.618 -119.386
607.676 -113.637
608.712 -107.849
609.714 -102.073
610.69 -96.2695
611.734 -89.5744
612.568 -84.4453
613.493 -77.951
614.274 -73.6004
615.131 -67.0222
615.929 -60.433
616.698 -55.1137
617.392 -48.4319
618.044 -42.0867
618.754 -36.8976
619.345 -30.6786
