618.391 20.7509
617.985 27.5608
617.435 33.3809
616.752 36.8952
616.226 43.9571
615.624 51.2296
614.942 57.9746
614.195 64.5669
613.447 69.9917
612.492 78.0897
611.869 81.2976
610.986 87.4151
610.162 92.8432
609.308 98.3643
608.155 105.32
607.623 109.127
606.27 116.493
605.349 121.882
604.034 128.567
602.423 135.976
602.052 139.388
600.271 146.89
599.661 151.109
597.983 157.983
597.012 163.079
581.088 214.167
578.904 218.719
576.516 224.201
574.049 229.861
571.626 235.208
568.705 242.116
567.338 243.971
564.251 251.024
560.806 258.763
558.431 263.433
555.787 268.736
553.106 274.039
551.047 277.987
547.358 285.179
545.45 288.813
542.197 294.908
539.412 300.087
536.903 304.778
533.599 310.646
529.905 316.963
527.342 321.556
523.298 328.102
520.701 332.636
517.969 337.335
515.348 341.898
510.865 348.498
508.391 352.808
505.674 357.387
473.525 398.26
469.012 403.355
465.657 406.599
461.316 411.283
459.08 413.091
452.831 420.134
449.31 423.577
443.833 429.328
440.624 432.351
436.851 436.04
432.582 440.226
426.544 446.086
424.202 448.317
416.983 455.019
412.573 459.048
409.378 462.029
405.597 465.528
399.862 470.479
396.246 473.794
389.119 479.525
386.113 482.344
380.225 487.022
376.144 490.505
371.19 494.475
365.985 498.525
331.403 521.669
326.824 524.251
320.937 527.787
316.63 530.13
311.225 533.217
306.93 535.555
299.474 539.795
293.129 543.241
288.212 545.793
283.048 548.456
278.172 550.948
269.183 555.386
265.653 557.125
259.576 560.02
254.084 562.607
247.69 565.489
242 568.039
236.929 570.336
230.643 572.984
222.421 576.134
217.658 578.18
176.239 593.593
171.437 594.51
166.072 595.696
158.724 597.681
153.76 598.634
150.755 598.928
141.918 601.206
136.546 602.262
129.515 603.775
119.266 606.103
118.077 605.904
110.319 607.368
104.323 608.363
99.4458 609.125
92.6847 610.181
85.8999 611.175
81.2778 611.866
73.9591 612.812
68.0823 613.57
61.8054 614.311
56.5328 614.98
50.0918 615.641
43.569 616.243
37.933 616.824
30.5632 617.271
25.2931 617.802
17.3616 618.048
11.2429 618.404
5.33484 618.75
-46.8834 617.437
-51.4113 616.563
-56.8244 615.766
-65.08 615.026
-69.6465 614.134
-74.9308 613.259
-82.7447 612.269
-86.9676 611.389
-92.7076 610.418
-95.7447 609.761
-107.281 607.983
-111.951 607.012
-115.761 606.232
-122.994 604.801
-128.189 603.748
-135.612 602.133
-140.941 600.985
-146.838 599.656
-153.17 598.145
-158.6 596.886
-167.339 594.396
-172.898 592.959
-179.871 590.922
-183.325 590.307
-190.424 588.092
-198.976 585.089
-201.959 584.71
-209.171 582.18
-248.826 565.739
-255.218 562.802
-258.001 561.085
-266.578 557.214
-272.281 554.33
-277.865 551.441
-282.017 549.146
-287.481 546.239
-293.2 543.152
-299.367 539.759
-304.028 537.119
-310.533 533.38
-314.301 531.22
-322.303 526.358
-325.516 524.521
-331.495 520.809
-335.889 518.185
-340.315 515.549
-347.44 510.692
-352.016 507.818
-358.146 503.547
-361.903 501.343
-399.871 472.523
-404.397 468.32
-408.808 464.148
-413.145 459.981
-417.428 455.812
-421.657 451.639
-425.809 447.487
-429.928 443.323
-434.007 439.156
-438.046 434.985
-442.029 430.831
-445.997 426.655
-449.941 422.469
-453.847 418.288
-457.76 414.063
-461.636 409.844
-465.556 405.528
-469.464 401.185
-473.349 396.831
-477.246 392.416
-481.135 387.962
-485.041 383.422
-488.941 378.826
-492.833 374.169
-496.755 369.375
-525.876 326.342
-530.156 319.452
-531.975 315.425
-536.155 308.387
-538.872 303.115
-541.005 298.621
-544.216 292.546
-547.236 286.64
-549.79 281.37
-551.277 277.889
-553.377 273.446
-556.382 267.235
-559.302 261.029
-562.052 255.018
-564.677 249.135
-566.671 244.651
-568.749 240.003
-572.115 231.734
-573.508 228.918
-576.516 221.141
-578.122 217.856
-580.514 211.771
-583.475 203.032
-585.357 198.471
-587.029 195.182
-589.296 188.628
-591.555 181.619
-593.632 175.361
-607.099 122.608
-607.992 116.575
-608.704 110.946
-609.149 106.117
-610.959 96.7251
-612.056 89.2846
-612.279 84.744
-612.481 80.4982
-613.68 71.6878
-614.185 65.6908
-614.592 60.0646
-614.904 55.0091
-615.642 46.5806
-615.822 42.1183
-616.273 34.7374
-616.491 29.5807
-616.716 24.393
-616.943 19.2464
-617.142 12.2697
-617.355 7.69783
-617.482 1.3096
-617.489 -5.90984
-617.227 -15.2179
-617.603 -17.4638
-617.895 -21.512
-617.725 -28.4181
-617.179 -36.9069
-617.636 -40.1437
-617.611 -45.7693
-617.626 -51.2055
-617.44 -57.283
-608.248 -114.238
-606.738 -122.396
-605.295 -127.466
-603.772 -133.527
-602.053 -141.077
-600.688 -144.95
-599.047 -150.982
-597.183 -158.027
-595.019 -166.223
-593.571 -170.298
-592.328 -173.792
-589.511 -183.488
-588.024 -187.714
-585.634 -195.03
-584.53 -198.09
-582.219 -204.781
-580.601 -209.45
-578.222 -215.989
-577.951 -217.642
-574.324 -226.67
-572.344 -232.004
-570.093 -237.809
-568.874 -241.674
-564.882 -250.386
-564.534 -252.789
-559.692 -262.425
-560.075 -263.856
-555.486 -272.624
-553.206 -277.94
-528.801 -320.66
-525.316 -325.996
-521.856 -331.164
-518.391 -336.239
-514.906 -341.265
-511.92 -345.343
-508.813 -349.644
-504.554 -355.727
-501.985 -359.13
-497.929 -364.7
-494.56 -369.222
-490.831 -374.174
-487.682 -378.345
-483.727 -383.455
-480.782 -387.358
-476.692 -392.495
-472.327 -397.83
-469.235 -401.819
-466.168 -405.802
-461.024 -411.636
-457.834 -415.663
-432.958 -440.283
-426.581 -446.581
-424.008 -448.661
-417.522 -454.77
-414.864 -456.985
-406.462 -464.626
-402.66 -467.795
-398.538 -471.266
-393.611 -475.39
-388.546 -479.553
-381.15 -485.445
-378.3 -487.737
-374.405 -490.866
-369.468 -494.691
-365.476 -497.872
-359.218 -502.405
-324.97 -527.07
-319.481 -530.124
-314.285 -532.881
-308.456 -536.093
-303.954 -538.246
-298.04 -541.406
-292.971 -543.921
-287.632 -546.586
-282.931 -548.826
-277.259 -551.622
-271.622 -554.342
-266.816 -556.582
-263.134 -558.288
-256.311 -561.454
-251.034 -563.856
-245.697 -566.252
-240.394 -568.604
-234.178 -571.243
-229.657 -573.27
-223.382 -575.83
-218.768 -577.867
-212.451 -580.332
-206.946 -582.545
-201.304 -584.753
-195.544 -586.944
-190.806 -588.938
-185.015 -591.074
-134.236 -603.913
-129.62 -604.488
-121.001 -606.413
-116.366 -606.94
-111.83 -607.479
-104.498 -608.755
-98.8181 -609.549
-91.2747 -610.714
-89.2976 -610.741
-80.2088 -612.041
-72.9462 -612.932
-68.6428 -613.361
-61.2261 -614.142
-56.5469 -614.608
-51.4355 -615.125
-46.0955 -615.653
-39.9608 -616.175
-34.677 -616.677
-26.5594 -617.051
-20.2927 -617.417
-14.3415 -617.76
-7.54209 -617.985
-2.51609 -618.357
4.08286 -618.508
51.2538 -616.545
58.8727 -615.838
62.8807 -614.945
71.9084 -614.119
78.524 -613.174
84.5596 -612.181
89.5332 -611.206
96.2547 -610.101
98.5358 -609.403
106.985 -608.009
115.068 -606.551
115.285 -606.329
123.289 -604.746
130.201 -603.293
136.069 -602.015
141.566 -600.803
147.864 -599.334
154.321 -597.758
159.409 -596.577
166.288 -594.745
171.086 -593.629
176.724 -592.18
183.061 -590.392
187.469 -589.451
194.674 -587.142
200.282 -585.562
245.196 -567.81
252.977 -564.496
259.003 -561.591
263.869 -559.002
268.325 -556.552
272.843 -554.089
280.492 -550.324
284.189 -548.137
290.17 -544.929
295.506 -541.967
300.442 -539.172
304.213 -537.005
311.158 -533.013
313.769 -531.565
320.473 -527.549
326.399 -523.937
331.226 -521.011
335.26 -518.66
342.138 -514.101
346.767 -511.211
352.017 -507.778
356.289 -505.16
360.598 -502.531
366.162 -498.667
400.698 -470.718
403.351 -467.903
408.094 -463.62
413.634 -458.652
419.139 -453.598
424.086 -448.882
427.087 -445.754
433.297 -439.774
438.051 -434.967
441.042 -431.775
444.954 -427.701
449.009 -423.45
451.888 -420.502
459.629 -411.911
461.989 -409.421
465.957 -405.032
471.099 -399.03
474.953 -394.608
477.859 -391.523
482.008 -386.605
486.145 -381.604
490.25 -376.548
515.669 -341.507
517.631 -337.715
520.817 -332.46
525.21 -325.563
527.237 -321.673
530.133 -316.61
533.813 -310.311
536.569 -305.3
539.615 -299.764
542.754 -293.967
544.778 -290.084
547.066 -285.783
550.217 -279.706
553.612 -272.922
556.44 -267.195
558.392 -263.493
561.404 -257.128
563.638 -252.739
566.959 -245.087
569.536 -239.391
573.234 -229.828
574.244 -229.14
577.178 -221.492
593.319 -176.781
595.01 -170.343
596.328 -164.596
597.259 -159.718
598.566 -153.898
599.846 -148.059
601.165 -141.993
602.316 -136.32
603.224 -131.429
604.562 -124.885
605.649 -119.138
606.701 -113.414
607.73 -107.659
608.729 -101.9
609.701 -96.1225
610.742 -89.4474
611.573 -84.3482
612.495 -77.8756
613.275 -73.56
614.131 -67.0031
614.929 -60.435
615.698 -55.1361
616.393 -48.4839
617.046 -42.1525
617.759 -37.0008
618.352 -30.7983
