778.329 2.32216
778.228 12.01
777.997 21.5978
777.635 30.8965
777.183 40.6084
776.61 50.3319
775.916 59.9718
775.103 69.5913
774.179 79.0491
773.121 88.8366
771.99 97.9886
770.721 107.491
769.347 116.902
767.862 126.302
766.231 135.857
764.568 145.009
762.694 154.572
760.764 163.88
758.676 173.322
756.443 182.826
754.262 191.814
751.788 201.286
749.36 210.324
746.687 219.657
743.99 228.761
739.432 243.215
736.371 252.195
733.181 261.247
729.879 270.269
726.477 279.216
722.915 288.311
719.434 296.729
715.648 305.748
711.72 314.798
707.817 323.427
703.788 332.074
699.653 340.678
695.494 349.071
691.034 357.82
686.697 366.076
682.099 374.577
677.459 382.918
672.76 391.142
667.859 399.464
662.821 407.777
657.829 415.823
652.556 424.05
647.366 431.98
642.051 439.888
636.674 447.698
630.965 455.698
625.409 463.364
619.737 470.993
610.509 482.804
604.424 490.388
598.407 497.642
592.189 505.001
586.142 511.928
579.534 519.422
573.174 526.393
566.508 533.562
560.029 540.327
553.407 547.093
546.646 553.842
539.591 560.719
532.914 567.07
525.573 573.877
518.493 580.284
511.484 586.488
504.32 592.679
496.862 598.948
489.571 604.952
481.786 611.154
474.425 616.929
466.617 622.854
458.978 628.536
451.177 634.18
443.286 639.739
431.871 647.456
423.926 652.653
415.766 657.872
407.744 662.844
399.515 667.825
391.381 672.606
382.819 677.52
374.345 682.235
365.984 686.748
357.538 691.179
349.086 695.487
340.092 699.928
331.701 703.948
322.957 708.006
314.238 711.928
305.353 715.789
296.52 719.504
287.717 723.089
278.706 726.619
269.434 730.098
260.505 733.355
247.227 738.088
238.218 740.995
229.121 743.824
219.743 746.65
210.627 749.236
201.704 751.636
192.061 754.173
182.821 756.445
173.372 758.661
163.522 760.869
154.73 762.654
145.125 764.541
135.72 766.259
126.434 767.839
116.897 769.348
107.339 770.74
98.035 771.986
88.3828 773.152
78.8987 774.187
69.3534 775.11
59.9153 775.916
50.3181 776.61
40.7074 777.187
31.1928 777.652
21.4599 777.986
11.9544 778.221
2.14778 778.307
-7.47501 778.294
-17.0871 778.166
-32.1388 777.739
-41.5671 777.241
-51.1004 776.641
-60.9385 775.942
-70.3099 775.104
-79.7705 774.159
-89.5072 773.095
-98.7893 771.928
-108.24 770.644
-117.365 769.283
-127.461 767.693
-136.722 766.082
-145.863 764.386
-155.396 762.505
-164.659 760.561
-174.161 758.443
-183.393 756.273
-192.663 753.975
-201.975 751.543
-211.131 749.043
-220.668 746.277
-229.793 743.538
-239.057 740.617
-247.902 737.755
-257.131 734.592
-266.515 731.217
-275.168 728.079
-284.316 724.553
-297.208 719.283
-306.191 715.502
-314.681 711.762
-323.816 707.672
-332.538 703.602
-341.213 699.425
-349.663 695.217
-358.213 690.842
-366.743 686.347
-375.259 681.726
-383.545 677.093
-391.99 672.239
-400.046 667.48
-408.54 662.313
-416.418 657.402
-424.56 652.178
-432.458 646.989
-440.314 641.695
-448.4 636.064
-456.131 630.574
-463.995 624.813
-471.506 619.22
-482.926 610.438
-490.396 604.419
-497.794 598.309
-505.097 592.124
-512.337 585.843
-519.478 579.492
-526.546 573.053
-533.532 566.533
-540.438 559.931
-547.263 553.249
-554.028 546.465
-560.7 539.611
-567.278 532.689
-573.773 525.689
-580.183 518.611
-586.51 511.457
-592.751 504.225
-598.907 496.919
-604.981 489.529
-610.967 482.065
-616.854 474.546
-622.668 466.925
-628.386 459.242
-634.019 451.475
-639.567 443.623
-647.938 431.314
-653.347 423.092
-658.355 415.154
-663.563 406.795
-668.485 398.6
-673.246 390.433
-678.043 382.023
-682.717 373.581
-687.236 365.162
-691.525 356.911
-695.792 348.491
-700.071 339.808
-704.238 331.08
-708.282 322.334
-712.222 313.532
-715.971 304.881
-719.631 296.163
-723.339 286.978
-726.71 278.404
-730.171 269.184
-733.361 260.479
-736.541 251.393
-739.682 241.94
-742.595 232.951
-745.379 224.093
-748.124 214.789
-750.763 205.383
-753.273 196.03
-757.006 181.302
-759.154 171.951
-761.165 162.64
-763.035 153.398
-764.966 143.599
-766.702 134
-768.214 124.747
-769.62 115.49
-771.042 105.672
-772.265 96.1812
-773.365 86.7285
-774.344 77.3258
-775.266 67.5063
-776.008 58.1574
-776.674 48.4403
-777.201 38.9978
-777.619 29.5355
-777.927 20.0722
-778.119 10.3822
-778.206 0.992194
-778.167 -8.64027
-777.999 -18.3963
-777.686 -28.3865
-777.345 -37.5204
-776.879 -46.8754
-776.243 -56.5617
-775.443 -66.4487
-774.666 -75.6616
-773.713 -85.165
-772.656 -94.627
-771.462 -104.154
-769.144 -119.391
-767.582 -129.108
-765.912 -138.432
-764.126 -147.854
-762.208 -157.44
-760.22 -166.551
-758.095 -175.901
-755.834 -185.353
-753.433 -194.906
-751.009 -203.937
-748.497 -212.897
-745.691 -222.563
-742.935 -231.553
-739.964 -240.878
-737.038 -249.675
-733.846 -258.904
-730.653 -267.798
-727.252 -276.906
-724.021 -285.345
-720.24 -294.708
-716.576 -303.541
-712.778 -312.38
-709.012 -320.927
-704.804 -330.016
-700.952 -338.279
-696.441 -347.377
-692.484 -355.423
-687.817 -364.298
-683.331 -372.716
-676.244 -385.285
-671.423 -393.588
-666.507 -401.818
-661.496 -409.98
-656.39 -418.076
-651.247 -426.004
-645.997 -433.9
-640.505 -441.965
-635.136 -449.629
-629.481 -457.511
-623.817 -465.204
-618.022 -472.878
-612.208 -480.391
-606.188 -487.971
-600.184 -495.355
-593.977 -502.789
-587.657 -510.167
-581.42 -517.295
-575.101 -524.351
-568.447 -531.554
-561.952 -538.46
-552.931 -547.618
-545.915 -554.626
-539.276 -561.04
-532.087 -567.871
-525.291 -574.139
-517.734 -580.979
-510.646 -587.204
-503.45 -593.38
-496.086 -599.55
-488.634 -605.64
-480.836 -611.849
-473.508 -617.547
-465.996 -623.253
-458.276 -628.962
-450.609 -634.505
-442.593 -640.122
-431.266 -647.982
-423.201 -653.252
-415.117 -658.385
-406.875 -663.498
-398.756 -668.366
-390.41 -673.263
-382.117 -677.978
-373.724 -682.623
-365.342 -687.124
-356.814 -691.581
-348.24 -695.929
-339.73 -700.111
-331.307 -704.129
-322.451 -708.228
-313.74 -712.131
-304.983 -715.93
-296.18 -719.625
-287.224 -723.252
-278.44 -726.699
-269.395 -730.109
-260.526 -733.349
-251.39 -736.541
-242.337 -739.594
-233.222 -742.543
-224.069 -745.383
-214.992 -748.097
-205.755 -750.719
-191.418 -754.412
-182.266 -756.632
-172.607 -758.91
-163.406 -760.906
-154.202 -762.792
-144.615 -764.667
-135.216 -766.37
-125.562 -768.012
-116.596 -769.397
-106.705 -770.836
-97.0046 -772.117
-87.7009 -773.221
-77.9872 -774.261
-68.6121 -775.149
-59.1752 -775.934
-49.7015 -776.61
-40.1119 -777.173
-30.6283 -777.623
-20.782 -777.944
-11.1671 -778.153
-1.59444 -778.249
8.08389 -778.218
17.5783 -778.092
27.2508 -777.825
41.4366 -777.23
51.1663 -776.646
60.4625 -775.923
70.3423 -775.104
79.944 -774.159
89.4586 -773.096
98.8475 -771.925
108.466 -770.627
117.478 -769.269
127.252 -767.717
136.974 -766.046
145.675 -764.422
155.356 -762.513
164.85 -760.518
174.217 -758.429
183.486 -756.246
192.851 -753.918
202.208 -751.467
211.344 -748.966
220.681 -746.272
229.747 -743.557
238.897 -740.685
248.1 -737.664
257.023 -734.645
266.243 -731.352
275.22 -728.051
288.556 -722.849
297.702 -719.143
306.589 -715.381
315.291 -711.554
323.904 -707.641
332.472 -703.628
341.373 -699.36
349.739 -695.184
358.343 -690.782
366.808 -686.315
375.185 -681.764
383.363 -677.196
391.874 -672.307
399.797 -667.638
408.171 -662.551
416.389 -657.421
424.413 -652.285
432.284 -647.123
440.43 -641.602
448.254 -636.185
456.086 -630.613
463.772 -625.018
471.379 -619.345
479.075 -613.422
490.069 -604.623
497.243 -598.677
504.598 -592.473
511.975 -586.107
519.275 -579.646
526.432 -573.143
533.271 -566.754
540.432 -559.937
547.339 -553.179
553.941 -546.549
560.578 -539.735
567.163 -532.812
573.51 -525.989
580.388 -518.374
586.511 -511.455
592.754 -504.222
599.055 -496.718
605.116 -489.337
610.978 -482.049
616.903 -474.467
622.739 -466.806
628.484 -459.068
636.628 -447.748
641.96 -439.994
647.35 -432
652.786 -423.758
657.815 -415.841
662.869 -407.709
667.904 -399.399
672.741 -391.171
677.507 -382.84
682.192 -374.418
686.639 -366.182
691.026 -357.837
695.418 -349.228
699.738 -340.491
703.892 -331.829
707.844 -323.359
711.816 -314.532
715.6 -305.889
719.405 -296.817
723.024 -287.931
726.669 -278.537
729.904 -270.167
733.251 -260.932
738.003 -247.392
741.012 -238.185
743.864 -229.032
746.558 -219.957
749.199 -210.72
751.743 -201.407
754.162 -192.095
756.449 -182.808
758.592 -173.607
760.678 -164.194
762.628 -154.838
764.466 -145.46
766.19 -136.07
767.803 -126.652
769.301 -117.231
770.699 -107.672
771.961 -98.305
773.127 -88.734
774.165 -79.4392
775.1 -69.8252
775.918 -60.2132
776.624 -50.7612
777.209 -41.1381
777.677 -31.5241
778.045 -22.0627
778.284 -12.4638
