617.398 20.8684
616.991 27.6666
616.44 33.4782
615.754 36.9598
615.228 44.012
614.625 51.2682
613.942 57.9768
613.195 64.5654
612.448 69.9543
611.493 78.0327
610.873 81.2074
609.993 87.3012
609.171 92.7098
608.321 98.2036
607.174 105.124
606.646 108.91
605.297 116.261
604.383 121.623
603.073 128.289
601.467 135.684
601.109 139.056
599.332 146.545
598.735 150.732
597.067 157.582
596.105 162.657
580.109 213.966
577.931 218.488
575.547 223.954
573.082 229.608
570.663 234.937
567.747 241.83
566.389 243.655
563.304 250.702
559.86 258.44
557.492 263.089
554.86 268.36
552.193 273.632
550.141 277.564
546.461 284.737
544.57 288.339
541.322 294.423
538.554 299.573
536.06 304.239
532.768 310.09
529.083 316.393
526.538 320.962
522.502 327.497
519.919 332.013
517.2 336.696
514.588 341.249
510.113 347.84
507.654 352.131
504.946 356.701
472.692 397.707
468.186 402.793
464.85 406.009
460.517 410.682
458.299 412.467
452.046 419.514
448.54 422.939
443.072 428.679
439.875 431.689
436.122 435.356
431.87 439.523
425.839 445.376
423.528 447.578
416.316 454.274
411.926 458.286
408.751 461.25
404.987 464.735
399.259 469.681
395.661 472.983
388.531 478.716
385.549 481.518
379.666 486.193
375.608 489.66
370.674 493.619
365.486 497.659
330.79 520.879
326.229 523.448
320.35 526.977
316.062 529.306
310.671 532.385
306.388 534.714
298.94 538.949
292.61 542.386
287.717 544.924
282.576 547.574
277.725 550.054
268.752 554.484
265.249 556.211
259.19 559.098
253.729 561.672
247.353 564.548
241.677 567.093
236.625 569.383
230.351 572.028
222.135 575.175
217.393 577.216
175.818 592.686
171.045 593.59
165.697 594.769
158.363 596.748
153.412 597.697
150.441 597.978
141.6 600.258
136.247 601.308
129.234 602.815
118.975 605.146
117.822 604.937
110.085 606.395
104.122 607.384
99.2677 608.141
92.5266 609.194
85.7697 610.184
81.1721 610.872
73.8703 611.816
68.0192 612.572
61.7741 613.311
56.5313 613.98
50.1049 614.641
43.5953 615.243
37.9788 615.825
30.6164 616.272
25.3681 616.805
17.4396 617.052
11.3369 617.409
5.45322 617.757
-46.9486 616.439
-51.4516 615.564
-56.8445 614.767
-65.0894 614.026
-69.6395 613.134
-74.9031 612.259
-82.7028 611.27
-86.9068 610.391
-92.6291 609.422
-95.6306 608.768
-107.176 606.988
-111.813 606.022
-115.586 605.247
-122.802 603.819
-127.968 602.773
-135.368 601.163
-140.677 600.02
-146.55 598.698
-152.852 597.197
-158.264 595.944
-166.997 593.456
-172.546 592.022
-179.503 589.992
-182.934 589.387
-190.027 587.174
-198.574 584.173
-201.532 583.806
-208.717 581.289
-248.502 564.793
-254.878 561.861
-257.619 560.16
-266.196 556.289
-271.879 553.414
-277.443 550.534
-281.581 548.245
-287.025 545.349
-292.732 542.268
-298.891 538.88
-303.534 536.25
-310.033 532.515
-313.778 530.367
-321.782 525.505
-324.963 523.688
-330.926 519.987
-335.295 517.381
-339.702 514.759
-346.826 509.903
-351.386 507.042
-357.509 502.776
-361.245 500.59
-399.343 471.673
-403.843 467.488
-408.24 463.325
-412.551 459.177
-416.814 455.023
-421.029 450.86
-425.161 446.725
-429.261 442.578
-433.327 438.422
-437.342 434.276
-441.312 430.133
-445.257 425.983
-449.189 421.81
-453.078 417.648
-456.98 413.437
-460.846 409.231
-464.756 404.929
-468.658 400.593
-472.538 396.246
-476.43 391.838
-480.314 387.391
-484.215 382.857
-488.106 378.276
-491.989 373.633
-495.899 368.859
-525.113 325.696
-529.381 318.82
-531.183 314.814
-535.352 307.791
-538.054 302.54
-540.174 298.064
-543.369 292.013
-546.379 286.125
-548.92 280.877
-550.393 277.423
-552.482 273.001
-555.482 266.8
-558.397 260.603
-561.142 254.604
-563.761 248.734
-565.743 244.279
-567.812 239.652
-571.174 231.397
-572.556 228.613
-575.557 220.855
-577.157 217.592
-579.545 211.52
-582.505 202.787
-584.382 198.249
-586.049 194.982
-588.314 188.439
-590.571 181.438
-592.645 175.2
-606.172 122.234
-607.058 116.217
-607.761 110.613
-608.195 105.815
-610.005 96.4255
-611.095 89.0068
-611.309 84.4994
-611.505 80.2812
-612.7 71.4851
-613.201 65.5128
-613.604 59.9135
-613.912 54.8796
-614.648 46.4774
-614.825 42.0323
-615.275 34.6763
-615.492 29.5494
-615.716 24.383
-615.943 19.2748
-616.142 12.3083
-616.358 7.76973
-616.486 1.39559
-616.493 -5.81539
-616.232 -15.1199
-616.611 -17.3348
-616.907 -21.3542
-616.74 -28.2501
-616.194 -36.7322
-616.66 -39.9268
-616.639 -45.5351
-616.658 -50.9531
-616.476 -57.0159
-607.249 -114.195
-605.739 -122.342
-604.299 -127.382
-602.777 -133.419
-601.06 -140.955
-599.701 -144.791
-598.064 -150.799
-596.204 -157.827
-594.042 -166.006
-592.6 -170.063
-591.364 -173.526
-588.546 -183.225
-587.067 -187.426
-584.678 -194.74
-583.581 -197.775
-581.276 -204.45
-579.665 -209.098
-577.296 -215.612
-577.039 -217.234
-573.415 -226.254
-571.441 -231.573
-569.196 -237.365
-567.991 -241.205
-564 -249.917
-563.666 -252.292
-558.822 -261.933
-559.225 -263.33
-554.64 -272.091
-552.375 -277.384
-527.898 -320.232
-524.431 -325.532
-520.982 -330.678
-517.521 -335.746
-514.044 -340.758
-511.07 -344.817
-507.973 -349.101
-503.719 -355.178
-501.164 -358.559
-497.114 -364.121
-493.755 -368.628
-490.04 -373.562
-486.903 -377.719
-482.961 -382.812
-480.036 -386.692
-475.96 -391.815
-471.607 -397.137
-468.53 -401.11
-465.478 -405.079
-460.337 -410.909
-457.162 -414.922
-432.201 -439.629
-425.839 -445.91
-423.29 -447.965
-416.814 -454.063
-414.174 -456.262
-405.777 -463.897
-401.999 -467.045
-397.893 -470.502
-392.99 -474.606
-387.942 -478.756
-380.556 -484.641
-377.738 -486.91
-373.862 -490.026
-368.938 -493.842
-364.966 -497.013
-358.713 -501.542
-324.317 -526.313
-318.839 -529.357
-313.657 -532.103
-307.838 -535.307
-303.347 -537.452
-297.442 -540.604
-292.409 -543.095
-287.082 -545.75
-282.399 -547.979
-276.746 -550.764
-271.129 -553.472
-266.348 -555.698
-262.691 -557.392
-255.89 -560.547
-250.628 -562.942
-245.323 -565.325
-240.044 -567.667
-233.847 -570.299
-229.356 -572.316
-223.091 -574.873
-218.507 -576.902
-212.219 -579.359
-206.722 -581.57
-201.112 -583.771
-195.375 -585.958
-190.668 -587.947
-184.9 -590.081
-133.886 -602.976
-129.293 -603.543
-120.672 -605.469
-116.06 -605.988
-111.547 -606.519
-104.229 -607.792
-98.5746 -608.579
-91.0443 -609.741
-89.1082 -609.759
-80.031 -611.056
-72.7837 -611.945
-68.5146 -612.369
-61.1127 -613.148
-56.4576 -613.612
-51.3846 -614.126
-46.0731 -614.653
-39.9535 -615.175
-34.6989 -615.677
-26.5914 -616.052
-20.3552 -616.419
-14.4197 -616.763
-7.64795 -616.99
-2.65177 -617.367
3.93462 -617.519
51.298 -615.546
58.901 -614.839
62.8718 -613.945
71.8936 -613.119
78.497 -612.174
84.5172 -611.182
89.4686 -610.208
96.1795 -609.104
98.4221 -608.409
106.872 -607.016
114.945 -605.558
115.111 -605.344
123.104 -603.763
129.991 -602.315
135.835 -601.043
141.306 -599.837
147.584 -598.374
154.022 -596.804
159.082 -595.632
165.945 -593.805
170.714 -592.701
176.329 -591.262
182.647 -589.482
187.025 -588.555
194.218 -586.252
199.81 -584.68
244.934 -566.845
252.707 -563.533
258.713 -560.634
263.561 -558.051
267.988 -555.611
272.484 -553.156
280.109 -549.4
283.782 -547.224
289.751 -544.021
295.059 -541.073
299.97 -538.29
303.718 -536.136
310.644 -532.155
313.233 -530.721
319.919 -526.717
325.823 -523.119
330.628 -520.209
334.636 -517.878
341.506 -513.326
346.12 -510.449
351.359 -507.026
355.614 -504.423
359.913 -501.803
365.462 -497.953
400.165 -469.872
402.8 -467.069
407.524 -462.798
413.045 -457.844
418.531 -452.804
423.462 -448.1
426.442 -444.989
432.64 -439.02
437.373 -434.233
440.344 -431.058
444.237 -427.004
448.274 -422.771
451.134 -419.845
458.87 -411.258
461.205 -408.801
465.163 -404.425
470.291 -398.44
474.131 -394.039
477.017 -390.983
481.154 -386.084
485.28 -381.102
489.379 -376.058
514.91 -340.856
516.854 -337.086
520.031 -331.842
524.423 -324.946
526.434 -321.078
529.32 -316.029
532.995 -309.737
535.74 -304.74
538.773 -299.225
541.905 -293.439
543.911 -289.585
546.184 -285.312
549.321 -279.26
552.71 -272.49
555.528 -266.784
557.469 -263.107
560.471 -256.767
562.694 -252.409
566.012 -244.767
568.582 -239.093
572.278 -229.536
573.277 -228.885
576.204 -221.265
592.415 -176.352
594.098 -169.933
595.406 -164.209
596.326 -159.359
597.63 -153.546
598.904 -147.722
600.218 -141.669
601.364 -136.013
602.266 -131.144
603.6 -124.613
604.68 -118.89
605.726 -113.191
606.75 -107.461
607.744 -101.728
608.711 -95.9839
609.75 -89.3204
610.578 -84.251
611.498 -77.8002
612.276 -73.5195
613.132 -66.9839
613.929 -60.4369
614.698 -55.1584
615.394 -48.5357
616.049 -42.2271
616.764 -37.0966
617.359 -30.9177
