616.405 20.9857
615.997 27.7722
615.444 33.5753
614.756 37.0243
614.229 44.0667
613.625 51.299
612.942 57.9878
612.195 64.5561
611.449 69.9169
610.495 77.9844
609.877 81.1172
608.999 87.1872
608.181 92.5681
607.334 98.0429
606.192 104.937
605.67 108.694
604.324 116.029
603.417 121.364
602.112 128.011
600.513 135.384
600.165 138.725
598.393 146.201
597.809 150.354
596.148 157.188
595.198 162.235
579.129 213.765
576.958 218.256
574.576 223.716
572.114 229.354
569.701 234.667
566.789 241.544
565.441 243.338
562.358 250.379
558.914 258.116
556.556 262.737
553.933 267.984
551.276 273.233
549.235 277.141
545.564 284.295
543.69 287.864
540.452 293.932
537.697 299.059
535.218 303.7
531.937 309.534
528.261 315.823
525.734 320.368
521.706 326.891
519.137 331.39
516.431 336.057
513.833 340.593
509.361 347.181
506.918 351.455
504.224 356.009
471.854 397.162
467.358 402.231
464.037 405.426
459.718 410.08
457.517 411.844
451.261 418.895
447.77 422.301
442.311 428.031
439.126 431.027
435.393 434.672
431.165 438.814
425.141 444.66
422.854 446.839
415.656 453.523
411.279 457.524
408.131 460.466
404.378 463.942
398.655 468.884
395.076 472.172
387.95 477.902
384.984 480.693
379.106 485.365
375.066 488.82
370.151 492.767
364.981 496.796
330.17 520.094
325.626 522.65
319.756 526.173
315.487 528.488
310.109 531.557
305.846 533.874
298.406 538.104
292.097 541.527
287.229 544.051
282.112 546.689
277.279 549.159
268.32 553.581
264.844 555.296
258.804 558.175
253.366 560.74
247.015 563.607
241.355 566.146
236.321 568.43
230.066 571.069
221.848 574.217
217.128 576.251
175.397 591.779
170.645 592.673
165.323 593.841
157.993 595.819
153.064 596.759
150.128 597.029
141.283 599.31
135.948 600.353
128.944 601.858
118.683 604.19
117.566 603.97
109.852 605.423
103.921 606.404
99.0896 607.157
92.3684 608.207
85.6313 609.193
81.0664 609.877
73.79 610.819
67.9645 611.573
61.7427 612.312
56.5297 612.98
50.1179 613.641
43.6216 614.243
38.0244 614.826
30.6694 615.274
25.443 615.807
17.5174 616.055
11.4308 616.413
5.57144 616.764
-47.0229 615.442
-51.4917 614.565
-56.8645 613.767
-65.0987 613.026
-69.6323 612.134
-74.8752 611.26
-82.6697 610.27
-86.8458 609.393
-92.5505 608.425
-95.5164 607.774
-107.064 605.995
-111.675 605.031
-115.411 604.263
-122.61 602.838
-127.748 601.797
-135.131 600.191
-140.413 599.055
-146.262 597.741
-152.543 596.246
-157.928 595.002
-166.654 592.517
-172.195 591.086
-179.135 589.062
-182.543 588.467
-189.63 586.256
-198.173 583.257
-201.097 582.905
-208.269 580.395
-248.178 563.847
-254.538 560.921
-257.246 559.233
-265.823 555.362
-271.478 552.499
-277.03 549.624
-281.146 547.345
-286.577 544.455
-292.264 541.384
-298.415 538
-303.04 535.38
-309.539 531.645
-313.255 529.515
-321.255 524.655
-324.41 522.855
-330.356 519.165
-334.7 516.577
-339.089 513.968
-346.212 509.114
-350.755 506.266
-356.872 502.005
-360.586 499.838
-398.81 470.828
-403.296 466.65
-407.673 462.501
-411.963 458.368
-416.199 454.234
-420.401 450.082
-424.514 445.963
-428.594 441.833
-432.641 437.695
-436.637 433.566
-440.595 429.436
-444.516 425.311
-448.437 421.151
-452.315 417.002
-456.2 412.811
-460.055 408.619
-463.955 404.33
-467.853 400.001
-471.728 395.661
-475.614 391.26
-479.493 386.819
-483.389 382.293
-487.271 377.726
-491.141 373.103
-495.038 368.35
-524.345 325.056
-528.606 318.188
-530.392 314.202
-534.549 307.195
-537.236 301.965
-539.343 297.508
-542.523 291.481
-545.526 285.603
-548.054 280.377
-549.508 276.957
-551.587 272.556
-554.582 266.364
-557.492 260.177
-560.231 254.19
-562.842 248.341
-564.815 243.907
-566.873 239.308
-570.232 231.061
-571.601 228.317
-574.599 220.569
-576.193 217.328
-578.577 211.27
-581.536 202.542
-583.407 198.027
-585.069 194.783
-587.332 188.25
-589.588 181.257
-591.657 175.049
-605.245 121.859
-606.128 115.85
-606.818 110.281
-607.242 105.513
-609.048 96.133
-610.134 88.7291
-610.34 84.2549
-610.527 80.0719
-611.721 71.2826
-612.217 65.3348
-612.615 59.7625
-612.92 54.7502
-613.653 46.3742
-613.829 41.9462
-614.276 34.6236
-614.492 29.5267
-614.716 24.373
-614.943 19.2951
-615.143 12.3467
-615.361 7.84152
-615.489 1.48146
-615.498 -5.72104
-615.237 -15.0219
-615.619 -17.2059
-615.92 -21.1967
-615.754 -28.0823
-615.209 -36.5577
-615.683 -39.7102
-615.666 -45.3012
-615.69 -50.701
-615.513 -56.749
-606.25 -114.161
-604.741 -122.288
-603.302 -127.298
-601.784 -133.304
-600.068 -140.832
-598.713 -144.631
-597.081 -150.615
-595.224 -157.627
-593.066 -165.788
-591.63 -169.82
-590.4 -173.26
-587.581 -182.962
-586.109 -187.138
-583.721 -194.449
-582.632 -197.459
-580.329 -204.127
-578.729 -208.746
-576.366 -215.244
-576.129 -216.817
-572.506 -225.838
-570.539 -231.141
-568.3 -236.921
-567.107 -240.736
-563.113 -249.454
-562.798 -251.796
-557.951 -261.441
-558.374 -262.805
-553.795 -271.557
-551.544 -276.827
-526.994 -319.803
-523.541 -325.075
-520.103 -330.2
-516.655 -335.246
-513.186 -340.244
-510.224 -344.284
-507.134 -348.558
-502.888 -354.622
-500.344 -357.987
-496.299 -363.542
-492.95 -368.035
-489.243 -372.958
-486.124 -377.092
-482.201 -382.162
-479.29 -386.026
-475.227 -391.134
-470.886 -396.443
-467.824 -400.401
-464.787 -404.355
-459.649 -410.183
-456.49 -414.181
-431.439 -438.982
-425.092 -445.245
-422.571 -447.27
-416.1 -453.363
-413.49 -455.532
-405.099 -463.162
-401.338 -466.294
-397.248 -469.738
-392.369 -473.822
-387.345 -477.954
-379.961 -483.837
-377.176 -486.083
-373.32 -489.186
-368.416 -492.99
-364.463 -496.148
-358.215 -500.674
-323.664 -525.555
-318.198 -528.589
-313.029 -531.324
-307.212 -534.527
-302.739 -536.657
-296.845 -539.803
-291.839 -542.273
-286.532 -544.915
-281.867 -547.133
-276.233 -549.905
-270.635 -552.602
-265.88 -554.815
-262.248 -556.495
-255.468 -559.64
-250.222 -562.028
-244.941 -564.4
-239.694 -566.73
-233.516 -569.355
-229.055 -571.363
-222.801 -573.916
-218.255 -575.934
-211.986 -578.387
-206.498 -580.596
-200.919 -582.79
-195.215 -584.971
-190.528 -586.957
-184.785 -589.088
-133.536 -602.04
-128.966 -602.597
-120.343 -604.524
-115.754 -605.036
-111.264 -605.56
-103.961 -606.828
-98.3311 -607.609
-90.814 -608.768
-88.9182 -608.778
-79.8532 -610.072
-72.6294 -610.957
-68.3865 -611.377
-60.9994 -612.154
-56.3683 -612.616
-51.3253 -613.128
-46.0506 -613.654
-39.9462 -614.175
-34.7207 -614.678
-26.6232 -615.052
-20.4176 -615.421
-14.4979 -615.766
-7.75368 -615.996
-2.77982 -616.375
3.78653 -616.53
51.342 -614.546
58.9217 -613.839
62.8551 -612.945
71.8786 -612.119
78.4698 -611.174
84.4747 -610.183
89.4038 -609.211
96.1041 -608.107
98.3084 -607.415
106.759 -606.022
114.813 -604.567
114.936 -604.359
122.919 -602.78
129.789 -601.336
135.61 -600.069
141.054 -598.869
147.304 -597.414
153.73 -595.847
158.755 -594.687
165.602 -592.866
170.342 -591.773
175.934 -590.343
182.233 -588.571
186.587 -587.656
193.761 -585.362
199.339 -583.798
244.672 -565.881
252.437 -562.57
258.423 -559.677
263.252 -557.1
267.65 -554.669
272.118 -552.225
279.734 -548.473
283.374 -546.311
289.333 -543.112
294.611 -540.179
299.499 -537.408
303.223 -535.267
310.138 -531.293
312.69 -529.881
319.365 -525.884
325.254 -522.297
330.037 -519.403
334.018 -517.092
340.88 -512.546
345.472 -509.686
350.7 -506.273
354.939 -503.686
359.221 -501.081
364.762 -497.239
399.631 -469.027
402.248 -466.235
406.954 -461.976
412.449 -457.041
417.923 -452.01
422.838 -447.319
425.797 -444.225
431.983 -438.267
436.701 -433.492
439.646 -430.342
443.52 -426.307
447.539 -422.093
450.375 -419.194
458.112 -410.606
460.426 -408.174
464.368 -403.818
469.484 -397.85
473.31 -393.469
476.179 -390.437
480.301 -385.563
484.415 -380.6
488.507 -375.567
514.151 -340.205
516.077 -336.456
519.245 -331.224
523.636 -324.33
525.63 -320.483
528.506 -315.447
532.176 -309.162
534.911 -304.181
537.931 -298.685
541.052 -292.917
543.04 -289.093
545.306 -284.834
548.426 -278.814
551.808 -272.058
554.617 -266.372
556.547 -262.721
559.538 -256.407
561.75 -252.078
565.064 -244.446
567.628 -238.794
571.322 -229.243
572.31 -228.631
575.23 -221.037
591.509 -175.931
593.183 -169.53
594.485 -163.82
595.396 -158.992
596.694 -153.194
597.963 -147.385
599.272 -141.346
600.412 -135.707
601.307 -130.86
602.635 -124.348
603.71 -118.65
604.749 -112.976
605.77 -107.263
606.758 -101.564
607.721 -95.8453
608.758 -89.1934
609.582 -84.1538
610.501 -77.7248
611.277 -73.4789
612.132 -66.9645
612.929 -60.4387
613.698 -55.1804
614.396 -48.5873
615.052 -42.3015
615.769 -37.2012
616.366 -31.037
