615.412 21.1028
615.003 27.8867
614.449 33.6722
613.759 37.0978
613.231 44.1303
612.626 51.3296
611.942 57.9986
611.195 64.5466
610.45 69.8714
609.496 77.9359
608.881 81.0269
608.006 87.0732
607.191 92.4264
606.347 97.8822
605.21 104.75
604.694 108.478
603.353 115.789
602.454 121.096
601.154 127.725
599.559 135.084
599.222 138.394
597.458 145.848
596.883 149.977
595.228 156.794
594.291 161.814
578.15 213.564
575.985 218.025
573.605 223.477
571.147 229.101
568.738 234.397
565.828 241.266
564.492 243.022
561.408 250.065
557.968 257.792
555.62 262.385
553.006 267.609
550.359 272.833
548.332 276.71
544.663 283.86
542.81 287.389
539.581 293.44
536.835 298.552
534.376 303.161
531.106 308.978
527.439 315.253
524.929 319.774
520.91 326.286
518.354 330.767
515.662 335.418
513.078 339.938
508.608 346.523
506.181 350.778
503.503 355.317
471.015 396.617
466.531 401.67
463.224 404.843
458.914 409.486
456.735 411.22
450.476 418.275
447 421.664
441.544 427.389
438.382 430.359
434.664 433.988
430.459 438.106
424.442 443.945
422.174 446.106
414.983 452.783
410.631 456.762
407.511 459.681
403.768 463.15
398.058 468.082
394.491 471.361
387.369 477.088
384.427 479.862
378.547 484.536
374.532 487.975
369.627 491.915
364.483 495.928
329.55 519.31
325.023 521.852
319.163 525.368
314.913 527.67
309.547 530.73
305.304 533.034
297.871 537.259
291.585 540.668
286.734 543.182
281.647 545.803
276.839 548.261
267.881 552.683
264.44 554.382
258.418 557.253
253.003 559.808
246.678 562.665
241.04 565.197
236.025 567.475
229.782 570.111
221.562 573.259
216.863 575.287
174.976 590.872
170.246 591.757
164.948 592.914
157.623 594.89
152.716 595.822
149.806 596.082
140.965 598.361
135.65 599.399
128.655 600.901
118.392 603.233
117.319 603.001
109.626 604.449
103.711 605.427
98.9033 606.175
92.2101 607.219
85.4929 608.203
80.969 608.882
73.7015 609.823
67.9098 610.575
61.7113 611.312
56.5279 611.98
50.1308 612.641
43.6477 613.244
38.0699 613.827
30.7223 614.275
25.5178 614.81
17.5951 615.058
11.5337 615.418
5.6895 615.771
-47.0894 614.444
-51.5317 613.566
-56.8842 612.767
-65.1169 612.026
-69.6251 611.134
-74.8473 610.26
-82.6364 609.271
-86.7848 608.395
-92.4718 607.428
-95.4106 606.78
-106.951 605.001
-111.53 604.042
-115.227 603.28
-122.419 601.856
-127.527 600.822
-134.895 599.22
-140.141 598.093
-145.974 596.783
-152.233 595.295
-157.592 594.06
-166.312 591.577
-171.843 590.15
-178.768 588.132
-182.153 587.546
-189.225 585.342
-197.771 582.341
-200.662 582.005
-207.822 579.5
-247.862 562.898
-254.19 559.983
-256.873 558.305
-265.442 554.437
-271.069 551.586
-276.616 548.713
-280.711 546.445
-286.128 543.561
-291.796 540.5
-297.946 537.117
-302.546 534.511
-309.046 530.775
-312.739 528.658
-320.727 523.806
-323.863 522.018
-329.787 518.343
-334.112 515.768
-338.477 513.178
-345.591 508.329
-350.124 505.489
-356.236 501.234
-359.928 499.085
-398.283 469.977
-402.75 465.813
-407.099 461.682
-411.376 457.559
-415.591 453.44
-419.774 449.304
-423.866 445.201
-427.927 441.088
-431.955 436.967
-435.932 432.857
-439.878 428.739
-443.781 424.633
-447.685 420.492
-451.546 416.363
-455.42 412.185
-459.265 408.006
-463.154 403.731
-467.047 399.409
-470.917 395.075
-474.798 390.682
-478.672 386.248
-482.564 381.729
-486.436 377.176
-490.293 372.574
-494.177 367.841
-523.582 324.41
-527.837 317.55
-529.6 313.591
-533.741 306.606
-536.423 301.383
-538.512 296.951
-541.677 290.947
-544.674 285.08
-547.184 279.884
-548.623 276.491
-550.691 272.11
-553.682 265.928
-556.587 259.751
-559.321 253.777
-561.923 247.947
-563.887 243.534
-565.934 238.965
-569.29 230.724
-570.648 228.013
-573.641 220.284
-575.229 217.063
-577.607 211.027
-580.566 202.297
-582.432 197.805
-584.089 194.583
-586.35 188.061
-588.603 181.085
-590.67 174.889
-604.317 121.485
-605.195 115.491
-605.878 109.939
-606.291 105.203
-608.092 95.8406
-609.174 88.4516
-609.37 84.0106
-609.551 79.8541
-610.74 71.0878
-611.233 65.157
-611.627 59.6115
-611.929 54.6208
-612.658 46.271
-612.832 41.8686
-613.278 34.5709
-613.492 29.4956
-613.716 24.3715
-613.944 19.3153
-614.144 12.3938
-614.363 7.91319
-614.494 1.5761
-614.503 -5.61787
-614.242 -14.924
-614.628 -17.0771
-614.932 -21.0393
-614.768 -27.9146
-614.226 -36.3741
-614.705 -39.5011
-614.694 -45.0674
-614.721 -50.4562
-614.547 -56.4893
-605.25 -114.127
-603.742 -122.233
-602.306 -127.213
-600.791 -133.188
-599.076 -140.702
-597.725 -144.48
-596.098 -150.432
-594.244 -157.427
-592.09 -165.571
-590.66 -169.576
-589.439 -172.986
-586.617 -182.699
-585.152 -186.85
-582.764 -194.158
-581.686 -197.135
-579.386 -203.795
-577.792 -208.394
-575.44 -214.867
-575.217 -216.408
-571.596 -225.422
-569.637 -230.71
-567.404 -236.478
-566.224 -240.267
-562.226 -248.992
-561.93 -251.299
-557.077 -260.955
-557.523 -262.279
-552.945 -271.031
-550.714 -276.27
-526.091 -319.375
-522.652 -324.618
-519.225 -329.721
-515.788 -334.746
-512.328 -339.73
-509.378 -343.751
-506.299 -348.007
-502.056 -354.066
-499.528 -357.409
-495.488 -362.956
-492.151 -367.434
-488.451 -372.347
-485.344 -376.465
-481.44 -381.513
-478.544 -385.36
-474.489 -390.459
-470.166 -395.75
-467.119 -399.693
-464.091 -403.637
-458.962 -409.457
-455.813 -413.446
-430.681 -438.329
-424.345 -444.581
-421.853 -446.574
-415.386 -452.662
-412.806 -454.803
-404.42 -462.427
-400.677 -465.544
-396.609 -468.968
-391.748 -473.038
-386.748 -477.152
-379.374 -483.027
-376.608 -485.26
-372.777 -488.346
-367.894 -492.137
-363.96 -495.284
-357.718 -499.807
-323.005 -524.803
-317.557 -527.822
-312.402 -530.546
-306.587 -533.747
-302.132 -535.863
-296.253 -538.996
-291.269 -541.451
-285.982 -544.08
-281.334 -546.287
-275.72 -549.047
-270.142 -551.732
-265.419 -553.927
-261.805 -555.599
-255.039 -558.737
-249.817 -561.114
-244.559 -563.476
-239.337 -565.796
-233.194 -568.409
-228.746 -570.412
-222.518 -572.956
-217.995 -574.969
-211.746 -577.416
-206.282 -579.619
-200.735 -581.807
-195.055 -583.984
-190.398 -585.966
-184.662 -588.095
-133.186 -601.103
-128.64 -601.652
-120.014 -603.58
-115.448 -604.084
-110.982 -604.601
-103.693 -605.865
-98.0878 -606.639
-90.5838 -607.795
-88.7282 -607.796
-79.6749 -609.088
-72.4753 -609.969
-68.2668 -610.385
-60.8945 -611.16
-56.279 -611.62
-51.266 -612.13
-46.0197 -612.654
-39.9387 -613.175
-34.7424 -613.678
-26.6549 -614.053
-20.472 -614.422
-14.568 -614.769
-7.85927 -615.002
-2.90927 -615.383
3.63861 -615.541
51.3859 -613.547
58.9423 -612.839
62.847 -611.945
71.8636 -611.119
78.4425 -610.175
84.432 -609.184
89.331 -608.213
96.0207 -607.11
98.1946 -606.422
106.638 -605.029
114.681 -603.576
114.762 -603.375
122.734 -601.798
129.587 -600.357
135.375 -599.097
140.803 -597.901
147.023 -596.455
153.431 -594.893
158.436 -593.74
165.258 -591.927
169.977 -590.841
175.546 -589.421
181.819 -587.661
186.149 -586.757
193.304 -584.473
198.868 -582.916
244.402 -564.918
252.159 -561.609
258.135 -558.719
262.944 -556.149
267.312 -553.728
271.752 -551.295
279.359 -547.546
282.966 -545.398
288.915 -542.204
294.171 -539.28
299.034 -536.522
302.728 -534.398
309.632 -530.43
312.147 -529.041
318.818 -525.047
324.684 -521.475
329.446 -518.597
333.401 -516.305
340.254 -511.765
344.825 -508.924
350.042 -505.52
354.263 -502.948
358.53 -500.358
364.062 -496.524
399.105 -468.176
401.696 -465.401
406.384 -461.155
411.86 -456.233
417.314 -451.216
422.215 -446.537
425.153 -443.46
431.319 -437.518
436.029 -432.752
438.948 -429.626
442.803 -425.609
446.804 -421.415
449.621 -418.538
457.354 -409.954
459.647 -407.546
463.574 -403.21
468.677 -397.26
472.487 -392.9
475.341 -389.891
479.451 -385.036
483.55 -380.097
487.636 -375.077
513.392 -339.554
515.3 -335.827
518.458 -330.607
522.849 -323.713
524.827 -319.887
527.693 -314.866
531.358 -308.588
534.082 -303.622
537.089 -298.145
540.199 -292.395
542.173 -288.594
544.423 -284.364
547.535 -278.361
550.91 -271.619
553.706 -265.961
555.621 -262.343
558.605 -256.046
560.806 -251.748
564.117 -244.125
566.671 -238.504
570.363 -228.959
571.341 -228.384
574.258 -220.802
590.602 -175.509
592.268 -169.127
593.564 -163.431
594.466 -158.624
595.758 -152.842
597.022 -147.048
598.326 -141.023
599.46 -135.4
600.351 -130.566
601.673 -124.074
602.739 -118.41
603.775 -112.752
604.789 -107.065
605.771 -101.4
606.73 -95.7066
607.765 -89.0749
608.588 -84.0484
609.503 -77.658
610.278 -73.4303
611.132 -66.9372
611.929 -60.4403
612.699 -55.2037
613.397 -48.6388
614.055 -42.3758
614.775 -37.3056
615.374 -31.165
