614.418 21.2198
614.01 28.0011
613.454 33.7689
612.762 37.1711
612.233 44.1862
611.626 51.3602
610.942 58.0094
610.195 64.5369
609.45 69.8347
608.497 77.8794
607.885 80.9453
607.011 86.9679
606.2 92.2932
605.36 97.7215
604.226 104.571
603.719 108.253
602.383 115.549
601.488 120.837
600.196 127.439
598.605 134.784
598.278 138.062
596.522 145.496
595.954 149.607
594.313 156.392
593.384 161.393
577.172 213.355
575.01 217.802
572.634 223.238
570.18 228.847
567.775 234.126
564.867 240.988
563.541 242.714
560.459 249.751
557.022 257.468
554.684 262.033
552.083 267.226
549.442 272.434
547.43 276.28
543.766 283.419
541.926 286.922
538.706 292.955
535.973 298.045
533.534 302.622
530.274 308.422
526.618 314.684
524.13 319.173
520.119 325.674
517.577 330.137
514.893 334.779
512.322 339.282
507.861 345.857
505.444 350.102
502.781 354.625
470.177 396.072
465.703 401.108
462.412 404.26
458.11 408.891
455.953 410.597
449.691 417.656
446.23 421.026
440.777 426.747
437.638 429.69
433.94 433.297
429.753 437.397
423.744 443.229
421.494 445.373
414.311 452.043
409.984 455.999
406.884 458.902
403.165 462.352
397.461 467.28
393.913 470.545
386.788 476.274
383.87 479.032
377.995 483.702
373.997 487.13
369.112 491.058
363.985 495.061
328.93 518.525
324.421 521.054
318.569 524.563
314.338 526.851
308.986 529.903
304.762 532.193
297.337 536.413
291.066 539.814
286.239 542.313
281.183 544.918
276.392 547.366
267.45 551.781
264.035 553.468
258.041 556.327
252.648 558.873
246.341 561.724
240.726 564.248
235.729 566.52
229.497 569.152
221.284 572.299
216.598 574.323
174.553 589.966
169.846 590.84
164.574 591.987
157.254 593.961
152.368 594.884
149.485 595.135
140.639 597.416
135.351 598.445
128.365 599.944
118.108 602.274
117.072 602.032
109.393 603.476
103.502 604.449
98.7251 605.191
92.0519 606.232
85.3545 607.213
80.8635 607.887
73.613 608.827
67.855 609.576
61.6805 610.313
56.526 610.98
50.1435 611.641
43.6737 612.244
38.1153 612.828
30.7841 613.277
25.6015 613.814
17.6726 614.061
11.6365 614.424
5.79967 614.777
-47.1557 613.446
-51.5715 612.566
-56.913 611.767
-65.1349 611.026
-69.6176 610.134
-74.8282 609.26
-82.6029 608.271
-86.7236 607.397
-92.393 606.431
-95.3048 605.786
-106.837 604.007
-111.384 603.053
-115.053 602.295
-122.235 600.873
-127.314 599.845
-134.651 598.25
-139.869 597.131
-145.694 595.823
-151.924 594.344
-157.256 593.118
-165.969 590.638
-171.484 589.217
-178.401 587.202
-181.762 586.626
-188.819 584.428
-197.361 581.429
-200.227 581.104
-207.375 578.606
-247.545 561.95
-253.85 559.043
-256.499 557.377
-265.061 553.513
-270.659 550.674
-276.202 547.803
-280.275 545.545
-285.68 542.668
-291.336 539.612
-297.478 536.233
-302.06 533.637
-308.553 529.905
-312.223 527.802
-320.207 522.952
-323.316 521.18
-329.217 517.521
-333.524 514.959
-337.864 512.388
-344.971 507.545
-349.487 504.719
-355.592 500.468
-359.269 498.332
-397.757 469.127
-402.203 464.975
-406.526 460.863
-410.788 456.75
-414.983 452.646
-419.146 448.525
-423.219 444.438
-427.26 440.343
-431.269 436.24
-435.234 432.141
-439.161 428.042
-443.046 423.955
-446.932 419.833
-450.777 415.724
-454.64 411.56
-458.48 407.387
-462.354 403.132
-466.241 398.817
-470.106 394.49
-473.982 390.103
-477.851 385.677
-481.738 381.164
-485.601 376.625
-489.448 372.038
-493.316 367.333
-522.825 323.756
-527.062 316.917
-528.804 312.986
-532.938 306.009
-535.605 300.807
-537.677 296.402
-540.831 290.414
-543.817 284.565
-546.314 279.391
-547.738 276.025
-549.8 271.657
-552.781 265.493
-555.682 259.326
-558.411 253.363
-561.003 247.554
-562.962 243.155
-564.994 238.622
-568.346 230.396
-569.693 227.718
-572.682 219.998
-574.262 216.807
-576.637 210.785
-579.597 202.052
-581.457 197.583
-583.107 194.392
-585.368 187.872
-587.618 180.912
-589.682 174.729
-603.39 121.111
-604.261 115.131
-604.935 109.605
-605.338 104.9
-607.136 95.5485
-608.213 88.1744
-608.402 83.7578
-608.575 79.6364
-609.759 70.8931
-610.247 64.987
-610.637 59.4686
-610.936 54.4996
-611.665 46.1594
-611.835 41.7909
-612.279 34.5182
-612.493 29.4644
-612.716 24.3701
-612.944 19.336
-613.145 12.4409
-613.366 7.99358
-613.498 1.67062
-613.509 -5.5148
-613.246 -14.8261
-613.637 -16.9394
-613.945 -20.8821
-613.782 -27.7471
-613.243 -36.1907
-613.727 -39.2923
-613.722 -44.8339
-613.751 -50.2116
-613.581 -56.2298
-604.251 -114.092
-602.744 -122.172
-601.309 -127.138
-599.798 -133.072
-598.085 -140.571
-596.736 -144.329
-595.115 -150.249
-593.264 -157.228
-591.114 -165.354
-589.69 -169.333
-588.477 -172.712
-585.654 -182.428
-584.194 -186.561
-581.807 -193.867
-580.74 -196.812
-578.442 -203.464
-576.86 -208.034
-574.514 -214.49
-574.304 -215.999
-570.687 -225.006
-568.735 -230.279
-566.508 -236.034
-565.337 -239.805
-561.34 -248.529
-561.058 -250.809
-556.202 -260.47
-556.672 -261.754
-552.099 -270.496
-549.883 -275.713
-525.187 -318.946
-521.762 -324.161
-518.347 -329.243
-514.922 -334.246
-511.47 -339.216
-508.532 -343.218
-505.464 -347.457
-501.225 -353.51
-498.712 -356.831
-494.678 -362.37
-491.351 -366.834
-487.66 -371.736
-484.571 -375.832
-480.674 -380.87
-477.798 -384.694
-473.757 -389.778
-469.44 -395.062
-466.407 -398.99
-463.395 -402.92
-458.269 -408.736
-455.135 -412.711
-429.924 -437.676
-423.603 -443.911
-421.128 -445.885
-414.667 -451.968
-412.116 -454.079
-403.736 -461.699
-400.016 -464.793
-395.97 -468.199
-391.127 -472.254
-386.151 -476.349
-378.786 -482.218
-376.039 -484.438
-372.234 -487.506
-367.371 -491.284
-363.456 -494.42
-357.22 -498.94
-322.346 -524.052
-316.909 -527.06
-311.767 -529.773
-305.962 -532.966
-301.525 -535.068
-295.662 -538.19
-290.699 -540.63
-285.432 -543.244
-280.801 -545.441
-275.206 -548.189
-269.648 -550.863
-264.951 -553.044
-261.362 -554.702
-254.609 -557.834
-249.411 -560.2
-244.178 -562.552
-238.979 -564.863
-232.863 -567.465
-228.437 -569.461
-222.229 -571.999
-217.735 -574.003
-211.506 -576.445
-206.066 -578.643
-200.544 -580.826
-194.894 -582.997
-190.268 -584.974
-184.548 -587.102
-132.844 -600.163
-128.314 -600.707
-119.686 -602.635
-115.149 -603.129
-110.699 -603.642
-103.425 -604.902
-97.8357 -605.671
-90.3616 -606.82
-88.5383 -606.814
-79.4966 -608.104
-72.3211 -608.981
-68.1385 -609.393
-60.781 -610.166
-56.1898 -610.624
-51.2154 -611.131
-45.9887 -611.655
-39.9312 -612.175
-34.7559 -612.678
-26.6866 -613.053
-20.5262 -613.424
-14.6471 -613.772
-7.95698 -614.006
-3.03857 -614.392
3.49084 -614.552
51.4223 -612.548
58.9715 -611.84
62.8388 -610.945
71.8407 -610.119
78.4074 -609.175
84.3815 -608.185
89.2582 -607.216
95.9371 -606.114
98.0809 -605.428
106.517 -604.037
114.549 -602.585
114.587 -602.39
122.541 -600.817
129.376 -599.379
135.141 -598.124
140.543 -596.936
146.742 -595.495
153.131 -593.939
158.108 -592.795
164.914 -590.988
169.605 -589.914
175.158 -588.5
181.404 -586.751
185.712 -585.858
192.855 -583.58
198.403 -582.03
244.132 -563.955
251.881 -560.649
257.846 -557.762
262.635 -555.198
266.983 -552.784
271.386 -550.364
278.977 -546.622
282.559 -544.485
288.49 -541.299
293.724 -538.386
298.563 -535.641
302.233 -533.529
309.119 -529.572
311.611 -528.197
318.271 -524.21
324.108 -520.658
328.854 -517.79
332.783 -515.518
339.622 -510.991
344.178 -508.162
349.377 -504.774
353.588 -502.21
357.838 -499.636
363.363 -495.81
398.579 -467.326
401.144 -464.567
405.808 -460.337
411.271 -455.425
416.713 -450.417
421.598 -445.75
424.503 -442.7
430.656 -436.77
435.356 -432.011
438.251 -428.91
442.086 -424.912
446.069 -420.737
448.867 -417.881
456.596 -409.302
458.862 -406.926
462.774 -402.61
467.869 -396.67
471.665 -392.331
474.504 -389.344
478.601 -384.508
482.69 -379.588
486.764 -374.586
512.633 -338.903
514.528 -335.19
517.672 -329.989
522.061 -323.097
524.029 -319.285
526.879 -314.284
530.539 -308.013
533.253 -303.063
536.252 -297.598
539.345 -291.874
541.307 -288.095
543.541 -283.893
546.643 -277.908
550.012 -271.18
552.794 -265.549
554.699 -261.957
557.673 -255.685
559.863 -251.417
563.17 -243.804
565.714 -238.214
569.406 -228.667
570.372 -228.138
573.284 -220.576
589.695 -175.088
591.356 -168.715
592.642 -163.043
593.536 -158.257
594.822 -152.49
596.083 -146.702
597.382 -140.691
598.511 -135.085
599.395 -130.273
600.711 -123.801
601.768 -118.17
602.8 -112.529
603.809 -106.867
604.785 -101.235
605.741 -95.5596
606.773 -88.9481
607.593 -83.9515
608.506 -77.583
609.279 -73.3815
610.132 -66.9187
610.929 -60.4341
611.699 -55.2268
612.398 -48.6826
613.058 -42.4498
613.78 -37.4026
614.383 -31.2929
