613.425 21.3366
613.016 28.1152
612.458 33.8654
611.764 37.2442
611.234 44.242
610.627 51.3996
609.942 58.02
609.195 64.5193
608.451 69.798
607.499 77.8228
606.889 80.8554
606.017 86.8624
605.209 92.16
604.372 97.5691
603.242 104.392
602.743 108.036
601.41 115.317
600.522 120.577
599.236 127.16
597.651 134.484
597.335 137.73
595.583 145.151
595.028 149.228
593.397 155.99
592.481 160.963
576.192 213.155
574.035 217.579
571.663 223
569.213 228.593
566.813 233.855
563.907 240.71
562.589 242.406
559.51 249.437
556.073 257.152
553.747 261.682
551.156 266.85
548.522 272.042
546.527 275.849
542.869 282.977
541.041 286.455
537.835 292.464
535.115 297.531
532.691 302.083
529.439 307.873
525.796 314.113
523.326 318.578
519.329 325.061
516.801 329.508
514.123 334.141
511.567 338.627
507.115 345.192
504.707 349.426
502.059 353.933
469.339 395.526
464.876 400.546
461.594 403.685
457.306 408.297
455.166 409.98
448.906 417.036
445.454 420.395
440.011 426.105
436.894 429.022
433.21 432.614
429.048 436.689
423.046 442.513
420.82 444.634
413.644 451.298
409.336 455.237
406.257 458.123
402.562 461.554
396.864 466.477
393.335 469.729
386.207 475.46
383.312 478.202
377.443 482.868
373.463 486.285
368.596 490.201
363.488 494.194
328.31 517.74
323.818 520.256
317.976 523.758
313.763 526.033
308.424 529.075
304.212 531.358
296.803 535.568
290.546 538.959
285.743 541.445
280.711 544.036
275.946 546.471
267.019 550.878
263.638 552.55
257.663 555.401
252.294 557.938
246.004 560.783
240.411 563.299
235.434 565.564
229.212 568.193
221.005 571.338
216.342 573.356
174.131 589.059
169.453 589.92
164.2 591.06
156.885 593.031
152.012 593.95
149.163 594.188
140.313 596.47
135.044 597.493
128.076 598.987
117.824 601.315
116.824 601.063
109.159 602.504
103.292 603.471
98.5469 604.207
91.8937 605.244
85.2162 606.222
80.7579 606.893
73.5244 607.831
67.8007 608.578
61.6496 609.313
56.5251 609.98
50.165 610.641
43.6995 611.244
38.1605 611.829
30.8457 612.279
25.685 612.817
17.7591 613.064
11.7391 613.429
5.91891 613.784
-47.2219 612.449
-51.6204 611.568
-56.9417 610.768
-65.1528 610.026
-69.6101 609.134
-74.8089 608.26
-82.5694 607.272
-86.6711 606.398
-92.3228 605.433
-95.199 604.791
-106.724 603.014
-111.246 602.062
-114.878 601.311
-122.044 599.892
-127.102 598.868
-134.406 597.28
-139.597 596.169
-145.405 594.866
-151.606 593.396
-156.912 592.179
-165.627 589.698
-171.125 588.283
-178.033 586.271
-181.363 585.709
-188.414 583.514
-196.952 580.517
-199.792 580.204
-206.92 577.715
-247.229 561.001
-253.511 558.102
-256.118 556.453
-264.679 552.588
-270.258 549.758
-275.788 546.893
-279.848 544.641
-285.231 541.774
-290.876 538.725
-297.009 535.35
-301.573 532.763
-308.06 529.035
-311.707 526.945
-319.686 522.098
-322.77 520.343
-328.647 516.7
-332.93 514.155
-337.252 511.597
-344.35 506.761
-348.85 503.948
-354.949 499.702
-358.611 497.579
-397.224 468.281
-401.656 464.138
-405.952 460.044
-410.194 455.945
-414.369 451.857
-418.511 447.752
-422.572 443.676
-426.599 439.592
-430.583 435.512
-434.535 431.425
-438.438 427.351
-442.311 423.277
-446.18 419.174
-450.008 415.085
-453.86 410.934
-457.694 406.768
-461.558 402.526
-465.435 398.224
-469.295 393.905
-473.166 389.525
-477.031 385.105
-480.913 380.6
-484.766 376.075
-488.604 371.501
-492.459 366.817
-522.064 323.108
-526.288 316.284
-528.008 312.382
-532.135 305.413
-534.788 300.232
-536.841 295.852
-539.985 289.881
-542.96 284.05
-545.444 278.898
-546.857 275.552
-548.908 271.204
-551.885 265.049
-554.781 258.892
-557.5 252.949
-560.084 247.161
-562.037 242.775
-564.055 238.28
-567.404 230.059
-568.738 227.422
-571.726 219.704
-573.295 216.551
-575.667 210.543
-578.625 201.815
-580.482 197.361
-582.126 194.201
-584.386 187.683
-586.633 180.74
-588.695 174.569
-602.462 120.738
-603.328 114.772
-603.993 109.271
-604.385 104.598
-606.18 95.255
-607.25 87.9044
-607.433 83.5125
-607.599 79.4188
-608.78 70.6899
-609.263 64.8086
-609.649 59.3172
-609.944 54.3785
-610.671 46.0479
-610.838 41.7132
-611.281 34.4571
-611.493 29.4333
-611.716 24.3685
-611.944 19.3567
-612.146 12.4878
-612.369 8.06599
-612.503 1.76501
-612.514 -5.41184
-612.252 -14.7194
-612.647 -16.8019
-612.957 -20.725
-612.798 -27.5706
-612.26 -36.0073
-612.749 -39.0836
-612.748 -44.6078
-612.782 -49.9673
-612.615 -55.9706
-603.252 -114.058
-601.746 -122.11
-600.312 -127.055
-598.803 -132.965
-597.094 -140.441
-595.749 -144.17
-594.132 -150.066
-592.284 -157.028
-590.14 -165.128
-588.722 -169.082
-587.515 -172.438
-584.692 -182.156
-583.236 -186.273
-580.853 -193.568
-579.794 -196.488
-577.499 -203.133
-575.923 -207.683
-573.587 -214.114
-573.392 -215.591
-569.774 -224.598
-567.829 -229.855
-565.608 -235.598
-564.45 -239.344
-560.453 -248.067
-560.186 -250.32
-555.328 -259.985
-555.817 -261.236
-551.254 -269.962
-549.053 -275.156
-524.291 -318.503
-520.873 -323.704
-517.469 -328.764
-514.056 -333.746
-510.613 -338.702
-507.686 -342.685
-504.629 -346.907
-500.394 -352.954
-497.896 -356.253
-493.868 -361.784
-490.551 -366.234
-486.868 -371.124
-483.792 -375.205
-479.908 -380.227
-477.053 -384.027
-473.025 -389.097
-468.713 -394.375
-465.696 -398.287
-462.698 -402.202
-457.575 -408.016
-454.457 -411.975
-429.167 -437.023
-422.861 -443.24
-420.41 -445.189
-413.952 -451.268
-411.432 -453.349
-403.051 -460.97
-399.355 -464.043
-395.332 -467.429
-390.5 -471.476
-385.554 -475.547
-378.198 -481.409
-375.47 -483.615
-371.692 -486.666
-366.856 -490.427
-362.953 -493.556
-356.722 -498.073
-321.686 -523.3
-316.261 -526.299
-311.133 -529
-305.337 -532.185
-300.911 -534.279
-295.069 -537.384
-290.122 -539.813
-284.883 -542.409
-280.268 -544.594
-274.692 -547.331
-269.154 -549.993
-264.482 -552.16
-260.919 -553.806
-254.18 -556.931
-249.013 -559.282
-243.804 -561.624
-238.629 -563.926
-232.532 -566.521
-228.128 -568.51
-221.947 -571.04
-217.475 -573.037
-211.265 -575.475
-205.85 -577.667
-200.345 -579.846
-194.733 -582.01
-190.13 -583.984
-184.434 -586.108
-132.501 -599.224
-127.995 -599.759
-119.364 -601.688
-114.851 -602.175
-110.424 -602.68
-103.164 -603.936
-97.5915 -604.702
-90.1306 -605.847
-88.3483 -605.832
-79.3184 -607.12
-72.1583 -607.994
-68.0101 -608.401
-60.6675 -609.173
-56.1091 -609.627
-51.1562 -610.133
-45.9582 -610.655
-39.9326 -611.175
-34.7692 -611.678
-26.7181 -612.054
-20.5723 -612.425
-14.7352 -612.776
-8.05457 -613.011
-3.16772 -613.4
3.34323 -613.563
51.4585 -611.549
59.0006 -610.84
62.8305 -609.945
71.8178 -609.12
78.3722 -608.176
84.3308 -607.186
89.1853 -606.219
95.8535 -605.117
97.9589 -604.436
106.396 -603.044
114.426 -601.592
114.421 -601.404
122.347 -599.835
129.166 -598.401
134.907 -597.152
140.283 -595.97
146.462 -594.535
152.831 -592.985
157.781 -591.85
164.571 -590.049
169.232 -588.986
174.762 -587.581
180.989 -585.841
185.275 -584.959
192.405 -582.686
197.939 -581.145
243.862 -562.992
251.603 -559.688
257.557 -556.804
262.319 -554.249
266.653 -551.84
271.028 -549.43
278.603 -545.695
282.159 -543.568
288.065 -540.394
293.277 -537.492
298.091 -534.759
301.731 -532.665
308.605 -528.714
311.068 -527.357
317.717 -523.378
323.531 -519.841
328.256 -516.989
332.172 -514.727
338.989 -510.216
343.524 -507.405
348.712 -504.027
352.913 -501.473
357.147 -498.914
362.663 -495.095
398.053 -466.475
400.594 -463.732
405.231 -459.52
410.682 -454.616
416.112 -449.619
420.981 -444.963
423.852 -441.941
429.992 -436.022
434.678 -431.276
437.553 -428.193
441.369 -424.215
445.334 -420.059
448.113 -417.224
455.838 -408.65
458.083 -406.299
461.974 -402.01
467.062 -396.08
470.842 -391.762
473.662 -388.805
477.747 -383.988
481.824 -379.087
485.893 -374.096
511.873 -338.253
513.757 -334.554
516.891 -329.364
521.28 -322.473
523.23 -318.682
526.071 -313.696
529.726 -307.432
532.429 -302.497
535.415 -297.051
538.488 -291.359
540.44 -287.596
542.655 -283.43
545.752 -277.454
549.11 -270.748
551.886 -265.13
553.776 -261.571
556.74 -255.325
558.922 -251.079
562.223 -243.482
564.757 -237.924
568.45 -228.375
569.405 -227.884
572.31 -220.35
588.788 -174.667
590.445 -168.304
591.721 -162.654
592.605 -157.89
593.886 -152.138
595.145 -146.357
596.439 -140.36
597.562 -134.771
598.439 -129.98
599.749 -123.528
600.8 -117.921
601.825 -112.306
602.829 -106.669
603.797 -101.08
604.752 -95.4126
605.781 -88.8212
606.597 -83.8546
607.509 -77.5079
608.28 -73.3415
609.133 -66.9
609.929 -60.4277
610.699 -55.2497
611.399 -48.7263
612.06 -42.5163
612.784 -37.4994
613.391 -31.4205
