612.432 21.4532
612.023 28.2292
611.463 33.9617
610.767 37.3173
610.236 44.2976
609.627 51.4312
608.942 58.0395
608.195 64.5016
607.452 69.7611
606.501 77.766
605.893 80.7655
605.023 86.7487
604.218 92.0267
603.386 97.4
602.258 104.213
601.767 107.82
600.437 115.085
599.556 120.318
598.275 126.882
596.7 134.175
596.392 137.399
594.645 144.806
594.103 148.85
592.479 155.595
591.575 160.541
575.212 212.955
573.06 217.356
570.692 222.761
568.245 228.339
565.848 233.593
562.944 240.44
561.638 242.098
558.56 249.123
555.127 256.828
552.811 261.331
550.229 266.475
547.605 271.643
545.624 275.419
541.972 282.535
540.153 285.995
536.965 291.972
534.257 297.017
531.849 301.544
528.603 307.324
524.975 313.543
522.522 317.984
518.533 324.455
516.024 328.878
513.36 333.495
510.817 337.965
506.368 344.527
503.977 348.743
501.343 353.235
468.5 394.982
464.049 399.984
460.776 403.109
456.497 407.709
454.379 409.363
448.122 416.416
444.678 419.763
439.243 425.463
436.145 428.36
432.487 431.924
428.336 435.986
422.341 441.803
420.146 443.895
412.978 450.552
408.695 454.47
405.63 457.344
401.96 460.756
396.267 465.675
392.757 468.913
385.633 474.641
382.755 477.371
376.89 482.034
372.928 485.44
368.073 489.349
362.983 493.33
327.691 516.955
323.208 519.463
317.382 522.954
313.182 525.219
307.855 528.253
303.663 530.522
296.268 534.723
290.027 538.105
285.248 540.576
280.239 543.154
275.499 545.577
266.588 549.976
263.234 551.635
257.277 554.478
251.931 557.006
245.666 559.841
240.096 562.35
235.138 564.609
228.928 567.235
220.727 570.378
216.086 572.39
173.709 588.153
169.061 589
163.817 590.136
156.515 592.102
151.656 593.015
148.842 593.241
139.988 595.525
134.737 596.541
127.778 598.032
117.532 600.359
116.569 600.096
108.933 601.53
103.083 602.493
98.3687 603.223
91.7437 604.256
85.0861 605.231
80.6442 605.9
73.4358 606.835
67.7464 607.579
61.6187 608.314
56.5239 608.98
50.1864 609.641
43.7341 610.245
38.2145 610.831
30.9072 611.281
25.7683 611.821
17.8455 612.068
11.8415 612.434
6.03799 612.791
-47.2971 611.451
-51.6691 610.569
-56.9702 609.768
-65.1796 609.027
-69.6114 608.134
-74.7896 607.261
-82.5356 606.272
-86.6185 605.399
-92.2526 604.436
-95.0931 603.797
-106.603 602.021
-111.101 601.073
-114.703 600.326
-121.852 598.91
-126.89 597.891
-134.17 596.309
-139.333 595.204
-145.117 593.908
-151.296 592.445
-156.576 591.238
-165.284 588.759
-170.766 587.35
-177.666 585.341
-180.965 584.791
-188.01 582.599
-196.542 579.604
-199.357 579.303
-206.472 576.821
-246.914 560.052
-253.171 557.162
-255.745 555.525
-264.298 551.664
-269.857 548.842
-275.374 545.982
-279.42 543.737
-284.791 540.876
-290.416 537.837
-296.54 534.467
-301.087 531.89
-307.566 528.165
-311.198 526.084
-319.166 521.244
-322.216 519.51
-328.078 515.878
-332.335 513.351
-336.639 510.807
-343.73 505.977
-348.213 503.177
-354.306 498.937
-357.953 496.826
-396.691 467.435
-401.102 463.305
-405.378 459.225
-409.6 455.141
-413.754 451.068
-417.877 446.979
-421.925 442.914
-425.932 438.847
-429.897 434.784
-433.837 430.71
-437.716 426.66
-441.577 422.598
-445.428 418.515
-449.239 414.446
-453.08 410.308
-456.909 406.149
-460.763 401.92
-464.63 397.632
-468.484 393.319
-472.35 388.946
-476.21 384.534
-480.083 380.043
-483.927 375.532
-487.756 370.973
-491.597 366.309
-521.302 322.46
-525.513 315.651
-527.217 311.77
-531.333 304.817
-533.97 299.656
-536.011 295.295
-539.144 289.341
-542.102 283.534
-544.574 278.405
-545.977 275.078
-548.017 270.751
-550.989 264.606
-553.88 258.459
-556.593 252.528
-559.168 246.76
-561.108 242.403
-563.116 237.937
-566.462 229.723
-567.782 227.126
-570.771 219.41
-572.329 216.294
-574.697 210.3
-577.654 201.578
-579.505 197.147
-581.144 194.009
-583.402 187.502
-585.648 180.567
-587.708 174.409
-601.535 120.364
-602.395 114.413
-603.053 108.929
-603.435 104.286
-605.224 94.9616
-606.287 87.6346
-606.463 83.2674
-606.621 79.209
-607.801 70.4869
-608.279 64.6302
-608.66 59.1658
-608.951 54.2573
-609.676 45.9446
-609.841 41.6356
-610.282 34.4045
-610.494 29.4107
-610.716 24.3669
-610.944 19.3773
-611.148 12.5347
-611.372 8.13829
-611.507 1.85928
-611.519 -5.309
-611.258 -14.6127
-611.656 -16.6645
-611.971 -20.559
-611.813 -27.3942
-611.276 -35.8319
-611.771 -38.8751
-611.774 -44.3819
-611.812 -49.7231
-611.65 -55.7115
-602.252 -114.015
-600.747 -122.057
-599.316 -126.971
-597.809 -132.857
-596.102 -140.31
-594.762 -144.01
-593.149 -149.883
-591.304 -156.829
-589.166 -164.903
-587.754 -168.83
-586.553 -172.165
-583.729 -181.885
-582.281 -185.977
-579.899 -193.269
-578.848 -196.164
-576.555 -202.802
-574.987 -207.331
-572.658 -213.745
-572.483 -215.174
-568.861 -224.19
-566.923 -229.431
-564.708 -235.162
-563.563 -238.883
-559.563 -247.612
-559.314 -249.83
-554.453 -259.5
-554.962 -260.717
-550.408 -269.428
-548.222 -274.599
-523.39 -318.068
-519.983 -323.247
-516.591 -328.286
-513.19 -333.246
-509.759 -338.181
-506.84 -342.152
-503.794 -346.356
-499.568 -352.39
-497.08 -355.674
-493.057 -361.198
-489.751 -365.633
-486.077 -370.513
-483.013 -374.578
-479.143 -379.584
-476.307 -383.361
-472.293 -388.416
-467.987 -393.687
-464.984 -397.585
-462.002 -401.484
-456.882 -407.295
-453.779 -411.24
-428.41 -436.37
-422.113 -442.576
-419.691 -444.494
-413.238 -450.568
-410.747 -452.62
-402.372 -460.235
-398.694 -463.293
-394.7 -466.654
-389.872 -470.697
-384.95 -474.75
-377.604 -480.605
-374.909 -482.788
-371.157 -485.821
-366.341 -489.57
-362.45 -492.692
-356.232 -497.201
-321.027 -522.547
-315.613 -525.537
-310.498 -528.227
-304.713 -531.404
-300.297 -533.489
-294.477 -536.579
-289.551 -538.992
-284.326 -541.578
-279.735 -543.748
-274.179 -546.473
-268.66 -549.124
-264.014 -551.277
-260.484 -552.905
-253.75 -556.028
-248.615 -558.365
-243.422 -560.7
-238.272 -562.992
-232.202 -565.578
-227.818 -567.559
-221.666 -570.08
-217.224 -572.069
-211.024 -574.504
-205.634 -576.69
-200.155 -578.864
-194.565 -581.024
-189.992 -582.993
-184.32 -585.115
-132.159 -598.284
-127.676 -598.811
-119.043 -600.741
-114.553 -601.221
-110.149 -601.719
-102.895 -602.973
-97.3474 -603.732
-89.8997 -604.874
-88.1584 -604.85
-79.1402 -606.136
-72.0038 -607.006
-67.8818 -607.409
-60.5541 -608.179
-56.0285 -608.63
-51.0971 -609.134
-45.9276 -609.656
-39.9338 -610.175
-34.7825 -610.678
-26.7505 -611.054
-20.6183 -611.426
-14.8232 -611.78
-8.16115 -612.017
-3.29672 -612.408
3.20322 -612.573
51.4946 -610.549
59.022 -609.84
62.822 -608.946
71.7947 -608.12
78.3368 -607.177
84.2801 -606.188
89.1122 -605.221
95.7698 -604.121
97.8369 -603.443
106.275 -602.051
114.294 -600.601
114.247 -600.419
122.163 -598.853
128.964 -597.422
134.682 -596.178
140.031 -595.002
146.181 -593.575
152.532 -592.031
157.461 -590.903
164.227 -589.11
168.859 -588.058
174.366 -586.663
180.575 -584.931
184.829 -584.063
191.956 -581.793
197.475 -580.259
243.592 -562.029
251.325 -558.728
257.268 -555.847
262.002 -553.3
266.316 -550.898
270.67 -548.497
278.229 -544.767
281.759 -542.651
287.639 -539.489
292.837 -536.593
297.619 -533.877
301.236 -531.796
308.092 -527.856
310.525 -526.517
317.163 -522.545
322.961 -519.019
327.664 -516.183
331.561 -513.935
338.357 -509.442
342.876 -506.643
348.047 -503.28
352.231 -500.741
356.449 -498.197
361.964 -494.38
397.527 -465.625
400.043 -462.898
404.662 -458.698
410.093 -453.808
415.504 -448.824
420.357 -444.181
423.202 -441.181
429.336 -435.268
434.007 -430.535
436.855 -427.477
440.652 -423.518
444.599 -419.381
447.354 -416.573
455.074 -408.004
457.304 -405.672
461.179 -401.403
466.254 -395.49
470.02 -391.193
472.824 -388.26
476.893 -383.468
480.959 -378.585
485.017 -373.613
511.114 -337.602
512.985 -333.918
516.11 -328.74
520.498 -321.85
522.432 -318.08
525.262 -313.108
528.912 -306.85
531.6 -301.938
534.578 -296.504
537.63 -290.845
539.569 -287.104
541.769 -282.966
544.865 -276.994
548.208 -270.316
550.975 -264.718
552.85 -261.194
555.807 -254.965
557.978 -250.75
561.274 -243.169
563.802 -237.626
567.494 -228.083
568.438 -227.63
571.338 -220.116
587.877 -174.253
589.53 -167.9
590.799 -162.266
591.679 -157.515
592.95 -151.787
594.206 -146.012
595.495 -140.028
596.613 -134.456
597.483 -129.688
598.785 -123.262
599.831 -117.673
600.849 -112.091
601.847 -106.48
602.812 -100.907
603.763 -95.2656
604.79 -88.6944
605.602 -83.7577
606.512 -77.4328
607.281 -73.3013
608.133 -66.8812
608.929 -60.4213
609.7 -55.2815
610.4 -48.7788
611.063 -42.5917
611.789 -37.596
612.398 -31.5408
