611.439 21.5696
611.029 28.343
610.469 34.067
609.77 37.3901
609.237 44.353
608.628 51.4627
607.942 58.051
607.196 64.4849
606.452 69.7241
605.502 77.718
604.897 80.6756
604.03 86.6349
603.226 91.8935
602.401 97.2309
601.276 104.026
600.789 107.612
599.466 114.845
598.59 120.059
597.315 126.604
595.746 133.874
595.448 137.067
593.706 144.461
593.177 148.472
591.56 155.2
590.669 160.118
574.232 212.755
572.086 217.133
569.721 222.521
567.276 228.094
564.883 233.331
561.981 240.171
560.684 241.799
557.611 248.808
554.18 256.505
551.875 260.98
549.302 266.1
546.689 271.243
544.722 274.989
541.075 282.093
539.269 285.528
536.094 291.48
533.404 296.495
531.002 301.011
527.772 306.768
524.153 312.973
521.717 317.39
517.738 323.85
515.246 328.249
512.596 332.85
510.068 337.303
505.621 343.862
503.246 348.061
500.627 352.536
467.661 394.437
463.217 399.429
459.959 402.533
455.688 407.122
453.592 408.746
447.332 415.803
443.903 419.132
438.476 424.822
435.395 427.698
431.763 431.234
427.624 435.284
421.643 441.088
419.472 443.156
412.311 449.807
408.042 453.713
405.01 456.559
401.356 459.958
395.677 464.868
392.179 468.097
385.059 473.822
382.197 476.541
376.346 481.196
372.393 484.595
367.558 488.492
362.486 492.463
327.064 516.176
322.599 518.67
316.782 522.154
312.6 524.406
307.287 527.43
303.114 529.686
295.734 533.877
289.514 537.246
284.76 539.703
279.775 542.269
275.059 544.678
266.149 549.078
262.829 550.721
256.891 553.556
251.569 556.074
245.33 558.899
239.789 561.398
234.85 563.651
228.651 566.274
220.448 569.417
215.829 571.423
173.287 587.246
168.669 588.08
163.434 589.212
156.138 591.176
151.3 592.081
148.512 592.297
139.662 594.58
134.431 595.589
127.481 597.077
117.241 599.403
116.313 599.13
108.699 600.558
102.882 601.514
98.1822 602.24
91.5937 603.267
84.956 604.239
80.5303 604.906
73.3557 605.838
67.692 606.581
61.5876 607.314
56.5227 607.98
50.2076 608.642
43.7686 609.245
38.2683 609.832
30.9686 610.282
25.8516 610.824
17.9409 611.073
11.9438 611.439
6.15691 611.799
-47.3722 610.454
-51.7177 609.57
-56.9985 608.769
-65.2062 608.027
-69.6125 607.134
-74.77 606.261
-82.5107 605.273
-86.5657 604.401
-92.1822 603.438
-94.9878 602.802
-106.491 601.027
-110.955 600.084
-114.528 599.341
-121.66 597.929
-126.669 596.915
-133.925 595.339
-139.069 594.24
-144.829 592.951
-150.986 591.494
-156.239 590.296
-164.942 587.819
-170.398 586.42
-177.291 584.414
-180.566 583.874
-187.597 581.689
-196.133 578.692
-198.915 578.407
-206.025 575.927
-246.599 559.103
-252.824 556.224
-255.372 554.597
-263.909 550.743
-269.464 547.922
-274.96 545.072
-278.992 542.833
-284.35 539.979
-289.963 536.945
-296.071 533.583
-300.607 531.012
-307.073 527.296
-310.689 525.223
-318.645 520.39
-321.67 518.673
-327.508 515.056
-331.747 512.543
-336.033 510.011
-343.109 505.192
-347.576 502.407
-353.663 498.171
-357.295 496.073
-396.158 466.589
-400.542 462.477
-404.811 458.401
-409.013 454.331
-413.147 450.274
-417.25 446.201
-421.277 442.152
-425.266 438.102
-429.211 434.057
-433.132 430
-436.993 425.969
-440.842 421.92
-444.675 417.857
-448.475 413.8
-452.306 409.675
-456.124 405.53
-459.967 401.314
-463.824 397.04
-467.674 392.734
-471.535 388.368
-475.39 383.962
-479.252 379.485
-483.087 374.989
-486.907 370.444
-490.736 365.801
-520.54 321.812
-524.734 315.025
-526.426 311.158
-530.535 304.213
-533.147 299.087
-535.176 294.745
-538.302 288.8
-541.241 283.026
-543.708 277.905
-545.096 274.605
-547.125 270.298
-550.092 264.163
-552.978 258.026
-555.683 252.114
-558.252 246.359
-560.18 242.031
-562.176 237.594
-565.518 229.395
-566.829 226.822
-569.812 219.125
-571.362 216.038
-573.724 210.066
-576.682 201.341
-578.528 196.934
-580.163 193.818
-582.419 187.321
-584.661 180.403
-586.72 174.258
-600.61 119.983
-601.461 114.055
-602.114 108.587
-602.484 103.976
-604.268 94.6685
-605.327 87.3564
-605.494 83.0224
-605.645 78.9906
-606.822 70.2839
-607.295 64.452
-607.672 59.0146
-607.957 54.1445
-608.681 45.8413
-608.844 41.5579
-609.284 34.3434
-609.494 29.3881
-609.716 24.3571
-609.945 19.3978
-610.149 12.5823
-610.374 8.21047
-610.512 1.95342
-610.525 -5.19729
-610.263 -14.5061
-610.666 -16.5272
-610.985 -20.3932
-610.829 -27.218
-610.291 -35.6566
-610.793 -38.6668
-610.798 -44.1635
-610.842 -49.4791
-610.682 -55.4597
-601.253 -113.973
-599.749 -122.003
-598.32 -126.88
-596.815 -132.75
-595.111 -140.179
-593.775 -143.851
-592.166 -149.7
-590.326 -156.621
-588.191 -164.677
-586.786 -168.579
-585.594 -171.882
-582.767 -181.614
-581.326 -185.681
-578.945 -192.969
-577.904 -195.832
-575.614 -202.463
-574.054 -206.971
-571.732 -213.368
-571.57 -214.764
-567.948 -223.782
-566.017 -229.008
-563.808 -234.726
-562.676 -238.421
-558.672 -247.157
-558.442 -249.341
-553.579 -259.014
-554.111 -260.191
-549.559 -268.901
-547.388 -274.048
-522.49 -317.633
-519.093 -322.791
-515.713 -327.808
-512.324 -332.747
-508.906 -337.66
-505.998 -341.611
-502.964 -345.799
-498.742 -351.827
-496.264 -355.096
-492.252 -360.605
-488.957 -365.026
-485.291 -369.895
-482.239 -373.944
-478.382 -378.934
-475.556 -382.701
-471.56 -387.735
-467.261 -393
-464.267 -396.888
-461.3 -400.772
-456.188 -406.575
-453.096 -410.511
-427.652 -435.717
-421.371 -441.906
-418.972 -443.799
-412.524 -449.868
-410.057 -451.897
-401.688 -459.506
-398.04 -462.537
-394.061 -465.885
-389.252 -469.913
-384.346 -473.953
-377.01 -479.801
-374.347 -481.961
-370.614 -484.981
-365.82 -488.717
-361.946 -491.828
-355.742 -496.329
-320.368 -521.795
-314.965 -524.775
-309.864 -527.454
-304.088 -530.624
-299.683 -532.7
-293.885 -535.773
-288.98 -538.17
-283.775 -540.744
-279.203 -542.902
-273.665 -545.615
-268.173 -548.25
-263.546 -550.393
-260.041 -552.009
-253.321 -555.125
-248.209 -557.451
-243.04 -559.776
-237.914 -562.058
-231.871 -564.634
-227.509 -566.608
-221.377 -569.123
-216.972 -571.102
-210.792 -573.531
-205.42 -575.714
-199.965 -577.882
-194.406 -580.037
-189.854 -582.003
-184.206 -584.121
-131.817 -597.344
-127.357 -597.863
-118.722 -599.794
-114.255 -600.266
-109.874 -600.757
-102.626 -602.01
-97.1035 -602.762
-89.669 -603.901
-87.968 -603.869
-78.9704 -605.151
-71.8494 -606.018
-67.7536 -606.418
-60.4407 -607.186
-55.9392 -607.634
-51.0378 -608.136
-45.897 -608.656
-39.9268 -609.175
-34.8047 -609.678
-26.7828 -610.055
-20.6643 -610.427
-14.9032 -610.783
-8.25982 -611.022
-3.41798 -611.416
3.07088 -611.582
51.5481 -609.551
59.0433 -608.84
62.8059 -607.946
71.7716 -607.12
78.3013 -606.177
84.2214 -605.189
89.0391 -604.224
95.6779 -603.125
97.7149 -602.451
106.145 -601.06
114.163 -599.61
114.073 -599.435
121.978 -597.87
128.754 -596.444
134.456 -595.204
139.771 -594.037
145.9 -592.615
152.231 -591.077
157.142 -589.955
163.875 -588.174
168.494 -587.127
173.977 -585.742
180.167 -584.018
184.391 -583.165
191.513 -580.896
197.011 -579.373
243.314 -561.068
251.047 -557.767
256.978 -554.89
261.695 -552.349
265.979 -549.957
270.313 -547.563
277.854 -543.84
281.352 -541.738
287.213 -538.584
292.398 -535.695
297.155 -532.991
300.741 -530.927
307.578 -526.998
309.982 -525.678
316.608 -521.713
322.392 -518.197
327.072 -515.377
330.943 -513.149
337.725 -508.667
342.228 -505.882
347.383 -502.533
351.55 -500.009
355.751 -497.481
361.265 -493.665
397 -464.775
399.492 -462.063
404.093 -457.876
409.505 -453
414.896 -448.03
419.728 -443.404
422.558 -440.416
428.679 -434.514
433.335 -429.795
436.158 -426.76
439.936 -422.821
443.864 -418.703
446.594 -415.922
454.31 -407.359
456.525 -405.046
460.385 -400.796
465.446 -394.901
469.203 -390.617
471.986 -387.714
476.043 -382.941
480.094 -378.084
484.142 -373.13
510.354 -336.952
512.214 -333.282
515.329 -328.115
519.716 -321.227
521.634 -317.478
524.453 -312.519
528.098 -306.269
530.771 -301.378
533.736 -295.964
536.777 -290.323
538.699 -286.613
540.886 -282.496
543.973 -276.54
547.306 -269.884
550.064 -264.307
551.924 -260.816
554.874 -254.605
557.034 -250.42
560.326 -242.849
562.847 -237.328
566.535 -227.8
567.468 -227.384
570.365 -219.882
586.967 -173.839
588.615 -167.496
589.878 -161.878
590.752 -157.139
592.017 -151.427
593.267 -145.667
594.552 -139.697
595.663 -134.142
596.527 -129.394
597.821 -122.997
598.862 -117.424
599.872 -111.875
600.867 -106.281
601.827 -100.734
602.774 -95.1186
603.798 -88.5675
604.608 -83.6525
605.515 -77.3577
606.282 -73.2531
607.133 -66.8544
607.929 -60.4158
608.7 -55.3131
609.401 -48.8236
610.065 -42.6669
610.795 -37.7014
611.405 -31.6609
