610.446 21.6859
610.036 28.4566
609.474 34.1721
608.772 37.4629
608.239 44.4099
607.628 51.494
606.942 58.0625
606.196 64.468
605.453 69.687
604.503 77.6619
603.901 80.5856
603.036 86.5212
602.234 91.7687
601.414 97.0702
600.293 103.839
599.811 107.403
598.496 114.605
597.627 119.791
596.357 126.317
594.793 133.574
594.505 136.736
592.77 144.108
592.248 148.101
590.641 154.805
589.762 159.696
573.251 212.563
571.109 216.918
568.748 222.291
566.307 227.849
563.918 233.069
561.018 239.901
559.73 241.499
556.662 248.494
553.234 256.181
550.936 260.636
548.375 265.724
545.772 270.844
543.819 274.558
540.178 281.651
538.385 285.061
535.223 290.988
532.551 295.974
530.156 300.479
526.936 306.218
523.337 312.395
520.913 316.795
516.947 323.237
514.469 327.62
511.832 332.204
509.318 336.641
504.874 343.198
502.515 347.379
499.911 351.838
466.822 393.893
462.385 398.874
459.141 401.957
454.879 406.534
452.799 408.136
446.541 415.19
443.127 418.501
437.709 424.18
434.651 427.03
431.039 430.544
426.913 434.581
420.945 440.372
418.792 442.423
411.645 449.061
407.388 452.956
404.39 455.775
400.747 459.166
395.087 464.06
391.6 467.281
384.485 473.003
381.64 475.711
375.801 480.357
371.866 483.745
367.043 487.635
361.989 491.595
326.437 515.397
321.989 517.878
316.181 521.354
312.019 523.593
306.718 526.607
302.565 528.85
295.2 533.032
288.994 536.392
284.265 538.834
279.303 541.387
274.62 543.78
265.717 548.175
262.424 549.806
256.506 552.633
251.214 555.139
244.993 557.958
239.475 560.448
234.562 562.694
228.375 565.313
220.179 568.455
215.572 570.457
172.872 586.336
168.268 587.164
163.052 588.288
155.76 590.25
150.944 591.146
148.182 591.353
139.336 593.634
134.116 594.64
127.183 596.122
116.949 598.446
116.058 598.163
108.465 599.585
102.68 600.534
98.0039 601.256
91.4354 602.28
84.8176 603.249
80.4249 603.912
73.2755 604.841
67.6382 605.582
61.5565 606.315
56.5214 606.98
50.2287 607.642
43.8029 608.246
38.322 608.833
31.0388 609.285
25.9346 609.828
18.0361 610.077
12.046 610.445
6.28495 610.807
-47.447 609.457
-51.766 608.571
-57.0267 607.769
-65.2326 607.028
-69.6135 606.134
-74.7504 605.261
-82.4855 604.273
-86.5129 603.402
-92.1117 602.441
-94.8824 601.808
-106.378 600.034
-110.81 599.094
-114.361 598.355
-121.469 596.947
-126.456 595.938
-133.681 594.37
-138.805 593.275
-144.541 591.993
-150.677 590.544
-155.903 589.354
-164.592 586.882
-170.031 585.49
-176.916 583.487
-180.168 582.957
-187.184 580.778
-195.724 577.78
-198.472 577.51
-205.577 575.033
-246.275 558.157
-252.485 555.283
-254.991 553.672
-263.52 549.822
-269.071 547.003
-274.546 544.162
-278.565 541.929
-283.909 539.081
-289.51 536.054
-295.602 532.7
-300.128 530.135
-306.58 526.426
-310.181 524.362
-318.124 519.536
-321.123 517.835
-326.945 514.229
-331.158 511.734
-335.42 509.221
-342.482 504.414
-346.939 501.636
-353.02 497.405
-356.631 495.326
-395.624 465.743
-399.99 461.643
-404.245 457.577
-408.426 453.522
-412.54 449.479
-416.616 445.427
-420.63 441.39
-424.599 437.356
-428.525 433.329
-432.421 429.297
-436.276 425.272
-440.107 421.242
-443.923 417.198
-447.711 413.155
-451.531 409.043
-455.339 404.91
-459.176 400.702
-463.019 396.447
-466.863 392.148
-470.719 387.789
-474.569 383.391
-478.422 378.928
-482.247 374.445
-486.058 369.915
-489.879 365.286
-519.778 321.165
-523.955 314.398
-525.634 310.546
-529.733 303.616
-532.33 298.511
-534.34 294.195
-537.456 288.267
-540.384 282.511
-542.842 277.405
-544.215 274.131
-546.238 269.838
-549.196 263.72
-552.077 257.593
-554.772 251.7
-557.336 245.958
-559.249 241.666
-561.24 237.243
-564.573 229.067
-565.877 226.519
-568.854 218.84
-570.395 215.782
-572.752 209.832
-575.711 201.104
-577.551 196.72
-579.181 193.626
-581.434 187.15
-583.675 180.24
-585.731 174.106
-599.683 119.607
-600.525 113.703
-601.171 108.251
-601.534 103.665
-603.312 94.3755
-604.366 87.0783
-604.524 82.7775
-604.669 78.7723
-605.841 70.0888
-606.31 64.2817
-606.682 58.8714
-606.964 54.0316
-607.688 45.7296
-607.847 41.4802
-608.286 34.2823
-608.494 29.3655
-608.716 24.3558
-608.945 19.4271
-609.15 12.6298
-609.377 8.29144
-609.517 2.05636
-609.532 -5.0857
-609.269 -14.3995
-609.676 -16.381
-609.999 -20.2276
-609.845 -27.042
-609.307 -35.4814
-609.814 -38.4662
-609.822 -43.9453
-609.87 -49.2425
-609.714 -55.2081
-600.254 -113.931
-598.75 -121.95
-597.324 -126.789
-595.821 -132.642
-594.119 -140.049
-592.789 -143.684
-591.181 -149.525
-589.348 -156.413
-587.217 -164.452
-585.818 -168.328
-584.635 -171.6
-581.804 -181.342
-580.371 -185.384
-577.991 -192.67
-576.961 -195.5
-574.674 -202.123
-573.122 -206.611
-570.805 -212.991
-570.658 -214.355
-567.035 -223.374
-565.112 -228.584
-562.908 -234.29
-561.785 -237.967
-557.782 -246.702
-557.566 -248.858
-552.705 -258.529
-553.257 -259.672
-548.714 -268.366
-546.553 -273.497
-521.59 -317.198
-518.204 -322.334
-514.834 -327.33
-511.458 -332.247
-508.052 -337.138
-505.157 -341.071
-502.133 -345.241
-497.916 -351.264
-495.454 -354.511
-491.447 -360.012
-488.163 -364.419
-484.505 -369.277
-481.465 -373.31
-477.622 -378.284
-474.81 -382.035
-470.828 -387.054
-466.528 -392.319
-463.549 -396.191
-460.597 -400.061
-455.489 -405.86
-452.412 -409.781
-426.894 -435.064
-420.629 -441.236
-418.248 -443.11
-411.816 -449.162
-409.367 -451.173
-401.003 -458.777
-397.379 -461.786
-393.422 -465.115
-388.631 -469.129
-383.743 -473.155
-376.422 -478.991
-373.778 -481.138
-370.072 -484.141
-365.298 -487.864
-361.451 -490.959
-355.251 -495.458
-319.703 -521.049
-314.31 -524.019
-309.223 -526.686
-303.464 -529.842
-299.076 -531.906
-293.293 -534.967
-288.41 -537.349
-283.225 -539.909
-278.677 -542.051
-273.151 -544.757
-267.679 -547.381
-263.07 -549.514
-259.597 -551.113
-252.892 -554.221
-247.803 -556.537
-242.658 -558.852
-237.565 -561.121
-231.533 -563.693
-227.201 -565.656
-221.087 -568.166
-216.713 -570.136
-210.553 -572.561
-205.205 -574.737
-199.774 -576.9
-194.239 -579.051
-189.725 -581.011
-184.1 -583.127
-131.475 -596.405
-127.039 -596.916
-118.409 -598.845
-113.964 -599.309
-109.6 -599.796
-102.357 -601.047
-96.8595 -601.792
-89.4462 -602.926
-87.7775 -602.887
-78.8006 -604.166
-71.6863 -605.032
-67.6166 -605.427
-60.3358 -606.191
-55.8587 -606.637
-50.9786 -607.138
-45.8579 -607.657
-39.9196 -608.175
-34.8268 -608.679
-26.815 -609.055
-20.7192 -609.428
-14.983 -609.786
-8.35835 -610.027
-3.53908 -610.423
2.93869 -610.591
51.5941 -608.552
59.0645 -607.841
62.7983 -606.946
71.7482 -606.12
78.258 -605.178
84.1626 -604.191
88.9579 -603.227
95.586 -602.129
97.5928 -601.458
106.016 -600.068
114.031 -598.618
113.899 -598.45
121.793 -596.887
128.543 -595.467
134.222 -594.232
139.511 -593.071
145.619 -591.656
151.931 -590.123
156.814 -589.01
163.531 -587.235
168.129 -586.196
173.58 -584.824
179.751 -583.109
183.952 -582.266
191.071 -579.999
196.553 -578.484
243.037 -560.108
250.761 -556.809
256.689 -553.933
261.387 -551.397
265.642 -549.015
269.955 -546.629
277.48 -542.913
280.953 -540.821
286.788 -537.679
291.951 -534.801
296.684 -532.109
300.246 -530.058
307.065 -526.14
309.439 -524.838
316.054 -520.88
321.829 -517.371
326.481 -514.57
330.326 -512.363
337.099 -507.887
341.574 -505.126
346.718 -501.785
350.868 -499.277
355.053 -496.765
360.566 -492.95
396.475 -463.924
398.934 -461.233
403.517 -457.059
408.917 -452.191
414.295 -447.231
419.105 -442.622
421.914 -439.651
428.022 -433.76
432.657 -429.059
435.46 -426.044
439.219 -422.124
443.129 -418.025
445.84 -415.266
453.552 -406.707
455.746 -404.419
459.59 -400.189
464.638 -394.312
468.38 -390.049
471.148 -387.168
475.193 -382.415
479.233 -377.576
483.27 -372.64
509.594 -336.302
511.442 -332.646
514.548 -327.49
518.934 -320.603
520.841 -316.868
523.65 -311.924
527.285 -305.688
529.942 -300.819
532.895 -295.423
535.929 -289.793
537.824 -286.128
540.004 -282.025
543.082 -276.087
546.404 -269.452
549.156 -263.888
551.002 -260.43
553.941 -254.244
556.09 -250.09
559.376 -242.537
561.893 -237.03
565.578 -227.509
566.499 -227.139
569.391 -219.657
586.057 -173.426
587.7 -167.092
588.96 -161.481
589.825 -156.764
591.084 -151.067
592.329 -145.322
593.608 -139.366
594.717 -133.819
595.571 -129.1
596.859 -122.723
597.894 -117.175
598.895 -111.66
599.887 -106.083
600.842 -100.562
601.783 -94.98
602.805 -88.4491
603.612 -83.5559
604.517 -77.2831
605.283 -73.2048
606.133 -66.8275
606.929 -60.4102
607.7 -55.3369
608.402 -48.8683
609.068 -42.7419
609.799 -37.7994
610.413 -31.7827
