609.452 21.802
609.042 28.57
608.48 34.277
607.776 37.5446
607.241 44.4666
606.629 51.5343
605.942 58.0829
605.196 64.451
604.454 69.6499
603.505 77.6056
602.904 80.5043
602.042 86.416
601.242 91.644
600.427 96.9095
599.311 103.651
598.834 107.187
597.525 114.365
596.661 119.531
595.396 126.038
593.839 133.273
593.562 136.403
591.832 143.762
591.319 147.73
589.723 154.409
588.855 159.274
572.269 212.372
570.132 216.704
567.775 222.061
565.337 227.603
562.953 232.806
560.055 239.631
558.776 241.199
555.713 248.179
552.291 255.85
549.999 260.286
547.448 265.349
544.858 270.437
542.913 274.136
539.281 281.209
537.501 284.593
534.353 290.496
531.693 295.46
529.309 299.947
526.101 305.669
522.52 311.818
520.109 316.2
516.157 322.624
513.698 326.984
511.068 331.559
508.568 335.98
504.133 342.526
501.784 346.696
499.195 351.14
465.984 393.348
461.553 398.32
458.324 401.381
454.07 405.946
452.007 407.527
445.751 414.577
442.352 417.869
436.942 423.539
433.901 426.368
430.315 429.853
426.201 433.879
420.246 439.656
418.119 441.684
410.978 448.316
406.735 452.199
403.77 454.99
400.145 458.367
394.497 463.253
391.029 466.46
383.911 472.185
381.082 474.881
375.256 479.519
371.338 482.895
366.527 486.778
361.492 490.727
325.811 514.617
321.38 517.085
315.581 520.555
311.437 522.779
306.149 525.785
302.016 528.015
294.665 532.187
288.475 535.538
283.769 537.966
278.831 540.505
274.173 542.886
265.286 547.273
262.02 548.891
256.128 551.707
250.86 554.204
244.656 557.016
239.161 559.499
234.275 561.736
228.098 564.352
219.909 567.492
215.324 569.488
172.458 585.426
167.868 586.248
162.67 587.364
155.383 589.324
150.588 590.212
147.853 590.409
139.011 592.688
133.801 593.691
126.886 595.168
116.658 597.489
115.81 597.194
108.231 598.613
102.47 599.556
97.8256 600.272
91.2771 601.292
84.6792 602.258
80.3195 602.917
73.1957 603.844
67.5843 604.583
61.534 605.315
56.5121 605.98
50.2497 606.642
43.8371 607.247
38.3756 607.835
31.1089 608.287
26.0175 608.831
18.1312 609.082
12.1572 609.451
6.41282 609.815
-47.5216 608.46
-51.8235 607.573
-57.064 606.77
-65.2588 606.028
-69.6235 605.134
-74.7306 604.261
-82.4602 603.273
-86.4599 602.404
-92.0421 601.443
-94.7769 600.814
-106.265 599.04
-110.664 598.105
-114.195 597.369
-121.285 595.964
-126.244 594.961
-133.444 593.398
-138.541 592.31
-144.253 591.035
-150.366 589.593
-155.559 588.415
-164.242 585.946
-169.664 584.56
-176.541 582.56
-179.761 582.043
-186.771 579.867
-195.306 576.871
-198.03 576.613
-205.13 574.139
-245.952 557.21
-252.146 554.342
-254.61 552.748
-263.139 548.897
-268.677 546.083
-274.14 543.248
-278.137 541.025
-283.468 538.183
-289.058 535.162
-295.141 531.813
-299.649 529.257
-306.093 525.552
-309.672 523.502
-317.597 518.687
-320.577 516.998
-326.375 513.408
-330.57 510.925
-334.807 508.431
-341.855 503.635
-346.302 500.865
-352.377 496.639
-355.966 494.579
-395.091 464.897
-399.437 460.81
-403.672 456.757
-407.832 452.717
-411.926 448.69
-415.982 444.654
-419.982 440.627
-423.932 436.611
-427.845 432.595
-431.716 428.588
-435.559 424.575
-439.372 420.564
-443.171 416.539
-446.948 412.509
-450.757 408.41
-454.553 404.291
-458.386 400.089
-462.218 395.848
-466.052 391.563
-469.904 387.211
-473.749 382.819
-477.592 378.37
-481.408 373.902
-485.21 369.386
-489.022 364.771
-519.011 320.523
-523.181 313.765
-524.839 309.941
-528.931 303.019
-531.513 297.935
-533.505 293.645
-536.611 287.733
-539.527 281.995
-541.976 276.905
-543.338 273.65
-545.35 269.377
-548.303 263.269
-551.176 257.16
-553.862 251.287
-556.416 245.565
-558.318 241.302
-560.303 236.893
-563.629 228.739
-564.924 226.215
-567.898 218.547
-569.429 215.527
-571.78 209.598
-574.739 200.867
-576.574 196.506
-578.2 193.434
-580.448 186.978
-582.688 180.076
-584.743 173.955
-598.76 119.224
-599.589 113.351
-600.229 107.916
-600.581 103.361
-602.355 94.0827
-603.403 86.8076
-603.553 82.5402
-603.693 78.554
-604.86 69.8938
-605.325 64.1115
-605.693 58.7196
-605.971 53.9102
-606.694 45.6178
-606.85 41.4025
-607.288 34.2213
-607.495 29.3345
-607.716 24.3546
-607.945 19.4562
-608.151 12.6691
-608.381 8.37228
-608.522 2.15916
-608.538 -4.97423
-608.276 -14.284
-608.687 -16.2349
-609.014 -20.053
-608.862 -26.8569
-608.322 -35.3064
-608.834 -38.2657
-608.846 -43.7273
-608.899 -49.0061
-608.746 -54.9567
-599.255 -113.888
-597.751 -121.898
-596.328 -126.697
-594.826 -132.535
-593.128 -139.919
-591.803 -143.517
-590.198 -149.343
-588.37 -156.205
-586.243 -164.227
-584.85 -168.076
-583.675 -171.318
-580.844 -181.062
-579.416 -185.088
-577.039 -192.363
-576.018 -195.169
-573.733 -201.784
-572.189 -206.25
-569.879 -212.614
-569.745 -213.946
-566.119 -222.973
-564.202 -228.168
-562.005 -233.861
-560.894 -237.513
-556.891 -246.247
-556.69 -248.376
-551.831 -258.043
-552.402 -259.153
-547.869 -267.832
-545.718 -272.947
-520.689 -316.762
-517.314 -321.877
-513.956 -326.852
-510.592 -331.747
-507.199 -336.617
-504.315 -340.531
-501.303 -344.684
-497.089 -350.7
-494.643 -353.926
-490.642 -359.42
-487.368 -363.811
-483.719 -368.658
-480.692 -372.677
-476.857 -377.641
-474.065 -381.368
-470.09 -386.379
-465.796 -391.638
-462.832 -395.495
-459.895 -399.349
-454.789 -405.145
-451.728 -409.051
-426.137 -434.412
-419.88 -440.572
-417.523 -442.421
-411.108 -448.456
-408.677 -450.449
-400.318 -458.049
-396.718 -461.036
-392.784 -464.346
-388.017 -468.34
-383.139 -472.358
-375.835 -478.182
-373.21 -480.315
-369.53 -483.301
-364.776 -487.011
-360.955 -490.091
-354.761 -494.586
-319.037 -520.303
-313.656 -523.263
-308.582 -525.919
-302.832 -529.067
-298.468 -531.112
-292.701 -534.161
-287.832 -536.533
-282.668 -539.078
-278.151 -541.2
-272.637 -543.9
-267.185 -546.512
-262.601 -548.63
-259.154 -550.216
-252.47 -553.315
-247.405 -555.62
-242.285 -557.924
-237.215 -560.184
-231.194 -562.752
-226.892 -564.705
-220.798 -567.209
-216.454 -569.17
-210.313 -571.59
-204.99 -573.76
-199.584 -575.919
-194.065 -578.066
-189.589 -580.021
-183.988 -582.133
-131.14 -595.462
-126.72 -595.968
-118.095 -597.895
-113.674 -598.352
-109.325 -598.834
-102.096 -600.081
-96.6236 -600.821
-89.2147 -601.953
-87.5871 -601.905
-78.622 -603.182
-71.5232 -604.045
-67.4881 -604.435
-60.2223 -605.198
-55.7781 -605.641
-50.9281 -606.139
-45.8276 -606.657
-39.9124 -607.175
-34.8487 -607.679
-26.8389 -608.055
-20.7831 -608.43
-15.0548 -608.789
-8.45675 -609.031
-3.66004 -609.431
2.80665 -609.599
51.6399 -607.553
59.0855 -606.841
62.7906 -605.946
71.7171 -605.121
78.2145 -604.179
84.1037 -603.193
88.8767 -602.23
95.494 -601.133
97.4625 -600.467
105.886 -599.077
113.899 -597.627
113.725 -597.465
121.599 -595.906
128.333 -594.489
133.987 -593.259
139.25 -592.106
145.339 -590.696
151.631 -589.169
156.486 -588.066
163.186 -586.296
167.756 -585.268
173.183 -583.906
179.336 -582.199
183.514 -581.367
190.629 -579.102
196.096 -577.594
242.752 -559.149
250.476 -555.85
256.392 -552.978
261.071 -550.448
265.304 -548.074
269.598 -545.695
277.105 -541.986
280.546 -539.908
286.355 -536.778
291.504 -533.906
296.212 -531.227
299.752 -529.189
306.551 -525.282
308.903 -523.994
315.493 -520.053
321.259 -516.549
325.889 -513.764
329.701 -511.582
336.465 -507.113
340.919 -504.37
346.047 -501.044
350.187 -498.545
354.356 -496.048
359.867 -492.235
395.949 -463.073
398.377 -460.403
402.941 -456.241
408.328 -451.382
413.694 -446.432
418.482 -441.839
421.27 -438.886
427.371 -433
431.979 -428.324
434.768 -425.321
438.508 -421.421
442.394 -417.347
445.086 -414.609
452.794 -406.055
454.961 -403.799
458.79 -399.589
463.83 -393.722
467.557 -389.48
470.31 -386.622
474.339 -381.895
478.372 -377.067
482.398 -372.15
508.834 -335.651
510.67 -332.01
513.773 -326.859
518.151 -319.98
520.048 -316.259
522.847 -311.328
526.471 -305.106
529.118 -300.252
532.058 -294.876
535.081 -289.264
536.949 -285.644
539.122 -281.554
542.19 -275.634
545.506 -269.013
548.244 -263.477
550.079 -260.045
553.008 -253.885
555.148 -249.752
558.426 -242.225
560.938 -236.732
564.621 -227.218
565.531 -226.886
568.417 -219.431
585.146 -173.012
586.785 -166.689
588.042 -161.085
588.898 -156.389
590.151 -150.707
591.39 -144.977
592.667 -139.026
593.77 -133.496
594.615 -128.807
595.898 -122.449
596.925 -116.927
597.921 -111.437
598.907 -105.885
599.857 -100.389
600.793 -94.8414
601.813 -88.3224
602.617 -83.4592
603.52 -77.2084
604.284 -73.1652
605.134 -66.8005
605.929 -60.4134
606.701 -55.3606
607.403 -48.9127
608.07 -42.8093
608.804 -37.8972
609.42 -31.9044
