608.459 21.9179
608.049 28.6832
607.485 34.3817
606.778 37.6186
606.242 44.5231
605.63 51.5745
604.943 58.0953
604.196 64.4429
603.454 69.6136
602.506 77.5582
601.908 80.423
601.047 86.3108
600.252 91.5025
599.439 96.7488
598.327 103.472
597.858 106.97
596.552 114.132
595.696 119.271
594.436 125.759
592.883 132.98
592.619 136.071
590.894 143.416
590.394 147.351
588.804 154.013
587.95 158.851
571.288 212.18
569.156 216.489
566.802 221.83
564.368 227.357
561.988 232.543
559.092 239.36
557.822 240.9
554.761 247.873
551.344 255.528
549.063 259.935
546.518 264.982
543.941 270.039
542.01 273.706
538.387 280.76
536.621 284.119
533.482 290.004
530.835 294.945
528.462 299.416
525.27 305.113
521.699 311.247
519.306 315.605
515.362 322.018
512.921 326.354
510.309 330.907
507.824 335.311
503.392 341.855
501.059 346.007
498.479 350.443
465.145 392.803
460.721 397.765
457.501 400.813
453.255 405.366
451.215 406.917
444.962 413.964
441.571 417.244
436.175 422.897
433.157 425.7
429.585 429.17
425.489 433.177
419.548 438.94
417.445 440.945
410.318 447.564
406.088 451.437
403.143 454.211
399.542 457.569
393.907 462.446
390.458 465.639
383.337 471.366
380.532 474.046
374.711 478.68
370.811 482.046
366.012 485.921
360.987 489.864
325.185 513.838
320.771 516.292
314.981 519.755
310.848 521.971
305.574 524.967
301.466 527.179
294.13 531.342
287.955 534.683
283.274 537.097
278.359 539.624
273.726 541.991
264.855 546.371
261.616 547.977
255.75 550.781
250.498 553.272
244.32 556.075
238.847 558.55
233.987 560.778
227.821 563.391
219.639 566.529
215.076 568.519
172.035 584.52
167.468 585.331
162.288 586.44
155.006 588.398
150.224 589.28
147.523 589.465
138.677 591.746
133.486 592.742
126.589 594.213
116.365 596.533
115.554 596.227
107.997 597.641
102.261 598.579
97.6473 599.288
91.1189 600.305
84.5409 601.268
80.214 601.923
73.1159 602.848
67.5304 603.585
61.5035 604.315
56.5116 604.98
50.2717 605.642
43.8801 606.248
38.438 606.837
31.1789 607.29
26.1002 607.835
18.2261 608.086
12.2683 608.457
6.54053 608.823
-47.5961 607.463
-51.8808 606.575
-57.1011 605.77
-65.2849 605.028
-69.6332 604.134
-74.7197 603.261
-82.4437 602.273
-86.4156 601.404
-91.9724 600.446
-94.6714 599.819
-106.144 598.048
-110.527 597.114
-114.028 596.383
-121.102 594.981
-126.023 593.986
-133.207 592.426
-138.277 591.346
-143.964 590.078
-150.056 588.642
-155.222 587.474
-163.892 585.009
-169.297 583.629
-176.166 581.633
-179.355 581.13
-186.358 578.956
-194.889 575.962
-197.587 575.716
-204.674 573.249
-245.629 556.264
-251.807 553.402
-254.238 551.82
-262.758 547.972
-268.284 545.164
-273.734 542.334
-277.709 540.121
-283.035 537.282
-288.612 534.266
-294.68 530.926
-299.17 528.379
-305.607 524.678
-309.156 522.645
-317.076 517.833
-320.023 516.165
-325.806 512.586
-329.982 510.116
-334.188 507.646
-341.228 502.855
-345.658 500.099
-351.734 495.873
-355.302 493.831
-394.558 464.051
-398.885 459.977
-403.098 455.938
-407.238 451.912
-411.312 447.901
-415.347 443.881
-419.329 439.871
-423.266 435.866
-427.166 431.862
-431.012 427.878
-434.842 423.878
-438.637 419.886
-442.418 415.88
-446.184 411.863
-449.982 407.778
-453.768 403.672
-457.595 399.477
-461.417 395.249
-465.242 390.977
-469.088 386.632
-472.928 382.247
-476.762 377.813
-480.568 373.359
-484.361 368.856
-488.165 364.256
-518.244 319.882
-522.413 313.125
-524.042 309.336
-528.128 302.422
-530.695 297.359
-532.67 293.095
-535.765 287.2
-538.67 281.48
-541.11 276.405
-542.462 273.169
-544.462 268.916
-547.411 262.818
-550.278 256.719
-552.955 250.865
-555.5 245.164
-557.389 240.93
-559.367 236.542
-562.684 228.41
-563.971 225.911
-566.939 218.262
-568.462 215.271
-570.808 209.363
-573.765 200.639
-575.597 196.292
-577.218 193.242
-579.463 186.805
-581.702 179.911
-583.753 173.813
-597.836 118.841
-598.653 113
-599.287 107.582
-599.631 103.049
-601.397 93.7972
-602.441 86.5371
-602.584 82.2944
-602.716 78.3436
-603.881 69.6902
-604.341 63.9327
-604.704 58.576
-604.978 53.7888
-605.699 45.5144
-605.853 41.3248
-606.289 34.1688
-606.495 29.3035
-606.716 24.3532
-606.946 19.4853
-607.151 12.7084
-607.384 8.45299
-607.527 2.25405
-607.544 -4.86288
-607.283 -14.1686
-607.698 -16.089
-608.029 -19.8786
-607.879 -26.672
-607.338 -35.1314
-607.854 -38.0655
-607.87 -43.5095
-607.927 -48.7699
-607.778 -54.7055
-598.256 -113.847
-596.753 -121.838
-595.332 -126.615
-593.832 -132.429
-592.136 -139.789
-590.815 -143.358
-589.215 -149.16
-587.39 -156.006
-585.269 -164.002
-583.885 -167.817
-582.716 -171.036
-579.884 -180.783
-578.461 -184.792
-576.087 -192.055
-575.074 -194.837
-572.795 -201.436
-571.256 -205.89
-568.95 -212.245
-568.833 -213.538
-565.202 -222.573
-563.293 -227.752
-561.101 -233.433
-560.002 -237.059
-555.997 -245.799
-555.814 -247.894
-550.957 -257.558
-551.547 -258.634
-547.023 -267.297
-544.883 -272.397
-519.793 -316.32
-516.428 -321.414
-513.082 -326.366
-509.73 -331.24
-506.35 -336.089
-503.474 -339.991
-500.473 -344.127
-496.263 -350.137
-493.832 -353.341
-489.841 -358.82
-486.574 -363.204
-482.938 -368.033
-479.918 -372.043
-476.091 -376.998
-473.319 -380.702
-469.352 -385.704
-465.064 -390.957
-462.114 -394.798
-459.192 -398.637
-454.09 -404.431
-451.044 -408.322
-425.384 -433.753
-419.132 -439.909
-416.798 -441.731
-410.4 -447.75
-407.992 -449.72
-399.64 -457.314
-396.057 -460.285
-392.145 -463.576
-387.403 -467.551
-382.536 -471.561
-375.248 -477.373
-372.649 -479.487
-368.995 -482.456
-364.254 -486.158
-360.452 -489.226
-354.278 -493.71
-318.372 -519.556
-313.001 -522.507
-307.941 -525.151
-302.201 -528.291
-297.867 -530.313
-292.108 -533.356
-287.254 -535.717
-282.11 -538.248
-277.618 -540.354
-272.123 -543.042
-266.691 -545.642
-262.133 -547.747
-258.703 -549.324
-252.048 -552.408
-247 -554.706
-241.911 -556.997
-236.858 -559.25
-230.855 -561.811
-226.592 -563.751
-220.517 -566.249
-216.195 -568.204
-210.073 -570.619
-204.783 -572.782
-199.393 -574.937
-193.89 -577.082
-189.452 -579.03
-183.875 -581.14
-130.805 -594.52
-126.402 -595.02
-117.782 -596.945
-113.383 -597.395
-109.058 -597.871
-101.835 -599.116
-96.3788 -599.851
-88.9833 -600.98
-87.3961 -600.924
-78.4435 -602.198
-71.3601 -603.059
-67.3597 -603.444
-60.1087 -604.204
-55.6975 -604.644
-50.8776 -605.141
-45.7973 -605.658
-39.9058 -606.175
-34.8706 -606.679
-26.8628 -607.056
-20.847 -607.432
-15.1265 -607.791
-8.55502 -608.036
-3.77319 -608.437
2.67475 -608.608
51.6855 -606.554
59.0988 -605.841
62.7829 -604.946
71.6859 -604.121
78.171 -603.18
84.0446 -602.195
88.7954 -601.234
95.4018 -600.138
97.3322 -599.475
105.757 -598.085
113.759 -596.637
113.542 -596.482
121.415 -594.923
128.131 -593.51
133.762 -592.285
138.999 -591.138
145.066 -589.734
151.331 -588.216
156.158 -587.121
162.842 -585.357
167.383 -584.34
172.794 -582.985
178.92 -581.29
183.083 -580.465
190.187 -578.205
195.639 -576.705
242.467 -558.191
250.19 -554.892
256.095 -552.023
260.756 -549.499
264.968 -547.132
269.233 -544.764
276.723 -541.061
280.139 -538.994
285.929 -535.873
291.057 -533.012
295.749 -530.342
299.257 -528.32
306.038 -524.424
308.36 -523.154
314.939 -519.22
320.689 -515.728
325.297 -512.958
329.082 -510.796
335.832 -506.339
340.265 -503.614
345.381 -500.298
349.499 -497.82
353.658 -495.331
359.168 -491.519
395.424 -462.222
397.827 -459.568
402.373 -455.418
407.74 -450.574
413.093 -445.632
417.859 -441.057
420.62 -438.126
426.715 -432.246
431.301 -427.589
434.071 -424.605
437.791 -420.723
441.659 -416.669
444.332 -413.952
452.036 -405.403
454.182 -403.172
457.995 -398.982
463.023 -393.133
466.734 -388.912
469.471 -386.077
473.484 -381.376
477.506 -376.567
481.522 -371.668
508.074 -335.001
509.898 -331.374
512.998 -326.227
517.369 -319.358
519.255 -315.65
522.043 -310.733
525.662 -304.518
528.294 -299.685
531.217 -294.335
534.228 -288.742
536.078 -285.152
538.24 -281.083
541.295 -275.188
544.607 -268.573
547.333 -263.065
549.153 -259.667
552.075 -253.525
554.207 -249.414
557.479 -241.905
559.984 -236.434
563.664 -226.927
564.562 -226.641
567.443 -219.206
584.232 -172.606
585.87 -166.285
587.123 -160.689
587.971 -156.014
589.221 -150.339
590.451 -144.632
591.727 -138.687
592.824 -133.173
593.659 -128.514
594.936 -122.176
595.955 -116.686
596.944 -111.221
597.925 -105.695
598.872 -100.216
599.805 -94.686
600.821 -88.1957
601.622 -83.3625
602.523 -77.1337
603.284 -73.1256
604.134 -66.7733
604.929 -60.4166
605.701 -55.3841
606.405 -48.9662
607.073 -42.8765
607.809 -37.9948
608.428 -32.0258
