777.337 2.44673
777.233 12.1173
777.001 21.681
776.636 30.9472
776.184 40.6425
775.611 50.3508
774.916 59.9717
774.104 69.5716
773.18 79.0015
772.122 88.78
770.995 97.8887
769.728 107.368
768.359 116.752
766.878 126.125
765.25 135.663
763.595 144.776
761.724 154.326
759.802 163.606
757.719 173.031
755.49 182.523
753.323 191.47
750.854 200.931
748.439 209.935
745.773 219.253
743.088 228.329
738.445 243.06
735.388 252.01
732.202 261.04
728.906 270.041
725.51 278.964
721.951 288.046
718.484 296.415
714.702 305.422
710.777 314.466
706.885 323.066
702.865 331.69
698.74 340.271
694.596 348.631
690.141 357.371
685.821 365.593
681.233 374.078
676.606 382.397
671.922 390.596
667.032 398.902
662.003 407.202
657.028 415.223
651.763 423.441
646.592 431.347
641.295 439.234
635.937 447.021
630.235 455.015
624.701 462.659
619.049 470.268
609.646 482.299
603.569 489.868
597.571 497.095
591.364 504.436
585.343 511.326
578.736 518.82
572.396 525.766
565.737 532.926
559.28 539.664
552.679 546.407
545.936 553.139
538.887 560.01
532.241 566.33
524.9 573.138
517.839 579.528
510.857 585.709
503.717 591.881
496.27 598.142
489.005 604.128
481.222 610.328
473.891 616.083
466.094 622.001
458.48 627.669
450.697 633.303
442.822 638.853
431.231 646.688
423.308 651.867
415.162 657.074
407.166 662.028
398.955 666.997
390.849 671.76
382.293 676.67
373.833 681.376
365.497 685.875
357.074 690.294
348.647 694.588
339.652 699.03
331.296 703.034
322.571 707.084
313.874 710.997
305.006 714.851
296.195 718.559
287.419 722.135
278.426 725.659
269.158 729.136
260.256 732.386
246.764 737.201
237.783 740.095
228.71 742.912
219.342 745.734
210.254 748.308
201.373 750.692
191.732 753.229
182.518 755.492
173.085 757.703
163.229 759.913
154.493 761.683
144.9 763.566
135.518 765.279
126.264 766.853
116.746 768.36
107.208 769.749
97.938 770.991
88.3015 772.155
78.8432 773.188
69.3209 774.11
59.9125 774.916
50.3366 775.61
40.7469 776.187
31.259 776.654
21.5406 776.989
12.0632 777.227
2.2668 777.314
-7.33428 777.304
-16.923 777.179
-32.2594 776.747
-41.655 776.245
-51.1616 775.643
-60.9925 774.944
-70.3306 774.104
-79.7631 773.159
-89.4884 772.095
-98.7343 770.929
-108.159 769.647
-117.241 768.291
-127.349 766.699
-136.576 765.092
-145.678 763.403
-155.195 761.525
-164.429 759.588
-173.917 757.473
-183.121 755.31
-192.367 753.02
-201.658 750.594
-210.787 748.103
-220.32 745.34
-229.421 742.61
-238.67 739.695
-247.477 736.849
-256.694 733.692
-266.076 730.319
-274.689 727.202
-283.827 723.68
-296.923 718.325
-305.89 714.548
-314.342 710.821
-323.477 706.731
-332.18 702.668
-340.835 698.499
-349.255 694.304
-357.785 689.939
-366.297 685.452
-374.798 680.838
-383.058 676.22
-391.49 671.373
-399.516 666.632
-408.007 661.466
-415.851 656.578
-423.978 651.365
-431.851 646.194
-439.682 640.92
-447.763 635.293
-455.471 629.822
-463.325 624.071
-470.81 618.503
-482.428 609.571
-489.878 603.563
-497.256 597.466
-504.539 591.294
-511.759 585.027
-518.88 578.69
-525.928 572.267
-532.895 565.762
-539.782 559.177
-546.588 552.511
-553.335 545.744
-559.989 538.908
-566.549 532.004
-573.027 525.023
-579.421 517.964
-585.731 510.829
-591.957 503.618
-598.098 496.331
-604.157 488.962
-610.13 481.519
-616.003 474.02
-621.805 466.42
-627.511 458.758
-633.133 451.012
-638.67 443.18
-647.197 430.643
-652.6 422.428
-657.584 414.517
-662.787 406.165
-667.694 397.988
-672.436 389.847
-677.222 381.452
-681.886 373.025
-686.391 364.627
-690.659 356.41
-694.911 348.017
-699.181 339.351
-703.34 330.64
-707.376 321.912
-711.306 313.129
-715.043 304.509
-718.692 295.819
-722.398 286.639
-725.755 278.108
-729.214 268.895
-732.393 260.23
-735.567 251.165
-738.708 241.713
-741.615 232.756
-744.391 223.937
-747.134 214.65
-749.771 205.258
-752.279 195.924
-756.086 180.911
-758.225 171.582
-760.226 162.297
-762.085 153.084
-764.016 143.286
-765.748 133.701
-767.25 124.481
-768.647 115.261
-770.067 105.447
-771.286 95.98
-772.381 86.5541
-773.355 77.182
-774.275 67.37
-775.013 58.0557
-775.678 48.3533
-776.203 38.9411
-776.619 29.5088
-776.927 20.0753
-777.12 10.4027
-777.207 1.04682
-777.17 -8.56452
-777.003 -18.3055
-776.69 -28.295
-776.354 -37.3879
-775.894 -46.7065
-775.26 -56.3768
-774.461 -66.2589
-773.693 -75.4303
-772.747 -84.9091
-771.697 -94.3448
-770.509 -103.85
-768.145 -119.381
-766.582 -129.089
-764.913 -138.383
-763.128 -147.782
-761.211 -157.355
-759.228 -166.428
-757.105 -175.755
-754.847 -185.192
-752.448 -194.736
-750.03 -203.731
-747.527 -212.653
-744.72 -222.323
-741.973 -231.281
-739.006 -240.594
-736.091 -249.351
-732.905 -258.566
-729.723 -267.431
-726.327 -276.524
-723.118 -284.914
-719.336 -294.28
-715.683 -303.09
-711.895 -311.911
-708.147 -320.425
-703.939 -329.514
-700.108 -337.743
-695.598 -346.84
-691.668 -354.845
-687.005 -363.715
-682.535 -372.111
-675.323 -384.897
-670.51 -393.179
-665.604 -401.388
-660.603 -409.529
-655.508 -417.603
-650.381 -425.504
-645.145 -433.375
-639.661 -441.428
-634.312 -449.063
-628.667 -456.931
-623.017 -464.603
-617.235 -472.26
-611.439 -479.752
-605.431 -487.317
-599.447 -494.678
-593.253 -502.099
-586.944 -509.465
-580.729 -516.573
-574.425 -523.614
-567.785 -530.804
-561.313 -537.691
-552.176 -546.962
-545.164 -553.966
-538.554 -560.348
-531.368 -567.176
-524.602 -573.414
-517.038 -580.262
-509.973 -586.465
-502.799 -592.621
-495.452 -598.777
-488.017 -604.854
-480.219 -611.061
-472.924 -616.735
-465.438 -622.423
-457.737 -628.12
-450.096 -633.647
-442.09 -639.258
-430.596 -647.239
-422.548 -652.495
-414.482 -657.613
-406.254 -662.715
-398.159 -667.564
-389.828 -672.45
-381.556 -677.15
-373.183 -681.782
-364.819 -686.272
-356.309 -690.718
-347.754 -695.055
-339.27 -699.223
-330.88 -703.224
-322.037 -707.318
-313.349 -711.211
-304.616 -715
-295.836 -718.686
-286.898 -722.306
-278.144 -725.744
-269.117 -729.148
-260.279 -732.38
-251.161 -735.568
-242.132 -738.615
-233.041 -741.56
-223.91 -744.395
-214.864 -747.105
-205.649 -749.724
-191.05 -753.482
-181.929 -755.69
-172.274 -757.967
-163.105 -759.952
-153.933 -761.829
-144.367 -763.698
-134.985 -765.397
-125.35 -767.034
-116.427 -768.411
-106.537 -769.85
-96.8505 -771.129
-87.5817 -772.228
-77.8811 -773.267
-68.5385 -774.152
-59.1312 -774.935
-49.6858 -775.61
-40.1183 -776.173
-30.6632 -776.624
-20.8254 -776.945
-11.2322 -777.155
-1.6835 -777.253
7.97668 -777.224
17.4495 -777.1
27.1028 -776.836
41.5183 -776.233
51.2335 -775.648
60.4916 -774.923
70.3666 -774.105
79.9398 -773.159
89.4388 -772.096
98.7966 -770.926
108.397 -769.629
117.36 -768.276
127.129 -766.725
136.843 -765.055
145.48 -763.441
155.152 -761.534
164.631 -759.542
173.976 -757.458
183.22 -755.283
192.565 -752.959
201.904 -750.514
211.012 -748.023
220.334 -745.334
229.372 -742.63
238.507 -739.765
247.692 -736.75
256.584 -733.746
265.794 -730.459
274.749 -727.169
288.304 -721.881
297.443 -718.177
306.311 -714.421
314.986 -710.602
323.57 -706.698
332.109 -702.696
341.004 -698.431
349.336 -694.268
357.923 -689.874
366.367 -685.418
374.72 -680.879
382.867 -676.328
391.368 -671.444
399.253 -666.799
407.618 -661.718
415.821 -656.598
423.823 -651.477
431.668 -646.335
439.807 -640.819
447.61 -635.42
455.426 -629.862
463.095 -624.281
470.681 -618.629
478.366 -612.718
489.531 -603.78
496.673 -597.855
504.011 -591.664
511.376 -585.306
518.665 -578.854
525.807 -572.363
532.618 -565.997
539.774 -559.184
546.667 -552.439
553.242 -545.834
559.861 -539.038
566.428 -532.134
572.75 -525.339
579.637 -517.714
585.733 -510.827
591.96 -503.614
598.255 -496.118
604.3 -488.758
610.142 -481.5
616.055 -473.937
621.88 -466.293
627.615 -458.573
635.884 -447.079
641.193 -439.352
646.575 -431.368
652.006 -423.132
657.014 -415.243
662.053 -407.131
667.08 -398.833
671.902 -390.627
676.656 -382.315
681.33 -373.911
685.76 -365.705
690.131 -357.39
694.516 -348.797
698.83 -340.073
702.975 -331.431
706.912 -322.995
710.878 -314.185
714.651 -305.572
718.454 -296.508
722.066 -287.644
725.712 -278.246
728.932 -269.932
732.276 -260.707
737.109 -246.944
740.11 -237.753
742.952 -228.622
745.635 -219.573
748.267 -210.358
750.806 -201.059
753.217 -191.768
755.496 -182.504
757.63 -173.332
759.711 -163.938
761.655 -154.607
763.488 -145.254
765.207 -135.889
766.815 -126.496
768.309 -117.1
769.706 -107.56
770.965 -98.223
772.129 -88.6727
773.165 -79.4136
774.1 -69.8199
774.918 -60.2279
775.625 -50.8052
776.211 -41.2016
776.68 -31.6097
777.051 -22.1782
777.294 -12.6019
