607.466 22.0337
607.055 28.7962
606.491 34.4862
605.781 37.6925
605.243 44.5719
604.631 51.6068
603.943 58.1077
603.196 64.4347
602.455 69.5771
601.507 77.5107
600.912 80.3334
600.053 86.2056
599.262 91.3609
598.452 96.5882
597.345 103.285
596.882 106.753
595.58 113.9
594.73 119.012
593.478 125.472
591.929 132.679
591.675 135.739
589.955 143.07
589.469 146.972
587.886 153.617
587.044 158.427
570.307 211.988
568.177 216.283
565.829 221.599
563.399 227.111
561.021 232.29
558.127 239.099
556.868 240.6
553.809 247.566
550.398 255.205
548.126 259.584
545.591 264.607
543.024 269.64
541.107 273.276
537.494 280.31
535.741 283.644
532.611 289.512
529.978 294.431
527.615 298.884
524.439 304.556
520.878 310.677
518.502 315.011
514.567 321.411
512.144 325.724
509.551 330.256
507.08 334.643
502.65 341.184
500.334 345.319
497.762 349.745
464.302 392.266
459.884 397.217
456.679 400.244
452.441 404.785
450.417 406.314
444.172 413.351
440.79 416.62
435.408 422.256
432.413 425.032
428.856 428.486
424.777 432.474
418.85 438.225
416.771 440.207
409.652 446.819
405.441 450.674
402.511 453.436
398.939 456.771
393.316 461.639
389.887 464.819
382.763 470.547
379.981 473.211
374.166 477.842
370.283 481.196
365.505 485.059
360.483 489
324.551 513.064
320.154 515.504
314.373 518.96
310.26 521.162
304.998 524.149
300.917 526.344
293.596 530.497
287.442 533.825
282.786 536.224
277.895 538.738
273.287 541.093
264.416 545.472
261.212 547.062
255.365 549.858
250.136 552.34
243.983 555.133
238.541 557.598
233.707 559.818
227.553 562.427
219.368 565.566
214.828 567.55
171.612 583.614
167.068 584.415
161.897 585.519
154.62 587.475
149.86 588.349
147.194 588.521
138.344 590.803
133.171 591.793
126.291 593.258
116.073 595.577
115.298 595.261
107.763 596.669
102.043 597.603
97.4771 598.303
90.9689 599.316
84.4109 600.276
80.1002 600.929
73.0279 601.851
67.4764 602.586
61.4729 603.316
56.5109 603.98
50.2936 604.643
43.9229 605.248
38.5002 605.839
31.2487 606.292
26.1919 606.839
18.3208 607.091
12.3792 607.463
6.66806 607.831
-47.6703 606.465
-51.9379 605.576
-57.138 604.771
-65.3199 604.029
-69.6428 603.134
-74.7086 602.261
-82.4271 601.274
-86.3712 600.405
-91.9026 599.448
-94.5664 598.825
-106.023 597.055
-110.389 596.124
-113.853 595.399
-120.911 594
-125.803 593.01
-132.971 591.455
-138.013 590.381
-143.676 589.12
-149.746 587.692
-154.885 586.532
-163.533 584.075
-168.93 582.699
-175.782 580.71
-178.949 580.216
-185.938 578.049
-194.471 575.054
-197.137 574.823
-204.218 572.358
-245.297 555.321
-251.468 552.461
-253.865 550.892
-262.376 547.048
-267.891 544.245
-273.327 541.42
-277.281 539.217
-282.602 536.381
-288.167 533.371
-294.219 530.038
-298.69 527.502
-305.121 523.804
-308.64 521.788
-316.555 516.979
-319.469 515.332
-325.236 511.764
-329.387 509.312
-333.574 506.856
-340.601 502.076
-345.015 499.334
-351.085 495.113
-354.631 493.09
-394.019 463.209
-398.332 459.143
-402.525 455.119
-406.652 451.102
-410.705 447.106
-414.72 443.102
-418.682 439.108
-422.599 435.12
-426.48 431.134
-430.307 427.169
-434.119 423.187
-437.896 419.214
-441.671 415.215
-445.426 411.211
-449.213 407.139
-452.988 403.046
-456.805 398.864
-460.617 394.65
-464.431 390.391
-468.273 386.053
-472.103 381.682
-475.927 377.262
-479.724 372.823
-483.508 368.335
-487.303 363.749
-517.483 319.233
-521.64 312.49
-523.246 308.731
-527.321 301.832
-529.873 296.79
-531.84 292.538
-534.919 286.666
-537.818 280.957
-540.244 275.905
-541.585 272.688
-543.575 268.456
-546.518 262.367
-549.381 256.278
-552.048 250.444
-554.58 244.771
-556.461 240.558
-558.427 236.199
-561.742 228.075
-563.018 225.607
-565.98 217.977
-567.495 215.015
-569.836 209.128
-572.792 200.41
-574.621 196.077
-576.235 193.059
-578.478 186.633
-580.714 179.756
-582.763 173.67
-596.912 118.458
-597.72 112.64
-598.345 107.247
-598.681 102.737
-600.441 93.5032
-601.48 86.2581
-601.614 82.0487
-601.738 78.1333
-602.902 69.4867
-603.355 63.7619
-603.714 58.4325
-603.986 53.6675
-604.705 45.4111
-604.856 41.247
-605.291 34.1163
-605.495 29.2727
-605.716 24.3606
-605.946 19.5062
-606.152 12.7565
-606.387 8.5257
-606.531 2.34881
-606.55 -4.75165
-606.289 -14.0532
-606.709 -15.9432
-607.045 -19.7043
-606.896 -26.4873
-606.353 -34.9566
-606.874 -37.8654
-606.892 -43.2992
-606.954 -48.5412
-606.81 -54.4545
-597.257 -113.805
-595.755 -121.778
-594.335 -126.532
-592.838 -132.322
-591.145 -139.66
-589.828 -143.199
-588.232 -148.978
-586.412 -155.799
-584.292 -163.785
-582.917 -167.565
-581.759 -170.746
-578.924 -180.503
-577.508 -184.487
-575.136 -191.748
-574.131 -194.505
-571.858 -201.088
-570.323 -205.53
-568.02 -211.877
-567.916 -213.136
-564.286 -222.173
-562.383 -227.337
-560.197 -233.005
-559.111 -236.606
-555.103 -245.352
-554.938 -247.412
-550.079 -257.079
-550.692 -258.115
-546.174 -266.769
-544.049 -271.845
-518.892 -315.886
-515.538 -320.958
-512.203 -325.889
-508.863 -330.741
-505.496 -335.568
-502.637 -339.443
-499.647 -343.562
-495.442 -349.567
-493.026 -352.748
-489.041 -358.22
-485.785 -362.59
-482.158 -367.408
-479.145 -371.409
-475.331 -376.348
-472.574 -380.035
-468.608 -385.036
-464.331 -390.276
-461.391 -394.108
-458.484 -397.931
-453.39 -403.716
-450.354 -407.598
-424.632 -433.094
-418.385 -439.245
-416.073 -441.043
-409.686 -447.05
-407.308 -448.991
-398.961 -456.58
-395.396 -459.535
-391.513 -462.801
-386.789 -466.761
-381.932 -470.763
-374.654 -476.568
-372.088 -478.66
-368.461 -481.611
-363.733 -485.304
-359.957 -488.357
-353.796 -492.835
-317.706 -518.81
-312.347 -521.751
-307.301 -524.383
-301.575 -527.511
-297.266 -529.514
-291.515 -532.55
-286.683 -534.896
-281.553 -537.418
-277.085 -539.508
-271.616 -542.18
-266.196 -544.773
-261.656 -546.868
-258.26 -548.427
-251.626 -551.501
-246.594 -553.792
-241.529 -556.072
-236.501 -558.316
-230.517 -560.87
-226.283 -562.8
-220.236 -565.289
-215.927 -567.241
-209.842 -569.646
-204.577 -571.803
-199.211 -573.954
-193.725 -576.096
-189.315 -578.039
-183.762 -580.146
-130.471 -593.578
-126.091 -594.069
-117.469 -595.996
-113.093 -596.438
-108.792 -596.907
-101.574 -598.151
-96.1342 -598.881
-88.7599 -600.006
-87.2051 -599.942
-78.2733 -601.212
-71.1972 -602.072
-67.2224 -602.453
-60.0039 -603.21
-55.6169 -603.647
-50.8186 -604.142
-45.7669 -604.658
-39.8991 -605.175
-34.8933 -605.679
-26.8865 -606.056
-20.9026 -606.434
-15.2073 -606.795
-8.65315 -607.041
-3.88619 -607.443
2.543 -607.617
51.7236 -605.555
59.112 -604.841
62.7673 -603.946
71.6634 -603.122
78.1195 -602.181
83.9855 -601.196
88.714 -600.237
95.3016 -599.143
97.2019 -598.484
105.619 -597.095
113.619 -595.647
113.359 -595.499
121.23 -593.94
127.929 -592.53
133.527 -591.313
138.747 -590.17
144.793 -588.772
151.03 -587.262
155.838 -586.174
162.506 -584.415
167.017 -583.409
172.404 -582.064
178.512 -580.377
182.652 -579.562
189.745 -577.308
195.189 -575.812
242.182 -557.232
249.904 -553.934
255.798 -551.068
260.44 -548.551
264.631 -546.191
268.868 -543.833
276.35 -540.134
279.732 -538.08
285.504 -534.968
290.61 -532.117
295.285 -529.456
298.762 -527.451
305.532 -523.561
307.817 -522.315
314.384 -518.388
320.119 -514.906
324.705 -512.152
328.464 -510.01
335.206 -505.56
339.616 -502.852
344.716 -499.551
348.811 -497.094
352.961 -494.615
358.47 -490.804
394.9 -461.371
397.277 -458.733
401.804 -454.596
407.152 -449.765
412.486 -444.838
417.237 -440.275
419.976 -437.361
426.058 -431.492
430.629 -426.848
433.373 -423.888
437.074 -420.026
440.924 -415.991
443.579 -413.295
451.277 -404.752
453.403 -402.545
457.2 -398.376
462.215 -392.544
465.916 -388.337
468.633 -385.532
472.634 -380.85
476.644 -376.059
480.646 -371.186
507.314 -334.352
509.126 -330.739
512.222 -325.596
516.592 -318.728
518.462 -315.041
521.24 -310.138
524.849 -303.936
527.466 -299.125
530.376 -293.795
533.371 -288.227
535.212 -284.652
537.357 -280.612
540.404 -274.735
543.705 -268.142
546.421 -262.654
548.23 -259.282
551.142 -253.165
553.266 -249.076
556.531 -241.585
559.029 -236.137
562.705 -226.644
563.592 -226.396
566.47 -218.973
583.319 -172.2
584.955 -165.882
586.205 -160.293
587.047 -155.631
588.291 -149.971
589.516 -144.279
590.786 -138.348
591.875 -132.858
592.703 -128.219
593.972 -121.91
594.984 -116.445
595.97 -110.997
596.943 -105.505
597.889 -100.035
598.817 -94.5306
599.829 -88.0689
600.626 -83.2658
601.526 -77.0589
602.286 -73.0778
603.134 -66.755
603.929 -60.4196
604.701 -55.4088
605.406 -49.0194
606.076 -42.9526
606.814 -38.0922
607.435 -32.147
