606.473 22.1492
606.061 28.9091
605.495 34.5832
604.784 37.7663
604.245 44.6205
603.631 51.639
602.943 58.112
602.196 64.4264
601.456 69.5406
600.508 77.4631
599.915 80.2526
599.059 86.1004
598.271 91.228
597.465 96.4275
596.363 103.097
595.906 106.536
594.607 113.668
593.764 118.752
592.52 125.185
590.976 132.377
590.73 135.414
589.02 142.716
588.54 146.6
586.968 153.222
586.138 158.004
569.325 211.796
567.198 216.078
564.854 221.377
562.427 226.874
560.053 232.035
557.162 238.837
555.911 240.308
552.859 247.252
549.451 254.882
547.19 259.233
544.664 264.232
542.107 269.241
540.204 272.845
536.597 279.868
534.86 283.17
531.741 289.02
529.12 293.917
526.769 298.351
523.604 304.006
520.057 310.106
517.698 314.416
513.771 320.805
511.368 325.094
508.792 329.604
506.336 333.975
501.909 340.512
499.608 344.63
497.046 349.047
463.458 391.729
459.048 396.67
455.856 399.675
451.627 404.204
449.619 405.711
443.376 412.744
440.015 415.989
434.641 421.614
431.669 424.364
428.126 427.802
424.066 431.772
418.151 437.509
416.097 439.468
408.985 446.073
404.794 449.912
401.878 452.662
398.336 455.974
392.726 460.832
389.323 463.993
382.196 469.723
379.439 472.372
373.628 476.999
369.763 480.342
364.997 484.197
359.979 488.137
323.918 512.29
319.538 514.717
313.766 518.166
309.671 520.354
304.423 523.332
300.367 525.508
293.061 529.652
286.93 532.966
282.29 535.356
277.422 537.857
272.84 540.198
263.985 544.57
260.807 546.148
254.979 548.936
249.781 551.405
243.647 554.191
238.227 556.648
233.42 558.86
227.285 561.464
219.098 564.603
214.58 566.582
171.181 582.712
166.668 583.498
161.507 584.598
154.235 586.552
149.496 587.418
146.856 587.58
138.01 589.86
132.856 590.844
125.993 592.304
115.788 594.618
115.049 594.292
107.529 595.697
101.833 596.625
97.2987 597.319
90.8105 598.329
84.2809 599.285
79.995 599.935
72.9397 600.855
67.4222 601.588
61.4341 602.317
56.5101 602.98
50.3154 603.643
43.9656 604.249
38.5622 604.841
31.3183 605.295
26.2834 605.843
18.4155 606.095
12.4992 606.47
6.79544 606.839
-47.7537 605.469
-51.9949 604.578
-57.1748 603.772
-65.3547 603.029
-69.6523 602.134
-74.6974 601.261
-82.4102 600.274
-86.3267 599.406
-91.8327 598.45
-94.4614 597.83
-105.911 596.061
-110.252 595.133
-113.679 594.414
-120.719 593.018
-125.582 592.035
-132.734 590.483
-137.748 589.417
-143.387 588.163
-149.436 586.741
-154.548 585.591
-163.175 583.142
-168.563 581.769
-175.399 579.786
-178.535 579.306
-185.517 577.142
-194.046 574.149
-196.687 573.93
-203.763 571.468
-244.975 554.374
-251.13 551.52
-253.484 549.967
-261.995 546.124
-267.497 543.325
-272.929 540.503
-276.853 538.313
-282.169 535.479
-287.722 532.475
-293.757 529.151
-298.211 526.624
-304.635 522.93
-308.131 520.928
-316.035 516.126
-318.922 514.495
-324.673 510.938
-328.799 508.504
-332.961 506.066
-339.975 501.297
-344.371 498.568
-350.435 494.352
-353.96 492.348
-393.48 462.366
-397.779 458.31
-401.959 454.294
-406.065 450.293
-410.091 446.316
-414.093 442.323
-418.028 438.351
-421.932 434.375
-425.794 430.406
-429.602 426.459
-433.396 422.496
-437.161 418.536
-440.925 414.55
-444.668 410.559
-448.444 406.5
-452.208 402.42
-456.015 398.252
-459.816 394.05
-463.621 389.805
-467.457 385.474
-471.278 381.118
-475.092 376.712
-478.88 372.287
-482.655 367.813
-486.441 363.241
-516.716 318.591
-520.867 311.856
-522.461 308.111
-526.52 301.234
-529.056 296.213
-531.005 291.988
-534.074 286.132
-536.966 280.434
-539.382 275.397
-540.708 272.207
-542.687 267.995
-545.625 261.917
-548.479 255.845
-551.141 250.023
-553.661 244.378
-555.533 240.186
-557.488 235.857
-560.8 227.739
-562.066 225.304
-565.022 217.692
-566.528 214.76
-568.862 208.902
-571.818 200.182
-573.644 195.863
-575.252 192.875
-577.492 186.469
-579.726 179.601
-581.773 173.527
-595.985 118.082
-596.784 112.287
-597.4 106.919
-597.728 102.433
-599.485 93.2093
-600.52 85.9793
-600.645 81.8031
-600.76 77.923
-601.922 69.2911
-602.37 63.5912
-602.725 58.2891
-602.992 53.5545
-603.71 45.3078
-603.859 41.1693
-604.292 34.0639
-604.496 29.2419
-604.716 24.3596
-604.946 19.5358
-605.154 12.8045
-605.389 8.59034
-605.537 2.45246
-605.558 -4.63153
-605.296 -13.9379
-605.721 -15.7884
-606.06 -19.5303
-605.914 -26.3027
-605.368 -34.782
-605.895 -37.6654
-605.914 -43.0892
-605.98 -48.3126
-605.84 -54.2108
-596.258 -113.764
-594.757 -121.718
-593.338 -126.458
-591.844 -132.215
-590.153 -139.53
-588.841 -143.041
-587.25 -148.787
-585.433 -155.592
-583.318 -163.56
-581.949 -167.314
-580.802 -170.456
-577.964 -180.224
-576.556 -184.183
-574.184 -191.44
-573.191 -194.165
-570.92 -200.741
-569.393 -205.162
-567.091 -211.508
-567 -212.736
-563.37 -221.773
-561.474 -226.921
-559.294 -232.576
-558.216 -236.159
-554.208 -244.904
-554.058 -246.937
-549.2 -256.601
-549.834 -257.603
-545.325 -266.241
-543.214 -271.294
-517.991 -315.451
-514.648 -320.501
-511.325 -325.411
-507.997 -330.242
-504.643 -335.047
-501.8 -338.896
-498.822 -342.998
-494.62 -348.996
-492.22 -352.156
-488.241 -357.62
-484.995 -361.976
-481.377 -366.783
-478.377 -370.769
-474.571 -375.698
-471.822 -379.375
-467.864 -384.368
-463.599 -389.595
-460.667 -393.418
-457.775 -397.226
-452.685 -403.007
-449.664 -406.874
-423.874 -432.442
-417.637 -438.581
-415.348 -440.354
-408.977 -446.344
-406.624 -448.262
-398.283 -455.845
-394.735 -458.785
-390.874 -462.032
-386.168 -465.977
-381.329 -469.966
-374.067 -475.759
-371.526 -477.832
-367.919 -480.77
-363.211 -484.451
-359.462 -487.489
-353.313 -491.959
-317.041 -518.063
-311.686 -521
-306.653 -523.621
-300.943 -526.737
-296.657 -528.72
-290.923 -531.745
-286.112 -534.075
-281.002 -536.583
-276.552 -538.662
-271.109 -541.318
-265.695 -543.908
-261.18 -545.988
-257.817 -547.531
-251.197 -550.598
-246.188 -552.878
-241.156 -555.145
-236.143 -557.382
-230.179 -559.929
-225.975 -561.849
-219.947 -564.332
-215.669 -566.275
-209.61 -568.673
-204.363 -570.826
-199.022 -572.972
-193.559 -575.109
-189.171 -577.05
-183.648 -579.153
-130.136 -592.635
-125.78 -593.119
-117.163 -595.043
-112.803 -595.481
-108.525 -595.943
-101.313 -597.185
-95.8896 -597.912
-88.5366 -599.031
-87.0142 -598.96
-78.1032 -600.227
-71.0426 -601.084
-67.0852 -601.463
-59.899 -602.215
-55.5365 -602.65
-50.7684 -603.144
-45.7365 -603.659
-39.8839 -604.175
-34.9159 -604.68
-26.9102 -605.056
-20.9582 -605.436
-15.2879 -605.798
-8.74331 -606.045
-3.99904 -606.45
2.41899 -606.625
51.7615 -604.555
59.1251 -603.841
62.7516 -602.946
71.6406 -602.122
78.0679 -601.183
83.9184 -600.199
88.6245 -599.241
95.2012 -598.148
97.0715 -597.492
105.481 -596.104
113.479 -594.657
113.177 -594.516
121.037 -592.959
127.719 -591.553
133.293 -590.341
138.486 -589.205
144.512 -587.812
150.73 -586.308
155.509 -585.229
162.161 -583.477
166.643 -582.482
172.015 -581.143
178.103 -579.464
182.221 -578.66
189.31 -576.408
194.739 -574.919
241.896 -556.274
249.617 -552.976
255.5 -550.113
260.124 -547.602
264.295 -545.249
268.503 -542.902
275.968 -539.209
279.326 -537.167
285.079 -534.062
290.155 -531.226
294.821 -528.57
298.259 -526.586
305.018 -522.703
307.273 -521.475
313.83 -517.556
319.549 -514.084
324.112 -511.347
327.845 -509.224
334.572 -504.786
338.968 -502.091
344.051 -498.805
348.124 -496.368
352.264 -493.898
357.771 -490.088
394.375 -460.519
396.72 -457.902
401.229 -453.777
406.565 -448.956
411.88 -444.043
416.614 -439.492
419.333 -436.595
425.401 -430.738
429.958 -426.108
432.676 -423.172
436.357 -419.329
440.189 -415.313
442.824 -412.638
450.519 -404.1
452.623 -401.919
456.399 -397.776
461.407 -391.955
465.098 -387.761
467.795 -384.987
471.783 -380.324
475.783 -375.552
479.77 -370.703
506.554 -333.702
508.354 -330.103
511.447 -324.965
515.816 -318.098
517.669 -314.432
520.442 -309.535
524.036 -303.354
526.637 -298.566
529.534 -293.254
532.514 -287.711
534.346 -284.153
536.471 -280.149
539.513 -274.282
542.807 -267.702
545.51 -262.243
547.307 -258.897
550.212 -252.797
552.324 -248.739
555.584 -241.265
558.074 -235.839
561.746 -226.361
562.623 -226.152
565.498 -218.74
582.405 -171.794
584.04 -165.479
585.287 -159.897
586.123 -155.248
587.362 -149.603
588.58 -143.926
589.845 -138.009
590.926 -132.543
591.747 -127.925
593.01 -121.636
594.016 -116.196
594.995 -110.773
595.961 -105.316
596.904 -99.8626
597.829 -94.3752
598.836 -87.9508
599.631 -83.1694
600.529 -76.9846
601.287 -73.0299
602.135 -66.7287
602.929 -60.4146
603.702 -55.4334
604.407 -49.0649
605.078 -43.0212
605.819 -38.1913
606.443 -32.2771
