605.479 22.2646
605.068 29.0217
604.5 34.6801
603.786 37.8324
603.246 44.669
602.632 51.6802
601.943 58.1254
601.196 64.4179
600.456 69.504
599.51 77.4072
598.918 80.1717
598.063 86.0038
597.28 91.0951
596.478 96.2669
595.379 102.918
594.929 106.319
593.634 113.435
592.801 118.484
591.56 124.905
590.022 132.076
589.787 135.081
588.085 142.363
587.612 146.229
586.05 152.825
585.228 157.588
568.344 211.604
566.22 215.872
563.879 221.155
561.456 226.637
559.086 231.781
556.197 238.575
554.955 240.017
551.907 246.947
548.507 254.551
546.25 258.89
543.734 263.865
541.194 268.834
539.298 272.423
535.704 279.419
533.98 282.695
530.87 288.529
528.258 293.41
525.922 297.819
522.773 303.449
519.236 309.535
516.899 313.814
512.982 320.192
510.597 324.457
508.034 328.952
505.592 333.307
501.174 339.835
498.883 343.942
496.335 348.344
462.615 391.191
458.211 396.122
455.034 399.106
450.813 403.623
448.821 405.108
442.581 412.138
439.239 415.357
433.879 420.967
430.924 423.696
427.396 427.118
423.36 431.063
417.453 436.793
415.429 438.723
408.319 445.327
404.146 449.149
401.251 451.883
397.741 455.17
392.143 460.019
388.759 463.167
381.629 468.9
378.895 471.532
373.091 476.156
369.243 479.488
364.489 483.336
359.482 487.269
323.285 511.516
318.922 513.929
313.159 517.371
309.083 519.545
303.854 522.509
299.818 524.673
292.526 528.807
286.409 532.112
281.795 534.487
276.95 536.975
272.394 539.303
263.554 543.668
260.411 545.23
254.602 548.01
249.427 550.469
243.311 553.249
237.914 555.698
233.133 557.902
227.017 560.501
218.836 563.638
214.34 565.611
170.749 581.809
166.259 582.586
161.116 583.678
153.85 585.63
149.133 586.486
146.518 586.638
137.677 588.917
132.542 589.894
125.687 591.352
115.504 593.66
114.801 593.323
107.295 594.724
101.623 595.647
97.1202 596.335
90.6522 597.341
84.1425 598.295
79.8897 598.94
72.8603 599.859
67.3687 600.589
61.3954 601.317
56.5092 601.98
50.3293 602.643
44.0081 603.25
38.6241 603.843
31.3878 604.297
26.3839 604.848
18.5191 605.101
12.6191 605.478
6.93195 605.849
-47.8368 604.472
-52.0516 603.579
-57.2206 602.773
-65.3894 602.03
-69.6616 601.134
-74.6951 600.261
-82.3932 599.274
-86.291 598.407
-91.7627 597.453
-94.3564 596.836
-105.798 595.068
-110.115 594.143
-113.512 593.428
-120.536 592.035
-125.361 591.059
-132.506 589.509
-137.492 588.45
-143.099 587.205
-149.117 585.793
-154.219 584.647
-162.825 582.205
-168.188 580.842
-175.017 578.862
-178.12 578.395
-185.097 576.234
-193.621 573.244
-196.237 573.037
-203.308 570.578
-244.652 553.428
-250.791 550.579
-253.112 549.039
-261.622 545.196
-267.112 542.402
-272.531 539.586
-276.433 537.406
-281.736 534.578
-287.277 531.58
-293.303 528.26
-297.739 525.742
-304.149 522.056
-307.622 520.067
-315.514 515.272
-318.376 513.658
-324.11 510.111
-328.211 507.695
-332.348 505.276
-339.354 500.513
-343.728 497.803
-349.786 493.592
-353.283 491.613
-392.949 461.519
-397.219 457.481
-401.386 453.475
-405.472 449.487
-409.478 445.527
-413.466 441.544
-417.374 437.595
-421.266 433.63
-425.108 429.679
-428.904 425.743
-432.678 421.799
-436.426 417.858
-440.178 413.885
-443.91 409.907
-447.675 405.861
-451.428 401.794
-455.224 397.639
-459.02 393.445
-462.815 389.213
-466.642 384.895
-470.452 380.553
-474.257 376.161
-478.036 371.75
-481.802 367.291
-485.58 362.733
-515.95 317.948
-520.094 311.222
-521.672 307.498
-525.718 300.637
-528.239 295.636
-530.17 291.437
-533.228 285.598
-536.113 279.911
-538.521 274.889
-539.832 271.726
-541.803 267.527
-544.737 261.458
-547.578 255.412
-550.234 249.601
-552.741 243.985
-554.604 239.814
-556.545 235.522
-559.858 227.403
-561.113 225
-564.066 217.4
-565.561 214.505
-567.889 208.669
-570.845 199.953
-572.665 195.657
-574.269 192.692
-576.505 186.306
-578.738 179.445
-580.784 173.384
-595.059 117.706
-595.848 111.934
-596.455 106.592
-596.776 102.128
-598.53 92.9157
-599.558 85.7078
-599.674 81.5652
-599.785 77.7042
-600.941 69.0955
-601.385 63.4206
-601.735 58.1457
-602 53.4329
-602.715 45.2046
-602.862 41.0916
-603.294 34.0029
-603.496 29.211
-603.716 24.3586
-603.947 19.5654
-604.155 12.8524
-604.391 8.66387
-604.542 2.55596
-604.565 -4.51153
-604.304 -13.8137
-604.733 -15.6339
-605.075 -19.3565
-604.931 -26.1184
-604.384 -34.6074
-604.915 -37.4657
-604.937 -42.8793
-605.007 -48.0842
-604.87 -53.9674
-595.258 -113.731
-593.759 -121.658
-592.341 -126.377
-590.85 -132.1
-589.161 -139.401
-587.855 -142.874
-586.268 -148.596
-584.455 -155.384
-582.344 -163.335
-580.983 -167.055
-579.842 -170.174
-577.006 -179.936
-575.603 -183.878
-573.233 -191.133
-572.25 -193.825
-569.983 -200.393
-568.463 -204.794
-566.161 -211.139
-566.084 -212.335
-562.45 -221.381
-560.561 -226.513
-558.386 -232.156
-557.322 -235.713
-553.314 -244.457
-553.178 -246.462
-548.326 -256.115
-548.979 -257.083
-544.475 -265.714
-542.38 -270.743
-517.091 -315.016
-513.758 -320.045
-510.446 -324.933
-507.131 -329.742
-503.789 -334.525
-500.963 -338.349
-497.996 -342.433
-493.799 -348.426
-491.414 -351.564
-487.441 -357.02
-484.206 -361.361
-480.597 -366.158
-477.609 -370.128
-473.811 -375.048
-471.071 -378.715
-467.12 -383.7
-462.861 -388.921
-459.944 -392.727
-457.067 -396.52
-451.979 -402.299
-448.974 -406.15
-423.116 -431.79
-416.894 -437.911
-414.623 -439.665
-408.269 -445.638
-405.934 -447.538
-397.604 -455.111
-394.074 -458.034
-390.243 -461.257
-385.548 -465.193
-380.725 -469.169
-373.473 -474.954
-370.972 -476.999
-367.377 -479.929
-362.69 -483.597
-358.967 -486.62
-352.83 -491.083
-316.376 -517.316
-311.025 -520.25
-306.005 -522.859
-300.311 -525.962
-296.049 -527.926
-290.33 -530.939
-285.541 -533.254
-280.443 -535.754
-276.018 -537.817
-270.602 -540.456
-265.2 -543.039
-260.704 -545.109
-257.373 -546.635
-250.775 -549.692
-245.79 -551.96
-240.782 -554.217
-235.786 -556.448
-229.849 -558.985
-225.667 -560.897
-219.659 -563.374
-215.41 -565.309
-209.371 -567.702
-204.149 -569.85
-198.832 -571.99
-193.393 -574.123
-189.028 -576.06
-183.535 -578.159
-129.802 -591.693
-125.47 -592.168
-116.858 -594.091
-112.521 -594.522
-108.258 -594.979
-101.06 -596.218
-95.653 -596.94
-88.3134 -598.056
-86.8316 -597.977
-77.9242 -599.243
-70.8792 -600.097
-66.9566 -600.471
-59.7854 -601.222
-55.456 -601.654
-50.7181 -602.145
-45.7059 -602.659
-39.8687 -603.175
-34.9302 -603.68
-26.9521 -604.057
-21.0055 -604.437
-15.3684 -604.801
-8.83334 -605.049
-4.11176 -605.456
2.29513 -605.632
51.7993 -603.556
59.1557 -602.842
62.7358 -601.946
71.6101 -601.122
78.0162 -600.184
83.8512 -599.201
88.5349 -598.245
95.1008 -597.153
96.9329 -596.502
105.343 -595.114
113.338 -593.667
112.995 -593.532
120.844 -591.978
127.509 -590.575
133.059 -589.369
138.226 -588.239
144.231 -586.852
150.429 -585.354
155.181 -584.285
161.816 -582.538
166.269 -581.555
171.617 -580.225
177.695 -578.551
181.79 -577.757
188.875 -575.507
194.289 -574.026
241.611 -555.315
249.324 -552.02
255.196 -549.161
259.808 -546.653
263.958 -544.307
268.138 -541.971
275.595 -538.282
278.911 -536.257
284.655 -533.157
289.7 -530.336
294.35 -527.688
297.765 -525.717
304.505 -521.845
306.737 -520.631
313.268 -516.728
318.979 -513.262
323.52 -510.542
327.234 -508.433
333.938 -504.013
338.313 -501.335
343.379 -498.064
347.436 -495.641
351.567 -493.18
357.073 -489.373
393.851 -459.668
396.164 -457.071
400.654 -452.959
405.977 -448.146
411.273 -443.248
415.991 -438.71
418.689 -435.83
424.745 -429.983
429.28 -425.372
431.978 -422.455
435.64 -418.632
439.46 -414.628
442.07 -411.981
449.76 -403.448
451.844 -401.292
455.599 -397.177
460.598 -391.366
464.275 -387.194
466.956 -384.442
470.933 -379.798
474.921 -375.044
478.898 -370.214
505.794 -333.052
507.582 -329.467
510.671 -324.334
515.039 -317.468
516.875 -313.823
519.643 -308.933
523.228 -302.765
525.809 -298.006
528.698 -292.706
531.661 -287.189
533.48 -283.653
535.589 -279.678
538.621 -273.828
541.909 -267.263
544.598 -261.832
546.384 -258.511
549.282 -252.43
551.383 -248.402
554.637 -240.945
557.12 -235.542
560.789 -226.071
561.655 -225.899
564.525 -218.506
581.491 -171.388
583.125 -165.076
584.368 -159.501
585.2 -154.865
586.432 -149.235
587.645 -143.573
588.905 -137.67
589.979 -132.22
590.792 -127.631
592.048 -121.362
593.047 -115.947
594.02 -110.55
594.981 -105.117
595.919 -99.69
596.84 -94.2283
597.843 -87.8326
598.636 -83.0731
599.531 -76.9103
600.288 -72.9818
601.135 -66.7022
601.929 -60.4096
602.702 -55.4578
603.408 -49.1102
604.08 -43.0895
604.823 -38.2902
605.451 -32.3999
