604.486 22.3799
604.074 29.1341
603.505 34.7767
602.788 37.8983
602.247 44.7265
601.633 51.7213
600.943 58.1386
600.196 64.4106
599.457 69.4682
598.511 77.3513
597.921 80.0908
597.07 85.8906
596.289 90.9622
595.491 96.1063
594.395 102.739
593.953 106.103
592.662 113.203
591.835 118.224
590.6 124.626
589.066 131.783
588.844 134.748
587.15 142.009
586.687 145.849
585.132 152.428
584.319 157.171
567.362 211.411
565.241 215.665
562.904 220.933
560.484 226.399
558.119 231.527
555.232 238.313
553.998 239.725
550.955 246.641
547.564 254.221
545.311 258.548
542.806 263.49
540.276 268.436
538.391 272.001
534.806 278.977
533.1 282.22
530 288.037
527.396 292.903
525.075 297.287
521.942 302.893
518.415 308.964
516.096 313.219
512.192 319.579
509.82 323.827
507.276 328.3
504.847 332.64
500.438 339.157
498.158 343.254
495.625 347.64
461.772 390.654
457.374 395.574
454.206 398.545
449.994 403.049
448.024 404.505
441.786 411.531
438.463 414.726
433.117 420.319
430.174 423.035
426.666 426.435
422.648 430.361
416.754 436.077
414.756 437.984
407.653 444.582
403.499 448.387
400.625 451.103
397.132 454.377
391.553 459.212
388.194 462.341
381.062 468.076
378.352 470.692
372.553 475.313
368.723 478.634
363.981 482.474
358.986 486.401
322.652 510.742
318.298 513.147
312.552 516.576
308.487 518.742
303.277 521.692
299.268 523.838
291.991 527.962
285.889 531.258
281.299 533.619
276.478 536.093
271.947 538.409
263.123 542.766
260.007 544.315
254.217 547.087
249.073 549.534
242.975 552.308
237.6 554.749
232.846 556.945
226.748 559.538
218.575 562.673
214.101 564.64
170.319 580.907
165.851 581.673
160.726 582.757
153.465 584.707
148.769 585.554
146.18 585.697
137.335 587.978
132.219 588.948
125.38 590.4
115.211 592.703
114.545 592.357
107.06 593.752
101.413 594.669
96.9417 595.351
90.4938 596.354
84.0042 597.304
79.7929 597.945
72.7807 598.862
67.3152 599.591
61.3653 600.318
56.5003 600.981
50.3431 601.643
44.0594 602.252
38.6949 602.845
31.4572 603.3
26.4842 603.853
18.6226 604.106
12.7387 604.485
7.06829 604.858
-47.9198 603.476
-52.1082 602.581
-57.2663 601.774
-65.4238 601.031
-69.6798 600.134
-74.6926 599.261
-82.3761 598.274
-86.2473 597.408
-91.6935 596.455
-94.2513 595.841
-105.686 594.074
-109.969 593.153
-113.346 592.442
-120.344 591.054
-125.14 590.084
-132.269 588.538
-137.228 587.486
-142.81 586.248
-148.799 584.845
-153.889 583.702
-162.474 581.269
-167.814 579.915
-174.626 577.942
-177.706 577.485
-184.676 575.327
-193.195 572.338
-195.787 572.144
-202.853 569.687
-244.329 552.481
-250.445 549.641
-252.74 548.111
-261.249 544.268
-266.726 541.48
-272.133 538.669
-276.013 536.498
-281.303 533.677
-286.832 530.684
-292.85 527.369
-297.267 524.861
-303.663 521.182
-307.113 519.206
-314.993 514.418
-317.822 512.825
-323.547 509.285
-327.615 506.892
-331.735 504.486
-338.727 499.734
-343.085 497.037
-349.13 492.837
-352.605 490.877
-392.417 460.672
-396.667 456.648
-400.814 452.655
-404.879 448.682
-408.864 444.737
-412.832 440.771
-416.721 436.838
-420.599 432.885
-424.422 428.951
-428.205 425.028
-431.961 421.102
-435.691 417.18
-439.431 413.22
-443.152 409.255
-446.905 405.221
-450.649 401.168
-454.434 397.027
-458.225 392.839
-462.01 388.62
-465.827 384.316
-469.627 379.988
-473.423 375.611
-477.192 371.214
-480.949 366.769
-484.718 362.225
-515.183 317.306
-519.32 310.588
-520.882 306.885
-524.911 300.045
-527.422 295.06
-529.335 290.887
-532.382 285.065
-535.261 279.389
-537.659 274.382
-538.959 271.237
-540.92 267.059
-543.848 261
-546.68 254.971
-549.324 249.188
-551.822 243.592
-553.676 239.443
-555.606 235.18
-558.916 227.067
-560.16 224.697
-563.107 217.116
-564.594 214.25
-566.917 208.435
-569.872 199.724
-571.687 195.451
-573.285 192.517
-575.519 186.142
-577.75 179.289
-579.794 173.241
-594.136 117.322
-594.916 111.573
-595.51 106.264
-595.823 101.824
-597.574 92.6205
-598.595 85.4366
-598.704 81.3186
-598.807 77.4931
-599.962 68.8914
-600.4 63.2493
-600.746 57.9937
-601.007 53.3113
-601.72 45.1097
-601.865 41.0139
-602.295 33.9505
-602.497 29.1889
-602.716 24.3492
-602.947 19.5949
-603.156 12.9003
-603.394 8.73728
-603.547 2.65931
-603.572 -4.39167
-603.311 -13.6895
-603.745 -15.4794
-604.092 -19.1736
-603.948 -25.9342
-603.399 -34.433
-603.935 -37.2661
-603.959 -42.6696
-604.033 -47.8561
-603.899 -53.7313
-594.259 -113.699
-592.76 -121.598
-591.345 -126.295
-589.856 -131.995
-588.17 -139.272
-586.867 -142.716
-585.287 -148.406
-583.477 -155.177
-581.369 -163.11
-580.015 -166.804
-578.883 -169.892
-576.049 -179.648
-574.654 -183.565
-572.284 -190.817
-571.31 -193.484
-569.045 -200.045
-567.534 -204.426
-565.232 -210.77
-565.168 -211.934
-561.53 -220.988
-559.648 -226.105
-557.479 -231.735
-556.427 -235.267
-552.416 -244.017
-552.298 -245.988
-547.453 -255.629
-548.125 -256.564
-543.626 -265.186
-541.545 -270.192
-516.19 -314.581
-512.872 -319.582
-509.572 -324.448
-506.269 -329.235
-502.94 -333.997
-500.13 -337.794
-497.171 -341.869
-492.983 -347.849
-490.609 -350.972
-486.641 -356.42
-483.423 -360.74
-479.816 -365.533
-476.841 -369.488
-473.051 -374.398
-470.32 -378.056
-466.376 -383.031
-462.123 -388.246
-459.22 -392.037
-456.352 -395.82
-451.274 -401.59
-448.284 -405.427
-422.363 -431.131
-416.146 -437.248
-413.904 -438.97
-407.555 -444.938
-405.249 -446.809
-396.925 -454.376
-393.413 -457.284
-389.604 -460.487
-384.934 -464.404
-380.122 -468.371
-372.879 -474.149
-370.412 -476.171
-366.835 -479.089
-362.169 -482.744
-358.472 -485.751
-352.355 -490.203
-315.711 -516.569
-310.365 -519.499
-305.358 -522.097
-299.684 -525.182
-295.447 -527.128
-289.738 -530.134
-284.963 -532.438
-279.885 -534.924
-275.484 -536.971
-270.088 -539.598
-264.706 -542.17
-260.235 -544.226
-256.93 -545.738
-250.353 -548.785
-245.392 -551.043
-240.401 -553.293
-235.429 -555.514
-229.511 -558.044
-225.359 -559.946
-219.37 -562.417
-215.151 -564.343
-209.141 -566.729
-203.934 -568.873
-198.643 -571.008
-193.227 -573.137
-188.885 -575.07
-183.414 -577.166
-129.475 -590.748
-125.166 -591.215
-116.552 -593.139
-112.238 -593.563
-107.999 -594.013
-100.807 -595.25
-95.4165 -595.968
-88.0983 -597.079
-86.649 -596.994
-77.7453 -598.259
-70.7159 -599.111
-66.828 -599.479
-59.6718 -600.228
-55.3755 -600.657
-50.6678 -601.146
-45.6759 -601.66
-39.8534 -602.175
-34.9443 -602.68
-26.9938 -603.058
-21.0528 -603.438
-15.4408 -603.804
-8.91531 -604.053
-4.22433 -604.462
2.1714 -604.64
51.8369 -602.557
59.1787 -601.842
62.7199 -600.946
71.5794 -600.123
77.9644 -599.185
83.7839 -598.203
88.4452 -597.249
95.0002 -596.158
96.7942 -595.512
105.205 -594.123
113.189 -592.678
112.804 -592.551
120.65 -590.997
127.298 -589.597
132.833 -588.395
137.974 -587.271
143.958 -585.89
150.137 -584.398
154.86 -583.337
161.471 -581.599
165.902 -580.624
171.22 -579.308
177.287 -577.638
181.367 -576.852
188.44 -574.607
193.84 -573.132
241.318 -554.359
249.03 -551.064
254.891 -548.209
259.485 -545.707
263.614 -543.368
267.781 -541.036
275.222 -537.354
278.505 -535.343
284.23 -532.252
289.253 -529.441
293.878 -526.806
297.27 -524.848
303.991 -520.987
306.194 -519.791
312.714 -515.896
318.402 -512.446
322.927 -509.736
326.622 -507.642
333.305 -503.239
337.658 -500.58
342.707 -497.324
346.754 -494.91
350.87 -492.463
356.374 -488.657
393.326 -458.816
395.614 -456.235
400.086 -452.136
405.389 -447.337
410.666 -442.453
415.369 -437.927
418.045 -435.065
424.089 -429.229
428.609 -424.631
431.281 -421.739
434.923 -417.934
438.725 -413.95
441.311 -411.331
449.002 -402.797
451.064 -400.666
454.804 -396.571
459.79 -390.777
463.452 -386.626
466.118 -383.898
470.083 -379.271
474.055 -374.545
478.021 -369.733
505.034 -332.403
506.81 -328.832
509.895 -323.702
514.268 -316.831
516.088 -313.207
518.845 -308.33
522.42 -302.176
524.98 -297.445
527.857 -292.165
530.809 -286.666
532.613 -283.154
534.711 -279.199
537.73 -273.375
541.007 -266.831
543.686 -261.42
545.458 -258.134
548.352 -252.062
550.439 -248.073
553.692 -240.617
556.165 -235.244
559.83 -225.789
560.685 -225.655
563.551 -218.282
580.577 -170.982
582.209 -164.673
583.45 -159.106
584.276 -154.482
585.502 -148.868
586.712 -143.212
587.964 -137.331
589.031 -131.904
589.836 -127.337
591.084 -121.095
592.077 -115.706
593.044 -110.334
594.001 -104.919
594.934 -99.5173
595.851 -94.0813
596.852 -87.6975
597.64 -82.9766
598.534 -76.836
599.289 -72.9337
600.135 -66.6846
600.929 -60.4134
601.702 -55.4821
602.409 -49.1554
603.083 -43.1576
603.828 -38.3888
604.459 -32.5225
