603.493 22.4949
603.08 29.2464
602.509 34.8657
601.79 37.9641
601.249 44.7839
600.633 51.7545
599.943 58.1518
599.196 64.4031
598.458 69.4324
597.513 77.2952
596.925 80.0098
596.076 85.7773
595.298 90.8292
594.504 95.9456
593.413 102.552
592.975 105.894
591.689 112.97
590.87 117.964
589.64 124.347
588.113 131.48
587.901 134.415
586.212 141.662
585.762 145.469
584.214 152.031
583.414 156.747
566.381 211.219
564.263 215.459
561.927 220.72
559.513 226.162
557.152 231.272
554.267 238.05
553.042 239.433
550.005 246.328
546.62 253.89
544.374 258.197
541.879 263.116
539.359 268.037
537.485 271.578
533.909 278.536
532.22 281.746
529.129 287.545
526.53 292.403
524.233 296.748
521.112 302.336
517.594 308.393
515.292 312.623
511.397 318.972
509.044 323.196
506.518 327.647
504.109 331.965
499.703 338.48
497.432 342.565
494.915 346.936
460.929 390.116
456.533 395.034
453.379 397.983
449.175 402.476
447.226 403.901
440.991 410.926
437.682 414.102
432.355 419.672
429.424 422.373
425.937 425.751
421.936 429.659
416.056 435.362
414.082 437.245
406.987 443.836
402.852 447.624
399.999 450.324
396.523 453.584
390.963 458.404
387.63 461.516
380.502 467.247
377.809 469.853
372.023 474.465
368.203 477.78
363.473 481.613
358.489 485.533
322.012 509.974
317.675 512.365
311.945 515.782
307.892 517.938
302.701 520.875
298.718 523.003
291.456 527.117
285.376 530.399
280.811 532.746
276.014 535.208
271.507 537.51
262.692 541.863
259.602 543.4
253.832 546.164
248.711 548.602
242.639 551.366
237.287 553.799
232.558 555.987
226.488 558.572
218.313 561.708
213.861 563.669
169.888 580.004
165.434 580.764
160.336 581.836
153.08 583.784
148.397 584.626
145.842 584.756
136.993 587.038
131.896 588.002
125.074 589.448
114.918 591.747
114.288 591.39
106.826 592.78
101.211 593.69
96.7548 594.369
90.3355 595.367
83.8743 596.313
79.6961 596.95
72.7011 597.865
67.2534 598.593
61.3352 599.318
56.5002 599.981
50.3658 600.643
44.103 601.253
38.7655 601.848
31.5355 602.303
26.5844 602.858
18.7259 603.111
12.8583 603.492
7.20446 603.867
-48.0025 602.479
-52.1739 601.583
-57.3118 600.775
-65.4673 600.032
-69.6979 599.134
-74.69 598.261
-82.3588 597.274
-86.2036 596.409
-91.6243 595.458
-94.138 594.848
-105.573 593.08
-109.832 592.163
-113.179 591.456
-120.153 590.072
-124.92 589.109
-132.033 587.566
-136.964 586.522
-142.521 585.29
-148.488 583.895
-153.552 582.761
-162.123 580.332
-167.439 578.988
-174.235 577.021
-177.293 576.575
-184.256 574.419
-192.77 571.433
-195.329 571.255
-202.389 568.801
-244.007 551.534
-250.098 548.702
-252.367 547.183
-260.876 543.34
-266.341 540.557
-271.734 537.751
-275.601 535.587
-280.87 532.775
-286.395 529.785
-292.403 526.474
-296.795 523.979
-303.177 520.308
-306.604 518.345
-314.473 513.564
-317.275 511.988
-322.976 508.463
-327.026 506.084
-331.115 503.702
-338.099 498.956
-342.442 496.271
-348.474 492.082
-351.928 490.141
-391.886 459.825
-396.115 455.814
-400.241 451.835
-404.279 447.882
-408.258 443.942
-412.199 439.997
-416.074 436.075
-419.932 432.139
-423.736 428.223
-427.501 424.318
-431.238 420.412
-434.956 416.502
-438.684 412.555
-442.399 408.596
-446.142 404.576
-449.869 400.542
-453.649 396.407
-457.429 392.233
-461.204 388.028
-465.006 383.744
-468.797 379.43
-472.588 375.06
-476.348 370.677
-480.096 366.247
-483.852 361.725
-514.417 316.664
-518.547 309.954
-520.092 306.271
-524.105 299.454
-526.6 294.49
-528.505 290.33
-531.536 284.531
-534.408 278.866
-536.802 273.867
-538.087 270.749
-540.036 266.591
-542.959 260.542
-545.783 254.53
-548.417 248.766
-550.906 243.191
-552.748 239.071
-554.666 234.838
-557.974 226.731
-559.207 224.394
-562.148 216.831
-563.628 213.994
-565.945 208.201
-568.898 199.495
-570.708 195.245
-572.3 192.342
-574.532 185.978
-576.761 179.143
-578.804 173.098
-593.212 116.938
-593.983 111.212
-594.566 105.936
-594.871 101.52
-596.619 92.3256
-597.633 85.1655
-597.735 81.0722
-597.83 77.2822
-598.983 68.6873
-599.414 63.0782
-599.757 57.8499
-600.014 53.1897
-600.725 45.0063
-600.868 40.9447
-601.297 33.8982
-601.497 29.1667
-601.716 24.3486
-601.948 19.6243
-602.158 12.957
-602.397 8.81057
-602.552 2.75474
-602.578 -4.27968
-602.319 -13.5654
-602.757 -15.3252
-603.109 -18.991
-602.965 -25.7502
-602.414 -34.2588
-602.955 -37.0667
-602.981 -42.4601
-603.058 -47.6354
-602.927 -53.4954
-593.26 -113.651
-591.762 -121.537
-590.348 -126.213
-588.861 -131.889
-587.177 -139.151
-585.88 -142.558
-584.305 -148.215
-582.498 -154.97
-580.395 -162.885
-579.047 -166.553
-577.923 -169.61
-575.091 -179.36
-573.704 -183.253
-571.335 -190.502
-570.373 -193.136
-568.11 -199.69
-566.604 -204.057
-564.302 -210.401
-564.252 -211.533
-560.61 -220.596
-558.735 -225.697
-556.572 -231.315
-555.528 -234.828
-551.518 -243.577
-551.414 -245.52
-546.575 -255.15
-547.27 -256.045
-542.777 -264.658
-540.706 -269.648
-515.289 -314.147
-511.982 -319.126
-508.697 -323.963
-505.406 -328.729
-502.091 -333.469
-499.294 -337.247
-496.345 -341.304
-492.166 -347.271
-489.808 -350.373
-485.847 -355.813
-482.639 -360.119
-479.041 -364.901
-476.073 -368.847
-472.291 -373.748
-469.568 -377.396
-465.632 -382.363
-461.385 -387.572
-458.497 -391.347
-455.638 -395.121
-450.562 -400.887
-447.594 -404.703
-421.61 -430.473
-415.397 -436.584
-413.185 -438.275
-406.84 -444.239
-404.565 -446.08
-396.24 -453.648
-392.758 -456.528
-388.966 -459.718
-384.32 -463.614
-379.525 -467.569
-372.293 -473.339
-369.851 -475.344
-366.301 -478.244
-361.655 -481.886
-357.969 -484.886
-351.88 -489.323
-315.047 -515.822
-309.704 -518.749
-304.711 -521.335
-299.058 -524.403
-294.837 -526.335
-289.151 -529.324
-284.384 -531.623
-279.327 -534.094
-274.951 -536.125
-269.573 -538.741
-264.211 -541.3
-259.766 -543.342
-256.486 -544.842
-249.924 -547.882
-245.003 -550.122
-240.019 -552.368
-235.063 -554.583
-229.174 -557.102
-225.052 -558.994
-219.082 -561.459
-214.892 -563.377
-208.903 -565.758
-203.729 -567.894
-198.462 -570.025
-193.061 -572.151
-188.742 -574.081
-183.292 -576.174
-129.148 -589.803
-124.863 -590.262
-116.247 -592.187
-111.956 -592.603
-107.741 -593.047
-100.555 -594.283
-95.1801 -594.997
-87.8744 -596.105
-86.4575 -596.013
-77.5664 -597.275
-70.5527 -598.124
-66.6994 -598.487
-59.5669 -599.234
-55.295 -599.66
-50.6089 -600.148
-45.6458 -600.66
-39.8471 -601.175
-34.9584 -601.68
-27.0355 -602.059
-21.1091 -602.439
-15.5131 -602.806
-8.99717 -603.056
-4.32904 -603.468
2.05549 -603.647
51.8669 -601.557
59.2015 -600.842
62.6962 -599.947
71.5575 -599.123
77.9125 -598.187
83.7085 -597.206
88.3555 -596.253
94.8915 -595.164
96.6556 -594.521
105.058 -593.134
113.04 -591.689
112.613 -591.569
120.457 -590.016
127.088 -588.62
132.599 -587.422
137.722 -586.304
143.676 -584.931
149.836 -583.444
154.54 -582.39
161.118 -580.664
165.536 -579.694
170.83 -578.387
176.887 -576.722
180.943 -575.946
188.013 -573.703
193.39 -572.239
241.025 -553.403
248.736 -550.108
254.586 -547.256
259.162 -544.76
263.27 -542.43
267.424 -540.102
274.849 -536.426
278.098 -534.429
283.805 -531.347
288.806 -528.547
293.399 -525.928
296.775 -523.979
303.485 -520.125
305.651 -518.952
312.159 -515.064
317.832 -511.624
322.335 -508.93
326.009 -506.852
332.678 -502.46
337.009 -499.819
342.035 -496.583
346.072 -494.178
350.173 -491.746
355.676 -487.941
392.795 -457.969
395.065 -455.4
399.519 -451.313
404.809 -446.523
410.06 -441.658
414.746 -437.144
417.402 -434.299
423.433 -428.474
427.937 -423.89
430.584 -421.022
434.207 -417.237
437.989 -413.272
440.556 -410.674
448.237 -402.152
450.285 -400.04
454.008 -395.965
458.987 -390.181
462.629 -386.057
465.279 -383.353
469.232 -378.746
473.192 -374.038
477.144 -369.252
504.273 -331.753
506.038 -328.197
509.12 -323.071
513.497 -316.195
515.3 -312.591
518.047 -307.728
521.607 -301.594
524.152 -296.885
527.016 -291.624
529.956 -286.144
531.743 -282.662
533.829 -278.728
536.839 -272.921
540.105 -266.399
542.775 -261.009
544.532 -257.757
547.422 -251.695
549.494 -247.744
552.744 -240.298
555.21 -234.947
558.87 -225.507
559.715 -225.412
562.578 -218.05
579.663 -170.577
581.294 -164.27
582.531 -158.711
583.352 -154.099
584.575 -148.492
585.78 -142.851
587.023 -136.991
588.082 -131.588
588.88 -127.043
590.121 -120.829
591.108 -115.456
592.067 -110.118
593.023 -104.712
593.949 -99.3446
594.863 -93.9259
595.861 -87.5625
596.645 -82.8801
597.537 -76.7616
598.291 -72.8774
599.136 -66.6589
599.929 -60.4172
600.702 -55.5076
601.41 -49.2019
602.086 -43.2348
602.832 -38.4799
603.466 -32.6449
