602.499 22.6098
602.086 29.3512
601.513 34.9546
600.792 38.0221
600.251 44.8412
599.634 51.7797
598.943 58.1647
598.196 64.3954
597.458 69.3965
596.514 77.2481
595.928 79.9288
595.082 85.6728
594.308 90.6878
593.517 95.785
592.429 102.373
591.997 105.686
590.717 112.738
589.904 117.703
588.679 124.068
587.16 131.179
586.955 134.089
585.277 141.308
584.837 145.089
583.296 151.634
582.508 156.323
565.4 211.026
563.284 215.252
560.95 220.506
558.542 225.924
556.183 231.026
553.3 237.797
552.085 239.141
549.056 246.015
545.673 253.568
543.438 257.847
540.952 262.741
538.439 267.647
536.578 271.156
533.012 278.094
531.344 281.263
528.258 287.053
525.668 291.896
523.387 296.215
520.281 301.779
516.773 307.822
514.484 312.035
510.602 318.365
508.268 322.566
505.76 326.995
503.37 331.291
498.967 337.802
496.706 341.878
494.204 346.233
460.081 389.586
455.691 394.493
452.552 397.421
448.356 401.902
446.423 403.305
440.195 410.32
436.906 413.471
431.587 419.031
428.68 421.706
425.207 425.068
421.224 428.956
415.358 434.646
413.408 436.506
406.32 443.09
402.205 446.862
399.379 449.539
395.914 452.79
390.38 457.592
387.066 460.69
379.942 466.419
377.266 469.013
371.492 473.617
367.691 476.921
362.965 480.752
357.992 484.665
321.372 509.205
317.052 511.583
311.331 514.992
307.297 517.135
302.125 520.057
298.168 522.167
290.921 526.273
284.864 529.541
280.323 531.873
275.542 534.326
271.061 536.616
262.261 540.961
259.198 542.486
253.455 545.238
248.358 547.667
242.303 550.424
236.974 552.849
232.272 555.029
226.228 557.606
218.051 560.743
213.621 562.698
169.449 579.106
165.018 579.854
159.938 580.919
152.695 582.861
148.025 583.698
145.496 583.818
136.652 586.098
131.573 587.055
124.768 588.496
114.625 590.791
114.032 590.424
106.591 591.808
101.001 592.712
96.5762 593.385
90.1855 594.378
83.7443 595.321
79.5909 595.955
72.6215 596.868
67.1915 597.595
61.3049 598.319
56.4922 598.981
50.3883 599.644
44.1464 600.253
38.8359 600.85
31.6136 601.306
26.6843 601.863
18.8383 602.118
12.9869 602.5
7.34045 602.877
-48.085 601.483
-52.2394 600.585
-57.3571 599.776
-65.5105 599.032
-69.7158 598.134
-74.6872 597.261
-82.3502 596.274
-86.1597 595.41
-91.555 594.46
-94.0335 593.853
-105.469 592.086
-109.695 591.172
-113.005 590.471
-119.953 589.092
-124.699 588.133
-131.796 586.595
-136.699 585.557
-142.233 584.333
-148.178 582.944
-153.215 581.819
-161.773 579.395
-167.056 578.064
-173.844 576.101
-176.871 575.668
-183.828 573.516
-192.345 570.528
-194.871 570.366
-201.926 567.915
-243.685 550.588
-249.76 547.761
-251.995 546.255
-260.511 542.409
-265.956 539.634
-271.336 536.834
-275.189 534.676
-280.436 531.874
-285.957 528.886
-291.957 525.579
-296.331 523.093
-302.691 519.435
-306.096 517.484
-313.952 512.711
-316.728 511.151
-322.406 507.642
-326.438 505.275
-330.501 502.912
-337.472 498.177
-341.792 495.511
-347.811 491.333
-351.251 489.405
-391.354 458.978
-395.556 454.985
-399.661 451.02
-403.687 447.077
-407.651 443.147
-411.565 439.223
-415.427 435.313
-419.259 431.399
-423.05 427.495
-426.802 423.603
-430.515 419.721
-434.226 415.818
-437.943 411.883
-441.647 407.938
-445.378 403.93
-449.094 399.91
-452.863 395.788
-456.634 391.627
-460.399 387.435
-464.186 383.172
-467.967 378.872
-471.749 374.516
-475.499 370.148
-479.239 365.732
-482.987 361.225
-513.645 316.028
-517.768 309.326
-519.297 305.665
-523.298 298.864
-525.784 293.913
-527.67 289.779
-530.695 283.99
-533.56 278.336
-535.944 273.352
-537.214 270.26
-539.152 266.123
-542.07 260.083
-544.885 254.089
-547.507 248.353
-549.989 242.79
-551.82 238.699
-553.726 234.495
-557.032 226.395
-558.254 224.09
-561.189 216.547
-562.663 213.731
-564.974 207.959
-567.925 199.266
-569.728 195.048
-571.316 192.167
-573.546 185.814
-575.772 178.996
-577.813 172.964
-592.286 116.561
-593.048 110.858
-593.621 105.607
-593.918 101.216
-595.663 92.0309
-596.67 84.8931
-596.766 80.826
-596.854 77.0625
-598.002 68.4912
-598.429 62.9071
-598.767 57.7062
-599.021 53.0765
-599.731 44.9029
-599.87 40.8755
-600.298 33.8458
-600.497 29.1361
-600.716 24.3479
-600.948 19.6544
-601.159 13.0055
-601.399 8.88374
-601.557 2.85003
-601.586 -4.15871
-601.327 -13.4414
-601.77 -15.1619
-602.126 -18.8086
-601.982 -25.5664
-601.43 -34.0846
-601.975 -36.8675
-602.003 -42.2508
-602.082 -47.415
-601.955 -53.2598
-592.261 -113.603
-590.764 -121.478
-589.351 -126.131
-587.868 -131.775
-586.185 -139.022
-584.894 -142.391
-583.323 -148.025
-581.52 -154.763
-579.42 -162.66
-578.079 -166.302
-576.964 -169.328
-574.133 -179.072
-572.754 -182.94
-570.386 -190.186
-569.435 -192.788
-567.176 -199.334
-565.674 -203.689
-563.373 -210.033
-563.336 -211.133
-559.69 -220.204
-557.818 -225.297
-555.661 -230.902
-554.629 -234.389
-550.62 -243.137
-550.534 -245.045
-545.701 -254.663
-546.416 -255.524
-541.928 -264.129
-539.872 -269.096
-514.388 -313.713
-511.092 -318.67
-507.819 -323.485
-504.54 -328.229
-501.238 -332.948
-498.457 -336.7
-495.525 -340.733
-491.35 -346.694
-489.007 -349.773
-485.052 -355.206
-481.855 -359.498
-478.266 -364.269
-475.311 -368.2
-471.531 -373.099
-468.817 -376.736
-464.882 -381.701
-460.641 -386.903
-457.767 -390.663
-454.924 -394.421
-449.851 -400.185
-446.897 -403.985
-420.858 -429.814
-414.655 -435.915
-412.46 -437.587
-406.132 -443.533
-403.881 -445.351
-395.555 -452.919
-392.104 -455.772
-388.327 -458.948
-383.706 -462.825
-378.929 -466.766
-371.706 -472.529
-369.283 -474.52
-365.767 -477.398
-361.141 -481.028
-357.475 -484.017
-351.398 -488.447
-314.382 -515.075
-309.043 -517.998
-304.062 -520.574
-298.425 -523.629
-294.228 -525.542
-288.565 -528.513
-283.813 -530.802
-278.776 -533.26
-274.416 -535.28
-269.059 -537.883
-263.717 -540.431
-259.29 -542.463
-256.043 -543.946
-249.494 -546.979
-244.605 -549.204
-239.638 -551.444
-234.706 -553.649
-228.836 -556.161
-224.744 -558.043
-218.793 -560.502
-214.635 -562.411
-208.665 -564.786
-203.523 -566.916
-198.281 -569.041
-192.896 -571.165
-188.599 -573.091
-183.164 -575.182
-128.821 -588.858
-124.56 -589.309
-115.942 -591.235
-111.674 -591.644
-107.482 -592.081
-100.302 -593.315
-94.9517 -594.023
-87.6506 -595.13
-86.2661 -595.031
-77.387 -596.291
-70.3979 -597.136
-66.5706 -597.496
-59.4532 -598.24
-55.2146 -598.663
-50.5499 -599.15
-45.6156 -599.661
-39.8408 -600.176
-34.964 -600.68
-27.0688 -601.06
-21.1654 -601.441
-15.5853 -601.809
-9.0789 -602.059
-4.4336 -602.473
1.93971 -602.653
51.9057 -600.558
59.2242 -599.842
62.6901 -598.947
71.5276 -598.123
77.8614 -597.188
83.6331 -596.209
88.2576 -595.258
94.7827 -594.17
96.517 -593.531
104.912 -592.145
112.891 -590.7
112.422 -590.587
120.255 -589.036
126.878 -587.642
132.364 -586.45
137.462 -585.338
143.395 -583.971
149.535 -582.491
154.211 -581.446
160.772 -579.725
165.161 -578.767
170.44 -577.466
176.486 -575.805
180.52 -575.04
187.585 -572.799
192.947 -571.343
240.732 -552.447
248.442 -549.152
254.28 -546.304
258.838 -543.814
262.925 -541.491
267.06 -539.171
274.468 -535.501
277.7 -533.512
283.372 -530.445
288.36 -527.652
292.92 -525.05
296.28 -523.11
302.971 -519.267
305.107 -518.112
311.605 -514.232
317.254 -510.808
321.742 -508.125
325.397 -506.062
332.05 -501.681
336.36 -499.058
341.369 -495.837
345.391 -493.447
349.477 -491.028
354.978 -487.225
392.272 -457.117
394.516 -454.564
398.944 -450.494
404.222 -445.713
409.46 -440.857
414.131 -436.356
416.759 -433.534
422.776 -427.72
427.26 -423.154
429.88 -420.311
433.49 -416.54
437.254 -412.594
439.802 -410.017
447.479 -401.5
449.5 -399.42
453.213 -395.358
458.184 -389.586
461.806 -385.49
464.44 -382.809
468.381 -378.221
472.33 -373.532
476.271 -368.764
503.513 -331.104
505.265 -327.562
508.344 -322.441
512.725 -315.558
514.512 -311.975
517.243 -307.133
520.794 -301.011
523.324 -296.325
526.17 -291.09
529.103 -285.621
530.877 -282.162
532.947 -278.257
535.943 -272.476
539.207 -265.96
541.867 -260.59
543.609 -257.372
546.492 -251.328
548.553 -247.408
551.797 -239.978
554.255 -234.651
557.911 -225.226
558.746 -225.168
561.606 -217.818
578.748 -170.172
580.379 -163.868
581.613 -158.315
582.428 -153.716
583.648 -148.116
584.847 -142.49
586.083 -136.651
587.133 -131.273
587.924 -126.748
589.159 -120.554
590.14 -115.206
591.093 -109.894
592.042 -104.513
592.964 -99.1719
593.875 -93.7705
594.869 -87.4361
595.649 -82.7924
596.54 -76.6788
597.292 -72.8299
598.136 -66.6331
598.929 -60.4129
599.703 -55.533
600.411 -49.2483
601.088 -43.3043
601.838 -38.5801
602.473 -32.7598
