601.506 22.7245
601.091 29.4558
600.517 35.0433
599.794 38.0799
599.252 44.8906
598.634 51.8048
597.943 58.1776
597.196 64.3889
596.459 69.3695
595.515 77.2008
594.931 79.8477
594.087 85.5683
593.317 90.5551
592.53 95.6244
591.445 102.194
591.021 105.468
589.744 112.505
588.939 117.443
587.722 123.78
586.206 130.877
586.01 133.764
584.339 140.96
583.911 144.71
582.375 151.245
581.599 155.905
564.419 210.833
562.306 215.045
559.973 220.292
557.568 225.695
555.214 230.78
552.332 237.543
551.126 238.858
548.106 245.702
544.727 253.245
542.501 257.496
540.025 262.367
537.518 267.256
535.672 270.734
532.119 277.645
530.464 280.789
527.388 286.561
524.806 291.389
522.54 295.683
519.446 301.229
515.952 307.251
513.676 311.446
509.812 317.751
507.492 321.935
505.002 326.343
502.627 330.623
498.231 337.125
495.987 341.183
493.5 345.523
459.233 389.056
454.85 393.953
451.724 396.859
447.537 401.328
445.62 402.709
439.399 409.714
436.13 412.841
430.82 418.39
427.935 421.038
424.477 424.384
420.506 428.26
414.659 433.93
412.734 435.768
405.654 442.345
401.558 446.099
398.759 448.754
395.305 451.997
389.797 456.779
386.495 459.87
379.382 465.59
376.73 468.169
370.962 472.769
367.178 476.062
362.465 479.886
357.503 483.793
320.732 508.437
316.429 510.801
310.717 514.203
306.701 516.331
301.556 519.235
297.618 521.332
290.385 525.428
284.343 528.687
279.827 531.005
275.07 533.445
270.614 535.721
261.83 540.059
258.802 541.567
253.078 544.312
248.004 546.731
241.967 549.482
236.661 551.9
231.986 554.071
225.96 556.643
217.798 559.775
213.381 561.727
169.01 578.207
164.602 578.945
159.54 580.002
152.302 581.941
147.654 582.769
145.15 582.879
136.31 585.158
131.25 586.109
124.469 587.542
114.333 589.835
113.783 589.455
106.357 590.836
100.791 591.735
96.3976 592.401
90.0271 593.391
83.6145 594.33
79.4857 594.961
72.5335 595.872
67.1296 596.596
61.2746 597.319
56.484 597.981
50.4106 598.644
44.1987 599.255
38.9061 599.853
31.7006 600.309
26.7841 600.868
18.9506 601.124
13.1154 601.509
7.47626 601.886
-48.1673 600.486
-52.3047 599.587
-57.4023 598.777
-65.5536 598.033
-69.7335 597.135
-74.6933 596.261
-82.334 595.274
-86.1157 594.411
-91.4866 593.462
-93.9288 592.859
-105.357 591.092
-109.558 590.182
-112.83 589.487
-119.753 588.113
-124.487 587.156
-131.56 585.623
-136.443 584.59
-141.936 583.378
-147.867 581.993
-152.878 580.878
-161.422 578.459
-166.681 577.137
-173.453 575.18
-176.449 574.761
-183.4 572.612
-191.912 569.627
-194.413 569.477
-201.463 567.028
-243.363 549.641
-249.422 546.82
-251.622 545.327
-260.147 541.478
-265.578 538.708
-270.937 535.917
-274.777 533.765
-280.011 530.969
-285.52 527.987
-291.511 524.684
-295.866 522.208
-302.205 518.561
-305.587 516.623
-313.424 511.861
-316.181 510.313
-321.843 506.815
-325.849 504.467
-329.888 502.122
-336.851 497.393
-341.148 494.746
-347.149 490.584
-350.574 488.669
-390.815 458.136
-395.005 454.15
-399.082 450.205
-403.094 446.271
-407.044 442.352
-410.932 438.449
-414.78 434.55
-418.586 430.66
-422.365 426.768
-426.104 422.887
-429.798 419.024
-433.497 415.134
-437.202 411.212
-440.894 407.279
-444.614 403.285
-448.32 399.277
-452.078 395.169
-455.838 391.021
-459.598 386.836
-463.366 382.6
-467.137 378.314
-470.909 373.973
-474.651 369.619
-478.382 365.218
-482.121 360.724
-512.88 315.385
-516.996 308.691
-518.502 305.058
-522.496 298.265
-524.967 293.336
-526.835 289.228
-529.854 283.449
-532.712 277.806
-535.087 272.837
-536.346 269.764
-538.269 265.655
-541.178 259.633
-543.988 253.648
-546.596 247.939
-549.073 242.389
-550.888 238.335
-552.79 234.145
-556.09 226.06
-557.301 223.787
-560.231 216.263
-561.696 213.477
-564.002 207.726
-566.949 199.045
-568.747 194.851
-570.33 192
-572.558 185.659
-574.783 178.849
-576.822 172.83
-591.364 116.175
-592.113 110.504
-592.68 105.27
-592.963 100.919
-594.71 91.7275
-595.708 84.6209
-595.795 80.5873
-595.878 76.843
-597.022 68.2952
-597.444 62.7361
-597.778 57.5626
-598.028 52.9546
-598.736 44.7996
-598.873 40.8063
-599.3 33.7849
-599.498 29.1055
-599.716 24.3472
-599.949 19.6844
-600.16 13.0539
-600.403 8.96584
-600.561 2.94642
-600.593 -4.03788
-600.336 -13.3084
-600.783 -14.9988
-601.142 -18.6263
-600.999 -25.3827
-600.445 -33.9106
-600.995 -36.6685
-601.025 -42.0417
-601.107 -47.1947
-600.983 -53.0243
-591.262 -113.555
-589.766 -121.419
-588.355 -126.042
-586.873 -131.67
-585.194 -138.894
-583.908 -142.225
-582.341 -147.835
-580.542 -154.556
-578.446 -162.436
-577.111 -166.051
-576.005 -169.046
-573.178 -178.776
-571.804 -182.627
-569.44 -189.862
-568.498 -192.439
-566.241 -198.978
-564.744 -203.321
-562.443 -209.664
-562.419 -210.732
-558.767 -219.82
-556.902 -224.897
-554.75 -230.489
-553.731 -233.951
-549.726 -242.689
-549.654 -244.57
-544.827 -254.176
-545.562 -255.004
-541.079 -263.601
-539.038 -268.544
-513.488 -313.279
-510.202 -318.215
-506.94 -323.008
-503.673 -327.73
-500.384 -332.427
-497.62 -336.153
-494.704 -340.162
-490.538 -346.109
-488.207 -349.174
-484.257 -354.599
-481.072 -358.876
-477.491 -363.637
-474.548 -367.553
-470.771 -372.449
-468.065 -376.076
-464.133 -381.04
-459.897 -386.235
-457.038 -389.979
-454.209 -393.721
-449.139 -399.482
-446.201 -403.267
-420.099 -429.163
-413.912 -435.246
-411.735 -436.898
-405.423 -442.827
-403.19 -444.627
-394.87 -452.19
-391.449 -455.016
-387.689 -458.178
-383.086 -462.041
-378.325 -465.968
-371.113 -471.725
-368.716 -473.697
-365.226 -476.557
-360.621 -480.174
-356.981 -483.148
-350.924 -487.567
-313.718 -514.327
-308.383 -517.247
-303.414 -519.812
-297.792 -522.855
-293.619 -524.749
-287.972 -527.708
-283.241 -529.982
-278.225 -532.426
-273.882 -534.435
-268.544 -537.026
-263.23 -539.558
-258.821 -541.58
-255.599 -543.05
-249.072 -546.072
-244.207 -548.287
-239.256 -550.52
-234.349 -552.715
-228.506 -555.217
-224.436 -557.091
-218.505 -559.544
-214.377 -561.444
-208.427 -563.815
-203.31 -565.939
-198.093 -568.059
-192.732 -570.178
-188.456 -572.101
-183.028 -574.191
-128.502 -587.91
-124.257 -588.356
-115.644 -590.28
-111.399 -590.683
-107.223 -591.115
-100.057 -592.346
-94.7234 -593.05
-87.4268 -594.156
-86.083 -594.048
-77.2076 -595.308
-70.2342 -596.15
-66.4418 -596.504
-59.3395 -597.247
-55.1342 -597.667
-50.4909 -598.151
-45.5853 -598.661
-39.8343 -599.176
-34.9696 -599.68
-27.1021 -600.06
-21.2216 -600.443
-15.6493 -600.811
-9.16052 -601.063
-4.53021 -601.478
1.82407 -601.66
51.9532 -599.559
59.2467 -598.843
62.6838 -597.947
71.4977 -597.124
77.8102 -596.189
83.5575 -595.212
88.1597 -594.263
94.6738 -593.176
96.37 -592.542
104.765 -591.156
112.734 -589.713
112.231 -589.606
120.054 -588.057
126.667 -586.664
132.13 -585.478
137.201 -584.373
143.113 -583.012
149.234 -581.537
153.882 -580.501
160.427 -578.787
164.786 -577.84
170.057 -576.542
176.086 -574.889
180.097 -574.134
187.158 -571.895
192.505 -570.446
240.439 -551.491
248.148 -548.197
253.968 -545.354
258.507 -542.871
262.581 -540.552
266.695 -538.24
274.087 -534.577
277.294 -532.598
282.94 -529.543
287.913 -526.757
292.441 -524.172
295.778 -522.246
302.457 -518.409
304.571 -517.268
311.05 -513.4
316.676 -509.992
321.143 -507.325
324.784 -505.271
331.416 -500.908
335.704 -498.303
340.703 -495.091
344.709 -492.715
348.786 -490.306
354.28 -486.509
391.749 -456.265
393.96 -453.733
398.37 -449.676
403.628 -444.909
408.861 -440.057
413.516 -435.568
416.116 -432.768
422.12 -426.965
426.589 -422.413
429.183 -419.594
432.773 -415.843
436.519 -411.916
439.048 -409.361
446.72 -400.849
448.715 -398.801
452.417 -394.753
457.375 -388.997
460.982 -384.923
463.601 -382.264
467.53 -377.695
471.468 -373.025
475.394 -368.284
502.752 -330.455
504.493 -326.926
507.568 -321.81
511.954 -314.922
513.73 -311.352
516.44 -306.537
519.986 -300.421
522.501 -295.757
525.325 -290.556
528.255 -285.091
530.01 -281.662
532.065 -277.786
535.052 -272.022
538.305 -265.528
540.955 -260.179
542.686 -256.987
545.559 -250.969
547.611 -247.071
550.849 -239.659
553.3 -234.354
556.951 -224.944
557.776 -224.923
560.631 -217.594
577.834 -169.766
579.463 -163.466
580.694 -157.92
581.504 -153.334
582.722 -147.74
583.914 -142.129
585.142 -136.311
586.184 -130.957
586.969 -126.454
588.198 -120.28
589.172 -114.957
590.118 -109.67
591.062 -104.315
591.979 -98.9992
592.886 -93.6236
593.877 -87.3097
594.653 -82.6963
595.544 -76.596
596.293 -72.7823
597.136 -66.6072
597.929 -60.4085
598.703 -55.5582
599.412 -49.2945
600.09 -43.3736
600.843 -38.6801
601.48 -32.8838
