600.512 22.839
600.097 29.5602
599.521 35.1318
598.795 38.1377
598.253 44.9399
597.634 51.8298
596.943 58.1917
596.196 64.3823
595.459 69.3425
594.516 77.1534
593.935 79.7589
593.093 85.4637
592.325 90.4223
591.543 95.4638
590.461 102.015
590.045 105.251
588.772 112.272
587.973 117.182
586.762 123.5
585.251 130.583
585.067 133.43
583.401 140.613
582.987 144.329
581.458 150.847
580.691 155.488
563.438 210.639
561.328 214.838
558.996 220.078
556.595 225.466
554.244 230.534
551.365 237.289
550.169 238.567
547.153 245.397
543.78 252.923
541.568 257.138
539.097 261.993
536.598 266.865
534.765 270.312
531.221 277.203
529.583 280.314
526.517 286.069
523.944 290.882
521.694 295.15
518.615 300.672
515.131 306.679
512.867 310.857
509.023 317.138
506.716 321.304
504.239 325.697
501.883 329.954
497.495 336.448
495.267 340.489
492.795 344.813
458.385 388.526
454.009 393.412
450.892 396.305
446.718 400.754
444.817 402.113
438.598 409.115
435.353 412.211
430.052 417.749
427.191 420.37
423.747 423.701
419.794 427.558
413.961 433.215
412.06 435.029
404.988 441.599
400.912 445.337
398.133 447.974
394.703 451.199
389.214 455.967
385.923 459.049
378.822 464.762
376.194 467.325
370.432 471.921
366.666 475.204
361.965 479.02
357.014 482.92
320.092 507.668
315.799 510.024
310.103 513.414
306.112 515.523
300.979 518.418
297.067 520.497
289.85 524.583
283.823 527.833
279.331 530.136
274.597 532.563
270.167 534.827
261.399 539.156
258.406 540.649
252.701 543.385
247.643 545.799
241.632 548.54
236.348 550.95
231.699 553.112
225.693 555.679
217.544 558.808
213.15 560.755
168.571 577.309
164.185 578.036
159.141 579.084
151.909 581.022
147.282 581.841
144.804 581.941
135.96 584.221
130.926 585.163
124.171 586.587
114.039 588.879
113.526 588.489
106.122 589.864
100.581 590.757
96.2189 591.417
89.8687 592.403
83.4847 593.338
79.3891 593.966
72.4543 594.875
67.0764 595.598
61.2361 596.32
56.4757 596.981
50.4251 597.644
44.2432 598.256
38.9762 598.855
31.7876 599.313
26.8837 599.873
19.0626 600.13
13.2437 600.517
7.6119 600.895
-48.2588 599.49
-52.3699 598.59
-57.4473 597.778
-65.5964 597.034
-69.7602 596.135
-74.6993 595.261
-82.3176 594.274
-86.0638 593.412
-91.4181 592.465
-93.816 591.865
-105.245 590.098
-109.421 589.191
-112.664 588.501
-119.562 587.131
-124.274 586.179
-131.315 584.653
-136.178 583.626
-141.647 582.421
-147.557 581.043
-152.532 579.94
-161.071 577.523
-166.305 576.21
-173.054 574.263
-176.027 573.855
-182.972 571.708
-191.479 568.726
-193.956 568.588
-201.001 566.142
-243.033 548.697
-249.084 545.879
-251.258 544.396
-259.782 540.547
-265.201 537.782
-270.547 534.996
-274.365 532.854
-279.585 530.064
-285.082 527.088
-291.065 523.789
-295.402 521.322
-301.726 517.683
-305.078 515.762
-312.896 511.012
-315.634 509.476
-321.273 505.994
-325.26 503.658
-329.274 501.333
-336.23 496.609
-340.505 493.98
-346.486 489.835
-349.897 487.933
-390.285 457.288
-394.453 453.316
-398.51 449.385
-402.501 445.466
-406.431 441.562
-410.298 437.675
-414.127 433.793
-417.913 429.92
-421.672 426.046
-425.399 422.178
-429.081 418.327
-432.768 414.449
-436.461 410.54
-440.142 406.62
-443.85 402.639
-447.545 398.645
-451.293 394.55
-455.043 390.415
-458.797 386.237
-462.55 382.021
-466.308 377.756
-470.07 373.429
-473.802 369.09
-477.524 364.703
-481.255 360.224
-512.114 314.742
-516.223 308.056
-517.707 304.452
-521.701 297.66
-524.15 292.759
-526.001 288.677
-529.013 282.908
-531.864 277.276
-534.23 272.323
-535.477 269.268
-537.389 265.179
-540.289 259.174
-543.094 253.2
-545.686 247.526
-548.154 241.997
-549.957 237.971
-551.853 233.795
-555.146 225.732
-556.348 223.484
-559.272 215.978
-560.729 213.222
-563.03 207.493
-565.974 198.825
-567.767 194.653
-569.344 191.834
-571.57 185.503
-573.794 178.701
-575.831 172.695
-590.441 115.789
-591.181 110.142
-591.738 104.933
-592.011 100.614
-593.755 91.4315
-594.746 84.3488
-594.824 80.3489
-594.901 76.6313
-596.04 68.1071
-596.46 62.5564
-596.789 57.4103
-597.036 52.8328
-597.74 44.7047
-597.876 40.7286
-598.301 33.7327
-598.498 29.0748
-598.716 24.3464
-598.949 19.7061
-599.161 13.1023
-599.406 9.04781
-599.566 3.04268
-599.6 -3.91718
-599.345 -13.1754
-599.797 -14.8359
-600.159 -18.4443
-600.016 -25.1992
-599.46 -33.7367
-600.015 -36.4696
-600.047 -41.8327
-600.131 -46.9746
-600.01 -52.7963
-590.263 -113.507
-588.768 -121.36
-587.359 -125.952
-585.879 -131.565
-584.202 -138.765
-582.92 -142.068
-581.36 -147.645
-579.565 -154.341
-577.472 -162.211
-576.145 -165.792
-575.045 -168.764
-572.223 -178.48
-570.854 -182.314
-568.494 -189.538
-567.56 -192.091
-565.307 -198.622
-563.815 -202.953
-561.514 -209.295
-561.503 -210.332
-557.843 -219.436
-555.985 -224.497
-553.839 -230.076
-552.832 -233.512
-548.828 -242.249
-548.774 -244.094
-543.95 -253.697
-544.708 -254.484
-540.225 -263.08
-538.2 -267.999
-512.59 -312.838
-509.315 -317.752
-506.066 -322.523
-502.811 -327.224
-499.535 -331.899
-496.783 -335.605
-493.884 -339.59
-489.727 -345.525
-487.406 -348.575
-483.468 -353.985
-480.288 -358.255
-476.716 -363.005
-473.786 -366.905
-470.01 -371.799
-467.314 -375.417
-463.383 -380.378
-459.152 -385.567
-456.308 -389.295
-453.494 -393.022
-448.428 -398.779
-445.505 -402.55
-419.341 -428.511
-413.169 -434.576
-411.015 -436.204
-404.708 -442.128
-402.506 -443.898
-394.192 -451.456
-390.788 -454.265
-387.05 -457.409
-382.465 -461.256
-377.729 -465.166
-370.519 -470.92
-368.156 -472.869
-364.684 -475.717
-360.1 -479.321
-356.486 -482.279
-350.45 -486.686
-313.054 -513.58
-307.723 -516.496
-302.771 -519.046
-297.164 -522.076
-293.01 -523.956
-287.379 -526.903
-282.669 -529.161
-277.666 -531.596
-273.347 -533.59
-268.029 -536.169
-262.735 -538.689
-258.351 -540.697
-255.155 -542.153
-248.65 -545.165
-243.809 -547.369
-238.875 -549.595
-233.992 -551.781
-228.177 -554.273
-224.12 -556.143
-218.217 -558.587
-214.119 -560.478
-208.189 -562.844
-203.097 -564.962
-197.904 -567.077
-192.567 -569.192
-188.312 -571.112
-182.892 -573.201
-128.183 -586.962
-123.962 -587.401
-115.347 -589.325
-111.125 -589.721
-106.973 -590.147
-99.8127 -591.376
-94.4952 -592.076
-87.2113 -593.179
-85.8999 -593.065
-77.0283 -594.324
-70.079 -595.162
-66.313 -595.512
-59.2346 -596.252
-55.0538 -596.67
-50.4408 -597.153
-45.555 -597.661
-39.8193 -598.176
-34.9842 -598.68
-27.127 -599.06
-21.2776 -599.444
-15.7132 -599.813
-9.24201 -600.066
-4.62669 -600.483
1.70857 -600.667
52.0006 -598.56
59.2614 -597.843
62.6774 -596.947
71.4676 -596.124
77.7589 -595.191
83.4819 -594.215
88.0617 -593.268
94.5648 -592.182
96.223 -591.553
104.619 -590.167
112.576 -588.725
112.032 -588.626
119.852 -587.077
126.457 -585.687
131.904 -584.504
136.949 -583.405
142.84 -582.05
148.942 -580.581
153.56 -579.554
160.082 -577.849
164.411 -576.912
169.675 -575.618
175.686 -573.973
179.681 -573.224
186.731 -570.991
192.063 -569.549
240.145 -550.535
247.847 -547.243
253.655 -544.404
258.175 -541.927
262.236 -539.613
266.323 -537.312
273.706 -533.652
276.889 -531.684
282.515 -528.638
287.467 -525.862
291.97 -523.291
295.276 -521.381
301.951 -517.546
304.028 -516.429
310.488 -512.573
316.099 -509.175
320.55 -506.519
324.165 -504.486
330.788 -500.13
335.048 -497.549
340.037 -494.345
344.028 -491.983
348.095 -489.583
353.582 -485.793
391.225 -455.413
393.412 -452.896
397.803 -448.852
403.035 -444.104
408.254 -439.262
412.9 -434.78
415.472 -432.002
421.464 -426.21
425.918 -421.672
428.486 -418.877
432.056 -415.145
435.784 -411.239
438.294 -408.704
445.956 -400.204
447.935 -398.175
451.622 -394.147
456.567 -388.409
460.159 -384.355
462.763 -381.719
466.674 -377.177
470.601 -372.526
474.517 -367.804
501.991 -329.806
503.721 -326.291
506.792 -321.179
511.182 -314.286
512.947 -310.729
515.642 -305.934
519.174 -299.838
521.677 -295.189
524.484 -290.015
527.403 -284.568
529.14 -281.17
531.183 -277.315
534.165 -271.561
537.402 -265.097
540.044 -259.768
541.767 -256.594
544.625 -250.61
546.672 -246.727
549.904 -239.331
552.342 -234.066
555.994 -224.654
556.806 -224.679
559.656 -217.371
576.92 -169.361
578.547 -163.064
579.775 -157.526
580.58 -152.952
581.795 -147.364
582.982 -141.768
584.202 -135.97
585.235 -130.642
586.013 -126.159
587.234 -120.013
588.201 -114.715
589.144 -109.446
590.082 -104.116
590.994 -98.8264
591.897 -93.4767
592.885 -87.1832
593.659 -82.5917
594.547 -76.5132
595.294 -72.7347
596.137 -66.5811
596.929 -60.4131
597.703 -55.5832
598.413 -49.3406
599.093 -43.4428
599.848 -38.7798
600.488 -33.0076
