599.519 22.9533
599.102 29.6571
598.524 35.2127
597.797 38.1953
597.254 44.9891
596.635 51.8639
595.943 58.2056
595.196 64.3755
594.46 69.3073
593.517 77.115
592.939 79.67
592.098 85.3591
591.333 90.2983
590.556 95.3033
589.479 101.827
589.067 105.043
587.799 112.04
587.008 116.922
585.801 123.221
584.295 130.289
584.124 133.097
582.463 140.266
582.062 143.948
580.54 150.449
579.786 155.063
562.457 210.446
560.349 214.631
558.019 219.864
555.619 225.245
553.275 230.287
550.4 237.027
549.212 238.276
546.203 245.085
542.833 252.601
540.631 256.788
538.17 261.619
535.68 266.467
533.859 269.891
530.328 276.754
528.703 279.84
525.642 285.585
523.087 290.367
520.848 294.617
517.785 300.115
514.311 306.108
512.064 310.262
508.229 316.53
505.94 320.673
503.482 325.044
501.145 329.279
496.759 335.771
494.547 339.794
492.091 344.103
457.537 387.995
453.168 392.871
450.06 395.751
445.895 400.187
444.014 401.517
437.798 408.516
434.577 411.581
429.29 417.101
426.441 419.709
423.017 423.017
419.082 426.856
413.268 432.493
411.387 434.29
404.328 440.848
400.265 444.574
397.507 447.194
394.101 450.4
388.625 455.159
385.36 458.223
378.262 463.933
375.658 466.48
369.909 471.069
366.153 474.345
361.464 478.154
356.525 482.048
319.445 506.905
315.169 509.248
309.482 512.63
305.516 514.72
300.402 517.601
296.517 519.662
289.315 523.739
283.31 526.975
278.842 529.264
274.133 531.678
269.72 533.932
260.96 538.258
258.002 539.735
252.316 542.462
247.281 544.866
241.304 547.595
236.044 549.997
231.405 552.157
225.434 554.713
217.291 557.841
212.919 559.782
168.133 576.41
163.761 577.131
158.735 578.171
151.516 580.102
146.911 580.913
144.458 581.003
135.611 583.284
130.602 584.217
123.864 585.635
113.746 587.923
113.268 587.522
105.895 588.89
100.378 589.778
96.0403 590.433
89.7018 591.417
83.3548 592.347
79.2925 592.97
72.375 593.878
67.0231 594.599
61.2064 595.32
56.4672 595.981
50.4485 596.644
44.2875 597.257
39.0386 597.857
31.8743 598.317
26.9923 598.879
19.1745 599.137
13.3718 599.525
7.75669 599.906
-48.3595 598.495
-52.4348 597.592
-57.5014 596.779
-65.6483 596.036
-69.7868 595.135
-74.7052 594.261
-82.31 593.274
-86.0207 592.413
-91.3495 591.467
-93.712 590.871
-105.132 589.105
-109.284 588.201
-112.49 587.516
-119.371 586.149
-124.054 585.204
-131.078 583.682
-135.914 582.662
-141.357 581.464
-147.246 580.092
-152.194 578.998
-160.719 576.586
-165.93 575.283
-172.656 573.346
-175.606 572.948
-182.536 570.808
-191.046 567.824
-193.498 567.699
-200.538 565.255
-242.703 547.753
-248.746 544.938
-250.894 543.464
-259.425 539.612
-264.824 536.856
-270.156 534.076
-273.953 531.943
-279.168 529.156
-284.644 526.188
-290.626 522.891
-294.937 520.437
-301.24 516.809
-304.569 514.902
-312.375 510.158
-315.088 508.639
-320.703 505.172
-324.665 502.855
-328.667 500.538
-335.609 495.825
-339.854 493.221
-345.824 489.086
-349.221 487.197
-389.754 456.441
-393.902 452.482
-397.931 448.569
-401.908 444.661
-405.811 440.777
-409.672 436.896
-413.474 433.036
-417.247 429.175
-420.987 425.318
-424.694 421.468
-428.364 417.63
-432.039 413.765
-435.72 409.869
-439.389 405.962
-443.092 401.987
-446.776 398.006
-450.508 393.93
-454.252 389.803
-457.997 385.638
-461.735 381.442
-465.478 377.198
-469.231 372.885
-472.954 368.561
-476.662 364.196
-480.385 359.731
-511.348 314.099
-515.445 307.428
-516.907 303.851
-520.9 297.061
-523.329 292.189
-525.171 288.119
-528.177 282.36
-531.016 276.746
-533.372 271.808
-534.609 268.772
-536.51 264.703
-539.4 258.716
-542.196 252.759
-544.779 247.104
-547.234 241.604
-549.028 237.6
-550.916 233.445
-554.201 225.405
-555.395 223.181
-558.313 215.694
-559.762 212.968
-562.057 207.26
-564.998 198.605
-566.785 194.464
-568.358 191.667
-570.582 185.347
-572.805 178.554
-574.841 172.56
-589.518 115.404
-590.246 109.787
-590.797 104.596
-591.058 100.309
-592.8 91.1357
-593.786 84.0681
-593.855 80.1017
-593.924 76.4198
-595.059 67.9103
-595.475 62.3848
-595.8 57.2662
-596.042 52.7194
-596.746 44.6011
-596.878 40.6594
-597.303 33.6805
-597.499 29.0529
-597.716 24.3545
-597.949 19.7278
-598.163 13.1596
-598.409 9.12169
-598.57 3.13881
-598.609 -3.78747
-598.353 -13.0426
-598.81 -14.6731
-599.176 -18.2625
-599.033 -25.0159
-598.475 -33.5629
-599.035 -36.271
-599.07 -41.6239
-599.156 -46.7547
-599.036 -52.5684
-589.264 -113.467
-587.769 -121.31
-586.363 -125.862
-584.885 -131.46
-583.212 -138.628
-581.934 -141.902
-580.378 -147.455
-578.589 -154.126
-576.497 -161.986
-575.177 -165.541
-574.086 -168.482
-571.268 -178.184
-569.907 -181.993
-567.548 -189.214
-566.626 -191.734
-564.372 -198.266
-562.885 -202.585
-560.584 -208.926
-560.586 -209.932
-556.92 -219.052
-555.069 -224.097
-552.929 -229.664
-551.93 -233.081
-547.93 -241.809
-547.89 -243.627
-543.072 -253.218
-543.849 -253.971
-539.372 -262.558
-537.362 -267.454
-511.693 -312.396
-508.429 -317.289
-505.191 -322.038
-501.949 -326.717
-498.686 -331.371
-495.946 -335.058
-493.063 -339.019
-488.916 -344.94
-486.611 -347.969
-482.678 -353.371
-479.51 -357.627
-475.947 -362.366
-473.024 -366.258
-469.25 -371.149
-466.562 -374.757
-462.633 -379.717
-458.408 -384.899
-455.573 -388.617
-452.774 -392.328
-447.71 -398.083
-444.803 -401.838
-418.583 -427.859
-412.42 -433.913
-410.296 -435.509
-403.994 -441.428
-401.821 -443.169
-393.513 -450.721
-390.127 -453.515
-386.418 -456.633
-381.845 -460.472
-377.133 -464.363
-369.926 -470.115
-367.588 -472.045
-364.144 -474.875
-359.587 -478.462
-356 -481.405
-349.976 -485.806
-312.39 -512.832
-307.063 -515.744
-302.129 -518.28
-296.537 -521.297
-292.399 -523.164
-286.786 -526.098
-282.098 -528.34
-277.114 -530.763
-272.813 -532.744
-267.514 -535.311
-262.24 -537.82
-257.882 -539.814
-254.711 -541.257
-248.229 -544.259
-243.404 -546.455
-238.485 -548.674
-233.635 -550.847
-227.839 -553.332
-223.805 -555.194
-217.929 -557.629
-213.862 -559.512
-207.959 -561.871
-202.885 -563.984
-197.715 -566.095
-192.402 -568.206
-188.161 -570.123
-182.756 -572.21
-127.864 -586.015
-123.666 -586.446
-115.05 -588.37
-110.851 -588.759
-106.722 -589.179
-99.5681 -590.406
-94.2752 -591.101
-86.9958 -592.203
-85.7169 -592.082
-76.849 -593.34
-69.9239 -594.174
-66.1842 -594.521
-59.1297 -595.258
-54.9646 -595.674
-50.3821 -596.154
-45.5251 -596.662
-39.8043 -597.176
-35.008 -597.68
-27.1611 -598.061
-21.3336 -598.446
-15.7769 -598.815
-9.3154 -599.069
-4.72303 -599.487
1.60093 -599.673
52.0404 -597.561
59.2761 -596.843
62.6631 -595.947
71.4373 -595.125
77.7075 -594.192
83.3982 -593.218
87.9636 -592.272
94.4476 -591.189
96.076 -590.564
104.472 -589.177
112.418 -587.738
111.833 -587.646
119.642 -586.1
126.238 -584.711
131.67 -583.532
136.688 -582.44
142.567 -581.088
148.64 -579.627
153.24 -578.607
159.735 -576.91
164.044 -575.982
169.292 -574.694
175.293 -573.053
179.265 -572.315
186.311 -570.083
191.627 -568.649
239.845 -549.581
247.545 -546.29
253.342 -543.454
257.844 -540.984
261.884 -538.677
265.951 -536.384
273.317 -532.731
276.483 -530.77
282.091 -527.733
287.012 -524.972
291.498 -522.409
294.773 -520.516
301.445 -516.684
303.484 -515.589
309.933 -511.741
315.528 -508.354
319.957 -505.714
323.545 -503.701
330.16 -499.352
334.398 -496.788
339.377 -493.593
343.352 -491.246
347.404 -488.859
352.885 -485.076
390.695 -454.565
392.864 -452.06
397.236 -448.028
402.449 -443.293
407.648 -438.466
412.278 -433.997
414.83 -431.236
420.808 -425.455
425.24 -420.936
427.788 -418.161
431.339 -414.448
435.049 -410.561
437.54 -408.047
445.191 -399.559
447.155 -397.549
450.826 -393.541
455.758 -387.82
459.34 -383.781
461.923 -381.176
465.823 -376.653
469.739 -372.021
473.64 -367.324
501.231 -329.157
502.948 -325.657
506.016 -320.549
510.411 -313.649
512.165 -310.107
514.845 -305.331
518.362 -299.255
520.849 -294.628
523.643 -289.473
526.551 -284.045
528.27 -280.678
530.305 -276.836
533.273 -271.108
536.5 -264.665
539.132 -259.358
540.847 -256.201
543.692 -250.251
545.733 -246.382
548.956 -239.013
551.387 -233.77
555.034 -224.373
555.838 -224.427
558.683 -217.14
576.006 -168.956
577.632 -162.662
578.857 -157.131
579.656 -152.569
580.868 -146.989
582.05 -141.406
583.262 -135.63
584.286 -130.326
585.055 -125.872
586.27 -119.746
587.231 -114.474
588.171 -109.213
589.102 -103.918
590.01 -98.645
590.908 -93.3298
591.892 -87.0655
592.664 -82.487
593.55 -76.4392
594.295 -72.6878
595.137 -66.556
595.929 -60.4096
596.704 -55.6003
597.415 -49.3865
598.095 -43.5135
598.852 -38.8793
599.495 -33.1239
