598.525 23.0674
598.106 29.7539
597.527 35.2935
596.799 38.2528
596.255 45.0303
595.635 51.8979
594.943 58.2194
594.196 64.3686
593.46 69.2719
592.519 77.0602
591.943 79.5811
591.104 85.2461
590.342 90.1658
589.569 95.1427
588.495 101.648
588.089 104.834
586.827 111.806
586.042 116.661
584.839 122.949
583.342 129.986
583.179 132.771
581.526 139.918
581.135 143.575
579.622 150.052
578.877 154.644
561.476 210.252
559.371 214.424
557.042 219.65
554.644 225.025
552.306 230.041
549.435 236.765
548.258 237.978
545.254 244.772
541.886 252.279
539.694 256.439
537.242 261.245
534.763 266.069
532.952 269.469
529.434 276.305
527.823 279.365
524.771 285.093
522.23 289.853
520.001 294.085
516.954 299.558
513.49 305.537
511.256 309.672
507.434 315.923
505.165 320.042
502.724 324.391
500.407 328.604
496.029 335.088
493.827 339.1
491.386 343.394
456.685 387.473
452.327 392.33
449.228 395.196
445.071 399.62
443.206 400.928
437.002 407.911
433.8 410.95
428.528 416.454
425.691 419.048
422.287 422.334
418.371 426.153
412.57 431.778
410.713 433.551
403.668 440.096
399.618 443.811
396.881 446.415
393.499 449.602
388.029 454.356
384.796 457.397
377.709 463.1
375.122 465.636
369.386 470.216
365.64 473.487
360.963 477.289
356.036 481.176
318.799 506.143
314.539 508.471
308.862 511.846
304.92 513.917
299.826 516.784
295.966 518.828
288.779 522.894
282.796 526.117
278.346 528.396
273.661 530.796
269.273 533.037
260.529 537.355
257.597 538.82
251.939 541.536
246.928 543.931
240.969 546.653
235.731 549.047
231.119 551.198
225.174 553.748
217.037 556.873
212.687 558.809
167.694 575.511
163.336 576.225
158.328 577.257
151.123 579.182
146.531 579.987
144.113 580.065
135.268 582.345
130.279 583.27
123.565 584.681
113.444 586.969
113.003 586.558
105.66 587.918
100.168 588.8
95.8532 589.451
89.5433 590.43
83.225 591.355
79.1875 591.976
72.2956 592.881
66.9698 593.601
61.1686 594.321
56.4677 594.981
50.4718 595.644
44.3317 596.258
39.1099 596.86
31.9608 597.321
27.1007 597.885
19.2863 598.143
13.4998 598.533
7.9013 598.916
-48.4599 597.5
-52.5089 596.594
-57.5554 595.781
-65.7 595.037
-69.8131 594.136
-74.7108 593.261
-82.3023 592.275
-85.9775 591.414
-91.2729 590.47
-93.6078 589.876
-105.029 588.11
-109.147 587.21
-112.315 586.531
-119.179 585.168
-123.833 584.228
-130.841 582.71
-135.649 581.697
-141.069 580.506
-146.935 579.142
-151.857 578.057
-160.367 575.65
-165.547 574.36
-172.257 572.429
-175.185 572.041
-182.1 569.908
-190.613 566.923
-193.033 566.814
-200.075 564.369
-242.372 546.809
-248.417 543.994
-250.53 542.533
-259.069 538.678
-264.446 535.93
-269.766 533.155
-273.541 531.032
-278.75 528.247
-284.207 525.289
-290.187 521.992
-294.473 519.551
-300.754 515.935
-304.053 514.045
-311.855 509.305
-314.534 507.806
-320.139 504.346
-324.069 502.052
-328.053 499.749
-334.982 495.047
-339.204 492.461
-345.162 488.336
-348.544 486.46
-389.216 455.597
-393.344 451.652
-397.352 447.754
-401.315 443.855
-405.199 439.987
-409.045 436.116
-412.821 432.279
-416.58 428.429
-420.301 424.591
-423.989 420.759
-427.653 416.927
-431.31 413.081
-434.985 409.191
-438.642 405.297
-442.334 401.335
-446.006 397.367
-449.728 393.305
-453.462 389.19
-457.191 385.046
-460.914 380.871
-464.643 376.647
-468.387 372.349
-472.101 368.039
-475.801 363.688
-479.515 359.238
-510.588 313.449
-514.668 306.799
-516.112 303.244
-520.099 296.462
-522.507 291.618
-524.341 287.561
-527.341 281.811
-530.168 276.216
-532.519 271.286
-533.741 268.276
-535.63 264.228
-538.511 258.257
-541.295 252.326
-543.872 246.683
-546.315 241.211
-548.1 237.228
-549.98 233.095
-553.259 225.07
-554.44 222.887
-557.354 215.411
-558.795 212.713
-561.085 207.027
-564.023 198.386
-565.803 194.276
-567.372 191.5
-569.593 185.201
-571.814 178.416
-573.85 172.426
-588.593 115.025
-589.311 109.432
-589.853 104.266
-590.107 100.002
-591.844 90.84
-592.824 83.7949
-592.886 79.8547
-592.946 76.2083
-594.079 67.7136
-594.49 62.2133
-594.81 57.1222
-595.049 52.606
-595.751 44.4976
-595.88 40.5902
-596.304 33.6283
-596.499 29.0225
-596.716 24.3542
-596.95 19.7583
-597.164 13.2168
-597.412 9.19546
-597.575 3.23482
-597.616 -3.66563
-597.362 -12.9098
-597.823 -14.5106
-598.192 -18.0809
-598.05 -24.8328
-597.49 -33.3893
-598.055 -36.0725
-598.092 -41.4154
-598.18 -46.535
-598.062 -52.3408
-588.265 -113.428
-586.77 -121.259
-585.367 -125.773
-583.89 -131.354
-582.22 -138.5
-580.948 -141.737
-579.396 -147.265
-577.61 -153.919
-575.521 -161.77
-574.209 -165.29
-573.129 -168.192
-570.313 -177.887
-568.96 -181.672
-566.602 -188.89
-565.692 -191.378
-563.438 -197.91
-561.955 -202.217
-559.655 -208.558
-559.67 -209.532
-555.997 -218.668
-554.149 -223.705
-552.014 -229.259
-551.027 -232.65
-547.032 -241.368
-547.006 -243.159
-542.195 -252.738
-542.991 -253.458
-538.523 -262.029
-536.523 -266.909
-510.792 -311.963
-507.539 -316.833
-504.312 -321.561
-501.082 -326.218
-497.832 -330.85
-495.109 -334.511
-492.242 -338.447
-488.104 -344.356
-485.815 -347.363
-481.889 -352.758
-478.732 -356.999
-475.178 -361.727
-472.262 -365.611
-468.49 -370.5
-465.81 -374.097
-461.883 -379.055
-457.664 -384.231
-454.837 -387.939
-452.053 -391.635
-446.993 -397.386
-444.107 -401.119
-417.83 -427.201
-411.677 -433.244
-409.57 -434.821
-403.285 -440.723
-401.137 -442.44
-392.841 -449.981
-389.466 -452.765
-385.78 -455.864
-381.225 -459.688
-376.537 -463.56
-369.34 -469.305
-367.021 -471.221
-363.603 -474.034
-359.074 -477.604
-355.506 -480.535
-349.495 -484.929
-311.726 -512.084
-306.409 -514.988
-301.486 -517.514
-295.903 -520.524
-291.789 -522.372
-286.192 -525.294
-281.526 -527.52
-276.562 -529.929
-272.279 -531.899
-266.992 -534.459
-261.753 -536.947
-257.421 -538.927
-254.268 -540.361
-247.807 -543.352
-242.998 -545.541
-238.104 -547.75
-233.278 -549.913
-227.502 -552.39
-223.497 -554.242
-217.642 -556.671
-213.604 -558.546
-207.722 -560.899
-202.672 -563.007
-197.535 -565.111
-192.236 -567.22
-188.01 -569.135
-182.619 -571.219
-127.544 -585.067
-123.371 -585.49
-114.76 -587.413
-110.577 -587.798
-106.471 -588.211
-99.3315 -589.435
-94.0552 -590.125
-86.7805 -591.226
-85.5338 -591.099
-76.6782 -592.355
-69.7689 -593.186
-66.0552 -593.529
-59.0248 -594.263
-54.8753 -594.678
-50.3232 -595.156
-45.4952 -595.662
-39.7892 -596.176
-35.0317 -596.681
-27.195 -597.062
-21.3812 -597.447
-15.8406 -597.817
-9.38867 -598.071
-4.81925 -598.492
1.49343 -598.678
52.08 -596.562
59.2905 -595.843
62.6488 -594.947
71.3992 -594.126
77.6569 -593.193
83.3144 -592.222
87.8573 -591.278
94.3303 -590.195
95.929 -589.575
104.317 -588.19
112.261 -586.75
111.634 -586.666
119.431 -585.122
126.019 -583.735
131.435 -582.56
136.427 -581.474
142.285 -580.128
148.339 -578.674
152.91 -577.663
159.389 -575.972
163.677 -575.052
168.91 -573.77
174.9 -572.133
178.849 -571.405
185.891 -569.176
191.192 -567.748
239.552 -548.625
247.243 -545.336
253.029 -542.505
257.513 -540.04
261.532 -537.741
265.579 -535.455
272.937 -531.806
276.069 -529.86
281.667 -526.827
286.558 -524.081
291.027 -521.527
294.279 -519.647
300.931 -515.826
302.948 -514.745
309.371 -510.914
314.958 -507.533
319.356 -504.914
322.926 -502.916
329.532 -498.574
333.749 -496.028
338.718 -492.842
342.677 -490.509
346.714 -488.136
352.187 -484.36
390.173 -453.712
392.315 -451.224
396.669 -447.204
401.863 -442.483
407.049 -437.666
411.663 -433.208
414.187 -430.47
420.152 -424.701
424.563 -420.2
427.097 -417.438
430.629 -413.744
434.314 -409.883
436.786 -407.391
444.433 -398.908
446.375 -396.923
450.031 -392.935
454.949 -387.232
458.521 -383.207
461.084 -380.632
464.972 -376.128
468.876 -371.515
472.766 -366.837
500.47 -328.508
502.175 -325.022
505.239 -319.918
509.639 -313.014
511.378 -309.49
514.047 -304.728
517.549 -298.672
520.022 -294.067
522.802 -288.932
525.698 -283.523
527.404 -280.177
529.427 -276.358
532.382 -270.654
535.598 -264.233
538.224 -258.939
539.924 -255.816
542.762 -249.884
544.795 -246.037
548.008 -238.694
550.432 -233.474
554.075 -224.092
554.868 -224.184
557.71 -216.908
575.091 -168.552
576.716 -162.26
577.938 -156.736
578.732 -152.187
579.941 -146.614
581.117 -141.044
582.322 -135.289
583.338 -130.009
584.097 -125.586
585.309 -119.471
586.263 -114.224
587.197 -108.988
588.124 -103.711
589.025 -98.4722
589.918 -93.1916
590.9 -86.9393
591.67 -82.3823
592.553 -76.3651
593.296 -72.6408
594.137 -66.5308
594.929 -60.406
595.704 -55.6265
596.416 -49.4338
597.098 -43.584
597.857 -38.9713
598.502 -33.2401
