794.196 0.264551
794.129 10.2352
793.935 20.1906
793.615 30.1092
793.174 40.0715
792.608 50.0302
791.916 59.9735
791.1 69.906
790.161 79.8107
789.095 89.741
787.91 99.5877
786.599 109.46
785.166 119.306
783.61 129.134
781.927 138.961
780.131 148.723
778.201 158.512
776.156 168.248
773.984 177.977
771.687 187.688
769.287 197.313
766.747 206.966
764.103 216.54
761.325 226.118
758.438 235.636
755.235 245.721
752.094 255.159
748.832 264.569
745.453 273.939
741.957 283.263
738.339 292.563
734.627 301.745
730.777 310.953
726.809 320.121
722.741 329.196
718.557 338.228
714.261 347.207
709.861 356.113
705.328 365.01
700.71 373.799
695.963 382.564
691.114 391.257
686.161 399.882
681.09 408.461
675.907 416.983
670.635 425.415
665.236 433.808
659.755 442.106
654.167 450.338
648.479 458.498
642.662 466.615
636.773 474.628
630.781 482.571
624.3 490.916
618.086 498.714
611.793 506.408
605.39 514.043
598.922 521.555
592.306 529.06
585.634 536.431
578.846 543.749
571.998 550.945
565.054 558.063
558.013 565.102
550.863 572.075
543.676 578.909
536.338 585.714
528.955 592.39
521.505 598.961
513.966 605.444
506.32 611.854
498.622 618.146
490.798 624.374
482.955 630.466
474.994 636.485
466.985 642.388
458.891 648.197
450.72 653.907
442.093 659.765
433.792 665.249
425.406 670.641
416.976 675.912
408.467 681.086
399.909 686.144
391.246 691.121
382.538 695.978
373.789 700.715
364.979 705.344
356.116 709.86
347.141 714.292
338.187 718.575
329.144 722.762
320.058 726.832
310.91 730.793
301.722 734.635
292.496 738.359
283.206 741.973
273.845 745.477
264.487 748.851
254.603 752.286
245.162 755.41
235.676 758.419
226.126 761.321
216.573 764.09
207.013 766.729
197.342 769.277
187.689 771.686
177.984 773.982
168.208 776.168
158.531 778.196
148.738 780.127
138.947 781.93
129.15 783.607
119.306 785.166
109.443 786.601
99.5938 787.91
89.6913 789.098
79.7949 790.162
69.8804 791.101
59.9681 791.916
50.0296 792.608
40.0826 793.174
30.1407 793.617
20.1694 793.933
10.2223 794.127
0.23777 794.193
-9.72393 794.135
-19.6807 793.954
-30.2486 793.627
-40.1788 793.18
-50.1147 792.611
-60.0818 791.919
-69.9867 791.1
-79.8909 790.159
-89.8163 789.092
-99.6776 787.903
-109.543 786.591
-119.356 785.159
-129.264 783.591
-139.059 781.91
-148.819 780.11
-158.604 778.18
-168.336 776.133
-178.072 773.958
-187.751 771.668
-197.409 769.255
-207.042 766.719
-216.631 764.068
-226.231 761.279
-235.754 758.386
-245.258 755.367
-254.679 752.248
-264.109 748.99
-273.519 745.603
-282.81 742.137
-292.116 738.523
-301.802 734.609
-311.003 730.761
-320.106 726.814
-329.238 722.725
-338.28 718.536
-347.266 714.235
-356.178 709.831
-365.052 705.307
-373.872 700.671
-382.639 695.922
-391.325 691.074
-399.975 686.104
-408.525 681.049
-417.068 675.851
-425.48 670.588
-433.864 665.195
-442.158 659.713
-450.384 654.128
-458.576 648.411
-466.663 642.619
-474.698 636.706
-482.628 630.723
-490.929 624.292
-498.718 618.084
-506.427 611.78
-514.056 605.38
-521.603 598.886
-529.069 592.299
-536.45 585.619
-543.748 578.847
-550.96 571.985
-558.085 565.033
-565.123 557.993
-572.072 550.866
-578.931 543.652
-585.7 536.354
-592.377 528.971
-598.961 521.505
-605.451 513.957
-611.847 506.329
-618.147 498.62
-624.351 490.834
-630.456 482.97
-636.464 475.029
-642.372 467.014
-648.179 458.924
-653.886 450.761
-659.818 442.032
-665.326 433.699
-670.694 425.339
-675.991 416.872
-681.162 408.362
-686.217 399.801
-691.18 391.156
-696.034 382.451
-700.771 373.694
-705.384 364.906
-709.895 356.047
-714.308 347.108
-718.608 338.115
-722.794 329.073
-726.864 319.981
-730.812 310.859
-734.648 301.685
-738.386 292.415
-741.982 283.174
-745.485 273.82
-748.852 264.486
-752.112 255.072
-755.263 245.58
-758.281 236.107
-761.179 226.614
-763.965 217.04
-766.632 207.425
-769.176 197.788
-771.751 187.515
-774.038 177.821
-776.201 168.109
-778.24 158.379
-780.176 148.564
-781.98 138.751
-783.65 128.957
-785.196 119.147
-786.635 109.256
-787.941 99.385
-789.123 89.5047
-790.179 79.6183
-791.119 69.6723
-791.927 59.77
-792.615 49.8181
-793.176 39.8899
-793.613 29.9548
-793.927 20.0144
-794.116 10.0459
-794.181 0.109574
-794.121 -9.85305
-793.935 -19.8264
-793.621 -29.8255
-793.193 -39.7223
-792.639 -49.6383
-791.954 -59.5876
-791.139 -69.55
-790.216 -79.4275
-789.163 -89.3262
-787.986 -99.2077
-786.683 -109.083
-785.143 -119.586
-783.578 -129.449
-781.891 -139.251
-780.081 -149.044
-778.147 -158.834
-776.095 -168.55
-773.919 -178.268
-771.618 -187.972
-769.194 -197.662
-766.659 -207.265
-764.006 -216.83
-761.213 -226.446
-758.318 -235.953
-755.293 -245.464
-752.167 -254.88
-748.906 -264.307
-745.539 -273.663
-742.044 -283.004
-738.463 -292.23
-734.719 -301.516
-730.883 -310.703
-726.929 -319.847
-722.877 -328.913
-718.673 -337.994
-714.408 -346.935
-709.969 -355.92
-705.492 -364.738
-700.837 -373.597
-696.103 -382.353
-690.978 -391.523
-686.012 -400.156
-680.938 -408.726
-675.759 -417.23
-670.473 -425.668
-665.089 -434.028
-659.6 -442.323
-653.991 -450.574
-648.303 -458.718
-642.493 -466.821
-636.591 -474.838
-630.585 -482.786
-624.488 -490.647
-618.282 -498.446
-611.994 -506.149
-605.593 -513.792
-599.094 -521.356
-592.52 -528.819
-585.853 -536.2
-579.067 -543.521
-572.216 -550.733
-565.001 -558.122
-557.933 -565.189
-550.828 -572.111
-543.584 -578.998
-536.308 -585.742
-528.871 -592.467
-521.413 -599.039
-513.869 -605.522
-506.235 -611.92
-498.519 -618.222
-490.693 -624.451
-482.853 -630.535
-474.923 -636.531
-466.903 -642.438
-458.824 -648.235
-450.641 -653.95
-442.022 -659.828
-433.708 -665.319
-425.33 -670.702
-416.878 -675.986
-408.379 -681.149
-399.796 -686.221
-391.164 -691.175
-382.466 -696.023
-373.718 -700.757
-364.898 -705.389
-356.021 -709.909
-347.102 -714.311
-338.144 -718.595
-329.088 -722.786
-320.003 -726.854
-310.868 -730.809
-301.685 -734.648
-292.441 -738.377
-283.176 -741.982
-273.842 -745.478
-264.489 -748.851
-255.07 -752.112
-245.623 -755.253
-236.136 -758.276
-226.609 -761.18
-217.062 -763.962
-207.464 -766.627
-197.266 -769.305
-187.622 -771.709
-177.895 -774.011
-168.193 -776.173
-158.468 -778.213
-148.677 -780.142
-138.887 -781.943
-129.048 -783.627
-119.269 -785.172
-109.37 -786.612
-99.4791 -787.924
-89.6155 -789.106
-79.6934 -790.17
-69.7979 -791.105
-59.8858 -791.918
-49.9611 -792.608
-40.0164 -793.173
-30.078 -793.614
-20.0949 -793.929
-10.1347 -794.12
-0.177933 -794.186
9.79063 -794.127
19.7348 -793.946
29.6968 -793.637
40.166 -793.179
50.1264 -792.612
60.0314 -791.917
69.9938 -791.101
79.9138 -790.158
89.8144 -789.092
99.6859 -787.903
109.568 -786.589
119.37 -785.157
129.241 -783.593
139.087 -781.906
148.798 -780.114
158.598 -778.181
168.358 -776.128
178.077 -773.956
187.762 -771.665
197.429 -769.249
207.068 -766.711
216.655 -764.059
226.233 -761.278
235.748 -758.389
245.237 -755.376
254.698 -752.24
264.092 -748.998
273.484 -745.62
282.811 -742.136
292.588 -738.333
301.853 -734.595
311.047 -730.748
320.176 -726.79
329.249 -722.722
338.271 -718.54
347.284 -714.228
356.188 -709.826
365.068 -705.3
373.882 -700.666
382.632 -695.926
391.306 -691.085
399.964 -686.111
408.498 -681.066
417.027 -675.877
425.478 -670.589
433.849 -665.206
442.14 -659.727
450.402 -654.114
458.563 -648.421
466.661 -642.62
474.674 -636.729
482.614 -630.737
490.496 -624.629
498.678 -618.109
506.363 -611.823
513.997 -605.422
521.561 -598.917
529.043 -592.318
536.435 -585.631
543.716 -578.874
550.956 -571.988
558.091 -565.028
565.113 -558.003
572.059 -550.879
578.919 -543.665
585.672 -536.386
592.401 -528.943
598.962 -521.503
605.453 -513.955
611.865 -506.305
618.164 -498.597
624.354 -490.829
630.463 -482.959
636.473 -475.013
642.384 -466.991
648.474 -458.503
654.156 -450.351
659.752 -442.109
665.262 -433.776
670.633 -425.417
675.912 -416.976
681.095 -408.454
686.159 -399.885
691.119 -391.249
695.973 -382.547
700.703 -373.811
705.326 -365.012
709.852 -356.132
714.27 -347.186
718.569 -338.2
722.743 -329.19
726.819 -320.091
730.772 -310.97
734.624 -301.755
738.352 -292.52
741.979 -283.186
745.455 -273.929
748.84 -264.533
752.279 -254.618
755.414 -245.154
758.426 -235.661
761.313 -226.145
764.087 -216.58
766.741 -206.98
769.275 -197.346
771.687 -187.687
773.974 -178.011
776.146 -168.284
778.194 -158.543
780.119 -148.776
781.922 -138.987
783.603 -129.176
785.16 -119.344
786.597 -109.481
787.907 -99.6238
789.096 -89.7311
790.159 -79.855
791.1 -69.9346
791.917 -60.0029
792.609 -50.0806
793.177 -40.1304
793.62 -30.1791
793.94 -20.2389
794.135 -10.2804
