776.178 1.04434e-15
776.117 9.75349
775.933 19.5054
775.627 29.2543
775.198 38.9986
774.647 48.7366
773.973 58.467
773.177 68.1882
772.259 77.8986
771.22 87.5967
770.058 97.2809
768.775 106.95
767.37 116.602
765.844 126.235
764.198 135.849
762.43 145.441
760.542 155.011
758.534 164.555
756.407 174.074
754.16 183.565
751.793 193.028
749.308 202.46
746.705 211.859
743.984 221.226
741.145 230.557
738.189 239.852
735.117 249.109
731.929 258.327
728.625 267.504
725.206 276.639
721.672 285.73
718.025 294.776
714.264 303.776
710.39 312.727
706.405 321.629
702.307 330.481
698.099 339.28
693.78 348.025
689.352 356.716
684.815 365.35
680.17 373.927
675.418 382.444
670.559 390.901
665.594 399.297
660.523 407.629
655.349 415.897
650.071 424.099
644.691 432.235
639.208 440.302
633.625 448.299
627.941 456.226
622.159 464.081
616.278 471.862
610.3 479.569
604.226 487.2
598.056 494.755
591.791 502.231
585.434 509.628
578.983 516.944
572.442 524.179
565.81 531.331
559.088 538.399
552.279 545.382
545.382 552.279
538.399 559.088
531.331 565.81
524.179 572.442
516.944 578.983
509.628 585.434
502.231 591.791
494.755 598.056
487.2 604.226
479.569 610.3
471.862 616.278
464.081 622.159
456.226 627.941
448.299 633.625
440.302 639.208
432.235 644.691
424.099 650.071
415.897 655.349
407.629 660.523
399.297 665.594
390.901 670.559
382.444 675.418
373.927 680.17
365.35 684.815
356.716 689.352
348.025 693.78
339.28 698.099
330.481 702.307
321.629 706.405
312.727 710.39
303.776 714.264
294.776 718.025
285.73 721.672
276.639 725.206
267.504 728.625
258.327 731.929
249.109 735.117
239.852 738.189
230.557 741.145
221.226 743.984
211.859 746.705
202.46 749.308
193.028 751.793
183.565 754.16
174.074 756.407
164.555 758.534
155.011 760.542
145.441 762.43
135.849 764.198
126.235 765.844
116.602 767.37
106.95 768.775
97.2809 770.058
87.5967 771.22
77.8986 772.259
68.1882 773.177
58.467 773.973
48.7366 774.647
38.9986 775.198
29.2543 775.627
19.5054 775.933
9.75349 776.117
4.74855e-14 776.178
-9.75349 776.117
-19.5054 775.933
-29.2543 775.627
-38.9986 775.198
-48.7366 774.647
-58.467 773.973
-68.1882 773.177
-77.8986 772.259
-87.5967 771.22
-97.2809 770.058
-106.95 768.775
-116.602 767.37
-126.235 765.844
-135.849 764.198
-145.441 762.43
-155.011 760.542
-164.555 758.534
-174.074 756.407
-183.565 754.16
-193.028 751.793
-202.46 749.308
-211.859 746.705
-221.226 743.984
-230.557 741.145
-239.852 738.189
-249.109 735.117
-258.327 731.929
-267.504 728.625
-276.639 725.206
-285.73 721.672
-294.776 718.025
-303.776 714.264
-312.727 710.39
-321.629 706.405
-330.481 702.307
-339.28 698.099
-348.025 693.78
-356.716 689.352
-365.35 684.815
-373.927 680.17
-382.444 675.418
-390.901 670.559
-399.297 665.594
-407.629 660.523
-415.897 655.349
-424.099 650.071
-432.235 644.691
-440.302 639.208
-448.299 633.625
-456.226 627.941
-464.081 622.159
-471.862 616.278
-479.569 610.3
-487.2 604.226
-494.755 598.056
-502.231 591.791
-509.628 585.434
-516.944 578.983
-524.179 572.442
-531.331 565.81
-538.399 559.088
-545.382 552.279
-552.279 545.382
-559.088 538.399
-565.81 531.331
-572.442 524.179
-578.983 516.944
-585.434 509.628
-591.791 502.231
-598.056 494.755
-604.226 487.2
-610.3 479.569
-616.278 471.862
-622.159 464.081
-627.941 456.226
-633.625 448.299
-639.208 440.302
-644.691 432.235
-650.071 424.099
-655.349 415.897
-660.523 407.629
-665.594 399.297
-670.559 390.901
-675.418 382.444
-680.17 373.927
-684.815 365.35
-689.352 356.716
-693.78 348.025
-698.099 339.28
-702.307 330.481
-706.405 321.629
-710.39 312.727
-714.264 303.776
-718.025 294.776
-721.672 285.73
-725.206 276.639
-728.625 267.504
-731.929 258.327
-735.117 249.109
-738.189 239.852
-741.145 230.557
-743.984 221.226
-746.705 211.859
-749.308 202.46
-751.793 193.028
-754.16 183.565
-756.407 174.074
-758.534 164.555
-760.542 155.011
-762.43 145.441
-764.198 135.849
-765.844 126.235
-767.37 116.602
-768.775 106.95
-770.058 97.2809
-771.22 87.5967
-772.259 77.8986
-773.177 68.1882
-773.973 58.467
-774.647 48.7366
-775.198 38.9986
-775.627 29.2543
-775.933 19.5054
-776.117 9.75349
-776.178 9.48013e-14
-776.117 -9.75349
-775.933 -19.5054
-775.627 -29.2543
-775.198 -38.9986
-774.647 -48.7366
-773.973 -58.467
-773.177 -68.1882
-772.259 -77.8986
-771.22 -87.5967
-770.058 -97.2809
-768.775 -106.95
-767.37 -116.602
-765.844 -126.235
-764.198 -135.849
-762.43 -145.441
-760.542 -155.011
-758.534 -164.555
-756.407 -174.074
-754.16 -183.565
-751.793 -193.028
-749.308 -202.46
-746.705 -211.859
-743.984 -221.226
-741.145 -230.557
-738.189 -239.852
-735.117 -249.109
-731.929 -258.327
-728.625 -267.504
-725.206 -276.639
-721.672 -285.73
-718.025 -294.776
-714.264 -303.776
-710.39 -312.727
-706.405 -321.629
-702.307 -330.481
-698.099 -339.28
-693.78 -348.025
-689.352 -356.716
-684.815 -365.35
-680.17 -373.927
-675.418 -382.444
-670.559 -390.901
-665.594 -399.297
-660.523 -407.629
-655.349 -415.897
-650.071 -424.099
-644.691 -432.235
-639.208 -440.302
-633.625 -448.299
-627.941 -456.226
-622.159 -464.081
-616.278 -471.862
-610.3 -479.569
-604.226 -487.2
-598.056 -494.755
-591.791 -502.231
-585.434 -509.628
-578.983 -516.944
-572.442 -524.179
-565.81 -531.331
-559.088 -538.399
-552.279 -545.382
-545.382 -552.279
-538.399 -559.088
-531.331 -565.81
-524.179 -572.442
-516.944 -578.983
-509.628 -585.434
-502.231 -591.791
-494.755 -598.056
-487.2 -604.226
-479.569 -610.3
-471.862 -616.278
-464.081 -622.159
-456.226 -627.941
-448.299 -633.625
-440.302 -639.208
-432.235 -644.691
-424.099 -650.071
-415.897 -655.349
-407.629 -660.523
-399.297 -665.594
-390.901 -670.559
-382.444 -675.418
-373.927 -680.17
-365.35 -684.815
-356.716 -689.352
-348.025 -693.78
-339.28 -698.099
-330.481 -702.307
-321.629 -706.405
-312.727 -710.39
-303.776 -714.264
-294.776 -718.025
-285.73 -721.672
-276.639 -725.206
-267.504 -728.625
-258.327 -731.929
-249.109 -735.117
-239.852 -738.189
-230.557 -741.145
-221.226 -743.984
-211.859 -746.705
-202.46 -749.308
-193.028 -751.793
-183.565 -754.16
-174.074 -756.407
-164.555 -758.534
-155.011 -760.542
-145.441 -762.43
-135.849 -764.198
-126.235 -765.844
-116.602 -767.37
-106.95 -768.775
-97.2809 -770.058
-87.5967 -771.22
-77.8986 -772.259
-68.1882 -773.177
-58.467 -773.973
-48.7366 -774.647
-38.9986 -775.198
-29.2543 -775.627
-19.5054 -775.933
-9.75349 -776.117
-1.43946e-13 -776.178
9.75349 -776.117
19.5054 -775.933
29.2543 -775.627
38.9986 -775.198
48.7366 -774.647
58.467 -773.973
68.1882 -773.177
77.8986 -772.259
87.5967 -771.22
97.2809 -770.058
106.95 -768.775
116.602 -767.37
126.235 -765.844
135.849 -764.198
145.441 -762.43
155.011 -760.542
164.555 -758.534
174.074 -756.407
183.565 -754.16
193.028 -751.793
202.46 -749.308
211.859 -746.705
221.226 -743.984
230.557 -741.145
239.852 -738.189
249.109 -735.117
258.327 -731.929
267.504 -728.625
276.639 -725.206
285.73 -721.672
294.776 -718.025
303.776 -714.264
312.727 -710.39
321.629 -706.405
330.481 -702.307
339.28 -698.099
348.025 -693.78
356.716 -689.352
365.35 -684.815
373.927 -680.17
382.444 -675.418
390.901 -670.559
399.297 -665.594
407.629 -660.523
415.897 -655.349
424.099 -650.071
432.235 -644.691
440.302 -639.208
448.299 -633.625
456.226 -627.941
464.081 -622.159
471.862 -616.278
479.569 -610.3
487.2 -604.226
494.755 -598.056
502.231 -591.791
509.628 -585.434
516.944 -578.983
524.179 -572.442
531.331 -565.81
538.399 -559.088
545.382 -552.279
552.279 -545.382
559.088 -538.399
565.81 -531.331
572.442 -524.179
578.983 -516.944
585.434 -509.628
591.791 -502.231
598.056 -494.755
604.226 -487.2
610.3 -479.569
616.278 -471.862
622.159 -464.081
627.941 -456.226
633.625 -448.299
639.208 -440.302
644.691 -432.235
650.071 -424.099
655.349 -415.897
660.523 -407.629
665.594 -399.297
670.559 -390.901
675.418 -382.444
680.17 -373.927
684.815 -365.35
689.352 -356.716
693.78 -348.025
698.099 -339.28
702.307 -330.481
706.405 -321.629
710.39 -312.727
714.264 -303.776
718.025 -294.776
721.672 -285.73
725.206 -276.639
728.625 -267.504
731.929 -258.327
735.117 -249.109
738.189 -239.852
741.145 -230.557
743.984 -221.226
746.705 -211.859
749.308 -202.46
751.793 -193.028
754.16 -183.565
756.407 -174.074
758.534 -164.555
760.542 -155.011
762.43 -145.441
764.198 -135.849
765.844 -126.235
767.37 -116.602
768.775 -106.95
770.058 -97.2809
771.22 -87.5967
772.259 -77.8986
773.177 -68.1882
773.973 -58.467
774.647 -48.7366
775.198 -38.9986
775.627 -29.2543
775.933 -19.5054
776.117 -9.75349
