775.352 2.69657
775.245 12.3324
775.008 21.848
774.638 31.0483
774.185 40.7104
773.611 50.3883
772.916 59.9712
772.104 69.5319
771.182 78.906
770.125 88.6665
769.005 97.6887
767.744 107.122
766.381 116.452
764.91 125.771
763.288 135.274
761.65 144.311
759.786 153.834
757.878 163.06
755.806 172.449
753.585 181.915
751.445 190.782
748.984 200.22
746.596 209.157
743.943 218.444
741.284 227.467
736.469 242.749
733.422 251.64
730.246 260.625
726.959 269.583
723.575 278.459
720.022 287.515
716.585 295.788
712.811 304.772
708.891 313.801
705.019 322.345
701.018 330.922
696.914 339.456
692.8 347.752
688.354 356.473
684.069 364.628
679.499 373.081
674.898 381.356
670.246 389.504
665.378 397.778
660.366 406.052
655.427 414.025
650.178 422.222
645.044 430.081
639.782 437.925
634.459 445.674
628.77 453.653
623.278 461.253
617.667 468.822
607.92 481.289
601.861 488.828
595.897 495.999
589.714 503.307
583.746 510.122
577.139 517.615
570.838 524.511
564.194 531.653
557.784 538.337
551.223 545.036
544.514 551.732
537.478 558.59
530.895 564.85
523.553 571.659
516.53 578.016
509.603 584.151
502.511 590.286
495.086 596.53
487.872 602.479
480.094 608.677
472.825 614.391
465.049 620.295
457.476 625.939
449.73 631.552
441.889 637.084
429.951 645.151
422.073 650.294
413.955 655.48
406.01 660.396
397.836 665.339
389.784 670.067
381.241 674.969
372.81 679.658
364.522 684.128
356.145 688.522
347.77 692.791
338.771 697.235
330.487 701.205
321.798 705.24
313.147 709.134
304.313 712.975
295.545 716.667
286.821 720.226
277.864 723.739
268.606 727.214
259.76 730.449
245.845 735.425
236.919 738.291
227.888 741.089
218.549 743.898
209.509 746.452
200.709 748.805
191.073 751.341
181.912 753.586
172.509 755.788
162.643 758.001
154.018 759.74
144.449 761.618
135.116 763.32
125.926 764.882
116.446 766.382
106.946 767.766
97.744 769
88.1389 770.162
78.7321 771.191
69.2559 772.111
59.9067 772.916
50.3735 773.611
40.8258 774.189
31.3913 774.658
21.7016 774.995
12.2805 775.239
2.50455 775.328
-7.05313 775.324
-16.5952 775.206
-32.5001 774.761
-41.8303 774.252
-51.2838 773.647
-61.1002 772.947
-70.3717 772.104
-79.7479 771.159
-89.4504 770.096
-98.6241 768.933
-107.996 767.654
-116.991 766.307
-127.124 764.711
-136.285 763.114
-145.309 761.437
-154.794 759.566
-163.97 757.642
-173.429 755.534
-182.576 753.386
-191.775 751.109
-201.024 748.698
-210.1 746.225
-219.625 743.464
-228.677 740.753
-237.895 737.851
-246.628 735.038
-255.82 731.894
-265.198 728.522
-273.732 725.446
-282.85 721.936
-296.354 716.407
-305.29 712.64
-313.663 708.94
-322.798 704.85
-331.463 700.801
-340.079 696.647
-348.44 692.478
-356.93 688.131
-365.405 683.662
-373.876 679.064
-382.085 674.473
-390.491 669.641
-398.455 664.937
-406.942 659.774
-414.718 654.93
-422.814 649.738
-430.637 644.605
-438.419 639.369
-446.494 633.747
-454.158 628.314
-461.984 622.587
-469.422 617.063
-481.43 607.837
-488.842 601.853
-496.174 595.784
-503.417 589.639
-510.603 583.395
-517.678 577.092
-524.687 570.699
-531.615 564.225
-538.47 557.667
-545.238 551.035
-551.948 544.303
-558.566 537.503
-565.091 530.635
-571.534 523.691
-577.895 516.671
-584.173 509.575
-590.368 502.403
-596.479 495.156
-602.51 487.828
-608.455 480.426
-614.302 472.969
-620.079 465.41
-625.761 457.789
-631.361 450.085
-636.877 442.294
-645.713 429.302
-651.104 421.101
-656.043 413.243
-661.234 404.904
-666.112 396.765
-670.816 388.674
-675.581 380.309
-680.222 371.915
-684.701 363.558
-688.928 355.409
-693.149 347.071
-697.402 338.436
-701.545 329.759
-705.562 321.068
-709.475 312.325
-713.187 303.764
-716.814 295.132
-720.516 285.961
-723.845 277.514
-727.299 268.319
-730.456 259.732
-733.62 250.708
-736.76 241.26
-739.653 232.364
-742.416 223.625
-745.153 214.372
-747.786 205.006
-750.29 195.711
-754.245 180.13
-756.366 170.844
-758.347 161.61
-760.186 152.458
-762.116 142.661
-763.837 133.11
-765.321 123.951
-766.7 114.802
-768.119 104.998
-769.327 95.5779
-770.411 86.2054
-771.375 76.8946
-772.294 67.0976
-773.024 57.8522
-773.686 48.1793
-774.206 38.8277
-774.62 29.4553
-774.927 20.0814
-775.12 10.4437
-775.21 1.15588
-775.176 -8.41322
-775.012 -18.1241
-774.698 -28.1122
-774.372 -37.1152
-773.923 -46.3682
-773.295 -56.0063
-772.499 -65.8717
-771.748 -74.9672
-770.813 -84.3964
-769.778 -93.7796
-768.606 -103.234
-766.145 -119.361
-764.583 -129.05
-762.916 -138.285
-761.133 -147.637
-759.218 -157.185
-757.243 -166.182
-755.127 -175.463
-752.874 -184.868
-750.477 -194.396
-748.073 -203.32
-745.588 -212.165
-742.779 -221.842
-740.049 -230.735
-737.088 -240.025
-734.199 -248.703
-731.023 -257.89
-727.862 -266.697
-724.479 -275.761
-721.314 -284.052
-717.528 -293.425
-713.897 -302.19
-710.129 -310.973
-706.417 -319.422
-702.208 -328.512
-698.429 -336.656
-693.91 -345.767
-690.045 -353.676
-685.381 -362.548
-680.942 -370.902
-673.479 -384.121
-668.685 -392.361
-663.798 -400.528
-658.819 -408.626
-653.746 -416.657
-648.648 -424.505
-643.443 -432.326
-637.973 -440.355
-632.663 -447.93
-627.038 -455.77
-621.418 -463.402
-615.662 -471.025
-609.901 -478.473
-603.918 -486.009
-597.975 -493.325
-591.806 -500.719
-585.519 -508.062
-579.346 -515.128
-573.086 -522.129
-566.463 -529.303
-560.029 -536.157
-550.667 -545.649
-543.662 -552.645
-537.11 -558.964
-529.931 -565.785
-523.225 -571.964
-515.645 -578.826
-508.627 -584.985
-501.496 -591.103
-494.183 -597.231
-486.781 -603.281
-478.986 -609.486
-471.756 -615.112
-464.322 -620.763
-456.659 -626.436
-449.069 -631.931
-441.084 -637.529
-429.257 -645.754
-421.239 -650.982
-413.205 -656.074
-405.006 -661.152
-396.959 -665.964
-388.658 -670.828
-380.428 -675.499
-372.094 -680.104
-363.773 -684.567
-355.3 -688.991
-346.783 -693.307
-338.35 -697.447
-330.027 -701.415
-321.208 -705.498
-312.567 -709.37
-303.881 -713.14
-295.149 -716.808
-286.247 -720.415
-277.553 -723.833
-268.562 -727.227
-259.784 -730.443
-250.703 -733.621
-241.722 -736.658
-232.679 -739.593
-223.593 -742.42
-214.607 -745.121
-205.437 -747.736
-190.315 -751.622
-181.256 -753.807
-171.61 -756.081
-162.503 -758.045
-153.396 -759.902
-143.856 -761.764
-134.522 -763.451
-124.91 -765.083
-116.088 -766.44
-106.201 -767.878
-96.5424 -769.153
-87.3433 -770.242
-77.6689 -771.278
-68.3912 -772.158
-59.0433 -772.937
-49.654 -773.61
-40.131 -774.173
-30.7326 -774.625
-20.9121 -774.946
-11.362 -775.159
-1.86139 -775.261
7.76248 -775.236
17.1841 -775.118
26.7909 -774.861
41.6812 -774.24
51.3674 -773.652
60.5495 -772.924
70.4148 -772.105
79.9474 -771.159
89.3991 -770.097
98.6947 -768.929
108.259 -767.634
117.123 -766.29
126.881 -764.74
136.579 -763.072
145.09 -761.48
154.746 -759.576
164.193 -757.59
173.493 -755.517
182.686 -753.355
191.993 -751.043
201.295 -748.609
210.349 -746.136
219.641 -743.458
228.622 -740.776
237.719 -737.926
246.87 -734.928
255.7 -731.952
264.888 -728.676
273.806 -725.406
287.8 -719.946
296.924 -716.245
305.754 -712.5
314.376 -708.697
322.902 -704.813
331.384 -700.832
340.266 -696.572
348.531 -692.438
357.084 -688.059
365.484 -683.623
373.79 -679.108
381.874 -674.592
390.358 -669.718
398.166 -665.121
406.512 -660.052
414.686 -654.952
422.645 -649.861
430.436 -644.76
438.562 -639.254
446.322 -633.89
454.105 -628.36
461.737 -622.814
469.28 -617.202
476.94 -611.315
488.455 -602.094
495.533 -596.211
502.836 -590.046
510.177 -583.705
517.444 -577.27
524.556 -570.802
531.312 -564.482
538.458 -557.677
545.322 -550.958
551.846 -544.402
558.426 -537.645
564.959 -530.777
571.23 -524.039
578.136 -516.393
584.176 -509.571
590.373 -502.397
596.653 -494.92
602.669 -487.601
608.47 -480.402
614.36 -472.875
620.163 -465.267
625.878 -457.582
634.402 -445.737
639.67 -438.056
645.024 -430.105
650.446 -421.881
655.411 -414.046
660.421 -405.974
665.431 -397.701
670.224 -389.539
674.954 -381.265
679.607 -372.895
684.001 -364.753
688.343 -356.494
692.711 -347.936
697.013 -339.237
701.14 -330.635
705.049 -322.268
709.003 -313.491
712.754 -304.938
716.552 -295.891
720.15 -287.071
723.799 -277.665
726.987 -269.464
730.328 -260.257
735.322 -246.046
738.306 -236.888
741.129 -227.799
743.791 -218.799
746.405 -209.627
748.931 -200.363
751.327 -191.112
753.591 -181.896
755.707 -172.784
757.778 -163.427
759.71 -154.145
761.531 -144.841
763.24 -135.526
764.84 -126.183
766.326 -116.838
767.718 -107.335
768.972 -98.059
770.132 -88.5499
771.166 -79.3623
772.101 -69.8089
772.918 -60.2569
773.627 -50.893
774.215 -41.3284
774.688 -31.7805
775.065 -22.4089
775.313 -12.8777
