774.178 1.11947e-15
774.117 9.72836
773.934 19.4552
773.628 29.1789
773.201 38.8981
772.651 48.6111
771.979 58.3164
771.185 68.0125
770.27 77.6979
769.232 87.371
768.074 97.0303
766.794 106.674
765.393 116.301
763.871 125.91
762.228 135.499
760.466 145.067
758.583 154.611
756.58 164.131
754.458 173.626
752.216 183.092
749.856 192.53
747.378 201.938
744.781 211.313
742.067 220.656
739.235 229.963
736.287 239.234
733.223 248.468
730.043 257.662
726.747 266.815
723.337 275.926
719.813 284.994
716.175 294.017
712.424 302.993
708.56 311.921
704.584 320.801
700.498 329.629
696.3 338.406
691.993 347.129
687.576 355.797
683.051 364.409
678.418 372.963
673.677 381.459
668.831 389.894
663.879 398.268
658.821 406.579
653.66 414.826
648.396 423.007
643.029 431.121
637.561 439.167
631.992 447.144
626.323 455.051
620.556 462.885
614.69 470.646
608.727 478.334
602.669 485.945
596.515 493.48
590.266 500.937
583.925 508.314
577.491 515.612
570.967 522.828
564.352 529.962
557.648 537.011
550.856 543.976
543.976 550.856
537.011 557.648
529.962 564.352
522.828 570.967
515.612 577.491
508.314 583.925
500.937 590.266
493.48 596.515
485.945 602.669
478.334 608.727
470.646 614.69
462.885 620.556
455.051 626.323
447.144 631.992
439.167 637.561
431.121 643.029
423.007 648.396
414.826 653.66
406.579 658.821
398.268 663.879
389.894 668.831
381.459 673.677
372.963 678.418
364.409 683.051
355.797 687.576
347.129 691.993
338.406 696.3
329.629 700.498
320.801 704.584
311.921 708.56
302.993 712.424
294.017 716.175
284.994 719.813
275.926 723.337
266.815 726.747
257.662 730.043
248.468 733.223
239.234 736.287
229.963 739.235
220.656 742.067
211.313 744.781
201.938 747.378
192.53 749.856
183.092 752.216
173.626 754.458
164.131 756.58
154.611 758.583
145.067 760.466
135.499 762.228
125.91 763.871
116.301 765.393
106.674 766.794
97.0303 768.074
87.371 769.232
77.6979 770.27
68.0125 771.185
58.3164 771.979
48.6111 772.651
38.8981 773.201
29.1789 773.628
19.4552 773.934
9.72836 774.117
4.74717e-14 774.178
-9.72836 774.117
-19.4552 773.934
-29.1789 773.628
-38.8981 773.201
-48.6111 772.651
-58.3164 771.979
-68.0125 771.185
-77.6979 770.27
-87.371 769.232
-97.0303 768.074
-106.674 766.794
-116.301 765.393
-125.91 763.871
-135.499 762.228
-145.067 760.466
-154.611 758.583
-164.131 756.58
-173.626 754.458
-183.092 752.216
-192.53 749.856
-201.938 747.378
-211.313 744.781
-220.656 742.067
-229.963 739.235
-239.234 736.287
-248.468 733.223
-257.662 730.043
-266.815 726.747
-275.926 723.337
-284.994 719.813
-294.017 716.175
-302.993 712.424
-311.921 708.56
-320.801 704.584
-329.629 700.498
-338.406 696.3
-347.129 691.993
-355.797 687.576
-364.409 683.051
-372.963 678.418
-381.459 673.677
-389.894 668.831
-398.268 663.879
-406.579 658.821
-414.826 653.66
-423.007 648.396
-431.121 643.029
-439.167 637.561
-447.144 631.992
-455.051 626.323
-462.885 620.556
-470.646 614.69
-478.334 608.727
-485.945 602.669
-493.48 596.515
-500.937 590.266
-508.314 583.925
-515.612 577.491
-522.828 570.967
-529.962 564.352
-537.011 557.648
-543.976 550.856
-550.856 543.976
-557.648 537.011
-564.352 529.962
-570.967 522.828
-577.491 515.612
-583.925 508.314
-590.266 500.937
-596.515 493.48
-602.669 485.945
-608.727 478.334
-614.69 470.646
-620.556 462.885
-626.323 455.051
-631.992 447.144
-637.561 439.167
-643.029 431.121
-648.396 423.007
-653.66 414.826
-658.821 406.579
-663.879 398.268
-668.831 389.894
-673.677 381.459
-678.418 372.963
-683.051 364.409
-687.576 355.797
-691.993 347.129
-696.3 338.406
-700.498 329.629
-704.584 320.801
-708.56 311.921
-712.424 302.993
-716.175 294.017
-719.813 284.994
-723.337 275.926
-726.747 266.815
-730.043 257.662
-733.223 248.468
-736.287 239.234
-739.235 229.963
-742.067 220.656
-744.781 211.313
-747.378 201.938
-749.856 192.53
-752.216 183.092
-754.458 173.626
-756.58 164.131
-758.583 154.611
-760.466 145.067
-762.228 135.499
-763.871 125.91
-765.393 116.301
-766.794 106.674
-768.074 97.0303
-769.232 87.371
-770.27 77.6979
-771.185 68.0125
-771.979 58.3164
-772.651 48.6111
-773.201 38.8981
-773.628 29.1789
-773.934 19.4552
-774.117 9.72836
-774.178 9.4596e-14
-774.117 -9.72836
-773.934 -19.4552
-773.628 -29.1789
-773.201 -38.8981
-772.651 -48.6111
-771.979 -58.3164
-771.185 -68.0125
-770.27 -77.6979
-769.232 -87.371
-768.074 -97.0303
-766.794 -106.674
-765.393 -116.301
-763.871 -125.91
-762.228 -135.499
-760.466 -145.067
-758.583 -154.611
-756.58 -164.131
-754.458 -173.626
-752.216 -183.092
-749.856 -192.53
-747.378 -201.938
-744.781 -211.313
-742.067 -220.656
-739.235 -229.963
-736.287 -239.234
-733.223 -248.468
-730.043 -257.662
-726.747 -266.815
-723.337 -275.926
-719.813 -284.994
-716.175 -294.017
-712.424 -302.993
-708.56 -311.921
-704.584 -320.801
-700.498 -329.629
-696.3 -338.406
-691.993 -347.129
-687.576 -355.797
-683.051 -364.409
-678.418 -372.963
-673.677 -381.459
-668.831 -389.894
-663.879 -398.268
-658.821 -406.579
-653.66 -414.826
-648.396 -423.007
-643.029 -431.121
-637.561 -439.167
-631.992 -447.144
-626.323 -455.051
-620.556 -462.885
-614.69 -470.646
-608.727 -478.334
-602.669 -485.945
-596.515 -493.48
-590.266 -500.937
-583.925 -508.314
-577.491 -515.612
-570.967 -522.828
-564.352 -529.962
-557.648 -537.011
-550.856 -543.976
-543.976 -550.856
-537.011 -557.648
-529.962 -564.352
-522.828 -570.967
-515.612 -577.491
-508.314 -583.925
-500.937 -590.266
-493.48 -596.515
-485.945 -602.669
-478.334 -608.727
-470.646 -614.69
-462.885 -620.556
-455.051 -626.323
-447.144 -631.992
-439.167 -637.561
-431.121 -643.029
-423.007 -648.396
-414.826 -653.66
-406.579 -658.821
-398.268 -663.879
-389.894 -668.831
-381.459 -673.677
-372.963 -678.418
-364.409 -683.051
-355.797 -687.576
-347.129 -691.993
-338.406 -696.3
-329.629 -700.498
-320.801 -704.584
-311.921 -708.56
-302.993 -712.424
-294.017 -716.175
-284.994 -719.813
-275.926 -723.337
-266.815 -726.747
-257.662 -730.043
-248.468 -733.223
-239.234 -736.287
-229.963 -739.235
-220.656 -742.067
-211.313 -744.781
-201.938 -747.378
-192.53 -749.856
-183.092 -752.216
-173.626 -754.458
-164.131 -756.58
-154.611 -758.583
-145.067 -760.466
-135.499 -762.228
-125.91 -763.871
-116.301 -765.393
-106.674 -766.794
-97.0303 -768.074
-87.371 -769.232
-77.6979 -770.27
-68.0125 -771.185
-58.3164 -771.979
-48.6111 -772.651
-38.8981 -773.201
-29.1789 -773.628
-19.4552 -773.934
-9.72836 -774.117
-1.43749e-13 -774.178
9.72836 -774.117
19.4552 -773.934
29.1789 -773.628
38.8981 -773.201
48.6111 -772.651
58.3164 -771.979
68.0125 -771.185
77.6979 -770.27
87.371 -769.232
97.0303 -768.074
106.674 -766.794
116.301 -765.393
125.91 -763.871
135.499 -762.228
145.067 -760.466
154.611 -758.583
164.131 -756.58
173.626 -754.458
183.092 -752.216
192.53 -749.856
201.938 -747.378
211.313 -744.781
220.656 -742.067
229.963 -739.235
239.234 -736.287
248.468 -733.223
257.662 -730.043
266.815 -726.747
275.926 -723.337
284.994 -719.813
294.017 -716.175
302.993 -712.424
311.921 -708.56
320.801 -704.584
329.629 -700.498
338.406 -696.3
347.129 -691.993
355.797 -687.576
364.409 -683.051
372.963 -678.418
381.459 -673.677
389.894 -668.831
398.268 -663.879
406.579 -658.821
414.826 -653.66
423.007 -648.396
431.121 -643.029
439.167 -637.561
447.144 -631.992
455.051 -626.323
462.885 -620.556
470.646 -614.69
478.334 -608.727
485.945 -602.669
493.48 -596.515
500.937 -590.266
508.314 -583.925
515.612 -577.491
522.828 -570.967
529.962 -564.352
537.011 -557.648
543.976 -550.856
550.856 -543.976
557.648 -537.011
564.352 -529.962
570.967 -522.828
577.491 -515.612
583.925 -508.314
590.266 -500.937
596.515 -493.48
602.669 -485.945
608.727 -478.334
614.69 -470.646
620.556 -462.885
626.323 -455.051
631.992 -447.144
637.561 -439.167
643.029 -431.121
648.396 -423.007
653.66 -414.826
658.821 -406.579
663.879 -398.268
668.831 -389.894
673.677 -381.459
678.418 -372.963
683.051 -364.409
687.576 -355.797
691.993 -347.129
696.3 -338.406
700.498 -329.629
704.584 -320.801
708.56 -311.921
712.424 -302.993
716.175 -294.017
719.813 -284.994
723.337 -275.926
726.747 -266.815
730.043 -257.662
733.223 -248.468
736.287 -239.234
739.235 -229.963
742.067 -220.656
744.781 -211.313
747.378 -201.938
749.856 -192.53
752.216 -183.092
754.458 -173.626
756.58 -164.131
758.583 -154.611
760.466 -145.067
762.228 -135.499
763.871 -125.91
765.393 -116.301
766.794 -106.674
768.074 -97.0303
769.232 -87.371
770.27 -77.6979
771.185 -68.0125
771.979 -58.3164
772.651 -48.6111
773.201 -38.8981
773.628 -29.1789
773.934 -19.4552
774.117 -9.72836
