773.368 2.94701
773.257 12.548
773.015 22.0155
772.641 31.1491
772.186 40.778
771.611 50.4254
770.916 59.9704
770.104 69.492
769.185 78.8104
768.129 88.5528
767.015 97.4886
765.759 106.875
764.404 116.151
762.941 125.417
761.326 134.886
759.705 143.846
757.847 153.342
755.954 162.513
753.893 171.866
751.679 181.308
749.567 190.095
747.115 199.51
744.754 208.38
742.114 217.636
739.479 226.606
734.494 242.437
731.457 251.27
728.289 260.21
725.012 269.124
721.64 277.953
718.094 286.983
714.686 295.161
710.92 304.121
707.005 313.136
703.154 321.623
699.172 330.153
695.088 338.64
691.004 346.872
686.567 355.575
682.318 363.663
677.766 372.083
673.191 380.314
668.57 388.413
663.724 396.653
658.73 404.902
653.826 412.826
648.592 421.003
643.495 428.815
638.27 436.617
632.976 444.333
627.3 452.297
621.851 459.852
616.279 467.382
606.194 480.278
600.153 487.787
594.224 494.903
588.063 502.177
582.15 508.918
575.543 516.41
569.281 523.257
562.651 530.38
556.288 537.009
549.767 543.664
543.092 550.325
536.069 557.171
529.55 563.371
522.205 570.181
515.22 576.505
508.348 582.593
501.305 588.69
493.902 594.918
486.74 600.831
478.966 607.025
471.758 612.7
464.004 618.59
456.466 624.212
448.756 629.805
440.949 635.318
428.682 643.605
420.849 648.712
412.76 653.876
404.854 658.764
396.717 663.681
388.718 668.374
380.188 673.268
371.786 677.939
363.547 682.382
355.217 686.751
346.893 690.993
337.89 695.439
329.677 699.376
321.024 703.395
312.419 707.271
303.619 711.099
294.894 714.776
286.224 718.318
277.302 721.82
268.053 725.292
259.263 728.511
244.933 733.645
236.062 736.484
227.08 739.259
217.762 742.059
208.764 744.596
200.046 746.919
190.414 749.452
181.305 751.68
171.934 753.872
162.057 756.089
153.544 757.797
143.999 759.669
134.714 761.361
125.587 762.911
116.146 764.405
106.684 765.783
97.5498 767.009
87.9762 768.169
78.6208 769.194
69.1906 770.112
59.9006 770.916
50.4101 771.611
40.9043 772.19
31.5231 772.663
21.8624 773.002
12.4974 773.251
2.74189 773.342
-6.77238 773.344
-16.2677 773.233
-32.7403 772.776
-42.0052 772.26
-51.4055 771.651
-61.2074 770.949
-70.4125 770.105
-79.7324 769.159
-89.4121 768.096
-98.5137 766.936
-107.833 765.66
-116.741 764.322
-126.899 762.724
-135.994 761.135
-144.939 759.472
-154.394 757.606
-163.51 755.695
-172.941 753.594
-182.032 751.461
-191.183 749.199
-200.39 746.801
-209.413 744.347
-218.93 741.589
-227.933 738.897
-237.122 736.007
-245.78 733.227
-254.946 730.095
-264.333 726.718
-272.788 723.683
-281.885 720.184
-295.784 714.49
-304.689 710.733
-312.984 707.059
-322.119 702.969
-330.746 698.934
-339.323 694.795
-347.625 690.652
-356.074 686.323
-364.513 681.872
-372.953 677.289
-381.112 672.726
-389.492 667.908
-397.395 663.241
-405.876 658.081
-413.584 653.282
-421.651 648.112
-429.423 643.015
-437.156 637.818
-445.231 632.197
-452.85 626.801
-460.655 621.093
-468.04 615.617
-480.421 606.111
-487.793 600.15
-495.085 594.107
-502.288 587.988
-509.435 581.772
-516.47 575.498
-523.439 569.135
-530.329 562.694
-537.145 556.168
-543.888 549.56
-550.561 542.862
-557.143 536.097
-563.633 529.266
-570.042 522.36
-576.37 515.377
-582.616 508.32
-588.78 501.188
-594.861 493.982
-600.863 486.694
-606.78 479.333
-612.601 471.917
-618.353 464.4
-624.011 456.821
-629.589 449.158
-635.084 441.407
-644.22 427.972
-649.599 419.784
-654.492 411.98
-659.672 403.655
-664.52 395.554
-669.187 387.514
-673.931 379.179
-678.551 370.817
-683.003 362.502
-687.192 354.415
-691.38 346.139
-695.62 337.529
-699.746 328.885
-703.749 320.224
-707.644 311.521
-711.331 303.019
-714.936 294.444
-718.634 285.283
-721.935 276.92
-725.384 267.742
-728.519 259.234
-731.673 250.25
-734.812 240.807
-737.692 231.972
-740.44 223.312
-743.173 214.093
-745.802 204.755
-748.302 195.497
-752.398 179.362
-754.502 170.119
-756.464 160.937
-758.282 151.846
-760.212 142.051
-761.924 132.526
-763.393 123.42
-764.753 114.343
-766.17 104.548
-767.367 95.1761
-768.442 85.8569
-769.396 76.6073
-770.313 66.8254
-771.034 57.6489
-771.693 48.0055
-772.209 38.7143
-772.621 29.4018
-772.927 20.0873
-773.121 10.4845
-773.213 1.26471
-773.182 -8.26219
-773.02 -17.943
-772.705 -27.9448
-772.39 -36.8495
-771.951 -46.0294
-771.329 -55.6354
-770.536 -65.4911
-769.802 -74.5035
-768.88 -83.8831
-767.86 -93.2137
-766.701 -102.625
-764.145 -119.341
-762.583 -129.011
-760.918 -138.186
-759.139 -147.484
-757.226 -157.007
-755.258 -165.936
-753.148 -175.17
-750.901 -184.537
-748.507 -194.048
-746.117 -202.901
-743.648 -211.677
-740.84 -221.354
-738.127 -230.182
-735.173 -239.449
-732.31 -248.048
-729.144 -257.206
-725.999 -265.971
-722.627 -275.005
-719.502 -283.205
-715.714 -292.583
-712.104 -301.303
-708.356 -310.048
-704.68 -318.431
-700.47 -327.523
-696.742 -335.582
-692.218 -344.701
-688.413 -352.519
-683.752 -361.387
-679.344 -369.698
-671.639 -383.338
-666.859 -391.544
-661.996 -399.661
-657.037 -407.716
-651.987 -415.705
-646.92 -423.499
-641.744 -431.27
-636.285 -439.282
-631.015 -446.797
-625.409 -454.61
-619.819 -462.201
-614.089 -469.79
-608.363 -477.194
-602.405 -484.702
-596.502 -491.972
-590.348 -499.35
-584.084 -506.669
-577.952 -513.693
-571.735 -520.653
-565.129 -527.813
-558.74 -534.628
-549.159 -544.336
-542.16 -551.325
-535.666 -557.58
-528.494 -564.394
-521.848 -570.514
-514.253 -577.391
-507.281 -583.506
-500.194 -589.586
-492.915 -595.684
-485.546 -601.708
-477.754 -607.911
-470.588 -613.489
-463.206 -619.103
-455.581 -624.752
-448.042 -630.214
-440.078 -635.8
-427.917 -644.27
-419.931 -649.47
-411.922 -654.539
-403.751 -659.594
-395.753 -664.369
-387.481 -669.211
-379.294 -673.851
-370.999 -678.43
-362.727 -682.863
-354.291 -687.264
-345.811 -691.558
-337.429 -695.671
-329.167 -699.61
-320.372 -703.681
-311.785 -707.529
-303.146 -711.28
-294.454 -714.932
-285.588 -718.527
-276.954 -721.925
-268.007 -725.305
-259.281 -728.507
-250.237 -731.676
-241.305 -734.702
-232.309 -737.627
-223.269 -740.447
-214.343 -743.139
-205.218 -745.748
-189.579 -749.763
-180.583 -751.924
-170.946 -754.194
-161.901 -756.137
-152.859 -757.976
-143.345 -759.831
-134.059 -761.506
-124.471 -763.132
-115.75 -764.469
-105.866 -765.907
-96.2344 -767.176
-87.0972 -768.258
-77.4568 -769.289
-68.2361 -770.164
-58.9474 -770.939
-49.6144 -771.61
-40.1358 -772.173
-30.7943 -772.626
-20.9986 -772.948
-11.4917 -773.164
-2.03898 -773.269
7.54861 -773.247
16.9109 -773.137
26.4794 -772.885
41.8438 -772.247
51.5008 -771.657
60.6071 -770.925
70.4626 -770.106
79.9545 -769.159
89.3589 -768.097
98.5924 -766.931
108.121 -765.639
116.887 -764.304
126.633 -762.756
136.316 -761.09
144.7 -759.518
154.34 -757.617
163.756 -755.639
173.011 -753.577
182.153 -751.428
191.421 -749.126
200.687 -746.704
209.685 -744.249
218.949 -741.582
227.872 -738.921
236.924 -736.091
246.04 -733.108
254.81 -730.161
263.988 -726.89
272.862 -723.642
287.296 -718.01
296.404 -714.314
305.197 -710.579
313.766 -706.792
322.233 -702.928
330.659 -698.968
339.527 -694.713
347.725 -690.607
356.244 -686.244
364.601 -681.828
372.86 -677.338
380.881 -672.856
389.347 -667.992
397.079 -663.442
405.406 -658.385
413.551 -653.305
421.466 -648.245
429.205 -643.184
437.318 -637.688
445.035 -632.359
452.785 -626.858
460.372 -621.352
467.873 -615.78
475.509 -609.918
487.378 -600.408
494.393 -594.568
501.661 -588.427
508.979 -582.104
516.222 -575.686
523.306 -569.241
530.006 -562.967
537.142 -556.171
543.978 -549.477
550.449 -542.97
556.99 -536.252
563.489 -529.42
569.711 -522.739
576.634 -515.072
582.62 -508.315
588.786 -501.18
595.052 -493.722
601.038 -486.443
606.799 -479.304
612.665 -471.813
618.447 -464.241
624.14 -456.592
632.924 -444.389
638.147 -436.76
643.473 -428.843
648.886 -420.63
653.808 -412.85
658.79 -404.818
663.782 -396.569
668.546 -388.45
673.252 -380.215
677.884 -371.881
682.243 -363.8
686.555 -355.599
690.906 -347.074
695.196 -338.401
699.306 -329.838
703.186 -321.54
707.127 -312.797
710.858 -304.304
714.649 -295.273
718.234 -286.498
721.885 -277.084
725.043 -268.995
728.379 -259.806
733.535 -245.149
736.503 -236.023
739.306 -226.976
741.944 -218.031
744.546 -208.889
747.056 -199.667
749.437 -190.458
751.685 -181.289
753.784 -172.236
755.844 -162.916
757.764 -153.683
759.574 -144.429
761.273 -135.163
762.864 -125.871
764.344 -116.575
765.731 -107.111
766.978 -97.8948
768.136 -88.4269
769.166 -79.3107
770.101 -69.7976
770.919 -60.2856
771.629 -50.9803
772.219 -41.4547
772.695 -31.9509
773.078 -22.6391
773.332 -13.153
