772.376 3.07209
772.262 12.6557
772.018 22.0991
771.642 31.1994
771.186 40.8117
770.612 50.4439
769.916 59.9699
769.105 69.4719
768.186 78.7625
767.13 88.4958
766.02 97.3886
764.766 106.752
763.415 116.001
761.957 125.24
760.345 134.692
758.732 143.614
756.878 153.096
754.992 162.24
752.936 171.575
750.727 181.004
748.628 189.751
746.18 199.155
743.832 207.991
741.199 217.232
738.576 226.175
733.506 242.281
730.474 251.085
727.311 260.003
724.039 268.895
720.672 277.7
717.13 286.718
713.736 294.847
709.974 303.795
706.062 312.803
702.221 321.263
698.249 329.769
694.174 338.232
690.105 346.433
685.673 355.126
681.442 363.18
676.899 371.584
672.337 379.794
667.732 387.868
662.897 396.091
657.911 404.328
653.026 412.227
647.799 420.394
642.721 428.182
637.513 435.962
632.234 443.662
626.565 451.619
621.137 459.152
615.585 466.662
605.331 479.773
599.299 487.267
593.388 494.355
587.238 501.612
581.351 508.316
574.745 515.807
568.502 522.629
561.88 529.744
555.54 536.346
549.039 542.979
542.382 549.622
535.364 556.461
528.877 562.631
521.532 569.442
514.566 575.749
507.721 581.814
500.702 587.893
493.31 594.112
486.173 600.007
478.401 606.2
471.225 611.854
463.481 617.738
455.961 623.349
448.27 628.931
440.479 634.436
428.048 642.832
420.238 647.92
412.163 653.074
404.275 657.948
396.158 662.852
388.186 667.528
379.662 672.418
371.275 677.08
363.06 681.509
354.753 685.865
346.455 690.095
337.449 694.541
329.272 698.462
320.638 702.473
312.055 706.339
303.272 710.161
294.569 713.83
285.925 717.363
277.021 720.86
267.777 724.331
259.015 727.543
244.477 732.755
235.634 735.581
226.676 738.344
217.369 741.139
208.391 743.668
199.714 745.975
190.085 748.508
181.002 750.727
171.647 752.914
161.764 755.133
153.307 756.825
143.774 758.695
134.513 760.381
125.418 761.926
115.996 763.416
106.553 764.792
97.4527 766.014
87.8947 767.172
78.565 768.196
69.1579 769.113
59.8974 769.916
50.4283 770.611
40.9435 771.191
31.5889 771.665
21.9426 772.005
12.6056 772.257
2.86041 772.349
-6.63216 772.354
-16.1041 772.247
-32.8602 771.783
-42.0925 771.264
-51.4662 770.653
-61.2608 769.951
-70.4327 769.105
-79.7246 768.159
-89.3928 767.096
-98.4584 765.937
-107.752 764.664
-116.616 763.33
-126.787 761.731
-135.848 760.146
-144.754 758.489
-154.193 756.627
-163.281 754.722
-172.697 752.624
-181.76 750.499
-190.887 748.244
-200.073 745.852
-209.07 743.408
-218.582 740.651
-227.561 737.968
-236.735 735.085
-245.356 732.322
-254.509 729.195
-263.901 725.817
-272.316 722.801
-281.403 719.307
-295.499 713.532
-304.389 709.779
-312.644 706.118
-321.78 702.028
-330.388 698.001
-338.945 693.87
-347.217 689.738
-355.646 685.419
-364.067 680.977
-372.491 676.402
-380.625 671.852
-388.993 667.042
-396.864 662.393
-405.344 657.235
-413.018 652.458
-421.069 647.298
-428.817 642.22
-436.525 637.043
-444.599 631.421
-452.196 626.044
-459.99 620.346
-467.349 614.895
-479.915 605.248
-487.268 599.299
-494.541 593.268
-501.723 587.162
-508.85 580.96
-515.866 574.701
-522.816 568.354
-529.686 561.928
-536.483 555.419
-543.213 548.822
-549.868 542.142
-556.431 535.394
-562.904 528.582
-569.296 521.694
-575.607 514.731
-581.837 507.693
-587.985 500.58
-594.051 493.394
-600.039 486.127
-605.943 478.786
-611.75 471.391
-617.49 463.895
-623.137 456.336
-628.703 448.694
-634.188 440.963
-643.473 427.307
-648.846 419.125
-653.716 411.348
-658.891 403.03
-663.724 394.949
-668.372 386.934
-673.106 378.614
-677.715 370.268
-682.154 361.974
-686.323 353.921
-690.495 345.672
-694.727 337.079
-698.844 328.452
-702.843 319.802
-706.728 311.119
-710.402 302.647
-713.997 294.1
-717.694 284.944
-720.981 276.623
-724.426 267.453
-727.551 258.984
-730.7 250.022
-733.838 240.58
-736.712 231.776
-739.453 223.155
-742.183 213.953
-744.81 204.629
-747.308 195.39
-751.475 178.979
-753.57 169.757
-755.522 160.601
-757.33 151.541
-759.259 141.745
-760.968 132.234
-762.429 123.155
-763.78 114.114
-765.195 104.324
-766.388 94.9754
-767.457 85.6827
-768.407 76.4637
-769.322 66.6893
-770.039 57.5472
-770.697 47.9186
-771.211 38.6576
-771.621 29.375
-771.927 20.0903
-772.121 10.5048
-772.215 1.31903
-772.184 -8.18677
-772.024 -17.8525
-771.709 -27.8611
-771.399 -36.7168
-770.966 -45.8602
-770.347 -55.4501
-769.554 -65.301
-768.829 -74.2719
-767.914 -83.6266
-766.901 -92.9309
-765.749 -102.32
-763.145 -119.323
-761.583 -128.984
-759.92 -138.129
-758.142 -147.404
-756.231 -156.914
-754.267 -165.806
-752.16 -175.017
-749.916 -184.367
-747.523 -193.871
-745.14 -202.688
-742.68 -211.425
-739.871 -221.106
-737.167 -229.902
-734.217 -239.158
-731.366 -247.717
-728.205 -256.861
-725.069 -265.604
-721.703 -274.623
-718.596 -282.781
-714.806 -292.162
-711.208 -300.86
-707.469 -309.585
-703.811 -317.936
-699.601 -327.028
-695.898 -335.045
-691.37 -344.171
-687.598 -351.941
-682.936 -360.809
-678.543 -369.1
-670.72 -382.944
-665.95 -391.128
-661.096 -399.224
-656.149 -407.258
-651.11 -415.225
-646.058 -422.992
-640.897 -430.738
-635.446 -438.739
-630.195 -446.224
-624.599 -454.023
-619.024 -461.595
-613.308 -469.166
-607.6 -476.549
-601.648 -484.048
-595.766 -491.295
-589.618 -498.665
-583.366 -505.973
-577.255 -512.976
-571.06 -519.916
-564.462 -527.068
-558.095 -533.864
-548.404 -543.68
-541.409 -550.664
-534.944 -556.889
-527.781 -563.693
-521.159 -569.788
-513.556 -576.673
-506.609 -582.766
-499.543 -588.827
-492.281 -594.911
-484.928 -600.922
-477.144 -607.119
-470.004 -612.677
-462.648 -618.274
-455.041 -623.909
-447.529 -629.356
-439.575 -634.936
-427.247 -643.527
-419.277 -648.713
-411.281 -653.772
-403.124 -658.815
-395.15 -663.571
-386.892 -668.402
-378.727 -673.028
-370.452 -677.594
-362.204 -682.01
-353.779 -686.405
-345.319 -690.688
-336.962 -694.787
-328.734 -698.709
-319.951 -702.774
-311.387 -706.612
-302.771 -710.353
-294.103 -713.996
-285.255 -717.584
-276.651 -720.972
-267.722 -724.347
-259.027 -727.54
-250.001 -730.704
-241.092 -733.725
-232.12 -736.645
-223.103 -739.461
-214.207 -742.148
-205.105 -744.754
-189.212 -748.833
-180.247 -750.982
-170.614 -753.251
-161.6 -755.184
-152.591 -757.012
-143.089 -758.864
-133.828 -760.533
-124.251 -762.156
-115.581 -763.483
-105.698 -764.921
-96.0805 -766.188
-86.9702 -767.266
-77.3429 -768.296
-68.1546 -769.167
-58.8956 -769.941
-49.5907 -770.611
-40.1344 -771.173
-30.8212 -771.626
-21.0342 -771.949
-11.5489 -772.165
-2.12026 -772.272
7.44915 -772.252
16.7817 -772.145
26.3309 -771.896
41.9249 -771.25
51.5674 -770.659
60.6357 -769.926
70.4864 -769.106
79.9579 -768.159
89.3387 -767.097
98.5412 -765.933
108.044 -764.642
116.769 -763.311
126.502 -761.765
136.176 -760.1
144.513 -758.536
154.137 -756.638
163.537 -754.663
172.762 -752.608
181.886 -750.464
191.135 -748.168
200.383 -745.751
209.361 -743.303
218.602 -740.644
227.497 -737.994
236.527 -735.173
245.625 -732.198
254.364 -729.266
263.539 -725.997
272.391 -722.761
287.043 -717.043
296.144 -713.348
304.912 -709.62
313.454 -705.842
321.899 -701.986
330.296 -698.036
339.151 -693.787
347.315 -689.695
355.817 -685.34
364.153 -680.935
372.388 -676.456
380.385 -671.987
388.835 -667.133
396.535 -662.602
404.853 -657.552
412.977 -652.486
420.871 -647.442
428.589 -642.396
436.689 -636.911
444.385 -631.599
452.125 -626.106
459.69 -620.621
467.17 -615.069
474.794 -609.219
486.84 -599.566
493.823 -593.747
501.073 -587.618
508.38 -581.303
515.612 -574.894
522.68 -568.461
529.353 -562.209
536.484 -555.418
543.306 -548.737
549.751 -542.255
556.273 -535.556
562.755 -528.742
568.951 -522.089
575.883 -514.411
581.842 -507.687
587.992 -500.572
594.252 -493.122
600.223 -485.864
605.963 -478.755
611.818 -471.282
617.588 -463.728
623.272 -456.096
632.185 -443.716
637.385 -436.112
642.697 -428.211
648.105 -420.004
653.007 -412.252
657.974 -404.239
662.957 -396.004
667.707 -387.906
672.401 -379.69
677.022 -371.373
681.367 -363.316
685.66 -355.151
690.007 -346.637
694.291 -337.976
698.388 -329.44
702.255 -321.177
706.189 -312.449
709.912 -303.98
713.698 -294.964
717.276 -286.212
720.928 -276.793
724.071 -268.76
727.405 -259.581
732.641 -244.7
735.602 -235.59
738.395 -226.565
741.02 -217.648
743.617 -208.52
746.118 -199.319
748.492 -190.13
750.733 -180.985
752.824 -171.954
754.879 -162.653
756.791 -153.452
758.595 -144.223
760.291 -134.974
761.878 -125.707
763.353 -116.436
764.738 -106.991
765.982 -97.8051
767.138 -88.3654
768.167 -79.2773
769.101 -69.7918
769.919 -60.2999
770.629 -51.0165
771.22 -41.5104
771.699 -32.036
772.084 -22.747
772.341 -13.2835
