771.178 1.23574e-15
771.117 9.69066
770.935 19.3798
770.63 29.0659
770.204 38.7473
769.657 48.4227
768.987 58.0904
768.197 67.7489
767.285 77.3968
766.252 87.0324
765.097 96.6543
763.822 106.261
762.427 115.851
760.911 125.422
759.275 134.974
757.519 144.504
755.643 154.012
753.648 163.495
751.534 172.953
749.301 182.383
746.95 191.784
744.481 201.155
741.895 210.495
739.191 219.801
736.371 229.072
733.434 238.307
730.382 247.505
727.214 256.663
723.931 265.781
720.534 274.857
717.023 283.89
713.4 292.877
709.663 301.819
705.814 310.713
701.854 319.557
697.783 328.352
693.602 337.094
689.311 345.783
684.912 354.418
680.404 362.997
675.789 371.518
671.067 379.981
666.239 388.383
661.306 396.725
656.269 405.003
651.127 413.218
645.883 421.367
640.538 429.45
635.091 437.466
629.543 445.412
623.896 453.287
618.151 461.091
612.308 468.823
606.369 476.48
600.333 484.062
594.203 491.568
587.979 498.996
581.662 506.345
575.254 513.614
568.754 520.802
562.165 527.908
555.487 534.93
548.721 541.868
541.868 548.721
534.93 555.487
527.908 562.165
520.802 568.754
513.614 575.254
506.345 581.662
498.996 587.979
491.568 594.203
484.062 600.333
476.48 606.369
468.823 612.308
461.091 618.151
453.287 623.896
445.412 629.543
437.466 635.091
429.45 640.538
421.367 645.883
413.218 651.127
405.003 656.269
396.725 661.306
388.383 666.239
379.981 671.067
371.518 675.789
362.997 680.404
354.418 684.912
345.783 689.311
337.094 693.602
328.352 697.783
319.557 701.854
310.713 705.814
301.819 709.663
292.877 713.4
283.89 717.023
274.857 720.534
265.781 723.931
256.663 727.214
247.505 730.382
238.307 733.434
229.072 736.371
219.801 739.191
210.495 741.895
201.155 744.481
191.784 746.95
182.383 749.301
172.953 751.534
163.495 753.648
154.012 755.643
144.504 757.519
134.974 759.275
125.422 760.911
115.851 762.427
106.261 763.822
96.6543 765.097
87.0324 766.252
77.3968 767.285
67.7489 768.197
58.0904 768.987
48.4227 769.657
38.7473 770.204
29.0659 770.63
19.3798 770.935
9.69066 771.117
4.7095e-14 771.178
-9.69066 771.117
-19.3798 770.935
-29.0659 770.63
-38.7473 770.204
-48.4227 769.657
-58.0904 768.987
-67.7489 768.197
-77.3968 767.285
-87.0324 766.252
-96.6543 765.097
-106.261 763.822
-115.851 762.427
-125.422 760.911
-134.974 759.275
-144.504 757.519
-154.012 755.643
-163.495 753.648
-172.953 751.534
-182.383 749.301
-191.784 746.95
-201.155 744.481
-210.495 741.895
-219.801 739.191
-229.072 736.371
-238.307 733.434
-247.505 730.382
-256.663 727.214
-265.781 723.931
-274.857 720.534
-283.89 717.023
-292.877 713.4
-301.819 709.663
-310.713 705.814
-319.557 701.854
-328.352 697.783
-337.094 693.602
-345.783 689.311
-354.418 684.912
-362.997 680.404
-371.518 675.789
-379.981 671.067
-388.383 666.239
-396.725 661.306
-405.003 656.269
-413.218 651.127
-421.367 645.883
-429.45 640.538
-437.466 635.091
-445.412 629.543
-453.287 623.896
-461.091 618.151
-468.823 612.308
-476.48 606.369
-484.062 600.333
-491.568 594.203
-498.996 587.979
-506.345 581.662
-513.614 575.254
-520.802 568.754
-527.908 562.165
-534.93 555.487
-541.868 548.721
-548.721 541.868
-555.487 534.93
-562.165 527.908
-568.754 520.802
-575.254 513.614
-581.662 506.345
-587.979 498.996
-594.203 491.568
-600.333 484.062
-606.369 476.48
-612.308 468.823
-618.151 461.091
-623.896 453.287
-629.543 445.412
-635.091 437.466
-640.538 429.45
-645.883 421.367
-651.127 413.218
-656.269 405.003
-661.306 396.725
-666.239 388.383
-671.067 379.981
-675.789 371.518
-680.404 362.997
-684.912 354.418
-689.311 345.783
-693.602 337.094
-697.783 328.352
-701.854 319.557
-705.814 310.713
-709.663 301.819
-713.4 292.877
-717.023 283.89
-720.534 274.857
-723.931 265.781
-727.214 256.663
-730.382 247.505
-733.434 238.307
-736.371 229.072
-739.191 219.801
-741.895 210.495
-744.481 201.155
-746.95 191.784
-749.301 182.383
-751.534 172.953
-753.648 163.495
-755.643 154.012
-757.519 144.504
-759.275 134.974
-760.911 125.422
-762.427 115.851
-763.822 106.261
-765.097 96.6543
-766.252 87.0324
-767.285 77.3968
-768.197 67.7489
-768.987 58.0904
-769.657 48.4227
-770.204 38.7473
-770.63 29.0659
-770.935 19.3798
-771.117 9.69066
-771.178 9.4226e-14
-771.117 -9.69066
-770.935 -19.3798
-770.63 -29.0659
-770.204 -38.7473
-769.657 -48.4227
-768.987 -58.0904
-768.197 -67.7489
-767.285 -77.3968
-766.252 -87.0324
-765.097 -96.6543
-763.822 -106.261
-762.427 -115.851
-760.911 -125.422
-759.275 -134.974
-757.519 -144.504
-755.643 -154.012
-753.648 -163.495
-751.534 -172.953
-749.301 -182.383
-746.95 -191.784
-744.481 -201.155
-741.895 -210.495
-739.191 -219.801
-736.371 -229.072
-733.434 -238.307
-730.382 -247.505
-727.214 -256.663
-723.931 -265.781
-720.534 -274.857
-717.023 -283.89
-713.4 -292.877
-709.663 -301.819
-705.814 -310.713
-701.854 -319.557
-697.783 -328.352
-693.602 -337.094
-689.311 -345.783
-684.912 -354.418
-680.404 -362.997
-675.789 -371.518
-671.067 -379.981
-666.239 -388.383
-661.306 -396.725
-656.269 -405.003
-651.127 -413.218
-645.883 -421.367
-640.538 -429.45
-635.091 -437.466
-629.543 -445.412
-623.896 -453.287
-618.151 -461.091
-612.308 -468.823
-606.369 -476.48
-600.333 -484.062
-594.203 -491.568
-587.979 -498.996
-581.662 -506.345
-575.254 -513.614
-568.754 -520.802
-562.165 -527.908
-555.487 -534.93
-548.721 -541.868
-541.868 -548.721
-534.93 -555.487
-527.908 -562.165
-520.802 -568.754
-513.614 -575.254
-506.345 -581.662
-498.996 -587.979
-491.568 -594.203
-484.062 -600.333
-476.48 -606.369
-468.823 -612.308
-461.091 -618.151
-453.287 -623.896
-445.412 -629.543
-437.466 -635.091
-429.45 -640.538
-421.367 -645.883
-413.218 -651.127
-405.003 -656.269
-396.725 -661.306
-388.383 -666.239
-379.981 -671.067
-371.518 -675.789
-362.997 -680.404
-354.418 -684.912
-345.783 -689.311
-337.094 -693.602
-328.352 -697.783
-319.557 -701.854
-310.713 -705.814
-301.819 -709.663
-292.877 -713.4
-283.89 -717.023
-274.857 -720.534
-265.781 -723.931
-256.663 -727.214
-247.505 -730.382
-238.307 -733.434
-229.072 -736.371
-219.801 -739.191
-210.495 -741.895
-201.155 -744.481
-191.784 -746.95
-182.383 -749.301
-172.953 -751.534
-163.495 -753.648
-154.012 -755.643
-144.504 -757.519
-134.974 -759.275
-125.422 -760.911
-115.851 -762.427
-106.261 -763.822
-96.6543 -765.097
-87.0324 -766.252
-77.3968 -767.285
-67.7489 -768.197
-58.0904 -768.987
-48.4227 -769.657
-38.7473 -770.204
-29.0659 -770.63
-19.3798 -770.935
-9.69066 -771.117
-1.43368e-13 -771.178
9.69066 -771.117
19.3798 -770.935
29.0659 -770.63
38.7473 -770.204
48.4227 -769.657
58.0904 -768.987
67.7489 -768.197
77.3968 -767.285
87.0324 -766.252
96.6543 -765.097
106.261 -763.822
115.851 -762.427
125.422 -760.911
134.974 -759.275
144.504 -757.519
154.012 -755.643
163.495 -753.648
172.953 -751.534
182.383 -749.301
191.784 -746.95
201.155 -744.481
210.495 -741.895
219.801 -739.191
229.072 -736.371
238.307 -733.434
247.505 -730.382
256.663 -727.214
265.781 -723.931
274.857 -720.534
283.89 -717.023
292.877 -713.4
301.819 -709.663
310.713 -705.814
319.557 -701.854
328.352 -697.783
337.094 -693.602
345.783 -689.311
354.418 -684.912
362.997 -680.404
371.518 -675.789
379.981 -671.067
388.383 -666.239
396.725 -661.306
405.003 -656.269
413.218 -651.127
421.367 -645.883
429.45 -640.538
437.466 -635.091
445.412 -629.543
453.287 -623.896
461.091 -618.151
468.823 -612.308
476.48 -606.369
484.062 -600.333
491.568 -594.203
498.996 -587.979
506.345 -581.662
513.614 -575.254
520.802 -568.754
527.908 -562.165
534.93 -555.487
541.868 -548.721
548.721 -541.868
555.487 -534.93
562.165 -527.908
568.754 -520.802
575.254 -513.614
581.662 -506.345
587.979 -498.996
594.203 -491.568
600.333 -484.062
606.369 -476.48
612.308 -468.823
618.151 -461.091
623.896 -453.287
629.543 -445.412
635.091 -437.466
640.538 -429.45
645.883 -421.367
651.127 -413.218
656.269 -405.003
661.306 -396.725
666.239 -388.383
671.067 -379.981
675.789 -371.518
680.404 -362.997
684.912 -354.418
689.311 -345.783
693.602 -337.094
697.783 -328.352
701.854 -319.557
705.814 -310.713
709.663 -301.819
713.4 -292.877
717.023 -283.89
720.534 -274.857
723.931 -265.781
727.214 -256.663
730.382 -247.505
733.434 -238.307
736.371 -229.072
739.191 -219.801
741.895 -210.495
744.481 -201.155
746.95 -191.784
749.301 -182.383
751.534 -172.953
753.648 -163.495
755.643 -154.012
757.519 -144.504
759.275 -134.974
760.911 -125.422
762.427 -115.851
763.822 -106.261
765.097 -96.6543
766.252 -87.0324
767.285 -77.3968
768.197 -67.7489
768.987 -58.0904
769.657 -48.4227
770.204 -38.7473
770.63 -29.0659
770.935 -19.3798
771.117 -9.69066
