770.392 3.32194
770.274 12.8707
770.025 22.2659
769.644 31.2924
769.188 40.8877
768.612 50.4813
767.916 59.9693
767.105 69.4246
766.188 78.6674
765.134 88.3746
764.03 97.1965
762.781 106.514
761.437 115.708
759.987 124.894
758.382 134.312
756.785 143.157
754.938 152.611
753.067 161.7
751.021 171
748.819 180.403
746.747 189.07
744.308 198.451
741.984 207.228
739.364 216.438
736.765 225.327
731.533 241.954
728.51 250.708
725.356 259.58
722.094 268.429
718.739 277.188
715.206 286.172
711.837 294.22
708.083 303.144
704.175 312.138
700.359 320.534
696.402 329
692.348 337.417
688.309 345.553
683.89 354.221
679.69 362.215
675.165 370.587
670.629 378.753
666.056 386.776
661.243 394.967
656.275 403.178
651.425 411.028
646.213 419.175
641.173 426.916
636.001 434.654
630.755 442.315
625.1 450.257
619.714 457.746
614.203 465.217
603.605 478.762
597.595 486.22
591.719 493.252
585.588 500.481
579.75 507.118
573.154 514.596
566.945 521.374
560.343 528.465
554.049 535.013
547.583 541.608
540.954 548.221
533.961 555.036
527.531 561.151
520.191 567.958
513.262 574.232
506.473 580.252
499.502 586.293
492.132 592.496
485.047 598.354
477.279 604.544
470.164 610.158
462.443 616.029
454.958 621.619
447.303 627.18
439.546 632.667
426.774 641.29
419.008 646.343
410.962 651.475
403.113 656.321
395.026 661.203
387.107 665.844
378.596 670.725
370.245 675.366
362.078 679.766
353.817 684.097
345.57 688.301
336.568 692.746
328.455 696.637
319.857 700.632
311.32 704.479
302.578 708.285
293.911 711.942
285.32 715.457
276.452 718.943
267.232 722.406
258.526 725.604
243.566 730.975
234.763 733.78
225.854 736.521
216.576 739.303
207.639 741.815
199.036 744.094
189.411 746.625
180.389 748.824
171.065 751.001
161.178 753.221
152.818 754.886
143.323 756.746
134.111 758.422
125.08 759.954
115.688 761.44
106.291 762.809
97.2586 764.024
87.7321 765.179
78.4538 766.199
69.0927 767.114
59.8915 767.916
50.4651 768.612
41.0222 769.193
31.721 769.669
22.1036 770.011
12.8229 770.269
3.09811 770.364
-6.35097 770.374
-15.7762 770.274
-33.0928 769.796
-42.2678 769.272
-51.5883 768.656
-61.3601 767.953
-70.4656 767.105
-79.7094 766.159
-89.3465 765.097
-98.3481 763.94
-107.589 762.67
-116.367 761.346
-126.547 759.745
-135.557 758.167
-144.385 756.523
-153.792 754.667
-162.821 752.775
-172.209 750.685
-181.215 748.575
-190.295 746.333
-199.439 743.955
-208.383 741.529
-217.88 738.779
-226.81 736.115
-235.961 733.241
-244.508 730.51
-253.627 727.4
-263.022 724.02
-271.365 721.042
-280.432 717.559
-294.929 711.615
-303.787 707.871
-311.965 704.237
-321.101 700.147
-329.67 696.134
-338.189 692.018
-346.402 687.912
-354.79 683.612
-363.182 679.184
-371.569 674.628
-379.652 670.105
-387.994 665.309
-395.811 660.693
-404.278 655.542
-411.885 650.81
-419.906 645.671
-427.609 640.626
-435.268 635.487
-443.337 629.87
-450.889 624.53
-458.655 618.857
-465.967 613.449
-478.905 603.522
-486.219 597.596
-493.451 591.59
-500.594 585.512
-507.681 579.338
-514.664 573.103
-521.568 566.791
-528.406 560.391
-535.165 553.915
-541.868 547.341
-548.486 540.695
-555.014 533.983
-561.451 527.207
-567.809 520.356
-574.087 513.431
-580.285 506.432
-586.402 499.359
-592.437 492.213
-598.396 484.986
-604.272 477.687
-610.053 470.332
-615.768 462.878
-621.391 455.361
-626.934 447.76
-632.399 440.07
-641.984 425.971
-647.346 417.803
-652.17 410.079
-657.334 401.775
-662.137 393.732
-666.747 385.768
-671.46 377.477
-676.048 369.163
-680.46 360.911
-684.588 352.927
-688.733 344.726
-692.945 336.172
-697.045 327.578
-701.033 318.951
-704.9 310.308
-708.549 301.895
-712.122 293.405
-715.815 284.259
-719.073 276.022
-722.514 266.869
-725.618 258.471
-728.756 249.549
-731.892 240.119
-734.752 231.376
-737.48 222.827
-740.205 213.659
-742.827 204.369
-745.32 195.169
-749.627 178.211
-751.705 169.033
-753.639 159.928
-755.425 150.929
-757.355 141.135
-759.055 131.651
-760.496 122.64
-761.832 113.663
-763.243 103.89
-764.425 94.5887
-765.485 85.3495
-766.426 76.1842
-767.338 66.4326
-768.048 57.3594
-768.703 47.7604
-769.213 38.5599
-769.622 29.3293
-769.927 20.104
-770.122 10.5614
-770.218 1.43551
-770.191 -8.02759
-770.033 -17.6637
-769.716 -27.6939
-769.417 -36.4516
-768.995 -45.5222
-768.381 -55.0799
-767.59 -64.921
-766.884 -73.8089
-765.981 -83.1141
-764.982 -92.3659
-763.844 -101.711
-761.145 -119.288
-759.584 -128.93
-757.923 -138.015
-756.149 -147.244
-754.239 -156.728
-752.284 -165.544
-750.184 -174.709
-747.945 -184.028
-745.555 -193.515
-743.186 -202.261
-740.745 -210.922
-737.933 -220.61
-735.247 -229.342
-732.304 -238.574
-729.479 -247.054
-726.328 -256.17
-723.208 -264.87
-719.854 -273.86
-716.785 -281.933
-712.992 -291.321
-709.415 -299.974
-705.695 -308.661
-702.074 -316.946
-697.862 -326.04
-694.211 -333.972
-689.674 -343.111
-685.966 -350.785
-681.302 -359.655
-676.941 -367.903
-668.883 -382.153
-664.131 -390.296
-659.297 -398.35
-654.371 -406.341
-649.355 -414.265
-644.333 -421.979
-639.203 -429.676
-633.766 -437.653
-628.556 -445.079
-622.979 -452.85
-617.434 -460.381
-611.745 -467.918
-606.072 -475.258
-600.135 -482.74
-594.293 -489.942
-588.16 -497.296
-581.93 -504.581
-575.861 -511.542
-569.709 -518.441
-563.128 -525.578
-556.805 -532.335
-546.895 -542.368
-539.911 -549.338
-533.495 -555.511
-526.344 -562.302
-519.782 -568.338
-512.169 -575.232
-505.263 -581.287
-498.24 -587.309
-491.012 -593.365
-483.693 -599.349
-475.917 -605.539
-468.842 -611.049
-461.532 -616.614
-453.97 -622.221
-446.502 -627.64
-438.576 -633.203
-425.908 -642.042
-417.969 -647.2
-410.005 -652.232
-401.876 -657.252
-393.95 -661.971
-385.722 -666.781
-377.599 -671.376
-369.364 -675.916
-361.165 -680.301
-352.763 -684.682
-344.34 -688.944
-336.035 -693.015
-327.874 -696.903
-319.115 -700.957
-310.598 -704.774
-302.029 -708.496
-293.409 -712.12
-284.596 -715.695
-276.053 -719.064
-267.159 -722.427
-258.524 -725.604
-249.535 -728.759
-240.675 -731.769
-231.75 -734.68
-222.779 -737.487
-213.943 -740.166
-204.878 -742.767
-188.491 -746.967
-179.588 -749.094
-169.964 -751.359
-161.013 -753.272
-152.061 -755.084
-142.593 -756.927
-133.374 -758.585
-123.827 -760.202
-115.251 -761.511
-105.377 -762.947
-95.788 -764.21
-86.7318 -765.28
-77.1308 -766.307
-68.0075 -767.172
-58.8078 -767.943
-49.5513 -768.611
-40.1393 -769.173
-30.8911 -769.628
-21.1215 -769.951
-11.6794 -770.17
-2.29883 -770.28
7.25047 -770.262
16.5235 -770.162
26.0342 -769.918
42.0726 -769.255
51.6859 -768.663
60.6781 -767.926
70.5191 -767.106
79.9498 -766.159
89.2832 -765.098
98.4236 -763.936
107.891 -762.647
116.532 -761.325
126.254 -759.78
135.905 -758.118
144.123 -756.574
153.731 -754.68
163.1 -752.711
172.279 -750.667
181.353 -748.536
190.562 -746.252
199.774 -743.846
208.697 -741.417
217.909 -738.768
226.762 -736.134
235.746 -733.332
244.809 -730.372
253.487 -727.469
262.64 -724.21
271.447 -720.997
286.533 -715.109
295.618 -711.419
304.348 -707.702
312.837 -703.94
321.223 -700.103
329.564 -696.175
338.406 -691.931
346.503 -687.867
354.97 -683.528
363.263 -679.143
371.451 -674.689
379.385 -670.255
387.818 -665.411
395.441 -660.928
403.741 -655.89
411.835 -650.844
419.686 -645.831
427.351 -640.825
435.438 -635.35
443.091 -630.074
450.811 -624.599
458.331 -619.153
465.768 -613.642
473.369 -607.816
485.751 -597.888
492.69 -592.099
499.905 -585.995
507.188 -579.697
514.391 -573.31
521.43 -566.9
528.048 -560.694
535.163 -553.917
541.962 -547.256
548.349 -540.828
554.838 -534.163
561.285 -527.385
567.431 -520.789
574.381 -513.091
580.286 -506.431
586.405 -499.355
592.646 -491.93
598.587 -484.713
604.291 -477.658
610.122 -470.221
615.871 -462.703
621.542 -455.092
630.702 -442.373
635.862 -434.816
641.146 -426.949
646.55 -418.747
651.413 -411.044
656.347 -403.076
661.313 -394.865
666.033 -386.811
670.703 -378.633
675.303 -370.351
679.613 -362.357
683.875 -354.249
688.205 -345.768
692.477 -337.132
696.557 -328.637
700.395 -320.442
704.316 -311.748
708.017 -303.34
711.798 -294.34
715.362 -285.632
719.017 -276.205
722.128 -268.285
725.458 -259.124
730.854 -243.802
733.798 -234.725
736.571 -225.743
739.173 -216.881
741.758 -207.783
744.243 -198.623
746.608 -189.461
748.832 -180.363
750.903 -171.398
752.95 -162.126
754.848 -152.975
756.642 -143.795
758.327 -134.596
759.904 -125.387
761.372 -116.166
762.752 -106.751
763.99 -97.6333
765.143 -88.2269
766.168 -79.2103
767.101 -69.7651
767.919 -60.3133
768.631 -51.0886
769.223 -41.6216
769.705 -32.1914
770.095 -22.9623
770.358 -13.5442
