769.399 3.44672
769.28 12.978
769.029 22.3492
768.645 31.335
768.188 40.9218
767.612 50.5002
766.916 59.9692
766.105 69.4049
765.189 78.6198
764.136 88.3179
763.035 97.0965
761.788 106.391
760.448 115.558
759.003 124.717
757.401 134.118
755.813 142.924
753.969 152.364
752.105 161.427
750.064 170.708
747.866 180.099
745.808 188.726
743.373 198.095
741.062 206.839
738.449 216.034
735.859 224.903
730.546 241.791
727.527 250.524
724.378 259.373
721.12 268.2
717.771 276.936
714.242 285.906
710.888 293.907
707.138 302.819
703.232 311.806
699.426 320.174
695.479 328.616
691.435 337.01
687.411 345.114
682.996 353.772
678.814 361.733
674.299 370.088
669.776 378.232
665.218 386.23
660.416 394.405
655.457 402.603
650.624 410.429
645.421 418.566
640.399 426.283
635.245 433.999
630.019 441.639
624.37 449.573
619.006 457.04
613.514 464.491
602.742 478.257
596.741 485.7
590.883 492.705
584.763 499.917
578.951 506.516
572.355 513.994
566.166 520.747
559.571 527.828
553.301 534.349
546.855 540.922
540.244 547.517
533.257 554.326
526.859 560.411
519.517 567.219
512.608 573.476
505.846 579.473
498.899 585.495
491.541 591.69
484.481 597.53
476.715 603.718
469.631 609.312
461.92 615.176
454.46 620.752
446.823 626.303
439.083 631.781
426.134 640.522
418.39 645.557
410.358 650.678
402.535 655.505
394.467 660.374
386.575 664.997
378.07 669.875
369.733 674.507
361.591 678.893
353.353 683.211
345.132 687.402
336.128 691.848
328.05 695.722
319.47 699.71
310.956 703.548
302.232 707.347
293.586 710.996
285.021 714.503
276.172 717.983
266.956 721.445
258.278 724.635
243.11 730.085
234.327 732.88
225.442 735.61
216.176 738.387
207.266 740.887
198.705 743.15
189.082 745.681
180.086 747.871
170.777 750.043
160.885 752.264
152.581 753.915
143.098 755.772
133.909 757.443
124.91 758.969
115.538 760.451
106.16 761.818
97.1616 763.028
87.6509 764.182
78.3983 765.201
69.0603 766.115
59.8887 766.916
50.4838 767.612
41.0618 768.194
31.7873 768.671
22.1843 769.015
12.9318 769.275
3.2173 769.371
-6.21002 769.384
-15.6119 769.287
-33.2136 768.804
-42.3558 768.275
-51.6497 767.658
-61.4142 766.955
-70.4864 766.105
-79.702 765.159
-89.3277 764.097
-98.2932 762.942
-107.508 761.674
-116.242 760.354
-126.434 758.751
-135.411 757.178
-144.2 755.541
-153.592 753.688
-162.592 751.802
-171.966 749.715
-180.943 747.612
-189.999 745.378
-199.122 743.007
-208.039 740.59
-217.532 737.841
-226.438 735.187
-235.573 732.319
-244.083 729.605
-253.19 726.501
-262.583 723.122
-270.886 720.164
-279.943 716.687
-294.652 710.654
-303.488 706.917
-311.633 703.294
-320.761 699.206
-329.312 695.2
-337.811 691.092
-345.994 686.999
-354.362 682.708
-362.736 678.289
-371.107 673.74
-379.165 669.231
-387.494 664.443
-395.28 659.845
-403.746 654.696
-411.318 649.986
-419.324 644.858
-427.002 639.831
-434.637 634.711
-442.699 629.1
-450.229 623.779
-457.984 618.115
-465.27 612.731
-478.407 602.655
-485.701 596.741
-492.913 590.747
-500.036 584.682
-507.103 578.522
-514.066 572.301
-520.95 566.004
-527.769 559.62
-534.509 553.16
-541.199 546.598
-547.798 539.969
-554.308 533.275
-560.728 526.517
-567.068 519.685
-573.329 512.778
-579.511 505.799
-585.612 498.745
-591.633 491.619
-597.577 484.413
-603.439 477.134
-609.207 469.8
-614.908 462.366
-620.52 454.87
-626.052 447.29
-631.506 439.62
-641.243 425.3
-646.598 417.139
-651.4 409.442
-656.558 401.145
-661.346 393.12
-665.937 385.182
-670.64 376.906
-675.216 368.608
-679.615 360.376
-683.722 352.426
-687.852 344.253
-692.055 335.715
-696.148 327.137
-700.129 318.522
-703.988 309.898
-707.624 301.516
-711.185 293.054
-714.876 283.913
-718.121 275.717
-721.558 266.573
-724.651 258.214
-727.784 249.313
-730.92 239.885
-733.773 231.173
-736.493 222.663
-739.215 213.512
-741.836 204.236
-744.326 195.055
-748.704 177.828
-750.776 168.664
-752.697 159.592
-754.476 150.616
-756.405 140.823
-758.101 131.352
-759.532 122.374
-760.858 113.433
-762.268 103.665
-763.446 94.3875
-764.5 85.1751
-765.437 76.0404
-766.348 66.2963
-767.053 57.2576
-767.707 47.6734
-768.215 38.5032
-768.622 29.3026
-768.927 20.1071
-769.122 10.5819
-769.22 1.49011
-769.194 -7.95185
-769.037 -17.5728
-768.72 -27.6103
-768.426 -36.3191
-768.009 -45.3533
-767.398 -54.8949
-766.608 -64.7312
-765.911 -73.5777
-765.014 -82.8581
-764.023 -92.0835
-762.891 -101.407
-760.145 -119.27
-758.584 -128.903
-756.925 -137.958
-755.152 -147.164
-753.244 -156.634
-751.293 -165.413
-749.196 -174.555
-746.959 -183.859
-744.571 -193.337
-742.209 -202.048
-739.777 -210.671
-736.964 -220.362
-734.287 -229.062
-731.347 -238.282
-728.536 -246.723
-725.39 -255.824
-722.278 -264.503
-718.93 -273.478
-715.879 -281.51
-712.085 -290.901
-708.518 -299.531
-704.809 -308.199
-701.205 -316.451
-696.993 -325.545
-693.367 -333.435
-688.826 -342.581
-685.15 -350.207
-680.486 -359.078
-676.14 -367.304
-667.964 -381.758
-663.222 -389.88
-658.398 -397.913
-653.482 -405.883
-648.478 -413.786
-643.471 -421.472
-638.356 -429.144
-632.927 -437.11
-627.736 -444.506
-622.169 -452.263
-616.639 -459.774
-610.963 -467.295
-605.308 -474.613
-599.378 -482.086
-593.557 -489.266
-587.431 -496.612
-581.212 -503.885
-575.164 -510.825
-569.034 -517.704
-562.461 -524.833
-556.16 -531.571
-546.14 -541.711
-539.16 -548.678
-532.772 -554.819
-525.625 -561.607
-519.093 -567.613
-511.473 -574.514
-504.59 -580.547
-497.589 -586.55
-490.378 -592.592
-483.075 -598.563
-475.301 -604.752
-468.258 -610.237
-460.974 -615.784
-453.431 -621.378
-445.989 -626.782
-438.074 -632.339
-425.238 -641.299
-417.315 -646.444
-409.369 -651.46
-401.255 -656.469
-393.353 -661.169
-385.14 -665.967
-377.038 -670.548
-368.823 -675.074
-360.649 -679.445
-352.258 -683.819
-343.854 -688.07
-335.575 -692.128
-327.447 -695.999
-318.701 -700.047
-310.207 -703.854
-301.662 -707.566
-293.065 -711.181
-284.271 -714.75
-275.757 -718.108
-266.882 -721.467
-258.277 -724.635
-249.306 -727.786
-240.47 -730.79
-231.569 -733.696
-222.621 -736.5
-213.815 -739.174
-204.764 -741.774
-188.13 -746.034
-179.259 -748.149
-169.639 -750.414
-160.72 -752.316
-151.8 -754.118
-142.345 -755.958
-133.15 -757.61
-123.615 -759.225
-115.089 -760.524
-105.217 -761.96
-95.6418 -763.221
-86.6126 -764.287
-77.0247 -765.313
-67.9339 -766.175
-58.7638 -766.944
-49.5355 -767.611
-40.1458 -768.173
-30.926 -768.628
-21.165 -768.952
-11.7445 -769.172
-2.388 -769.284
7.15124 -769.267
16.3946 -769.17
25.886 -768.929
42.1463 -768.258
51.745 -767.664
60.6992 -766.926
70.5352 -766.107
79.9456 -765.159
89.2554 -764.099
98.3647 -762.938
107.814 -761.65
116.414 -760.332
126.131 -758.788
135.773 -757.127
143.928 -755.593
153.528 -753.701
162.881 -751.736
172.038 -749.697
181.086 -747.572
190.276 -745.294
199.47 -742.893
208.365 -740.473
217.562 -737.83
226.394 -735.204
235.356 -732.411
244.401 -729.459
253.049 -726.57
262.19 -723.317
270.976 -720.115
286.281 -714.141
295.359 -710.453
304.07 -706.741
312.532 -702.988
320.889 -699.161
329.202 -695.243
338.037 -691.001
346.1 -686.952
354.55 -682.62
362.822 -678.246
370.986 -673.804
378.889 -669.387
387.313 -664.548
394.898 -660.089
403.188 -655.057
411.267 -650.021
419.096 -645.023
426.735 -640.037
434.815 -634.568
442.447 -629.309
450.157 -623.842
457.654 -618.417
465.07 -612.926
472.659 -607.112
485.206 -597.05
492.12 -591.277
499.318 -585.185
506.589 -578.897
513.781 -572.518
520.804 -566.12
527.395 -559.936
534.505 -553.164
541.29 -546.515
547.651 -540.113
554.12 -533.466
560.55 -526.707
566.671 -520.139
573.63 -512.43
579.507 -505.803
585.611 -498.747
591.845 -491.331
597.772 -484.134
603.455 -477.109
609.275 -469.69
615.013 -462.19
620.677 -454.59
629.958 -441.705
635.095 -434.174
640.366 -426.324
645.77 -418.121
650.612 -410.446
655.531 -402.498
660.488 -394.299
665.194 -386.267
669.852 -378.108
674.441 -369.844
678.734 -361.88
682.981 -353.801
687.303 -345.337
691.569 -336.715
695.639 -328.238
699.463 -320.079
703.379 -311.401
707.068 -303.023
710.847 -294.031
714.403 -285.345
718.06 -275.915
721.156 -268.051
724.483 -258.899
729.96 -243.354
732.897 -234.293
735.66 -225.332
738.25 -216.498
740.825 -207.421
743.303 -198.283
745.663 -189.133
747.879 -180.059
749.942 -171.123
751.983 -161.871
753.875 -152.744
755.663 -143.589
757.344 -134.415
758.916 -125.23
760.38 -116.035
761.759 -106.639
762.993 -97.5514
764.145 -88.1657
765.168 -79.1847
766.101 -69.7598
766.919 -60.328
767.631 -51.1326
768.225 -41.6853
768.708 -32.2771
769.102 -23.078
769.367 -13.6825
