768.178 1.29652e-15
768.118 9.65296
767.936 19.3044
767.633 28.9528
767.208 38.5966
766.663 48.2343
765.996 57.8644
765.208 67.4854
764.3 77.0957
763.271 86.6938
762.121 96.2783
760.851 105.848
759.461 115.4
757.951 124.934
756.321 134.449
754.572 143.942
752.703 153.413
750.716 162.859
748.61 172.28
746.386 181.673
744.045 191.038
741.585 200.373
739.009 209.676
736.316 218.946
733.506 228.181
730.581 237.38
727.54 246.542
724.385 255.665
721.115 264.747
717.731 273.788
714.234 282.785
710.624 291.738
706.902 300.645
703.068 309.504
699.124 318.314
695.069 327.074
690.904 335.783
686.63 344.438
682.247 353.039
677.757 361.585
673.16 370.073
668.456 378.502
663.647 386.872
658.733 395.181
653.716 403.428
648.594 411.611
643.371 419.728
638.046 427.78
632.62 435.764
627.094 443.679
621.469 451.524
615.746 459.298
609.926 466.999
604.01 474.626
597.998 482.179
591.892 489.655
585.692 497.054
579.4 504.375
573.016 511.616
566.542 518.776
559.978 525.854
553.326 532.849
546.586 539.76
539.76 546.586
532.849 553.326
525.854 559.978
518.776 566.542
511.616 573.016
504.375 579.4
497.054 585.692
489.655 591.892
482.179 597.998
474.626 604.01
466.999 609.926
459.298 615.746
451.524 621.469
443.679 627.094
435.764 632.62
427.78 638.046
419.728 643.371
411.611 648.594
403.428 653.716
395.181 658.733
386.872 663.647
378.502 668.456
370.073 673.16
361.585 677.757
353.039 682.247
344.438 686.63
335.783 690.904
327.074 695.069
318.314 699.124
309.504 703.068
300.645 706.902
291.738 710.624
282.785 714.234
273.788 717.731
264.747 721.115
255.665 724.385
246.542 727.54
237.38 730.581
228.181 733.506
218.946 736.316
209.676 739.009
200.373 741.585
191.038 744.045
181.673 746.386
172.28 748.61
162.859 750.716
153.413 752.703
143.942 754.572
134.449 756.321
124.934 757.951
115.4 759.461
105.848 760.851
96.2783 762.121
86.6938 763.271
77.0957 764.3
67.4854 765.208
57.8644 765.996
48.2343 766.663
38.5966 767.208
28.9528 767.633
19.3044 767.936
9.65296 768.118
4.68509e-14 768.178
-9.65296 768.118
-19.3044 767.936
-28.9528 767.633
-38.5966 767.208
-48.2343 766.663
-57.8644 765.996
-67.4854 765.208
-77.0957 764.3
-86.6938 763.271
-96.2783 762.121
-105.848 760.851
-115.4 759.461
-124.934 757.951
-134.449 756.321
-143.942 754.572
-153.413 752.703
-162.859 750.716
-172.28 748.61
-181.673 746.386
-191.038 744.045
-200.373 741.585
-209.676 739.009
-218.946 736.316
-228.181 733.506
-237.38 730.581
-246.542 727.54
-255.665 724.385
-264.747 721.115
-273.788 717.731
-282.785 714.234
-291.738 710.624
-300.645 706.902
-309.504 703.068
-318.314 699.124
-327.074 695.069
-335.783 690.904
-344.438 686.63
-353.039 682.247
-361.585 677.757
-370.073 673.16
-378.502 668.456
-386.872 663.647
-395.181 658.733
-403.428 653.716
-411.611 648.594
-419.728 643.371
-427.78 638.046
-435.764 632.62
-443.679 627.094
-451.524 621.469
-459.298 615.746
-466.999 609.926
-474.626 604.01
-482.179 597.998
-489.655 591.892
-497.054 585.692
-504.375 579.4
-511.616 573.016
-518.776 566.542
-525.854 559.978
-532.849 553.326
-539.76 546.586
-546.586 539.76
-553.326 532.849
-559.978 525.854
-566.542 518.776
-573.016 511.616
-579.4 504.375
-585.692 497.054
-591.892 489.655
-597.998 482.179
-604.01 474.626
-609.926 466.999
-615.746 459.298
-621.469 451.524
-627.094 443.679
-632.62 435.764
-638.046 427.78
-643.371 419.728
-648.594 411.611
-653.716 403.428
-658.733 395.181
-663.647 386.872
-668.456 378.502
-673.16 370.073
-677.757 361.585
-682.247 353.039
-686.63 344.438
-690.904 335.783
-695.069 327.074
-699.124 318.314
-703.068 309.504
-706.902 300.645
-710.624 291.738
-714.234 282.785
-717.731 273.788
-721.115 264.747
-724.385 255.665
-727.54 246.542
-730.581 237.38
-733.506 228.181
-736.316 218.946
-739.009 209.676
-741.585 200.373
-744.045 191.038
-746.386 181.673
-748.61 172.28
-750.716 162.859
-752.703 153.413
-754.572 143.942
-756.321 134.449
-757.951 124.934
-759.461 115.4
-760.851 105.848
-762.121 96.2783
-763.271 86.6938
-764.3 77.0957
-765.208 67.4854
-765.996 57.8644
-766.663 48.2343
-767.208 38.5966
-767.633 28.9528
-767.936 19.3044
-768.118 9.65296
-768.178 9.38976e-14
-768.118 -9.65296
-767.936 -19.3044
-767.633 -28.9528
-767.208 -38.5966
-766.663 -48.2343
-765.996 -57.8644
-765.208 -67.4854
-764.3 -77.0957
-763.271 -86.6938
-762.121 -96.2783
-760.851 -105.848
-759.461 -115.4
-757.951 -124.934
-756.321 -134.449
-754.572 -143.942
-752.703 -153.413
-750.716 -162.859
-748.61 -172.28
-746.386 -181.673
-744.045 -191.038
-741.585 -200.373
-739.009 -209.676
-736.316 -218.946
-733.506 -228.181
-730.581 -237.38
-727.54 -246.542
-724.385 -255.665
-721.115 -264.747
-717.731 -273.788
-714.234 -282.785
-710.624 -291.738
-706.902 -300.645
-703.068 -309.504
-699.124 -318.314
-695.069 -327.074
-690.904 -335.783
-686.63 -344.438
-682.247 -353.039
-677.757 -361.585
-673.16 -370.073
-668.456 -378.502
-663.647 -386.872
-658.733 -395.181
-653.716 -403.428
-648.594 -411.611
-643.371 -419.728
-638.046 -427.78
-632.62 -435.764
-627.094 -443.679
-621.469 -451.524
-615.746 -459.298
-609.926 -466.999
-604.01 -474.626
-597.998 -482.179
-591.892 -489.655
-585.692 -497.054
-579.4 -504.375
-573.016 -511.616
-566.542 -518.776
-559.978 -525.854
-553.326 -532.849
-546.586 -539.76
-539.76 -546.586
-532.849 -553.326
-525.854 -559.978
-518.776 -566.542
-511.616 -573.016
-504.375 -579.4
-497.054 -585.692
-489.655 -591.892
-482.179 -597.998
-474.626 -604.01
-466.999 -609.926
-459.298 -615.746
-451.524 -621.469
-443.679 -627.094
-435.764 -632.62
-427.78 -638.046
-419.728 -643.371
-411.611 -648.594
-403.428 -653.716
-395.181 -658.733
-386.872 -663.647
-378.502 -668.456
-370.073 -673.16
-361.585 -677.757
-353.039 -682.247
-344.438 -686.63
-335.783 -690.904
-327.074 -695.069
-318.314 -699.124
-309.504 -703.068
-300.645 -706.902
-291.738 -710.624
-282.785 -714.234
-273.788 -717.731
-264.747 -721.115
-255.665 -724.385
-246.542 -727.54
-237.38 -730.581
-228.181 -733.506
-218.946 -736.316
-209.676 -739.009
-200.373 -741.585
-191.038 -744.045
-181.673 -746.386
-172.28 -748.61
-162.859 -750.716
-153.413 -752.703
-143.942 -754.572
-134.449 -756.321
-124.934 -757.951
-115.4 -759.461
-105.848 -760.851
-96.2783 -762.121
-86.6938 -763.271
-77.0957 -764.3
-67.4854 -765.208
-57.8644 -765.996
-48.2343 -766.663
-38.5966 -767.208
-28.9528 -767.633
-19.3044 -767.936
-9.65296 -768.118
-1.42846e-13 -768.178
9.65296 -768.118
19.3044 -767.936
28.9528 -767.633
38.5966 -767.208
48.2343 -766.663
57.8644 -765.996
67.4854 -765.208
77.0957 -764.3
86.6938 -763.271
96.2783 -762.121
105.848 -760.851
115.4 -759.461
124.934 -757.951
134.449 -756.321
143.942 -754.572
153.413 -752.703
162.859 -750.716
172.28 -748.61
181.673 -746.386
191.038 -744.045
200.373 -741.585
209.676 -739.009
218.946 -736.316
228.181 -733.506
237.38 -730.581
246.542 -727.54
255.665 -724.385
264.747 -721.115
273.788 -717.731
282.785 -714.234
291.738 -710.624
300.645 -706.902
309.504 -703.068
318.314 -699.124
327.074 -695.069
335.783 -690.904
344.438 -686.63
353.039 -682.247
361.585 -677.757
370.073 -673.16
378.502 -668.456
386.872 -663.647
395.181 -658.733
403.428 -653.716
411.611 -648.594
419.728 -643.371
427.78 -638.046
435.764 -632.62
443.679 -627.094
451.524 -621.469
459.298 -615.746
466.999 -609.926
474.626 -604.01
482.179 -597.998
489.655 -591.892
497.054 -585.692
504.375 -579.4
511.616 -573.016
518.776 -566.542
525.854 -559.978
532.849 -553.326
539.76 -546.586
546.586 -539.76
553.326 -532.849
559.978 -525.854
566.542 -518.776
573.016 -511.616
579.4 -504.375
585.692 -497.054
591.892 -489.655
597.998 -482.179
604.01 -474.626
609.926 -466.999
615.746 -459.298
621.469 -451.524
627.094 -443.679
632.62 -435.764
638.046 -427.78
643.371 -419.728
648.594 -411.611
653.716 -403.428
658.733 -395.181
663.647 -386.872
668.456 -378.502
673.16 -370.073
677.757 -361.585
682.247 -353.039
686.63 -344.438
690.904 -335.783
695.069 -327.074
699.124 -318.314
703.068 -309.504
706.902 -300.645
710.624 -291.738
714.234 -282.785
717.731 -273.788
721.115 -264.747
724.385 -255.665
727.54 -246.542
730.581 -237.38
733.506 -228.181
736.316 -218.946
739.009 -209.676
741.585 -200.373
744.045 -191.038
746.386 -181.673
748.61 -172.28
750.716 -162.859
752.703 -153.413
754.572 -143.942
756.321 -134.449
757.951 -124.934
759.461 -115.4
760.851 -105.848
762.121 -96.2783
763.271 -86.6938
764.3 -77.0957
765.208 -67.4854
765.996 -57.8644
766.663 -48.2343
767.208 -38.5966
767.633 -28.9528
767.936 -19.3044
768.118 -9.65296
