767.178 1.36196e-15
767.118 9.64039
766.936 19.2793
766.633 28.9151
766.209 38.5464
765.664 48.1715
764.999 57.7891
764.212 67.3975
763.305 76.9953
762.277 86.581
761.129 96.1529
759.861 105.71
758.472 115.25
756.964 124.772
755.336 134.274
753.59 143.755
751.724 153.213
749.739 162.647
747.636 172.056
745.415 181.437
743.076 190.789
740.62 200.112
738.047 209.403
735.357 218.661
732.551 227.884
729.63 237.071
726.593 246.221
723.442 255.332
720.176 264.403
716.797 273.431
713.304 282.417
709.699 291.358
705.982 300.253
702.153 309.101
698.214 317.9
694.164 326.649
690.004 335.346
685.736 343.99
681.359 352.58
676.875 361.114
672.284 369.591
667.586 378.01
662.783 386.369
657.876 394.667
652.865 402.903
647.75 411.075
642.533 419.182
637.215 427.223
631.796 435.196
626.278 443.101
620.66 450.936
614.945 458.7
609.132 466.391
603.223 474.009
597.219 481.551
591.121 489.018
584.929 496.407
578.645 503.718
572.27 510.95
565.804 518.101
559.249 525.17
552.605 532.156
545.875 539.058
539.058 545.875
532.156 552.605
525.17 559.249
518.101 565.804
510.95 572.27
503.718 578.645
496.407 584.929
489.018 591.121
481.551 597.219
474.009 603.223
466.391 609.132
458.7 614.945
450.936 620.66
443.101 626.278
435.196 631.796
427.223 637.215
419.182 642.533
411.075 647.75
402.903 652.865
394.667 657.876
386.369 662.783
378.01 667.586
369.591 672.284
361.114 676.875
352.58 681.359
343.99 685.736
335.346 690.004
326.649 694.164
317.9 698.214
309.101 702.153
300.253 705.982
291.358 709.699
282.417 713.304
273.431 716.797
264.403 720.176
255.332 723.442
246.221 726.593
237.071 729.63
227.884 732.551
218.661 735.357
209.403 738.047
200.112 740.62
190.789 743.076
181.437 745.415
172.056 747.636
162.647 749.739
153.213 751.724
143.755 753.59
134.274 755.336
124.772 756.964
115.25 758.472
105.71 759.861
96.1529 761.129
86.581 762.277
76.9953 763.305
67.3975 764.212
57.7891 764.999
48.1715 765.664
38.5464 766.209
28.9151 766.633
19.2793 766.936
9.64039 767.118
4.68464e-14 767.178
-9.64039 767.118
-19.2793 766.936
-28.9151 766.633
-38.5464 766.209
-48.1715 765.664
-57.7891 764.999
-67.3975 764.212
-76.9953 763.305
-86.581 762.277
-96.1529 761.129
-105.71 759.861
-115.25 758.472
-124.772 756.964
-134.274 755.336
-143.755 753.59
-153.213 751.724
-162.647 749.739
-172.056 747.636
-181.437 745.415
-190.789 743.076
-200.112 740.62
-209.403 738.047
-218.661 735.357
-227.884 732.551
-237.071 729.63
-246.221 726.593
-255.332 723.442
-264.403 720.176
-273.431 716.797
-282.417 713.304
-291.358 709.699
-300.253 705.982
-309.101 702.153
-317.9 698.214
-326.649 694.164
-335.346 690.004
-343.99 685.736
-352.58 681.359
-361.114 676.875
-369.591 672.284
-378.01 667.586
-386.369 662.783
-394.667 657.876
-402.903 652.865
-411.075 647.75
-419.182 642.533
-427.223 637.215
-435.196 631.796
-443.101 626.278
-450.936 620.66
-458.7 614.945
-466.391 609.132
-474.009 603.223
-481.551 597.219
-489.018 591.121
-496.407 584.929
-503.718 578.645
-510.95 572.27
-518.101 565.804
-525.17 559.249
-532.156 552.605
-539.058 545.875
-545.875 539.058
-552.605 532.156
-559.249 525.17
-565.804 518.101
-572.27 510.95
-578.645 503.718
-584.929 496.407
-591.121 489.018
-597.219 481.551
-603.223 474.009
-609.132 466.391
-614.945 458.7
-620.66 450.936
-626.278 443.101
-631.796 435.196
-637.215 427.223
-642.533 419.182
-647.75 411.075
-652.865 402.903
-657.876 394.667
-662.783 386.369
-667.586 378.01
-672.284 369.591
-676.875 361.114
-681.359 352.58
-685.736 343.99
-690.004 335.346
-694.164 326.649
-698.214 317.9
-702.153 309.101
-705.982 300.253
-709.699 291.358
-713.304 282.417
-716.797 273.431
-720.176 264.403
-723.442 255.332
-726.593 246.221
-729.63 237.071
-732.551 227.884
-735.357 218.661
-738.047 209.403
-740.62 200.112
-743.076 190.789
-745.415 181.437
-747.636 172.056
-749.739 162.647
-751.724 153.213
-753.59 143.755
-755.336 134.274
-756.964 124.772
-758.472 115.25
-759.861 105.71
-761.129 96.1529
-762.277 86.581
-763.305 76.9953
-764.212 67.3975
-764.999 57.7891
-765.664 48.1715
-766.209 38.5464
-766.633 28.9151
-766.936 19.2793
-767.118 9.64039
-767.178 9.37241e-14
-767.118 -9.64039
-766.936 -19.2793
-766.633 -28.9151
-766.209 -38.5464
-765.664 -48.1715
-764.999 -57.7891
-764.212 -67.3975
-763.305 -76.9953
-762.277 -86.581
-761.129 -96.1529
-759.861 -105.71
-758.472 -115.25
-756.964 -124.772
-755.336 -134.274
-753.59 -143.755
-751.724 -153.213
-749.739 -162.647
-747.636 -172.056
-745.415 -181.437
-743.076 -190.789
-740.62 -200.112
-738.047 -209.403
-735.357 -218.661
-732.551 -227.884
-729.63 -237.071
-726.593 -246.221
-723.442 -255.332
-720.176 -264.403
-716.797 -273.431
-713.304 -282.417
-709.699 -291.358
-705.982 -300.253
-702.153 -309.101
-698.214 -317.9
-694.164 -326.649
-690.004 -335.346
-685.736 -343.99
-681.359 -352.58
-676.875 -361.114
-672.284 -369.591
-667.586 -378.01
-662.783 -386.369
-657.876 -394.667
-652.865 -402.903
-647.75 -411.075
-642.533 -419.182
-637.215 -427.223
-631.796 -435.196
-626.278 -443.101
-620.66 -450.936
-614.945 -458.7
-609.132 -466.391
-603.223 -474.009
-597.219 -481.551
-591.121 -489.018
-584.929 -496.407
-578.645 -503.718
-572.27 -510.95
-565.804 -518.101
-559.249 -525.17
-552.605 -532.156
-545.875 -539.058
-539.058 -545.875
-532.156 -552.605
-525.17 -559.249
-518.101 -565.804
-510.95 -572.27
-503.718 -578.645
-496.407 -584.929
-489.018 -591.121
-481.551 -597.219
-474.009 -603.223
-466.391 -609.132
-458.7 -614.945
-450.936 -620.66
-443.101 -626.278
-435.196 -631.796
-427.223 -637.215
-419.182 -642.533
-411.075 -647.75
-402.903 -652.865
-394.667 -657.876
-386.369 -662.783
-378.01 -667.586
-369.591 -672.284
-361.114 -676.875
-352.58 -681.359
-343.99 -685.736
-335.346 -690.004
-326.649 -694.164
-317.9 -698.214
-309.101 -702.153
-300.253 -705.982
-291.358 -709.699
-282.417 -713.304
-273.431 -716.797
-264.403 -720.176
-255.332 -723.442
-246.221 -726.593
-237.071 -729.63
-227.884 -732.551
-218.661 -735.357
-209.403 -738.047
-200.112 -740.62
-190.789 -743.076
-181.437 -745.415
-172.056 -747.636
-162.647 -749.739
-153.213 -751.724
-143.755 -753.59
-134.274 -755.336
-124.772 -756.964
-115.25 -758.472
-105.71 -759.861
-96.1529 -761.129
-86.581 -762.277
-76.9953 -763.305
-67.3975 -764.212
-57.7891 -764.999
-48.1715 -765.664
-38.5464 -766.209
-28.9151 -766.633
-19.2793 -766.936
-9.64039 -767.118
-1.42829e-13 -767.178
9.64039 -767.118
19.2793 -766.936
28.9151 -766.633
38.5464 -766.209
48.1715 -765.664
57.7891 -764.999
67.3975 -764.212
76.9953 -763.305
86.581 -762.277
96.1529 -761.129
105.71 -759.861
115.25 -758.472
124.772 -756.964
134.274 -755.336
143.755 -753.59
153.213 -751.724
162.647 -749.739
172.056 -747.636
181.437 -745.415
190.789 -743.076
200.112 -740.62
209.403 -738.047
218.661 -735.357
227.884 -732.551
237.071 -729.63
246.221 -726.593
255.332 -723.442
264.403 -720.176
273.431 -716.797
282.417 -713.304
291.358 -709.699
300.253 -705.982
309.101 -702.153
317.9 -698.214
326.649 -694.164
335.346 -690.004
343.99 -685.736
352.58 -681.359
361.114 -676.875
369.591 -672.284
378.01 -667.586
386.369 -662.783
394.667 -657.876
402.903 -652.865
411.075 -647.75
419.182 -642.533
427.223 -637.215
435.196 -631.796
443.101 -626.278
450.936 -620.66
458.7 -614.945
466.391 -609.132
474.009 -603.223
481.551 -597.219
489.018 -591.121
496.407 -584.929
503.718 -578.645
510.95 -572.27
518.101 -565.804
525.17 -559.249
532.156 -552.605
539.058 -545.875
545.875 -539.058
552.605 -532.156
559.249 -525.17
565.804 -518.101
572.27 -510.95
578.645 -503.718
584.929 -496.407
591.121 -489.018
597.219 -481.551
603.223 -474.009
609.132 -466.391
614.945 -458.7
620.66 -450.936
626.278 -443.101
631.796 -435.196
637.215 -427.223
642.533 -419.182
647.75 -411.075
652.865 -402.903
657.876 -394.667
662.783 -386.369
667.586 -378.01
672.284 -369.591
676.875 -361.114
681.359 -352.58
685.736 -343.99
690.004 -335.346
694.164 -326.649
698.214 -317.9
702.153 -309.101
705.982 -300.253
709.699 -291.358
713.304 -282.417
716.797 -273.431
720.176 -264.403
723.442 -255.332
726.593 -246.221
729.63 -237.071
732.551 -227.884
735.357 -218.661
738.047 -209.403
740.62 -200.112
743.076 -190.789
745.415 -181.437
747.636 -172.056
749.739 -162.647
751.724 -153.213
753.59 -143.755
755.336 -134.274
756.964 -124.772
758.472 -115.25
759.861 -105.71
761.129 -96.1529
762.277 -86.581
763.305 -76.9953
764.212 -67.3975
764.999 -57.7891
765.664 -48.1715
766.209 -38.5464
766.633 -28.9151
766.936 -19.2793
767.118 -9.64039
