793.205 0.396696
793.135 10.3502
792.939 20.2817
792.616 30.1597
792.174 40.1054
791.608 50.049
790.916 59.9733
790.101 69.8863
789.162 79.7631
788.097 89.6845
786.915 99.4878
785.607 109.336
784.177 119.156
782.625 128.957
780.946 138.767
779.158 148.491
777.232 158.266
775.194 167.975
773.027 177.685
770.734 187.384
768.348 196.969
765.812 206.61
763.182 216.151
760.41 225.714
757.535 235.205
754.247 245.565
751.111 254.974
747.854 264.362
744.479 273.71
740.99 283.01
737.375 292.297
733.678 301.431
729.832 310.627
725.866 319.789
721.808 328.835
717.634 337.844
713.347 346.799
708.963 355.674
704.434 364.561
699.834 373.316
695.096 382.065
690.26 390.736
685.324 399.336
680.263 407.899
675.089 416.408
669.835 424.815
664.443 433.199
658.981 441.473
653.411 449.684
647.742 457.822
641.932 465.931
636.064 473.922
630.092 481.846
623.437 490.411
617.232 498.194
610.956 505.86
604.564 513.478
598.123 520.953
591.507 528.457
584.856 535.803
578.075 543.113
571.25 550.281
564.326 557.378
557.302 564.399
550.158 571.365
543.004 578.169
535.665 584.975
528.3 591.634
520.878 598.182
513.364 604.647
505.728 611.048
498.056 617.322
490.234 623.549
482.422 629.62
474.472 635.632
466.487 641.521
458.41 647.32
450.256 653.021
441.453 658.997
433.174 664.462
424.803 669.844
416.398 675.096
407.907 680.258
399.376 685.298
390.72 690.271
382.027 695.119
373.302 699.842
364.515 704.458
355.678 708.961
346.7 713.394
337.782 717.661
328.757 721.84
319.694 725.901
310.563 729.855
301.396 733.689
292.197 737.405
282.925 741.013
273.568 744.516
264.238 747.883
254.141 751.399
244.727 754.509
235.266 757.507
225.726 760.405
216.2 763.162
206.681 765.786
197.013 768.333
187.385 770.733
177.696 773.024
167.915 775.212
158.294 777.225
148.513 779.153
138.746 780.95
128.98 782.621
119.156 784.177
109.312 785.61
99.4969 786.914
89.6099 788.102
79.7393 789.163
69.8479 790.102
59.9652 790.916
50.048 791.608
40.1221 792.175
30.2069 792.619
20.2499 792.937
10.3309 793.133
0.356512 793.2
-9.58363 793.145
-19.5172 792.967
-30.3687 792.634
-40.2663 792.184
-50.1757 791.613
-60.1358 790.921
-70.0073 790.101
-79.8833 789.159
-89.7975 788.092
-99.6225 786.905
-109.461 785.594
-119.231 784.167
-129.152 782.597
-138.913 780.921
-148.634 779.128
-158.403 777.2
-168.106 775.16
-177.828 772.988
-187.478 770.706
-197.113 768.3
-206.725 765.771
-216.287 763.128
-225.883 760.341
-235.382 757.458
-244.871 754.445
-254.255 751.343
-263.672 748.091
-273.081 744.704
-282.331 741.259
-291.627 737.65
-301.517 733.651
-310.702 729.807
-319.767 725.873
-328.899 721.785
-337.921 717.603
-346.889 713.309
-355.77 708.918
-364.624 704.403
-373.426 699.776
-382.178 695.035
-390.839 690.201
-399.476 685.238
-407.994 680.201
-416.535 675.004
-424.913 669.764
-433.282 664.382
-441.551 658.919
-449.752 653.353
-457.939 647.64
-466.003 641.867
-474.028 635.964
-481.932 630.005
-490.43 623.426
-498.2 617.229
-505.889 610.937
-513.498 604.551
-521.025 598.07
-528.471 591.497
-535.833 584.832
-543.111 578.076
-550.303 571.23
-557.41 564.296
-564.429 557.273
-571.36 550.163
-578.202 542.968
-584.954 535.688
-591.614 528.324
-598.182 520.878
-604.657 513.35
-611.038 505.741
-617.324 498.054
-623.513 490.287
-629.606 482.444
-635.601 474.525
-641.497 466.53
-647.293 458.461
-652.99 450.317
-659.076 441.361
-664.578 433.036
-669.923 424.702
-675.215 416.241
-680.371 407.751
-685.407 399.215
-690.36 390.584
-695.202 381.895
-699.926 373.159
-704.518 364.406
-709.014 355.574
-713.419 346.651
-717.711 337.675
-721.887 328.65
-725.949 319.579
-729.884 310.487
-733.709 301.341
-737.445 292.076
-741.028 282.877
-744.527 273.532
-747.883 264.237
-751.138 254.843
-754.289 245.353
-757.301 235.911
-760.191 226.458
-762.975 216.901
-765.64 207.299
-768.182 197.681
-770.83 187.125
-773.109 177.453
-775.262 167.765
-777.29 158.066
-779.226 148.251
-781.026 138.452
-782.686 128.692
-784.223 118.918
-785.661 109.031
-786.962 99.1838
-788.138 89.3302
-789.19 79.4745
-790.128 69.5359
-790.932 59.6682
-791.619 49.731
-792.178 39.8332
-792.614 29.9281
-792.927 20.0175
-793.116 10.0664
-793.183 0.164276
-793.124 -9.77727
-792.939 -19.7357
-792.625 -29.7343
-792.202 -39.5819
-791.655 -49.4614
-790.973 -59.3947
-790.159 -69.3525
-789.245 -79.1885
-788.198 -89.0626
-787.029 -98.9179
-785.733 -108.771
-784.143 -119.575
-782.579 -129.43
-780.892 -139.202
-779.084 -148.971
-777.15 -158.749
-775.102 -168.426
-772.929 -178.121
-770.632 -187.81
-768.209 -197.492
-765.68 -207.059
-763.036 -216.586
-760.242 -226.205
-757.356 -235.68
-754.334 -245.18
-751.221 -254.556
-747.965 -263.969
-744.609 -273.296
-741.119 -282.623
-737.561 -291.799
-733.815 -301.089
-729.99 -310.252
-726.046 -319.378
-722.012 -328.411
-717.808 -337.493
-713.569 -346.392
-709.125 -355.384
-704.681 -364.154
-700.025 -373.014
-695.307 -381.748
-690.057 -391.134
-685.099 -399.747
-680.036 -408.296
-674.866 -416.779
-669.592 -425.195
-664.223 -433.528
-658.749 -441.798
-653.147 -450.038
-647.479 -458.151
-641.679 -466.241
-635.792 -474.237
-629.799 -482.168
-623.72 -490.008
-617.525 -497.792
-611.258 -505.473
-604.869 -513.101
-598.381 -520.654
-591.828 -528.096
-585.183 -535.457
-578.405 -542.771
-571.577 -549.964
-564.246 -557.465
-557.181 -564.529
-550.106 -571.419
-542.866 -578.303
-535.62 -585.016
-528.175 -591.749
-520.74 -598.3
-513.218 -604.764
-505.6 -611.147
-497.901 -617.436
-490.077 -623.664
-482.269 -629.723
-474.365 -635.701
-466.364 -641.595
-458.31 -647.377
-450.138 -653.086
-441.346 -659.09
-433.048 -664.568
-424.689 -669.935
-416.25 -675.208
-407.775 -680.352
-399.208 -685.412
-390.596 -690.351
-381.919 -695.186
-373.195 -699.904
-364.393 -704.525
-355.535 -709.035
-346.641 -713.424
-337.717 -717.69
-328.674 -721.876
-319.612 -725.934
-310.501 -729.878
-301.341 -733.709
-292.116 -737.431
-282.881 -741.026
-273.565 -744.517
-264.242 -747.882
-254.841 -751.139
-245.418 -754.274
-235.955 -757.292
-226.451 -760.192
-216.933 -762.97
-207.358 -765.633
-196.899 -768.375
-187.286 -770.767
-177.562 -773.068
-167.892 -775.219
-158.199 -777.25
-148.422 -779.176
-138.655 -780.97
-128.828 -782.651
-119.1 -784.186
-109.202 -785.627
-99.3249 -786.936
-89.4963 -788.113
-79.5872 -789.175
-69.7243 -790.108
-59.8418 -790.919
-49.9453 -791.608
-40.0228 -792.173
-30.1128 -792.614
-20.1382 -792.93
-10.1996 -793.122
-0.266791 -793.19
9.68366 -793.133
19.5982 -792.955
29.5413 -792.649
40.2472 -792.183
50.1933 -791.614
60.0602 -790.918
70.018 -790.101
79.9176 -789.158
89.7946 -788.092
99.6349 -786.904
109.499 -785.591
119.251 -784.164
129.117 -782.601
138.955 -780.915
148.603 -779.134
158.395 -777.202
168.139 -775.152
177.836 -772.986
187.495 -770.701
197.143 -768.29
206.764 -765.758
216.323 -763.116
225.887 -760.34
235.373 -757.461
244.84 -754.458
254.283 -751.33
263.647 -748.103
273.028 -744.73
282.333 -741.258
292.336 -737.365
301.593 -733.629
310.769 -729.787
319.871 -725.838
328.915 -721.779
337.909 -717.608
346.915 -713.299
355.785 -708.911
364.648 -704.392
373.441 -699.769
382.167 -695.04
390.809 -690.217
399.458 -685.248
407.954 -680.227
416.474 -675.044
424.911 -669.766
433.259 -664.398
441.524 -658.939
449.78 -653.331
457.919 -647.656
466.001 -641.869
473.992 -635.998
481.91 -630.026
489.78 -623.93
498.14 -617.266
505.793 -611.001
513.409 -604.613
520.962 -598.117
528.433 -591.526
535.81 -584.851
543.063 -578.117
550.298 -571.235
557.419 -564.288
564.415 -557.287
571.342 -550.182
578.185 -542.987
584.912 -535.736
591.65 -528.282
598.184 -520.875
604.659 -513.347
611.064 -505.705
617.348 -498.018
623.518 -490.28
629.615 -482.429
635.615 -474.5
641.516 -466.496
647.735 -457.829
653.394 -449.703
658.976 -441.478
664.482 -433.15
669.831 -424.819
675.096 -416.398
680.271 -407.888
685.32 -399.341
690.268 -390.723
695.112 -382.039
699.823 -373.335
704.432 -364.565
708.95 -355.701
713.362 -346.768
717.652 -337.802
721.812 -328.826
725.882 -319.744
729.823 -310.653
733.673 -301.446
737.394 -292.234
741.022 -282.895
744.483 -273.694
747.866 -264.308
751.388 -254.162
754.516 -244.714
757.517 -235.243
760.393 -225.754
763.158 -216.21
765.804 -206.631
768.331 -197.018
770.734 -187.383
773.012 -177.737
775.179 -168.028
777.221 -158.311
779.14 -148.57
780.939 -138.805
782.615 -129.019
784.169 -119.213
785.603 -109.369
786.91 -99.5419
788.097 -89.6697
789.159 -79.8295
790.1 -69.9292
790.917 -60.0174
791.61 -50.1245
792.179 -40.1938
792.624 -30.2645
792.947 -20.3541
793.144 -10.418
