766.178 1.45946e-15
766.118 9.62783
765.936 19.2541
765.634 28.8774
765.211 38.4961
764.666 48.1087
764.002 57.7138
763.216 67.3097
762.31 76.895
761.283 86.4681
760.137 96.0276
758.87 105.572
757.484 115.1
755.977 124.609
754.352 134.099
752.607 143.568
750.744 153.013
748.762 162.435
746.661 171.831
744.443 181.2
742.107 190.541
739.655 199.851
737.085 209.13
734.399 218.376
731.597 227.587
728.679 236.762
725.646 245.9
722.499 254.999
719.238 264.058
715.863 273.075
712.375 282.049
708.774 290.979
705.062 299.862
701.238 308.698
697.303 317.486
693.259 326.223
689.105 334.909
684.842 343.542
680.471 352.12
675.992 360.643
671.407 369.109
666.716 377.517
661.919 385.865
657.018 394.152
652.014 402.377
646.906 410.539
641.696 418.636
636.385 426.666
630.973 434.629
625.461 442.524
619.851 450.348
614.143 458.102
608.338 465.783
602.437 473.391
596.441 480.924
590.351 488.38
584.167 495.76
577.891 503.062
571.524 510.284
565.067 517.425
558.52 524.485
551.885 531.462
545.163 538.355
538.355 545.163
531.462 551.885
524.485 558.52
517.425 565.067
510.284 571.524
503.062 577.891
495.76 584.167
488.38 590.351
480.924 596.441
473.391 602.437
465.783 608.338
458.102 614.143
450.348 619.851
442.524 625.461
434.629 630.973
426.666 636.385
418.636 641.696
410.539 646.906
402.377 652.014
394.152 657.018
385.865 661.919
377.517 666.716
369.109 671.407
360.643 675.992
352.12 680.471
343.542 684.842
334.909 689.105
326.223 693.259
317.486 697.303
308.698 701.238
299.862 705.062
290.979 708.774
282.049 712.375
273.075 715.863
264.058 719.238
254.999 722.499
245.9 725.646
236.762 728.679
227.587 731.597
218.376 734.399
209.13 737.085
199.851 739.655
190.541 742.107
181.2 744.443
171.831 746.661
162.435 748.762
153.013 750.744
143.568 752.607
134.099 754.352
124.609 755.977
115.1 757.484
105.572 758.87
96.0276 760.137
86.4681 761.283
76.895 762.31
67.3097 763.216
57.7138 764.002
48.1087 764.666
38.4961 765.211
28.8774 765.634
19.2541 765.936
9.62783 766.118
4.6839e-14 766.178
-9.62783 766.118
-19.2541 765.936
-28.8774 765.634
-38.4961 765.211
-48.1087 764.666
-57.7138 764.002
-67.3097 763.216
-76.895 762.31
-86.4681 761.283
-96.0276 760.137
-105.572 758.87
-115.1 757.484
-124.609 755.977
-134.099 754.352
-143.568 752.607
-153.013 750.744
-162.435 748.762
-171.831 746.661
-181.2 744.443
-190.541 742.107
-199.851 739.655
-209.13 737.085
-218.376 734.399
-227.587 731.597
-236.762 728.679
-245.9 725.646
-254.999 722.499
-264.058 719.238
-273.075 715.863
-282.049 712.375
-290.979 708.774
-299.862 705.062
-308.698 701.238
-317.486 697.303
-326.223 693.259
-334.909 689.105
-343.542 684.842
-352.12 680.471
-360.643 675.992
-369.109 671.407
-377.517 666.716
-385.865 661.919
-394.152 657.018
-402.377 652.014
-410.539 646.906
-418.636 641.696
-426.666 636.385
-434.629 630.973
-442.524 625.461
-450.348 619.851
-458.102 614.143
-465.783 608.338
-473.391 602.437
-480.924 596.441
-488.38 590.351
-495.76 584.167
-503.062 577.891
-510.284 571.524
-517.425 565.067
-524.485 558.52
-531.462 551.885
-538.355 545.163
-545.163 538.355
-551.885 531.462
-558.52 524.485
-565.067 517.425
-571.524 510.284
-577.891 503.062
-584.167 495.76
-590.351 488.38
-596.441 480.924
-602.437 473.391
-608.338 465.783
-614.143 458.102
-619.851 450.348
-625.461 442.524
-630.973 434.629
-636.385 426.666
-641.696 418.636
-646.906 410.539
-652.014 402.377
-657.018 394.152
-661.919 385.865
-666.716 377.517
-671.407 369.109
-675.992 360.643
-680.471 352.12
-684.842 343.542
-689.105 334.909
-693.259 326.223
-697.303 317.486
-701.238 308.698
-705.062 299.862
-708.774 290.979
-712.375 282.049
-715.863 273.075
-719.238 264.058
-722.499 254.999
-725.646 245.9
-728.679 236.762
-731.597 227.587
-734.399 218.376
-737.085 209.13
-739.655 199.851
-742.107 190.541
-744.443 181.2
-746.661 171.831
-748.762 162.435
-750.744 153.013
-752.607 143.568
-754.352 134.099
-755.977 124.609
-757.484 115.1
-758.87 105.572
-760.137 96.0276
-761.283 86.4681
-762.31 76.895
-763.216 67.3097
-764.002 57.7138
-764.666 48.1087
-765.211 38.4961
-765.634 28.8774
-765.936 19.2541
-766.118 9.62783
-766.178 9.35852e-14
-766.118 -9.62783
-765.936 -19.2541
-765.634 -28.8774
-765.211 -38.4961
-764.666 -48.1087
-764.002 -57.7138
-763.216 -67.3097
-762.31 -76.895
-761.283 -86.4681
-760.137 -96.0276
-758.87 -105.572
-757.484 -115.1
-755.977 -124.609
-754.352 -134.099
-752.607 -143.568
-750.744 -153.013
-748.762 -162.435
-746.661 -171.831
-744.443 -181.2
-742.107 -190.541
-739.655 -199.851
-737.085 -209.13
-734.399 -218.376
-731.597 -227.587
-728.679 -236.762
-725.646 -245.9
-722.499 -254.999
-719.238 -264.058
-715.863 -273.075
-712.375 -282.049
-708.774 -290.979
-705.062 -299.862
-701.238 -308.698
-697.303 -317.486
-693.259 -326.223
-689.105 -334.909
-684.842 -343.542
-680.471 -352.12
-675.992 -360.643
-671.407 -369.109
-666.716 -377.517
-661.919 -385.865
-657.018 -394.152
-652.014 -402.377
-646.906 -410.539
-641.696 -418.636
-636.385 -426.666
-630.973 -434.629
-625.461 -442.524
-619.851 -450.348
-614.143 -458.102
-608.338 -465.783
-602.437 -473.391
-596.441 -480.924
-590.351 -488.38
-584.167 -495.76
-577.891 -503.062
-571.524 -510.284
-565.067 -517.425
-558.52 -524.485
-551.885 -531.462
-545.163 -538.355
-538.355 -545.163
-531.462 -551.885
-524.485 -558.52
-517.425 -565.067
-510.284 -571.524
-503.062 -577.891
-495.76 -584.167
-488.38 -590.351
-480.924 -596.441
-473.391 -602.437
-465.783 -608.338
-458.102 -614.143
-450.348 -619.851
-442.524 -625.461
-434.629 -630.973
-426.666 -636.385
-418.636 -641.696
-410.539 -646.906
-402.377 -652.014
-394.152 -657.018
-385.865 -661.919
-377.517 -666.716
-369.109 -671.407
-360.643 -675.992
-352.12 -680.471
-343.542 -684.842
-334.909 -689.105
-326.223 -693.259
-317.486 -697.303
-308.698 -701.238
-299.862 -705.062
-290.979 -708.774
-282.049 -712.375
-273.075 -715.863
-264.058 -719.238
-254.999 -722.499
-245.9 -725.646
-236.762 -728.679
-227.587 -731.597
-218.376 -734.399
-209.13 -737.085
-199.851 -739.655
-190.541 -742.107
-181.2 -744.443
-171.831 -746.661
-162.435 -748.762
-153.013 -750.744
-143.568 -752.607
-134.099 -754.352
-124.609 -755.977
-115.1 -757.484
-105.572 -758.87
-96.0276 -760.137
-86.4681 -761.283
-76.895 -762.31
-67.3097 -763.216
-57.7138 -764.002
-48.1087 -764.666
-38.4961 -765.211
-28.8774 -765.634
-19.2541 -765.936
-9.62783 -766.118
-1.42714e-13 -766.178
9.62783 -766.118
19.2541 -765.936
28.8774 -765.634
38.4961 -765.211
48.1087 -764.666
57.7138 -764.002
67.3097 -763.216
76.895 -762.31
86.4681 -761.283
96.0276 -760.137
105.572 -758.87
115.1 -757.484
124.609 -755.977
134.099 -754.352
143.568 -752.607
153.013 -750.744
162.435 -748.762
171.831 -746.661
181.2 -744.443
190.541 -742.107
199.851 -739.655
209.13 -737.085
218.376 -734.399
227.587 -731.597
236.762 -728.679
245.9 -725.646
254.999 -722.499
264.058 -719.238
273.075 -715.863
282.049 -712.375
290.979 -708.774
299.862 -705.062
308.698 -701.238
317.486 -697.303
326.223 -693.259
334.909 -689.105
343.542 -684.842
352.12 -680.471
360.643 -675.992
369.109 -671.407
377.517 -666.716
385.865 -661.919
394.152 -657.018
402.377 -652.014
410.539 -646.906
418.636 -641.696
426.666 -636.385
434.629 -630.973
442.524 -625.461
450.348 -619.851
458.102 -614.143
465.783 -608.338
473.391 -602.437
480.924 -596.441
488.38 -590.351
495.76 -584.167
503.062 -577.891
510.284 -571.524
517.425 -565.067
524.485 -558.52
531.462 -551.885
538.355 -545.163
545.163 -538.355
551.885 -531.462
558.52 -524.485
565.067 -517.425
571.524 -510.284
577.891 -503.062
584.167 -495.76
590.351 -488.38
596.441 -480.924
602.437 -473.391
608.338 -465.783
614.143 -458.102
619.851 -450.348
625.461 -442.524
630.973 -434.629
636.385 -426.666
641.696 -418.636
646.906 -410.539
652.014 -402.377
657.018 -394.152
661.919 -385.865
666.716 -377.517
671.407 -369.109
675.992 -360.643
680.471 -352.12
684.842 -343.542
689.105 -334.909
693.259 -326.223
697.303 -317.486
701.238 -308.698
705.062 -299.862
708.774 -290.979
712.375 -282.049
715.863 -273.075
719.238 -264.058
722.499 -254.999
725.646 -245.9
728.679 -236.762
731.597 -227.587
734.399 -218.376
737.085 -209.13
739.655 -199.851
742.107 -190.541
744.443 -181.2
746.661 -171.831
748.762 -162.435
750.744 -153.013
752.607 -143.568
754.352 -134.099
755.977 -124.609
757.484 -115.1
758.87 -105.572
760.137 -96.0276
761.283 -86.4681
762.31 -76.895
763.216 -67.3097
764.002 -57.7138
764.666 -48.1087
765.211 -38.4961
765.634 -28.8774
765.936 -19.2541
766.118 -9.62783
