765.428 3.9234
765.301 13.3847
765.043 22.6813
764.649 31.505
764.191 41.0577
763.613 50.575
762.916 59.968
762.106 69.3253
761.194 78.4288
760.142 88.0904
759.055 96.6965
757.819 105.898
756.494 114.957
755.066 124.009
753.477 133.341
751.922 141.994
750.092 151.38
748.257 160.334
746.237 169.543
744.055 178.884
742.052 187.35
739.634 196.674
737.377 205.283
734.79 214.417
732.236 223.208
726.6 241.136
723.596 249.785
720.465 258.544
717.227 267.284
713.901 275.926
710.386 284.844
707.089 292.653
703.355 301.518
699.46 310.476
695.695 318.731
691.786 327.079
687.782 335.379
683.818 343.355
679.422 351.976
675.311 359.803
670.831 368.093
666.36 376.149
661.866 384.048
657.108 392.156
652.184 400.303
647.422 408.032
642.249 416.128
637.302 423.751
632.22 431.382
627.072 438.934
621.436 446.855
616.151 454.238
610.74 461.61
599.289 476.238
593.324 483.62
587.536 490.514
581.462 497.657
575.757 504.109
569.163 511.584
563.051 518.237
556.486 525.283
550.309 531.695
543.943 538.18
537.4 544.704
530.439 551.487
524.167 557.452
516.823 564.262
509.989 570.452
503.337 576.357
496.487 582.304
489.173 588.466
482.216 594.233
474.459 600.416
467.498 605.929
459.83 611.765
452.466 617.285
444.883 622.805
437.21 628.246
423.591 637.435
415.937 642.398
407.944 647.489
400.222 652.241
392.229 657.059
384.444 661.612
375.965 666.474
367.687 671.07
359.641 675.4
351.496 679.669
343.377 683.807
334.367 688.257
326.43 692.065
317.924 696.021
309.501 699.822
300.845 703.596
292.286 707.213
283.827 710.685
275.049 714.144
265.853 717.6
257.285 720.76
241.308 726.514
232.606 729.269
223.819 731.954
214.576 734.721
205.775 737.175
197.378 739.377
187.764 741.904
178.873 744.059
169.626 746.212
159.714 748.44
151.633 750.029
142.197 751.875
133.105 753.524
124.233 755.027
114.938 756.497
105.636 757.852
96.7733 759.047
87.3256 760.195
78.176 761.207
68.9301 762.117
59.8769 762.917
50.5575 763.612
41.2195 764.197
32.0516 764.68
22.5065 765.028
13.3665 765.298
3.693 765.399
-5.64723 765.423
-14.9555 765.342
-33.6954 764.833
-42.7067 764.291
-51.8942 763.666
-61.6293 762.961
-70.5687 762.106
-79.6717 761.159
-89.2515 760.098
-98.0728 758.948
-107.182 757.687
-115.743 756.385
-125.985 754.777
-134.828 753.22
-143.462 751.609
-152.79 749.769
-161.673 747.909
-170.99 745.836
-179.854 743.763
-188.815 741.557
-197.854 739.213
-206.665 736.834
-216.141 734.091
-224.95 731.474
-234.025 728.631
-242.386 725.983
-251.441 722.903
-260.826 719.528
-268.99 716.642
-278.006 713.187
-293.513 706.819
-302.287 703.102
-310.275 699.531
-319.404 695.444
-327.878 691.466
-336.299 687.389
-344.364 683.346
-352.651 679.092
-360.952 674.709
-369.262 670.191
-377.218 665.737
-385.496 660.978
-393.159 656.454
-401.615 651.311
-409.051 646.691
-416.996 641.605
-424.574 636.652
-432.111 631.61
-440.149 626.018
-447.608 620.758
-455.319 615.132
-462.5 609.846
-476.394 599.198
-483.61 593.331
-490.743 587.388
-497.785 581.375
-504.772 575.271
-511.656 569.109
-518.462 562.872
-525.203 556.552
-531.884 550.142
-538.504 543.642
-545.03 537.082
-551.467 530.459
-557.817 523.773
-564.089 517.016
-570.284 510.185
-576.401 503.283
-582.44 496.309
-588.405 489.256
-594.287 482.138
-600.094 474.941
-605.813 467.683
-611.46 460.339
-617.027 452.919
-622.511 445.429
-627.927 437.833
-638.271 422.623
-643.598 414.494
-648.308 406.904
-653.443 398.635
-658.172 390.686
-662.688 382.849
-667.348 374.632
-671.881 366.399
-676.226 358.25
-680.251 350.437
-684.325 342.367
-688.494 333.893
-692.557 325.375
-696.506 316.827
-700.328 308.283
-703.915 300.019
-707.432 291.672
-711.113 282.558
-714.303 274.522
-717.728 265.419
-720.779 257.209
-723.892 248.39
-727.024 238.98
-729.85 230.39
-732.544 222.03
-735.256 212.947
-737.869 203.725
-740.349 194.63
-745.014 176.285
-747.051 167.207
-748.933 158.238
-750.672 149.378
-752.598 139.594
-754.283 130.157
-755.675 121.313
-756.965 112.515
-758.371 102.766
-759.527 93.5837
-760.562 84.4779
-761.478 75.4655
-762.385 65.7518
-763.074 56.8508
-763.722 47.3258
-764.221 38.2765
-764.623 29.1955
-764.927 20.1192
-765.123 10.6637
-765.225 1.70786
-765.205 -7.64957
-765.054 -17.2101
-764.733 -27.2764
-764.458 -35.8121
-764.063 -44.7006
-763.463 -54.1776
-762.677 -63.9942
-762.014 -72.6746
-761.142 -81.8555
-760.179 -90.9756
-759.074 -100.211
-756.146 -119.223
-754.585 -128.818
-752.93 -137.753
-751.163 -146.866
-749.259 -156.285
-747.324 -164.914
-745.24 -173.963
-743.013 -183.203
-740.633 -192.634
-738.296 -201.218
-735.9 -209.688
-733.088 -219.378
-730.443 -227.956
-727.519 -237.122
-724.754 -245.42
-721.634 -254.449
-718.557 -263.035
-715.23 -271.959
-712.252 -279.822
-708.456 -289.218
-704.929 -297.765
-701.262 -306.35
-697.729 -314.471
-693.516 -323.567
-689.987 -331.295
-685.433 -340.461
-681.886 -347.894
-677.224 -356.763
-672.935 -364.91
-664.28 -380.199
-659.574 -388.238
-654.79 -396.185
-649.92 -404.063
-644.953 -411.894
-640.011 -419.466
-634.951 -427.045
-629.556 -434.957
-624.444 -442.234
-618.912 -449.942
-613.441 -457.372
-607.822 -464.818
-602.237 -472.049
-596.341 -479.483
-590.595 -486.577
-584.525 -493.864
-578.329 -501.112
-572.365 -507.968
-566.321 -514.764
-559.793 -521.853
-553.569 -528.524
-543.122 -539.086
-536.156 -546.038
-529.884 -552.052
-522.751 -558.825
-516.338 -564.713
-508.688 -571.643
-501.898 -577.588
-494.984 -583.514
-487.841 -589.499
-480.604 -595.417
-472.836 -601.602
-465.922 -606.99
-458.742 -612.464
-451.274 -618.009
-443.936 -623.349
-436.063 -628.881
-422.582 -638.308
-414.701 -643.416
-406.828 -648.371
-398.772 -653.333
-390.966 -657.959
-382.813 -662.714
-374.795 -667.236
-366.66 -671.71
-358.585 -676.019
-350.24 -680.366
-341.911 -684.573
-333.734 -688.576
-325.741 -692.381
-317.043 -696.406
-308.643 -700.172
-300.192 -703.845
-291.691 -707.425
-282.968 -710.968
-274.567 -714.289
-265.772 -717.624
-257.287 -720.759
-248.382 -723.894
-239.643 -726.876
-230.837 -729.764
-221.987 -732.55
-213.294 -735.208
-204.308 -737.8
-186.681 -742.306
-177.927 -744.378
-168.333 -746.633
-159.531 -748.497
-150.741 -750.261
-141.337 -752.087
-132.248 -753.713
-122.752 -755.319
-114.428 -756.579
-104.561 -758.014
-95.0494 -759.265
-86.1358 -760.316
-76.6006 -761.335
-67.6394 -762.186
-58.5877 -762.947
-49.4641 -763.612
-40.171 -764.173
-31.0647 -764.631
-21.3385 -764.956
-12.0044 -765.18
-2.74389 -765.3
6.75507 -765.286
15.8796 -765.203
25.2941 -764.973
42.4482 -764.269
51.9884 -763.672
60.7991 -762.928
70.6071 -762.107
79.936 -761.159
89.1512 -760.1
98.1446 -758.944
107.513 -757.662
115.942 -756.36
125.635 -754.818
135.246 -753.162
143.149 -751.67
152.716 -749.784
162.006 -747.832
171.073 -745.815
180.02 -743.717
189.132 -741.461
198.253 -739.083
207.038 -736.7
216.176 -734.078
224.924 -731.484
233.796 -728.728
242.771 -725.806
251.296 -722.975
260.394 -719.743
269.117 -716.573
285.274 -710.27
294.321 -706.59
302.956 -702.899
311.312 -699.178
319.553 -695.39
327.752 -691.515
336.56 -687.284
344.49 -683.291
352.87 -678.99
361.057 -674.656
369.126 -670.263
376.904 -665.914
385.292 -661.096
392.723 -656.731
400.976 -651.724
408.997 -646.728
416.739 -641.791
424.272 -636.886
432.325 -631.437
439.872 -626.249
447.541 -620.817
454.949 -615.471
462.28 -610.061
469.819 -604.294
483.027 -593.695
489.841 -587.99
496.968 -581.948
504.192 -575.694
511.338 -569.35
518.303 -562.998
524.784 -556.906
531.873 -550.151
538.601 -543.554
544.857 -537.249
551.25 -530.68
557.611 -523.994
563.631 -517.539
570.627 -509.789
576.395 -503.29
582.436 -496.313
588.643 -488.935
594.51 -481.819
600.111 -474.914
605.885 -467.567
611.579 -460.138
617.218 -452.582
626.982 -439.033
632.028 -431.607
637.244 -423.823
642.65 -415.618
647.406 -408.053
652.268 -400.184
657.19 -392.036
661.838 -384.091
666.447 -376.008
670.994 -367.814
675.217 -359.975
679.405 -352.011
683.693 -343.615
687.935 -335.043
691.97 -326.646
695.737 -318.624
699.627 -310.013
703.275 -301.756
707.042 -292.796
710.571 -284.2
714.232 -274.754
717.267 -267.114
720.586 -258
726.375 -241.58
729.277 -232.591
732.001 -223.716
734.555 -214.965
737.096 -205.974
739.542 -196.921
741.884 -187.823
744.068 -178.844
746.095 -170.026
748.116 -160.849
749.984 -151.82
751.749 -142.764
753.41 -133.69
754.965 -124.605
756.415 -115.511
757.784 -106.191
759.007 -97.2233
760.152 -87.9201
761.17 -79.0818
762.101 -69.7376
762.919 -60.386
763.635 -51.3079
764.233 -41.9387
764.723 -32.6188
765.129 -23.5394
765.406 -14.2344
