764.435 4.04054
764.306 13.4844
764.046 22.764
763.65 31.5555
763.191 41.0915
762.613 50.5935
761.916 59.9675
761.106 69.3052
760.195 78.3809
759.144 88.0334
758.06 96.5964
756.826 105.775
755.505 114.807
754.082 123.832
752.496 133.147
750.95 141.762
749.123 151.134
747.295 160.06
745.281 169.252
743.103 178.58
741.113 187.006
738.7 196.318
736.456 204.895
733.876 214.013
731.33 222.784
725.614 240.972
722.613 249.599
719.487 258.337
716.253 267.055
712.933 275.673
709.421 284.578
706.14 292.34
702.41 301.192
698.517 310.143
694.763 318.37
690.863 326.695
686.869 334.971
682.92 342.916
678.528 351.527
674.435 359.32
669.965 367.595
665.507 375.628
661.028 383.502
656.281 391.594
651.365 399.728
646.621 407.433
641.456 415.518
636.528 423.118
631.464 430.728
626.335 438.259
620.701 446.177
615.437 453.538
610.046 460.89
598.426 475.733
592.47 483.1
586.7 489.966
580.637 497.092
574.958 503.506
568.365 510.981
562.273 517.61
555.714 524.646
549.56 531.031
543.215 537.494
536.69 544
529.735 550.777
523.495 556.712
516.15 563.523
509.335 569.696
502.71 575.579
495.884 581.507
488.581 587.66
481.649 593.409
473.895 599.59
466.964 605.083
459.308 610.913
451.967 616.418
444.397 621.931
436.74 627.363
422.957 636.661
415.325 641.607
407.34 646.691
399.644 651.425
391.669 656.23
383.912 660.765
375.439 665.623
367.175 670.21
359.154 674.527
351.032 678.783
342.939 682.909
333.926 687.359
326.025 691.151
317.537 695.098
309.137 698.89
300.498 702.658
291.961 706.267
283.528 709.731
274.768 713.184
265.577 716.639
257.037 719.791
240.859 725.62
232.177 728.366
223.415 731.04
214.176 733.804
205.403 736.247
197.046 738.433
187.435 740.96
178.57 743.106
169.339 745.254
159.421 747.484
151.396 749.057
141.972 750.9
132.904 752.545
124.064 754.041
114.788 755.508
105.505 756.861
96.6761 758.052
87.2442 759.198
78.1203 760.208
68.8974 761.117
59.8737 761.917
50.5758 762.613
41.2587 763.197
32.1175 763.682
22.5868 764.031
13.4749 764.304
3.81167 764.406
-5.50679 764.433
-14.7917 764.355
-33.8155 763.84
-42.7942 763.295
-51.955 762.668
-61.6827 761.962
-70.589 761.107
-79.6639 760.159
-89.2322 759.098
-98.0175 757.949
-107.101 756.69
-115.618 755.393
-125.872 753.783
-134.683 752.231
-143.277 750.627
-152.59 748.789
-161.444 746.936
-170.746 744.866
-179.582 742.801
-188.519 740.602
-197.537 738.265
-206.322 735.894
-215.794 733.153
-224.578 730.546
-233.638 727.708
-241.962 725.077
-251.004 722.004
-260.388 718.629
-268.518 715.76
-277.524 712.311
-293.228 705.861
-301.987 702.148
-309.936 698.591
-319.065 694.503
-327.52 690.533
-335.921 686.463
-343.956 682.433
-352.223 678.188
-360.505 673.814
-368.801 669.304
-376.731 664.863
-384.996 660.111
-392.629 655.606
-401.082 650.464
-408.484 645.867
-416.415 640.792
-423.968 635.857
-431.48 630.834
-439.512 625.247
-446.954 620.001
-454.654 614.385
-461.808 609.123
-475.889 598.335
-483.085 592.479
-490.198 586.549
-497.221 580.55
-504.188 574.459
-511.052 568.312
-517.838 562.091
-524.56 555.786
-531.227 549.388
-537.829 542.905
-544.336 536.362
-550.756 529.756
-557.088 523.089
-563.343 516.35
-569.521 509.539
-575.622 502.656
-581.645 495.701
-587.596 488.669
-593.463 481.571
-599.256 474.394
-604.962 467.157
-610.597 459.834
-616.153 452.435
-621.625 444.965
-627.031 437.389
-637.524 421.958
-642.845 413.835
-647.533 406.273
-652.662 398.01
-657.376 390.081
-661.873 382.269
-666.523 374.067
-671.045 365.85
-675.377 357.722
-679.382 349.943
-683.44 341.901
-687.601 333.443
-691.659 324.935
-695.6 316.405
-699.413 307.881
-702.986 299.647
-706.493 291.328
-710.172 282.219
-713.348 274.225
-716.771 265.131
-719.811 256.96
-722.919 248.162
-726.05 238.753
-728.87 230.194
-731.556 221.873
-734.265 212.807
-736.877 203.599
-739.355 194.523
-744.09 175.901
-746.119 166.845
-747.991 157.902
-749.72 149.072
-751.646 139.289
-753.329 129.858
-754.711 121.048
-755.992 112.286
-757.396 102.542
-758.548 93.3829
-759.577 84.3037
-760.489 75.3219
-761.394 65.6158
-762.079 56.7491
-762.726 47.239
-763.223 38.2198
-763.624 29.1687
-763.927 20.1221
-764.123 10.6841
-764.227 1.76214
-764.208 -7.57417
-764.058 -17.1196
-763.738 -27.1851
-763.466 -35.6874
-763.076 -44.5395
-762.479 -54.0004
-761.695 -63.804
-761.039 -72.4508
-760.173 -81.6069
-759.218 -90.7006
-758.119 -99.9135
-755.146 -119.206
-753.586 -128.791
-751.932 -137.697
-750.166 -146.786
-748.263 -156.192
-746.332 -164.783
-744.252 -173.81
-742.028 -183.034
-739.649 -192.456
-737.319 -201.004
-734.932 -209.436
-732.119 -219.13
-729.483 -227.676
-726.562 -236.831
-723.81 -245.089
-720.695 -254.104
-717.63 -262.661
-714.303 -271.584
-711.346 -279.399
-707.548 -288.798
-704.033 -297.322
-700.375 -305.887
-696.86 -313.975
-692.647 -323.073
-689.144 -330.759
-684.586 -339.931
-681.07 -347.316
-676.407 -356.185
-672.134 -364.312
-663.362 -379.805
-658.665 -387.822
-653.891 -395.749
-649.032 -403.605
-644.076 -411.414
-639.148 -418.96
-634.103 -426.514
-628.716 -434.414
-623.624 -441.661
-618.102 -449.355
-612.646 -456.765
-607.041 -464.194
-601.468 -471.41
-595.585 -478.829
-589.859 -485.9
-583.801 -493.174
-577.611 -500.416
-571.668 -507.25
-565.646 -514.027
-559.126 -521.108
-552.924 -527.76
-542.368 -538.43
-535.405 -545.377
-529.162 -551.36
-522.032 -558.129
-515.65 -563.988
-507.992 -570.925
-501.225 -576.848
-494.333 -582.755
-487.207 -588.726
-479.986 -594.631
-472.219 -600.814
-465.338 -606.178
-458.184 -611.634
-450.735 -617.167
-443.422 -622.491
-435.56 -628.017
-421.912 -637.566
-414.047 -642.659
-406.193 -647.598
-398.151 -652.549
-390.363 -657.161
-382.231 -661.901
-374.235 -666.408
-366.119 -670.868
-358.069 -675.162
-349.735 -679.502
-341.419 -683.703
-333.267 -687.692
-325.307 -691.48
-316.622 -695.499
-308.245 -699.255
-299.817 -702.918
-291.34 -706.488
-282.635 -710.025
-274.264 -713.336
-265.487 -716.665
-257.032 -719.792
-248.146 -722.923
-239.431 -725.899
-230.649 -728.782
-221.821 -731.564
-213.158 -734.217
-204.187 -736.807
-186.313 -741.376
-177.591 -743.436
-168.001 -745.689
-159.23 -747.543
-150.473 -749.298
-141.082 -751.12
-132.017 -752.74
-122.533 -754.343
-114.259 -755.593
-104.393 -757.028
-94.8955 -758.277
-86.0167 -759.323
-76.4867 -760.342
-67.5579 -761.189
-58.5359 -761.949
-49.4403 -762.612
-40.1695 -763.173
-31.0916 -763.631
-21.3741 -763.956
-12.0617 -764.182
-2.82526 -764.303
6.65549 -764.291
15.7502 -764.212
25.1454 -763.985
42.5295 -763.273
52.0551 -762.674
60.8279 -761.928
70.6309 -761.108
79.9395 -760.159
89.131 -759.1
98.0934 -757.945
107.444 -756.664
115.824 -755.367
125.511 -753.826
135.114 -752.17
142.954 -750.689
152.513 -748.805
161.787 -746.857
170.832 -744.844
179.753 -742.753
188.846 -740.503
197.949 -738.13
206.706 -735.756
215.83 -733.14
224.557 -730.554
233.406 -727.807
242.363 -724.893
250.858 -722.076
259.937 -718.853
268.652 -715.688
285.022 -709.302
294.061 -705.624
302.678 -701.939
311.007 -698.226
319.219 -694.448
327.389 -690.583
336.191 -686.355
344.087 -682.375
352.45 -678.082
360.616 -673.759
368.661 -669.378
376.407 -665.046
384.786 -660.233
392.18 -655.892
400.423 -650.891
408.429 -645.905
416.15 -640.983
423.656 -636.098
431.703 -630.654
439.228 -625.483
446.887 -620.06
454.272 -614.734
461.582 -609.344
469.104 -603.596
482.482 -592.857
489.271 -587.168
496.381 -581.139
503.593 -574.893
510.728 -568.558
517.678 -562.218
524.131 -556.149
531.215 -549.398
537.929 -542.813
544.159 -536.533
550.533 -529.984
556.877 -523.315
562.871 -516.889
569.876 -509.128
575.617 -502.662
581.643 -495.705
587.842 -488.335
593.694 -481.241
599.275 -474.365
605.037 -467.036
610.721 -459.625
616.353 -452.079
626.243 -438.359
631.266 -430.959
636.468 -423.192
641.869 -414.993
646.605 -407.455
651.452 -399.606
656.365 -391.47
660.999 -383.547
665.596 -375.483
670.133 -367.306
674.338 -359.498
678.51 -351.563
682.79 -343.184
687.027 -334.625
691.053 -326.248
694.805 -318.26
698.689 -309.666
702.326 -301.439
706.091 -292.488
709.613 -283.913
713.275 -274.463
716.295 -266.879
719.611 -257.775
725.477 -241.139
728.372 -232.166
731.086 -223.312
733.631 -214.582
736.167 -205.605
738.601 -196.581
740.939 -187.496
743.116 -178.54
745.133 -169.752
747.149 -160.593
749.011 -151.589
750.771 -142.558
752.427 -133.508
753.977 -124.449
755.424 -115.38
756.79 -106.079
758.01 -97.1411
759.154 -87.8586
760.17 -79.0559
761.101 -69.7319
761.919 -60.4003
762.636 -51.3514
763.235 -42.0018
763.727 -32.704
764.135 -23.6545
764.415 -14.3721
