763.443 4.16573
763.311 13.5921
763.05 22.8548
762.652 31.6058
762.192 41.1251
761.613 50.6119
760.916 59.9669
760.107 69.2851
759.196 78.3329
758.145 87.9763
757.065 96.4964
755.834 105.652
754.516 114.657
753.096 123.663
751.515 132.953
749.977 141.53
748.153 150.888
746.333 159.787
744.322 168.968
742.15 178.277
740.174 186.663
737.765 195.963
735.532 204.513
732.961 213.609
730.424 222.361
724.627 240.808
721.631 249.414
718.508 258.129
715.28 266.825
711.966 275.42
708.457 284.313
705.19 292.026
701.464 300.867
697.574 309.81
693.83 318.009
689.94 326.31
685.956 334.563
682.022 342.476
677.635 351.078
673.559 358.838
669.098 367.096
664.653 375.108
660.19 382.957
655.453 391.033
650.547 399.154
645.821 406.834
640.663 414.909
635.754 422.485
630.707 430.074
625.598 437.583
619.966 445.499
614.723 452.838
609.352 460.17
597.563 475.227
591.616 482.579
585.863 489.418
579.812 496.527
574.16 502.904
567.567 510.379
561.494 516.982
554.943 524.009
548.812 530.367
542.487 536.808
535.979 543.297
529.03 550.067
522.822 555.973
515.476 562.784
508.68 568.94
502.082 574.8
495.28 580.709
487.988 586.854
481.083 592.585
473.331 598.764
466.431 604.237
458.785 610.06
451.468 615.551
443.91 621.058
436.27 626.481
422.322 635.888
414.713 640.816
406.737 645.894
399.066 650.609
391.11 655.401
383.379 659.919
374.913 664.773
366.664 669.351
358.667 673.654
350.568 677.897
342.5 682.01
333.486 686.461
325.62 690.236
317.15 694.176
308.774 697.959
300.151 701.72
291.635 705.322
283.229 708.777
274.487 712.224
265.3 715.678
256.789 718.822
240.41 724.727
231.749 727.462
223.011 730.125
213.776 732.888
205.031 735.319
196.714 737.49
187.106 740.016
178.267 742.153
169.052 744.297
159.128 746.527
151.159 748.086
141.747 749.926
132.703 751.565
123.895 753.056
114.638 754.519
105.374 755.87
96.5789 757.057
87.1628 758.202
78.0645 759.21
68.8647 760.118
59.8705 760.917
50.594 761.613
41.2978 762.198
32.1832 762.684
22.667 763.034
13.5832 763.31
3.93023 763.413
-5.36646 763.443
-14.628 763.369
-33.9354 762.847
-42.8815 762.299
-52.0157 761.669
-61.736 760.963
-70.6092 760.107
-79.6561 759.159
-89.2128 758.098
-97.9622 756.951
-107.019 755.693
-115.494 754.4
-125.759 752.789
-134.537 751.242
-143.093 749.644
-152.389 747.809
-161.214 745.962
-170.502 743.896
-179.31 741.839
-188.224 739.647
-197.22 737.316
-205.979 734.955
-215.447 732.215
-224.206 729.617
-233.252 726.786
-241.538 724.172
-250.567 721.104
-259.949 717.731
-268.046 714.878
-277.042 711.435
-292.943 704.902
-301.686 701.194
-309.596 697.65
-318.725 693.562
-327.161 689.599
-335.543 685.538
-343.549 681.52
-351.796 677.285
-360.059 672.919
-368.339 668.417
-376.245 663.99
-384.497 659.245
-392.099 654.758
-400.55 649.618
-407.918 645.043
-415.833 639.978
-423.361 635.063
-430.848 630.059
-438.875 624.476
-446.3 619.244
-453.99 613.638
-461.117 608.401
-475.384 597.472
-482.561 591.628
-489.654 585.71
-496.656 579.724
-503.603 573.648
-510.448 567.515
-517.214 561.309
-523.917 555.021
-530.571 548.634
-537.154 542.167
-543.643 535.641
-550.044 529.054
-556.359 522.405
-562.597 515.684
-568.758 508.892
-574.843 502.029
-580.851 495.094
-586.787 488.081
-592.64 481.003
-598.419 473.848
-604.112 466.631
-609.734 459.329
-615.278 451.95
-620.739 444.501
-626.135 436.946
-636.777 421.293
-642.092 413.177
-646.757 405.641
-651.881 397.386
-656.58 389.475
-661.059 381.689
-665.698 373.502
-670.209 365.301
-674.528 357.194
-678.512 349.45
-682.555 341.435
-686.708 332.993
-690.761 324.494
-694.693 315.983
-698.497 307.479
-702.058 299.274
-705.554 290.984
-709.231 281.88
-712.394 273.928
-715.813 264.842
-718.843 256.71
-721.945 247.933
-725.076 238.526
-727.889 229.998
-730.568 221.716
-733.275 212.667
-735.885 203.473
-738.36 194.416
-743.167 175.517
-745.187 166.483
-747.05 157.565
-748.768 148.766
-750.694 138.984
-752.372 129.567
-753.747 120.784
-755.018 112.057
-756.422 102.317
-757.567 93.1896
-758.592 84.1297
-759.499 75.1783
-760.404 65.4799
-761.084 56.6475
-761.73 47.1522
-762.224 38.1632
-762.624 29.1419
-762.927 20.125
-763.123 10.7044
-763.228 1.81636
-763.211 -7.49883
-763.062 -17.0292
-762.742 -27.0938
-762.474 -35.5547
-762.09 -44.3704
-761.496 -53.8152
-760.713 -63.6138
-760.067 -72.2192
-759.207 -81.3505
-758.259 -90.4179
-757.167 -99.6088
-754.146 -119.189
-752.586 -128.764
-750.933 -137.64
-749.17 -146.706
-747.268 -156.099
-745.341 -164.653
-743.264 -173.656
-741.042 -182.865
-738.665 -192.279
-736.342 -200.791
-733.964 -209.185
-731.15 -218.882
-728.523 -227.395
-725.606 -236.539
-722.867 -244.757
-719.757 -253.758
-716.702 -262.287
-713.375 -271.21
-710.441 -278.975
-706.641 -288.377
-703.136 -296.879
-699.488 -305.425
-695.992 -313.48
-691.778 -322.578
-688.3 -330.222
-683.738 -339.401
-680.254 -346.738
-675.591 -355.608
-671.334 -363.713
-662.443 -379.41
-657.755 -387.407
-652.991 -395.312
-648.143 -403.146
-643.198 -410.935
-638.286 -418.453
-633.256 -425.983
-627.876 -433.871
-622.805 -441.088
-617.292 -448.769
-611.851 -456.158
-606.259 -463.57
-600.7 -470.771
-594.828 -478.175
-589.122 -485.224
-583.077 -492.484
-576.893 -499.72
-570.971 -506.533
-564.97 -513.289
-558.459 -520.363
-552.28 -526.995
-541.608 -537.78
-534.654 -544.717
-528.44 -550.668
-521.314 -557.434
-514.955 -563.268
-507.301 -570.202
-500.558 -576.103
-493.682 -581.997
-486.573 -587.953
-479.368 -593.845
-471.609 -600.022
-464.754 -605.366
-457.626 -610.805
-450.196 -616.325
-442.909 -621.633
-435.057 -627.152
-421.242 -636.824
-413.388 -641.907
-405.552 -646.831
-397.524 -651.77
-389.76 -656.363
-381.643 -661.092
-373.668 -665.584
-365.572 -670.032
-357.546 -674.31
-349.231 -678.639
-340.926 -682.833
-332.8 -686.808
-324.874 -690.578
-316.2 -694.593
-307.846 -698.338
-299.442 -701.991
-290.989 -705.552
-282.302 -709.082
-273.961 -712.383
-265.202 -715.707
-256.777 -718.825
-247.909 -721.951
-239.218 -724.922
-230.46 -727.8
-221.655 -730.578
-213.022 -733.227
-204.066 -735.814
-185.946 -740.446
-177.254 -742.494
-167.669 -744.746
-158.929 -746.589
-150.204 -748.335
-140.826 -750.153
-131.786 -751.768
-122.313 -753.368
-114.09 -754.608
-104.225 -756.042
-94.7493 -757.287
-85.8975 -758.33
-76.3729 -759.348
-67.4764 -760.193
-58.484 -760.95
-49.4166 -761.612
-40.168 -762.173
-31.1185 -762.631
-21.4097 -762.957
-12.119 -763.183
-2.90655 -763.307
6.55599 -763.296
15.6209 -763.22
24.9968 -762.996
42.6108 -762.276
52.1145 -761.676
60.8566 -760.928
70.6474 -760.108
79.9355 -759.159
89.1033 -758.101
98.0346 -756.947
107.367 -755.667
115.706 -754.374
125.38 -752.835
134.975 -751.18
142.759 -749.708
152.302 -747.827
161.561 -745.883
170.591 -743.874
179.494 -741.788
188.56 -739.544
197.637 -737.18
206.375 -734.813
215.491 -732.199
224.183 -729.627
233.009 -726.89
241.949 -723.983
250.412 -721.18
259.481 -717.963
268.18 -714.806
284.77 -708.335
293.795 -704.661
302.392 -700.98
310.695 -697.276
318.877 -693.508
327.02 -689.654
335.814 -685.428
343.677 -681.463
352.023 -677.178
360.167 -672.865
368.189 -668.496
375.904 -664.182
384.274 -659.375
391.636 -655.053
399.863 -650.062
407.855 -645.086
415.554 -640.18
423.034 -635.315
431.074 -629.877
438.584 -624.718
446.227 -619.309
453.59 -614.003
460.879 -608.633
468.389 -602.897
481.937 -592.018
488.701 -586.347
495.793 -580.329
502.994 -574.093
510.117 -567.766
517.052 -561.438
523.478 -555.391
530.557 -548.645
537.251 -542.078
543.461 -535.818
549.815 -529.287
556.142 -522.637
562.117 -516.233
569.12 -508.474
574.839 -502.034
580.849 -495.096
587.041 -487.736
592.874 -480.668
598.44 -473.816
604.19 -466.505
609.862 -459.112
615.488 -451.577
625.505 -437.685
630.505 -430.311
635.693 -422.56
641.089 -414.368
645.803 -406.857
650.641 -399.021
655.541 -390.905
660.164 -382.996
664.749 -374.951
669.275 -366.792
673.462 -359.015
677.62 -351.108
681.888 -342.753
686.122 -334.199
690.139 -325.842
693.874 -317.896
697.754 -309.311
701.38 -301.114
705.143 -292.172
708.655 -283.627
712.318 -274.173
715.325 -266.638
718.637 -257.55
724.584 -240.69
727.47 -231.733
730.174 -222.901
732.71 -214.192
735.237 -205.236
737.664 -196.233
739.994 -187.168
742.163 -178.236
744.174 -169.471
746.184 -160.33
748.04 -151.35
749.794 -142.344
751.445 -133.319
752.991 -124.285
754.433 -115.241
755.797 -105.959
757.014 -97.0513
758.157 -87.7895
759.17 -79.0224
760.101 -69.7186
760.919 -60.4146
761.637 -51.3876
762.237 -42.0576
762.73 -32.7819
763.141 -23.7623
763.424 -14.5027
