762.451 4.29081
762.317 13.6996
762.054 22.9455
761.653 31.6561
761.192 41.1588
760.613 50.6384
759.916 59.9663
759.107 69.2573
758.197 78.2849
757.147 87.9115
756.069 96.4042
754.841 105.537
753.527 114.514
752.111 123.494
750.532 132.767
749.003 141.305
747.182 150.649
745.369 159.521
743.363 168.685
741.195 177.98
739.233 186.326
736.827 195.615
734.607 204.131
732.043 213.211
729.515 221.944
723.642 240.637
720.648 249.229
717.53 257.921
714.308 266.589
710.998 275.167
707.495 284.04
704.241 291.713
700.519 300.541
696.633 309.471
692.897 317.648
689.016 325.926
685.046 334.149
681.124 342.037
676.741 350.629
672.683 358.355
668.231 366.597
663.799 374.587
659.351 382.411
654.626 390.471
649.729 398.579
645.02 406.235
639.875 414.294
634.975 421.858
629.951 429.42
624.861 436.907
619.231 444.821
614.009 452.138
608.658 459.45
596.7 474.722
590.763 482.059
585.027 488.869
578.987 495.962
573.362 502.302
566.769 509.776
560.715 516.355
554.172 523.373
548.064 529.704
541.76 536.123
535.268 542.594
528.326 549.357
522.149 555.233
514.803 562.045
508.026 568.184
501.455 574.021
494.677 579.912
487.396 586.049
480.516 591.761
472.766 597.939
465.897 603.391
458.262 609.208
450.969 614.684
443.423 620.184
435.8 625.598
421.688 635.115
414.102 640.024
406.134 645.096
398.488 649.793
390.551 654.572
382.84 659.077
374.387 663.922
366.145 668.496
358.179 672.781
350.104 677.011
342.061 681.111
333.046 685.563
325.215 689.322
316.764 693.254
308.41 697.028
299.804 700.782
291.31 704.376
282.93 707.822
274.206 711.265
265.024 714.717
256.541 717.854
239.961 723.833
231.321 726.559
222.599 729.213
213.377 731.971
204.658 734.391
196.375 736.549
186.777 739.071
177.956 741.202
168.764 743.339
158.836 745.571
150.914 747.116
141.522 748.952
132.502 750.586
123.718 752.071
114.487 753.531
105.243 754.878
96.4817 756.061
87.0814 757.205
78.0087 758.211
68.8319 759.118
59.8672 759.917
50.6121 760.613
41.3368 761.199
32.2415 761.686
22.7471 762.037
13.6913 762.316
4.0487 762.42
-5.22622 762.453
-14.4644 762.382
-34.0553 761.855
-42.9687 761.302
-52.0764 760.671
-61.7892 759.965
-70.6293 759.107
-79.6481 758.159
-89.1933 757.098
-97.9068 755.952
-106.938 754.697
-115.369 753.408
-125.639 751.797
-134.391 750.252
-142.908 748.661
-152.189 746.83
-160.985 744.989
-170.258 742.926
-179.038 740.877
-187.928 738.692
-196.904 736.368
-205.635 734.016
-215.092 731.28
-223.835 728.689
-232.865 725.864
-241.114 723.266
-250.131 720.205
-259.503 716.836
-267.574 713.997
-276.559 710.559
-292.658 703.944
-301.386 700.24
-309.256 696.71
-318.385 692.622
-326.802 688.666
-335.165 684.612
-343.141 680.607
-351.368 676.381
-359.613 672.024
-367.878 667.53
-375.758 663.116
-383.997 658.379
-391.569 653.91
-400.017 648.772
-407.351 644.219
-415.251 639.165
-422.754 634.268
-430.217 629.283
-438.238 623.706
-445.646 618.488
-453.325 612.891
-460.426 607.678
-474.879 596.609
-482.036 590.777
-489.109 584.872
-496.092 578.899
-503.019 572.837
-509.843 566.718
-516.59 560.528
-523.273 554.255
-529.914 547.879
-536.479 541.429
-542.949 534.921
-549.333 528.351
-555.63 521.72
-561.851 515.018
-567.996 508.245
-574.065 501.401
-580.057 494.486
-585.978 487.494
-591.816 480.436
-597.582 473.301
-603.261 466.105
-608.871 458.824
-614.403 451.466
-619.853 444.037
-625.238 436.502
-636.031 420.628
-641.339 412.519
-645.982 405.01
-651.1 396.761
-655.784 388.87
-660.244 381.109
-664.873 372.937
-669.373 364.753
-673.678 356.666
-677.642 348.956
-681.671 340.968
-685.819 332.536
-689.863 324.054
-693.786 315.561
-697.581 307.077
-701.13 298.902
-704.615 290.64
-708.29 281.541
-711.439 273.631
-714.856 264.554
-717.874 256.461
-720.974 247.696
-724.102 238.3
-726.909 229.802
-729.581 221.559
-732.285 212.527
-734.894 203.34
-737.366 194.309
-742.243 175.133
-744.254 166.121
-746.108 157.229
-747.816 148.46
-749.741 138.679
-751.416 129.275
-752.781 120.526
-754.043 111.835
-755.446 102.1
-756.586 92.9963
-757.607 83.9557
-758.508 75.0424
-759.412 65.3516
-760.089 56.5536
-760.733 47.0732
-761.226 38.1065
-761.624 29.1151
-761.927 20.1279
-762.123 10.7327
-762.23 1.87052
-762.214 -7.42357
-762.066 -16.9388
-761.746 -27.0025
-761.483 -35.4222
-761.104 -44.2015
-760.514 -53.6301
-759.732 -63.4238
-759.094 -71.9877
-758.24 -81.0942
-757.3 -90.1353
-756.214 -99.3042
-753.146 -119.171
-751.586 -128.737
-749.935 -137.583
-748.173 -146.626
-746.272 -156.006
-744.35 -164.522
-742.276 -173.503
-740.057 -182.695
-737.681 -192.101
-735.365 -200.578
-732.996 -208.933
-730.181 -218.634
-727.563 -227.115
-724.649 -236.247
-721.923 -244.426
-718.818 -253.413
-715.775 -261.912
-712.448 -270.836
-709.535 -278.551
-705.734 -287.956
-702.24 -296.435
-698.602 -304.963
-695.123 -312.985
-690.909 -322.084
-687.456 -329.685
-682.89 -338.871
-679.438 -346.16
-674.775 -355.03
-670.533 -363.114
-661.524 -379.015
-656.846 -386.991
-652.092 -394.875
-647.254 -402.688
-642.321 -410.455
-637.424 -417.947
-632.409 -425.451
-627.037 -433.328
-621.985 -440.515
-616.482 -448.182
-611.056 -455.551
-605.477 -462.947
-599.931 -470.131
-594.071 -477.522
-588.386 -484.547
-582.353 -491.794
-576.175 -499.024
-570.274 -505.816
-564.295 -512.552
-557.792 -519.618
-551.635 -526.231
-540.854 -537.124
-533.903 -544.057
-527.718 -549.976
-520.595 -556.738
-514.267 -562.543
-506.611 -569.479
-499.885 -575.364
-493.031 -581.238
-485.938 -587.18
-478.751 -593.058
-470.999 -599.229
-464.177 -604.55
-457.075 -609.97
-449.657 -615.483
-442.402 -620.77
-434.561 -626.284
-420.572 -636.081
-412.729 -641.156
-404.911 -646.063
-396.897 -650.991
-389.157 -655.566
-381.055 -660.283
-373.101 -664.76
-365.025 -669.195
-357.023 -673.457
-348.726 -677.776
-340.434 -681.962
-332.332 -685.924
-324.44 -689.677
-315.779 -693.686
-307.455 -697.417
-299.068 -701.064
-290.638 -704.616
-281.969 -708.139
-273.657 -711.431
-264.917 -714.748
-256.522 -717.858
-247.673 -720.979
-239.005 -723.945
-230.271 -726.818
-221.489 -729.592
-212.886 -732.236
-203.944 -734.822
-185.585 -739.513
-176.925 -741.55
-167.344 -743.8
-158.636 -745.633
-149.943 -747.369
-140.571 -749.186
-131.555 -750.795
-122.101 -752.39
-113.92 -753.622
-104.065 -755.055
-94.6031 -756.298
-85.7783 -757.337
-76.2669 -758.354
-67.4029 -759.195
-58.4321 -759.951
-49.3927 -760.613
-40.1745 -761.173
-31.1453 -761.632
-21.4534 -761.958
-12.1843 -762.186
-2.98776 -762.31
6.45657 -762.301
15.4917 -762.228
24.8483 -762.007
42.6848 -761.279
52.1738 -760.678
60.8779 -759.929
70.6637 -759.108
79.9315 -758.159
89.0756 -757.101
97.9758 -755.949
107.29 -754.67
115.58 -753.382
125.256 -751.842
134.843 -750.189
142.564 -748.728
152.099 -746.848
161.342 -744.907
170.349 -742.903
179.227 -740.824
188.274 -738.586
197.333 -736.227
206.043 -733.87
215.152 -731.258
223.815 -728.697
232.618 -725.969
241.541 -723.07
249.974 -720.282
259.032 -717.07
267.709 -713.924
284.51 -707.369
293.528 -703.697
302.106 -700.022
310.382 -696.326
318.536 -692.568
326.65 -688.725
335.438 -684.502
343.267 -680.551
351.596 -676.274
359.719 -671.971
367.717 -667.614
375.401 -663.318
383.762 -658.516
391.093 -654.213
399.304 -649.233
407.281 -644.267
414.959 -639.376
422.412 -634.532
430.446 -629.099
437.941 -623.953
445.567 -618.557
452.908 -613.272
460.176 -607.922
467.673 -602.198
481.386 -591.184
488.13 -585.525
495.212 -579.515
502.401 -573.287
509.513 -566.969
516.427 -560.657
522.826 -554.634
529.893 -547.897
536.573 -541.343
542.763 -535.102
549.092 -528.596
555.407 -521.959
561.357 -515.583
568.363 -507.819
574.06 -501.406
580.056 -494.488
586.236 -487.143
592.054 -480.096
597.603 -473.267
603.338 -465.981
609.008 -458.592
614.628 -451.068
624.766 -437.011
629.743 -429.663
634.917 -421.929
640.309 -413.742
645.006 -406.253
649.829 -398.437
654.721 -390.332
659.329 -382.445
663.902 -374.42
668.417 -366.278
672.587 -358.531
676.729 -350.653
680.989 -342.315
685.216 -333.774
689.225 -325.437
692.945 -317.525
696.819 -308.957
700.434 -300.79
704.194 -291.855
707.699 -283.333
711.361 -273.883
714.355 -266.396
717.664 -257.318
723.69 -240.241
726.568 -231.301
729.263 -222.49
731.79 -213.802
734.308 -204.868
736.726 -195.885
739.049 -186.841
741.212 -177.925
743.214 -169.189
745.219 -160.067
747.068 -151.112
748.817 -142.13
750.463 -133.13
752.004 -124.121
753.443 -115.102
754.805 -105.839
756.018 -96.9614
757.159 -87.7202
758.171 -78.9888
759.101 -69.7052
759.919 -60.4213
760.638 -51.4236
761.238 -42.1132
761.733 -32.8596
762.147 -23.8701
762.432 -14.6331
