761.178 1.7529e-15
761.118 9.565
760.938 19.1285
760.638 28.689
760.217 38.2449
759.676 47.7948
759.016 57.3371
758.235 66.8704
757.335 76.3932
756.315 85.9038
755.176 95.4009
753.918 104.883
752.54 114.348
751.044 123.796
749.429 133.224
747.696 142.631
745.844 152.015
743.875 161.375
741.789 170.71
739.585 180.018
737.265 189.297
734.828 198.547
732.275 207.765
729.606 216.95
726.822 226.102
723.924 235.217
720.911 244.295
717.784 253.335
714.544 262.335
711.191 271.293
707.726 280.208
704.149 289.08
700.461 297.905
696.662 306.684
692.753 315.414
688.735 324.094
684.608 332.723
680.373 341.3
676.03 349.822
671.581 358.29
667.026 366.7
662.365 375.053
657.6 383.347
652.731 391.58
647.759 399.752
642.684 407.86
637.508 415.904
632.232 423.882
626.855 431.793
621.38 439.636
615.806 447.409
610.135 455.112
604.368 462.743
598.506 470.301
592.549 477.785
586.498 485.193
580.355 492.525
574.12 499.779
567.794 506.954
561.379 514.049
554.875 521.062
548.284 527.994
541.606 534.842
534.842 541.606
527.994 548.284
521.062 554.875
514.049 561.379
506.954 567.794
499.779 574.12
492.525 580.355
485.193 586.498
477.785 592.549
470.301 598.506
462.743 604.368
455.112 610.135
447.409 615.806
439.636 621.38
431.793 626.855
423.882 632.232
415.904 637.508
407.86 642.684
399.752 647.759
391.58 652.731
383.347 657.6
375.053 662.365
366.7 667.026
358.29 671.581
349.822 676.03
341.3 680.373
332.723 684.608
324.094 688.735
315.414 692.753
306.684 696.662
297.905 700.461
289.08 704.149
280.208 707.726
271.293 711.191
262.335 714.544
253.335 717.784
244.295 720.911
235.217 723.924
226.102 726.822
216.95 729.606
207.765 732.275
198.547 734.828
189.297 737.265
180.018 739.585
170.71 741.789
161.375 743.875
152.015 745.844
142.631 747.696
133.224 749.429
123.796 751.044
114.348 752.54
104.883 753.918
95.4009 755.176
85.9038 756.315
76.3932 757.335
66.8704 758.235
57.3371 759.016
47.7948 759.676
38.2449 760.217
28.689 760.638
19.1285 760.938
9.565 761.118
4.65655e-14 761.178
-9.565 761.118
-19.1285 760.938
-28.689 760.638
-38.2449 760.217
-47.7948 759.676
-57.3371 759.016
-66.8704 758.235
-76.3932 757.335
-85.9038 756.315
-95.4009 755.176
-104.883 753.918
-114.348 752.54
-123.796 751.044
-133.224 749.429
-142.631 747.696
-152.015 745.844
-161.375 743.875
-170.71 741.789
-180.018 739.585
-189.297 737.265
-198.547 734.828
-207.765 732.275
-216.95 729.606
-226.102 726.822
-235.217 723.924
-244.295 720.911
-253.335 717.784
-262.335 714.544
-271.293 711.191
-280.208 707.726
-289.08 704.149
-297.905 700.461
-306.684 696.662
-315.414 692.753
-324.094 688.735
-332.723 684.608
-341.3 680.373
-349.822 676.03
-358.29 671.581
-366.7 667.026
-375.053 662.365
-383.347 657.6
-391.58 652.731
-399.752 647.759
-407.86 642.684
-415.904 637.508
-423.882 632.232
-431.793 626.855
-439.636 621.38
-447.409 615.806
-455.112 610.135
-462.743 604.368
-470.301 598.506
-477.785 592.549
-485.193 586.498
-492.525 580.355
-499.779 574.12
-506.954 567.794
-514.049 561.379
-521.062 554.875
-527.994 548.284
-534.842 541.606
-541.606 534.842
-548.284 527.994
-554.875 521.062
-561.379 514.049
-567.794 506.954
-574.12 499.779
-580.355 492.525
-586.498 485.193
-592.549 477.785
-598.506 470.301
-604.368 462.743
-610.135 455.112
-615.806 447.409
-621.38 439.636
-626.855 431.793
-632.232 423.882
-637.508 415.904
-642.684 407.86
-647.759 399.752
-652.731 391.58
-657.6 383.347
-662.365 375.053
-667.026 366.7
-671.581 358.29
-676.03 349.822
-680.373 341.3
-684.608 332.723
-688.735 324.094
-692.753 315.414
-696.662 306.684
-700.461 297.905
-704.149 289.08
-707.726 280.208
-711.191 271.293
-714.544 262.335
-717.784 253.335
-720.911 244.295
-723.924 235.217
-726.822 226.102
-729.606 216.95
-732.275 207.765
-734.828 198.547
-737.265 189.297
-739.585 180.018
-741.789 170.71
-743.875 161.375
-745.844 152.015
-747.696 142.631
-749.429 133.224
-751.044 123.796
-752.54 114.348
-753.918 104.883
-755.176 95.4009
-756.315 85.9038
-757.335 76.3932
-758.235 66.8704
-759.016 57.3371
-759.676 47.7948
-760.217 38.2449
-760.638 28.689
-760.938 19.1285
-761.118 9.565
-761.178 9.30055e-14
-761.118 -9.565
-760.938 -19.1285
-760.638 -28.689
-760.217 -38.2449
-759.676 -47.7948
-759.016 -57.3371
-758.235 -66.8704
-757.335 -76.3932
-756.315 -85.9038
-755.176 -95.4009
-753.918 -104.883
-752.54 -114.348
-751.044 -123.796
-749.429 -133.224
-747.696 -142.631
-745.844 -152.015
-743.875 -161.375
-741.789 -170.71
-739.585 -180.018
-737.265 -189.297
-734.828 -198.547
-732.275 -207.765
-729.606 -216.95
-726.822 -226.102
-723.924 -235.217
-720.911 -244.295
-717.784 -253.335
-714.544 -262.335
-711.191 -271.293
-707.726 -280.208
-704.149 -289.08
-700.461 -297.905
-696.662 -306.684
-692.753 -315.414
-688.735 -324.094
-684.608 -332.723
-680.373 -341.3
-676.03 -349.822
-671.581 -358.29
-667.026 -366.7
-662.365 -375.053
-657.6 -383.347
-652.731 -391.58
-647.759 -399.752
-642.684 -407.86
-637.508 -415.904
-632.232 -423.882
-626.855 -431.793
-621.38 -439.636
-615.806 -447.409
-610.135 -455.112
-604.368 -462.743
-598.506 -470.301
-592.549 -477.785
-586.498 -485.193
-580.355 -492.525
-574.12 -499.779
-567.794 -506.954
-561.379 -514.049
-554.875 -521.062
-548.284 -527.994
-541.606 -534.842
-534.842 -541.606
-527.994 -548.284
-521.062 -554.875
-514.049 -561.379
-506.954 -567.794
-499.779 -574.12
-492.525 -580.355
-485.193 -586.498
-477.785 -592.549
-470.301 -598.506
-462.743 -604.368
-455.112 -610.135
-447.409 -615.806
-439.636 -621.38
-431.793 -626.855
-423.882 -632.232
-415.904 -637.508
-407.86 -642.684
-399.752 -647.759
-391.58 -652.731
-383.347 -657.6
-375.053 -662.365
-366.7 -667.026
-358.29 -671.581
-349.822 -676.03
-341.3 -680.373
-332.723 -684.608
-324.094 -688.735
-315.414 -692.753
-306.684 -696.662
-297.905 -700.461
-289.08 -704.149
-280.208 -707.726
-271.293 -711.191
-262.335 -714.544
-253.335 -717.784
-244.295 -720.911
-235.217 -723.924
-226.102 -726.822
-216.95 -729.606
-207.765 -732.275
-198.547 -734.828
-189.297 -737.265
-180.018 -739.585
-170.71 -741.789
-161.375 -743.875
-152.015 -745.844
-142.631 -747.696
-133.224 -749.429
-123.796 -751.044
-114.348 -752.54
-104.883 -753.918
-95.4009 -755.176
-85.9038 -756.315
-76.3932 -757.335
-66.8704 -758.235
-57.3371 -759.016
-47.7948 -759.676
-38.2449 -760.217
-28.689 -760.638
-19.1285 -760.938
-9.565 -761.118
-1.42178e-13 -761.178
9.565 -761.118
19.1285 -760.938
28.689 -760.638
38.2449 -760.217
47.7948 -759.676
57.3371 -759.016
66.8704 -758.235
76.3932 -757.335
85.9038 -756.315
95.4009 -755.176
104.883 -753.918
114.348 -752.54
123.796 -751.044
133.224 -749.429
142.631 -747.696
152.015 -745.844
161.375 -743.875
170.71 -741.789
180.018 -739.585
189.297 -737.265
198.547 -734.828
207.765 -732.275
216.95 -729.606
226.102 -726.822
235.217 -723.924
244.295 -720.911
253.335 -717.784
262.335 -714.544
271.293 -711.191
280.208 -707.726
289.08 -704.149
297.905 -700.461
306.684 -696.662
315.414 -692.753
324.094 -688.735
332.723 -684.608
341.3 -680.373
349.822 -676.03
358.29 -671.581
366.7 -667.026
375.053 -662.365
383.347 -657.6
391.58 -652.731
399.752 -647.759
407.86 -642.684
415.904 -637.508
423.882 -632.232
431.793 -626.855
439.636 -621.38
447.409 -615.806
455.112 -610.135
462.743 -604.368
470.301 -598.506
477.785 -592.549
485.193 -586.498
492.525 -580.355
499.779 -574.12
506.954 -567.794
514.049 -561.379
521.062 -554.875
527.994 -548.284
534.842 -541.606
541.606 -534.842
548.284 -527.994
554.875 -521.062
561.379 -514.049
567.794 -506.954
574.12 -499.779
580.355 -492.525
586.498 -485.193
592.549 -477.785
598.506 -470.301
604.368 -462.743
610.135 -455.112
615.806 -447.409
621.38 -439.636
626.855 -431.793
632.232 -423.882
637.508 -415.904
642.684 -407.86
647.759 -399.752
652.731 -391.58
657.6 -383.347
662.365 -375.053
667.026 -366.7
671.581 -358.29
676.03 -349.822
680.373 -341.3
684.608 -332.723
688.735 -324.094
692.753 -315.414
696.662 -306.684
700.461 -297.905
704.149 -289.08
707.726 -280.208
711.191 -271.293
714.544 -262.335
717.784 -253.335
720.911 -244.295
723.924 -235.217
726.822 -226.102
729.606 -216.95
732.275 -207.765
734.828 -198.547
737.265 -189.297
739.585 -180.018
741.789 -170.71
743.875 -161.375
745.844 -152.015
747.696 -142.631
749.429 -133.224
751.044 -123.796
752.54 -114.348
753.918 -104.883
755.176 -95.4009
756.315 -85.9038
757.335 -76.3932
758.235 -66.8704
759.016 -57.3371
759.676 -47.7948
760.217 -38.2449
760.638 -28.689
760.938 -19.1285
761.118 -9.565
