760.465 4.53351
760.329 13.9144
760.061 23.1121
759.655 31.7416
759.193 41.2109
758.614 50.6762
757.916 59.966
757.107 69.2178
756.199 78.1897
755.151 87.7979
754.079 96.2043
752.856 105.291
751.549 114.214
750.141 123.148
748.57 132.379
747.056 140.848
745.244 150.157
743.443 158.982
741.447 168.109
739.289 177.372
737.352 185.645
734.955 194.911
732.762 203.36
730.208 212.417
727.701 221.103
721.669 240.31
718.685 248.844
715.575 257.5
712.363 266.124
709.065 274.655
705.569 283.501
702.341 291.086
698.625 299.898
694.75 308.798
691.032 316.927
687.17 325.157
683.22 333.333
679.327 341.158
674.958 349.724
670.931 357.39
666.498 365.6
662.092 373.546
657.676 381.32
652.972 389.346
648.097 397.423
643.419 405.036
638.294 413.068
633.427 420.592
628.444 428.105
623.382 435.56
617.771 443.454
612.588 450.731
607.26 458.02
594.974 473.712
589.058 481.012
583.354 487.774
577.341 494.826
571.76 501.105
565.172 508.571
559.163 515.094
552.634 522.094
546.573 528.371
540.304 534.752
533.846 541.187
526.923 547.932
520.797 553.759
513.462 560.561
506.722 566.667
500.207 572.458
493.477 578.312
486.219 584.432
479.39 590.108
471.651 596.279
464.83 601.7
457.23 607.495
449.986 612.943
442.463 618.429
434.86 623.833
420.408 633.579
412.866 638.452
404.92 643.506
397.325 648.166
389.425 652.919
381.761 657.393
373.328 662.226
365.115 666.782
357.198 671.038
349.168 675.244
341.177 679.318
332.165 683.767
324.398 687.496
315.99 691.41
307.675 695.167
299.11 698.906
290.66 702.485
282.326 705.916
273.645 709.345
264.48 712.793
256.044 715.916
239.057 722.049
230.471 724.748
221.777 727.39
212.569 730.141
203.906 732.538
195.697 734.668
186.11 737.186
177.342 739.299
168.182 741.426
158.258 743.657
150.432 745.175
141.071 747.003
132.092 748.628
123.371 750.102
114.18 751.555
104.981 752.895
96.2797 754.072
86.9189 755.212
77.8978 756.215
68.767 757.119
59.8536 757.917
50.6494 758.613
41.4161 759.2
32.3742 759.691
22.9088 760.044
13.9094 760.328
4.29444 760.435
-4.94395 760.473
-14.1515 760.407
-34.2808 759.867
-43.1368 759.309
-52.1994 758.675
-61.8892 757.967
-70.6711 757.107
-79.6254 756.16
-89.1475 755.099
-97.7969 753.955
-106.775 752.703
-115.119 751.424
-125.407 749.81
-134.092 748.275
-142.539 746.695
-151.781 744.872
-160.525 743.043
-169.77 740.987
-178.494 738.952
-187.336 736.781
-196.269 734.471
-204.948 732.138
-214.396 729.405
-223.083 726.835
-232.09 724.02
-240.265 721.455
-249.256 718.406
-258.617 715.043
-266.616 712.241
-275.595 708.806
-292.096 702.024
-300.792 698.33
-308.585 694.826
-317.706 690.741
-326.092 686.796
-334.416 682.757
-342.326 678.781
-350.519 674.57
-358.728 670.23
-366.955 665.755
-374.785 661.369
-383.005 656.642
-390.515 652.21
-398.951 647.079
-406.225 642.566
-414.087 637.538
-421.54 632.678
-428.967 627.722
-436.963 622.164
-444.333 616.979
-451.99 611.402
-459.05 606.227
-473.869 594.882
-480.987 589.074
-488.019 583.194
-494.963 577.248
-501.85 571.214
-508.635 565.124
-515.349 558.96
-521.993 552.718
-528.614 546.36
-535.134 539.949
-541.568 533.475
-547.915 526.94
-554.182 520.34
-560.364 513.681
-566.48 506.94
-572.517 500.134
-578.478 493.259
-584.364 486.312
-590.178 479.289
-595.915 472.195
-601.569 465.04
-607.153 457.8
-612.661 450.484
-618.088 443.097
-623.452 435.602
-634.537 419.298
-639.844 411.191
-644.441 403.735
-649.548 395.5
-654.202 387.647
-658.624 379.937
-663.232 371.794
-667.71 363.642
-671.988 355.597
-675.911 347.955
-679.909 340.022
-684.04 331.622
-688.075 323.159
-691.98 314.703
-695.756 306.259
-699.28 298.143
-702.742 289.938
-706.414 280.849
-709.534 273.022
-712.945 263.962
-715.941 255.947
-719.03 247.224
-722.157 237.832
-724.95 229.395
-727.608 221.231
-730.307 212.233
-732.912 203.074
-735.379 194.081
-740.396 174.366
-742.39 165.398
-744.224 156.557
-745.912 147.849
-747.837 138.069
-749.503 128.693
-750.848 120.011
-752.095 111.383
-753.493 101.666
-754.623 92.61
-755.637 83.6148
-756.528 74.7626
-757.428 65.0952
-758.098 56.3659
-758.74 46.9073
-759.228 38.0089
-759.625 29.0694
-759.927 20.1417
-760.124 10.7891
-760.233 1.98716
-760.22 -7.26465
-760.073 -16.7657
-759.754 -26.8201
-759.501 -35.1572
-759.132 -43.8712
-758.547 -53.2674
-757.768 -63.0439
-757.146 -71.5321
-756.305 -80.5888
-755.379 -89.5773
-754.307 -98.702
-751.146 -119.136
-749.587 -128.683
-747.938 -137.469
-746.179 -146.466
-744.281 -155.82
-742.367 -164.26
-740.299 -173.195
-738.086 -182.356
-735.713 -191.745
-733.411 -200.151
-731.06 -208.431
-728.244 -218.138
-725.643 -226.555
-722.737 -235.663
-720.036 -243.764
-716.942 -252.722
-713.92 -261.164
-710.593 -270.087
-707.723 -277.704
-703.919 -287.115
-700.447 -295.549
-696.828 -304.038
-693.385 -311.995
-689.17 -321.095
-685.768 -328.612
-681.194 -337.811
-677.806 -345.004
-673.141 -353.876
-668.93 -361.917
-659.687 -378.225
-655.027 -386.159
-650.293 -394
-645.477 -401.771
-640.566 -409.495
-635.7 -416.933
-630.715 -424.389
-625.357 -432.241
-620.346 -439.37
-614.863 -447.009
-609.467 -454.338
-603.914 -461.699
-598.393 -468.853
-592.558 -476.214
-586.913 -483.194
-580.905 -490.414
-574.74 -497.631
-568.88 -504.382
-562.944 -511.077
-556.458 -518.128
-550.345 -524.702
-539.344 -535.812
-532.4 -542.737
-526.274 -548.593
-519.158 -555.348
-512.889 -561.093
-505.218 -568.044
-498.539 -573.884
-491.728 -579.72
-484.67 -585.634
-477.515 -591.485
-469.767 -597.654
-463.009 -602.926
-455.959 -608.311
-448.579 -613.798
-441.376 -619.054
-433.556 -624.555
-419.233 -634.596
-411.421 -639.642
-403.64 -644.519
-395.655 -649.423
-387.964 -653.961
-379.891 -658.657
-371.979 -663.104
-363.943 -667.512
-355.991 -671.744
-347.731 -676.041
-339.462 -680.214
-331.412 -684.148
-323.587 -687.868
-314.95 -691.865
-306.673 -695.577
-298.333 -699.204
-289.95 -702.737
-281.318 -706.248
-273.066 -709.52
-264.362 -712.827
-256.028 -715.921
-247.215 -719.032
-238.596 -721.987
-229.909 -724.851
-221.173 -727.617
-212.613 -730.255
-203.717 -732.835
-184.864 -737.648
-176.266 -739.662
-166.695 -741.909
-158.049 -743.721
-149.421 -745.439
-140.075 -747.249
-131.107 -748.845
-121.677 -750.436
-113.598 -751.648
-103.745 -753.081
-94.3108 -754.32
-85.5556 -755.349
-76.0549 -756.365
-67.2557 -757.201
-58.3442 -757.953
-49.3611 -758.613
-40.1874 -759.173
-31.2149 -759.633
-21.5405 -759.96
-12.3147 -760.19
-3.14998 -760.317
6.25797 -760.311
15.2335 -760.245
24.5515 -760.029
42.8324 -759.284
52.2921 -758.681
60.9203 -757.929
70.6961 -757.108
79.923 -756.159
89.0198 -755.102
97.858 -753.952
107.136 -752.676
115.328 -751.398
125.009 -749.858
134.579 -748.206
142.175 -746.766
151.693 -744.89
160.905 -742.955
169.867 -740.962
178.694 -738.896
187.702 -736.67
196.724 -734.322
205.379 -731.983
214.474 -729.377
223.08 -726.837
231.838 -724.128
240.725 -721.244
249.097 -718.484
258.133 -715.283
266.766 -712.161
284.008 -705.433
293.009 -701.765
301.55 -698.101
309.773 -694.421
317.868 -690.683
325.925 -686.861
334.699 -682.643
342.462 -678.72
350.756 -674.459
358.836 -670.177
366.787 -665.844
374.409 -661.582
382.752 -656.79
390.005 -652.535
398.198 -647.567
406.146 -642.621
413.78 -637.761
421.181 -632.956
429.2 -627.534
436.665 -622.412
444.258 -617.045
451.555 -611.799
458.78 -606.49
466.253 -600.79
480.297 -589.507
486.978 -583.891
494.038 -577.896
501.203 -571.686
508.292 -565.385
515.177 -559.096
521.52 -553.118
528.578 -546.391
535.229 -539.862
541.366 -533.67
547.657 -527.203
553.938 -520.602
559.837 -514.283
566.861 -506.499
572.504 -500.15
578.468 -493.271
584.635 -485.945
590.423 -478.939
595.931 -472.17
601.643 -464.92
607.299 -457.553
612.898 -450.065
623.283 -435.669
628.215 -428.373
633.361 -420.673
638.743 -412.498
643.404 -405.056
648.198 -397.28
653.076 -389.194
657.652 -381.357
662.2 -373.369
666.694 -365.263
670.828 -357.578
674.944 -349.751
679.184 -341.454
683.399 -332.938
687.39 -324.641
691.082 -316.798
694.943 -308.263
698.54 -300.149
702.291 -291.239
705.785 -282.753
709.447 -273.303
712.412 -265.92
715.715 -256.869
721.9 -239.35
724.759 -230.449
727.439 -221.668
729.945 -213.029
732.446 -204.137
734.848 -195.197
737.156 -186.194
739.307 -177.317
741.293 -168.633
743.288 -159.549
745.124 -150.642
746.862 -141.71
748.497 -132.76
750.03 -123.801
751.461 -114.832
752.817 -105.615
754.025 -96.7895
755.163 -87.5897
756.172 -78.9295
757.101 -69.6864
757.92 -60.4426
758.639 -51.5036
759.241 -42.2241
759.739 -33.023
760.159 -24.0852
760.449 -14.8937
