759.472 4.65113
759.335 14.0217
759.065 23.1953
758.656 31.7842
758.193 41.2368
757.614 50.695
756.916 59.9658
756.108 69.1979
755.201 78.1419
754.152 87.741
753.084 96.1043
751.863 105.168
750.561 114.063
749.157 122.971
747.589 132.185
746.083 140.615
744.275 149.91
742.481 158.709
740.491 167.818
738.337 177.068
736.413 185.301
734.02 194.556
731.841 202.971
729.29 212.02
726.795 220.679
720.682 240.147
717.704 248.651
714.597 257.293
711.39 265.895
708.097 274.402
704.605 283.236
701.392 290.773
697.679 299.572
693.807 308.466
690.099 316.566
686.247 324.773
682.307 332.926
678.429 340.718
674.064 349.275
670.055 356.907
665.631 365.101
661.238 373.025
656.838 380.774
652.145 388.784
647.279 396.848
642.619 404.436
637.502 412.459
632.653 419.959
627.687 427.451
622.645 434.884
617.041 442.77
611.874 450.03
606.561 457.305
594.111 473.207
588.204 480.493
582.517 487.226
576.516 494.261
570.961 500.503
564.374 507.969
558.384 514.467
551.863 521.458
545.825 527.707
539.575 534.066
533.135 540.483
526.218 547.223
520.124 553.019
512.788 559.822
506.068 565.911
499.58 571.679
492.874 577.514
485.627 583.626
478.824 589.284
471.087 595.453
464.297 600.854
456.708 606.642
449.487 612.076
441.983 617.552
434.391 622.95
419.773 632.806
412.248 637.666
404.316 642.709
396.747 647.35
388.866 652.09
381.228 656.546
372.802 661.375
364.604 665.922
356.71 670.165
348.704 674.358
340.739 678.419
331.725 682.87
323.993 686.582
315.604 690.487
307.311 694.236
298.763 697.968
290.335 701.539
282.027 704.961
273.364 708.385
264.204 711.831
255.797 714.947
238.608 721.155
230.05 723.841
221.366 726.479
212.169 729.225
203.533 731.61
195.365 733.724
185.781 736.241
177.039 738.346
167.894 740.468
157.965 742.701
150.195 744.204
140.846 746.029
131.891 747.648
123.202 749.116
114.029 750.566
104.85 751.904
96.1827 753.076
86.8376 754.215
77.8422 755.216
68.7346 756.12
59.8507 756.917
50.6679 757.613
41.4556 758.201
32.4404 758.693
22.9895 759.047
14.0182 759.334
4.41358 759.443
-4.80296 759.483
-13.9952 759.419
-34.3933 758.874
-43.2248 758.313
-52.2607 757.677
-61.9431 756.969
-70.6918 756.108
-79.6179 755.16
-89.1285 754.099
-97.7419 752.957
-106.694 751.707
-114.995 750.432
-125.294 748.817
-133.946 747.286
-142.354 745.713
-151.58 743.892
-160.296 742.069
-169.527 740.017
-178.222 737.99
-187.04 735.826
-195.952 733.523
-204.605 731.199
-214.048 728.468
-222.711 725.907
-231.703 723.098
-239.841 720.55
-248.819 717.507
-258.178 714.144
-266.137 711.363
-275.12 707.927
-291.812 701.066
-300.492 697.376
-308.246 693.885
-317.367 689.8
-325.734 685.862
-334.038 681.832
-341.918 677.867
-350.091 673.666
-358.282 669.335
-366.494 664.868
-374.298 660.495
-382.505 655.776
-389.985 651.363
-398.419 646.233
-405.658 641.742
-413.506 636.725
-420.933 631.883
-428.335 626.947
-436.325 621.394
-443.673 616.228
-451.325 610.655
-458.358 605.504
-473.365 594.019
-480.463 588.222
-487.475 582.355
-494.399 576.422
-501.266 570.402
-508.031 564.327
-514.725 558.178
-521.356 551.948
-527.963 545.601
-534.465 539.206
-540.88 532.749
-547.209 526.232
-553.459 519.65
-559.623 513.009
-565.723 506.287
-571.743 499.501
-577.689 492.645
-583.559 485.718
-589.359 478.715
-595.082 471.641
-600.722 464.507
-606.294 457.288
-611.79 449.993
-617.206 442.626
-622.56 435.152
-633.785 418.638
-639.096 410.526
-643.67 403.098
-648.771 394.87
-653.406 387.041
-657.814 379.35
-662.407 371.229
-666.879 363.086
-671.139 355.069
-675.045 347.454
-679.028 339.549
-683.151 331.165
-687.18 322.712
-691.076 314.274
-694.844 305.849
-698.355 297.763
-701.806 289.587
-705.476 280.503
-708.581 272.718
-711.99 263.666
-714.975 255.69
-718.059 246.987
-721.185 237.597
-723.971 229.191
-726.621 221.067
-729.318 212.086
-731.921 202.94
-734.386 193.967
-739.47 173.989
-741.458 165.035
-743.283 156.22
-744.96 147.542
-746.887 137.757
-748.548 128.394
-749.884 119.745
-751.122 111.154
-752.519 101.441
-753.644 92.409
-754.652 83.4405
-755.538 74.6188
-756.438 64.9591
-757.103 56.2642
-757.744 46.8204
-758.23 37.9523
-758.625 29.0426
-758.927 20.1447
-759.124 10.8096
-759.235 2.0416
-759.223 -7.18906
-759.077 -16.683
-758.758 -26.7365
-758.51 -35.0249
-758.145 -43.7098
-757.563 -53.0898
-756.785 -62.8614
-756.172 -71.308
-755.336 -80.3397
-754.418 -89.3018
-753.353 -98.4044
-750.147 -119.118
-748.588 -128.656
-746.94 -137.412
-745.182 -146.385
-743.285 -155.727
-741.375 -164.13
-739.311 -173.041
-737.1 -182.186
-734.729 -191.567
-732.435 -199.938
-730.092 -208.179
-727.275 -217.89
-724.683 -226.274
-721.78 -235.372
-719.092 -243.432
-716.003 -252.376
-712.993 -260.79
-709.666 -269.713
-706.814 -277.288
-703.012 -286.695
-699.55 -295.106
-695.941 -303.576
-692.512 -311.507
-688.301 -320.601
-684.92 -328.082
-680.345 -337.281
-676.986 -344.432
-672.325 -353.299
-668.129 -361.319
-658.768 -377.83
-654.118 -385.743
-649.394 -393.563
-644.588 -401.313
-639.689 -409.015
-634.837 -416.427
-629.868 -423.857
-624.518 -431.698
-619.526 -438.797
-614.053 -446.422
-608.672 -453.731
-603.133 -461.075
-597.623 -468.214
-591.801 -475.56
-586.176 -482.518
-580.181 -489.724
-574.021 -496.935
-568.178 -503.671
-562.263 -510.345
-555.785 -517.388
-549.694 -523.943
-538.589 -535.155
-531.649 -542.077
-525.551 -547.901
-518.439 -554.652
-512.201 -560.368
-504.522 -567.326
-497.866 -573.145
-491.077 -578.961
-484.036 -584.86
-476.898 -590.699
-469.151 -596.867
-462.425 -602.115
-455.401 -607.481
-448.04 -612.956
-440.863 -618.196
-433.054 -623.69
-418.563 -633.853
-410.767 -638.885
-403.005 -643.747
-395.034 -648.639
-387.367 -653.159
-379.309 -657.844
-371.419 -662.276
-363.402 -666.671
-355.474 -670.888
-347.233 -675.174
-338.976 -679.34
-330.952 -683.26
-323.161 -686.964
-314.536 -690.955
-306.282 -694.656
-297.965 -698.274
-289.607 -701.798
-280.992 -705.303
-272.771 -708.565
-264.084 -711.866
-255.781 -714.952
-246.986 -718.059
-238.391 -721.009
-229.728 -723.867
-221.015 -726.63
-212.477 -729.264
-203.604 -731.841
-184.503 -736.715
-175.937 -738.717
-166.37 -740.963
-157.755 -742.765
-149.16 -744.473
-139.827 -746.28
-130.884 -747.871
-121.465 -749.459
-113.436 -750.661
-103.585 -752.094
-94.1647 -753.33
-85.4443 -754.356
-75.9489 -755.371
-67.1821 -756.203
-58.3002 -756.954
-49.3452 -757.613
-40.1937 -758.173
-31.2497 -758.634
-21.584 -758.961
-12.3798 -759.192
-3.23097 -759.32
6.15878 -759.316
15.1046 -759.254
24.4033 -759.04
42.9061 -758.287
52.3511 -757.683
60.9414 -756.929
70.7121 -756.108
79.9187 -755.159
88.9918 -754.102
97.799 -752.954
107.059 -751.679
115.202 -750.406
124.885 -748.866
134.448 -747.215
141.98 -745.785
151.49 -743.911
160.686 -741.979
169.626 -739.992
178.427 -737.932
187.416 -735.712
196.42 -733.37
205.047 -731.04
214.135 -728.436
222.712 -725.907
231.448 -723.207
240.317 -720.331
248.658 -717.585
257.683 -714.39
266.294 -711.279
283.756 -704.465
292.75 -700.8
301.272 -697.14
309.468 -693.469
317.534 -689.74
325.563 -685.928
334.33 -681.714
342.06 -677.805
350.336 -673.551
358.395 -669.279
366.322 -664.959
373.912 -660.713
382.246 -655.927
389.462 -651.695
397.645 -646.734
405.578 -641.797
413.191 -636.953
420.565 -632.168
428.578 -626.751
436.028 -621.642
443.604 -616.288
450.878 -611.063
458.082 -605.774
465.543 -600.086
479.752 -588.668
486.401 -583.073
493.451 -577.087
500.604 -570.885
507.681 -564.593
514.552 -558.316
520.867 -552.361
527.92 -545.638
534.557 -539.122
540.668 -532.954
546.94 -526.507
553.203 -519.924
559.077 -513.633
566.11 -505.838
571.726 -499.522
577.674 -492.663
583.834 -485.346
589.607 -478.36
595.095 -471.621
600.796 -464.389
606.445 -457.033
612.033 -449.563
622.539 -435.001
627.448 -427.731
632.581 -420.047
637.958 -411.879
642.603 -404.458
647.382 -396.701
652.252 -388.628
656.813 -380.813
661.349 -372.844
665.832 -364.755
669.949 -357.102
674.05 -349.303
678.281 -341.023
682.491 -332.52
686.473 -324.243
690.151 -316.434
694.006 -307.916
697.591 -299.832
701.34 -290.93
704.827 -282.466
708.49 -273.013
711.44 -265.686
714.741 -256.644
721.003 -238.908
723.854 -230.024
726.528 -221.258
729.022 -212.645
731.514 -203.776
733.908 -194.857
736.209 -185.874
738.354 -177.013
740.331 -168.358
742.321 -159.293
744.151 -150.411
745.883 -141.503
747.514 -132.579
749.043 -123.644
750.47 -114.701
751.824 -105.503
753.029 -96.7075
754.165 -87.5284
755.172 -78.9039
756.101 -69.681
756.92 -60.4572
757.64 -51.5475
758.244 -42.2877
758.743 -33.1086
759.165 -24.2007
759.459 -15.0319
