758.178 2.00926e-15
758.118 9.5273
757.939 19.0531
757.64 28.5759
757.221 38.0942
756.682 47.6064
756.024 57.1112
755.247 66.6069
754.35 76.0921
753.335 85.5653
752.2 95.0249
750.946 104.47
749.574 113.898
748.084 123.308
746.475 132.699
744.749 142.068
742.905 151.416
740.944 160.739
738.865 170.037
736.67 179.308
734.359 188.551
731.931 197.764
729.389 206.946
726.73 216.095
723.958 225.21
721.07 234.29
718.069 243.332
714.955 252.337
711.728 261.301
708.388 270.224
704.936 279.104
701.374 287.94
697.7 296.731
693.916 305.475
690.023 314.171
686.02 322.817
681.91 331.412
677.691 339.954
673.366 348.443
668.934 356.878
664.397 365.255
659.754 373.575
655.008 381.836
650.158 390.037
645.206 398.176
640.151 406.252
634.996 414.264
629.74 422.211
624.385 430.091
618.931 437.903
613.379 445.646
607.731 453.319
601.986 460.92
596.147 468.448
590.213 475.902
584.186 483.281
578.067 490.584
571.857 497.809
565.556 504.956
559.166 512.023
552.688 519.009
546.123 525.913
539.471 532.734
532.734 539.471
525.913 546.123
519.009 552.688
512.023 559.166
504.956 565.556
497.809 571.857
490.584 578.067
483.281 584.186
475.902 590.213
468.448 596.147
460.92 601.986
453.319 607.731
445.646 613.379
437.903 618.931
430.091 624.385
422.211 629.74
414.264 634.996
406.252 640.151
398.176 645.206
390.037 650.158
381.836 655.008
373.575 659.754
365.255 664.397
356.878 668.934
348.443 673.366
339.954 677.691
331.412 681.91
322.817 686.02
314.171 690.023
305.475 693.916
296.731 697.7
287.94 701.374
279.104 704.936
270.224 708.388
261.301 711.728
252.337 714.955
243.332 718.069
234.29 721.07
225.21 723.958
216.095 726.73
206.946 729.389
197.764 731.931
188.551 734.359
179.308 736.67
170.037 738.865
160.739 740.944
151.416 742.905
142.068 744.749
132.699 746.475
123.308 748.084
113.898 749.574
104.47 750.946
95.0249 752.2
85.5653 753.335
76.0921 754.35
66.6069 755.247
57.1112 756.024
47.6064 756.682
38.0942 757.221
28.5759 757.64
19.0531 757.939
9.5273 758.118
4.63658e-14 758.178
-9.5273 758.118
-19.0531 757.939
-28.5759 757.64
-38.0942 757.221
-47.6064 756.682
-57.1112 756.024
-66.6069 755.247
-76.0921 754.35
-85.5653 753.335
-95.0249 752.2
-104.47 750.946
-113.898 749.574
-123.308 748.084
-132.699 746.475
-142.068 744.749
-151.416 742.905
-160.739 740.944
-170.037 738.865
-179.308 736.67
-188.551 734.359
-197.764 731.931
-206.946 729.389
-216.095 726.73
-225.21 723.958
-234.29 721.07
-243.332 718.069
-252.337 714.955
-261.301 711.728
-270.224 708.388
-279.104 704.936
-287.94 701.374
-296.731 697.7
-305.475 693.916
-314.171 690.023
-322.817 686.02
-331.412 681.91
-339.954 677.691
-348.443 673.366
-356.878 668.934
-365.255 664.397
-373.575 659.754
-381.836 655.008
-390.037 650.158
-398.176 645.206
-406.252 640.151
-414.264 634.996
-422.211 629.74
-430.091 624.385
-437.903 618.931
-445.646 613.379
-453.319 607.731
-460.92 601.986
-468.448 596.147
-475.902 590.213
-483.281 584.186
-490.584 578.067
-497.809 571.857
-504.956 565.556
-512.023 559.166
-519.009 552.688
-525.913 546.123
-532.734 539.471
-539.471 532.734
-546.123 525.913
-552.688 519.009
-559.166 512.023
-565.556 504.956
-571.857 497.809
-578.067 490.584
-584.186 483.281
-590.213 475.902
-596.147 468.448
-601.986 460.92
-607.731 453.319
-613.379 445.646
-618.931 437.903
-624.385 430.091
-629.74 422.211
-634.996 414.264
-640.151 406.252
-645.206 398.176
-650.158 390.037
-655.008 381.836
-659.754 373.575
-664.397 365.255
-668.934 356.878
-673.366 348.443
-677.691 339.954
-681.91 331.412
-686.02 322.817
-690.023 314.171
-693.916 305.475
-697.7 296.731
-701.374 287.94
-704.936 279.104
-708.388 270.224
-711.728 261.301
-714.955 252.337
-718.069 243.332
-721.07 234.29
-723.958 225.21
-726.73 216.095
-729.389 206.946
-731.931 197.764
-734.359 188.551
-736.67 179.308
-738.865 170.037
-740.944 160.739
-742.905 151.416
-744.749 142.068
-746.475 132.699
-748.084 123.308
-749.574 113.898
-750.946 104.47
-752.2 95.0249
-753.335 85.5653
-754.35 76.0921
-755.247 66.6069
-756.024 57.1112
-756.682 47.6064
-757.221 38.0942
-757.64 28.5759
-757.939 19.0531
-758.118 9.5273
-758.178 9.26712e-14
-758.118 -9.5273
-757.939 -19.0531
-757.64 -28.5759
-757.221 -38.0942
-756.682 -47.6064
-756.024 -57.1112
-755.247 -66.6069
-754.35 -76.0921
-753.335 -85.5653
-752.2 -95.0249
-750.946 -104.47
-749.574 -113.898
-748.084 -123.308
-746.475 -132.699
-744.749 -142.068
-742.905 -151.416
-740.944 -160.739
-738.865 -170.037
-736.67 -179.308
-734.359 -188.551
-731.931 -197.764
-729.389 -206.946
-726.73 -216.095
-723.958 -225.21
-721.07 -234.29
-718.069 -243.332
-714.955 -252.337
-711.728 -261.301
-708.388 -270.224
-704.936 -279.104
-701.374 -287.94
-697.7 -296.731
-693.916 -305.475
-690.023 -314.171
-686.02 -322.817
-681.91 -331.412
-677.691 -339.954
-673.366 -348.443
-668.934 -356.878
-664.397 -365.255
-659.754 -373.575
-655.008 -381.836
-650.158 -390.037
-645.206 -398.176
-640.151 -406.252
-634.996 -414.264
-629.74 -422.211
-624.385 -430.091
-618.931 -437.903
-613.379 -445.646
-607.731 -453.319
-601.986 -460.92
-596.147 -468.448
-590.213 -475.902
-584.186 -483.281
-578.067 -490.584
-571.857 -497.809
-565.556 -504.956
-559.166 -512.023
-552.688 -519.009
-546.123 -525.913
-539.471 -532.734
-532.734 -539.471
-525.913 -546.123
-519.009 -552.688
-512.023 -559.166
-504.956 -565.556
-497.809 -571.857
-490.584 -578.067
-483.281 -584.186
-475.902 -590.213
-468.448 -596.147
-460.92 -601.986
-453.319 -607.731
-445.646 -613.379
-437.903 -618.931
-430.091 -624.385
-422.211 -629.74
-414.264 -634.996
-406.252 -640.151
-398.176 -645.206
-390.037 -650.158
-381.836 -655.008
-373.575 -659.754
-365.255 -664.397
-356.878 -668.934
-348.443 -673.366
-339.954 -677.691
-331.412 -681.91
-322.817 -686.02
-314.171 -690.023
-305.475 -693.916
-296.731 -697.7
-287.94 -701.374
-279.104 -704.936
-270.224 -708.388
-261.301 -711.728
-252.337 -714.955
-243.332 -718.069
-234.29 -721.07
-225.21 -723.958
-216.095 -726.73
-206.946 -729.389
-197.764 -731.931
-188.551 -734.359
-179.308 -736.67
-170.037 -738.865
-160.739 -740.944
-151.416 -742.905
-142.068 -744.749
-132.699 -746.475
-123.308 -748.084
-113.898 -749.574
-104.47 -750.946
-95.0249 -752.2
-85.5653 -753.335
-76.0921 -754.35
-66.6069 -755.247
-57.1112 -756.024
-47.6064 -756.682
-38.0942 -757.221
-28.5759 -757.64
-19.0531 -757.939
-9.5273 -758.118
-1.41842e-13 -758.178
9.5273 -758.118
19.0531 -757.939
28.5759 -757.64
38.0942 -757.221
47.6064 -756.682
57.1112 -756.024
66.6069 -755.247
76.0921 -754.35
85.5653 -753.335
95.0249 -752.2
104.47 -750.946
113.898 -749.574
123.308 -748.084
132.699 -746.475
142.068 -744.749
151.416 -742.905
160.739 -740.944
170.037 -738.865
179.308 -736.67
188.551 -734.359
197.764 -731.931
206.946 -729.389
216.095 -726.73
225.21 -723.958
234.29 -721.07
243.332 -718.069
252.337 -714.955
261.301 -711.728
270.224 -708.388
279.104 -704.936
287.94 -701.374
296.731 -697.7
305.475 -693.916
314.171 -690.023
322.817 -686.02
331.412 -681.91
339.954 -677.691
348.443 -673.366
356.878 -668.934
365.255 -664.397
373.575 -659.754
381.836 -655.008
390.037 -650.158
398.176 -645.206
406.252 -640.151
414.264 -634.996
422.211 -629.74
430.091 -624.385
437.903 -618.931
445.646 -613.379
453.319 -607.731
460.92 -601.986
468.448 -596.147
475.902 -590.213
483.281 -584.186
490.584 -578.067
497.809 -571.857
504.956 -565.556
512.023 -559.166
519.009 -552.688
525.913 -546.123
532.734 -539.471
539.471 -532.734
546.123 -525.913
552.688 -519.009
559.166 -512.023
565.556 -504.956
571.857 -497.809
578.067 -490.584
584.186 -483.281
590.213 -475.902
596.147 -468.448
601.986 -460.92
607.731 -453.319
613.379 -445.646
618.931 -437.903
624.385 -430.091
629.74 -422.211
634.996 -414.264
640.151 -406.252
645.206 -398.176
650.158 -390.037
655.008 -381.836
659.754 -373.575
664.397 -365.255
668.934 -356.878
673.366 -348.443
677.691 -339.954
681.91 -331.412
686.02 -322.817
690.023 -314.171
693.916 -305.475
697.7 -296.731
701.374 -287.94
704.936 -279.104
708.388 -270.224
711.728 -261.301
714.955 -252.337
718.069 -243.332
721.07 -234.29
723.958 -225.21
726.73 -216.095
729.389 -206.946
731.931 -197.764
734.359 -188.551
736.67 -179.308
738.865 -170.037
740.944 -160.739
742.905 -151.416
744.749 -142.068
746.475 -132.699
748.084 -123.308
749.574 -113.898
750.946 -104.47
752.2 -95.0249
753.335 -85.5653
754.35 -76.0921
755.247 -66.6069
756.024 -57.1112
756.682 -47.6064
757.221 -38.0942
757.64 -28.5759
757.939 -19.0531
758.118 -9.5273
