757.178 2.18576e-15
757.119 9.51473
756.939 19.028
756.64 28.5382
756.222 38.0439
755.684 47.5436
755.027 57.0358
754.251 66.519
753.355 75.9917
752.341 85.4524
751.208 94.8996
749.956 104.332
748.586 113.748
747.097 123.145
745.491 132.524
743.767 141.881
741.925 151.216
739.966 160.527
737.891 169.813
735.699 179.072
733.39 188.303
730.966 197.504
728.427 206.673
725.772 215.81
723.003 224.913
720.119 233.981
717.122 243.012
714.012 252.004
710.789 260.956
707.454 269.867
704.007 278.736
700.448 287.561
696.78 296.34
693.001 305.072
689.113 313.756
685.115 322.391
681.01 330.975
676.797 339.506
672.478 347.984
668.052 356.407
663.52 364.773
658.884 373.082
654.144 381.333
649.301 389.522
644.355 397.651
639.307 405.716
634.158 413.718
628.909 421.654
623.561 429.524
618.114 437.326
612.57 445.058
606.929 452.721
601.192 460.312
595.361 467.83
589.435 475.274
583.416 482.644
577.305 489.937
571.103 497.153
564.81 504.29
558.429 511.347
551.959 518.324
545.402 525.219
538.759 532.031
532.031 538.759
525.219 545.402
518.324 551.959
511.347 558.429
504.29 564.81
497.153 571.103
489.937 577.305
482.644 583.416
475.274 589.435
467.83 595.361
460.312 601.192
452.721 606.929
445.058 612.57
437.326 618.114
429.524 623.561
421.654 628.909
413.718 634.158
405.716 639.307
397.651 644.355
389.522 649.301
381.333 654.144
373.082 658.884
364.773 663.52
356.407 668.052
347.984 672.478
339.506 676.797
330.975 681.01
322.391 685.115
313.756 689.113
305.072 693.001
296.34 696.78
287.561 700.448
278.736 704.007
269.867 707.454
260.956 710.789
252.004 714.012
243.012 717.122
233.981 720.119
224.913 723.003
215.81 725.772
206.673 728.427
197.504 730.966
188.303 733.39
179.072 735.699
169.813 737.891
160.527 739.966
151.216 741.925
141.881 743.767
132.524 745.491
123.145 747.097
113.748 748.586
104.332 749.956
94.8996 751.208
85.4524 752.341
75.9917 753.355
66.519 754.251
57.0358 755.027
47.5436 755.684
38.0439 756.222
28.5382 756.64
19.028 756.939
9.51473 757.119
4.63127e-14 757.178
-9.51473 757.119
-19.028 756.939
-28.5382 756.64
-38.0439 756.222
-47.5436 755.684
-57.0358 755.027
-66.519 754.251
-75.9917 753.355
-85.4524 752.341
-94.8996 751.208
-104.332 749.956
-113.748 748.586
-123.145 747.097
-132.524 745.491
-141.881 743.767
-151.216 741.925
-160.527 739.966
-169.813 737.891
-179.072 735.699
-188.303 733.39
-197.504 730.966
-206.673 728.427
-215.81 725.772
-224.913 723.003
-233.981 720.119
-243.012 717.122
-252.004 714.012
-260.956 710.789
-269.867 707.454
-278.736 704.007
-287.561 700.448
-296.34 696.78
-305.072 693.001
-313.756 689.113
-322.391 685.115
-330.975 681.01
-339.506 676.797
-347.984 672.478
-356.407 668.052
-364.773 663.52
-373.082 658.884
-381.333 654.144
-389.522 649.301
-397.651 644.355
-405.716 639.307
-413.718 634.158
-421.654 628.909
-429.524 623.561
-437.326 618.114
-445.058 612.57
-452.721 606.929
-460.312 601.192
-467.83 595.361
-475.274 589.435
-482.644 583.416
-489.937 577.305
-497.153 571.103
-504.29 564.81
-511.347 558.429
-518.324 551.959
-525.219 545.402
-532.031 538.759
-538.759 532.031
-545.402 525.219
-551.959 518.324
-558.429 511.347
-564.81 504.29
-571.103 497.153
-577.305 489.937
-583.416 482.644
-589.435 475.274
-595.361 467.83
-601.192 460.312
-606.929 452.721
-612.57 445.058
-618.114 437.326
-623.561 429.524
-628.909 421.654
-634.158 413.718
-639.307 405.716
-644.355 397.651
-649.301 389.522
-654.144 381.333
-658.884 373.082
-663.52 364.773
-668.052 356.407
-672.478 347.984
-676.797 339.506
-681.01 330.975
-685.115 322.391
-689.113 313.756
-693.001 305.072
-696.78 296.34
-700.448 287.561
-704.007 278.736
-707.454 269.867
-710.789 260.956
-714.012 252.004
-717.122 243.012
-720.119 233.981
-723.003 224.913
-725.772 215.81
-728.427 206.673
-730.966 197.504
-733.39 188.303
-735.699 179.072
-737.891 169.813
-739.966 160.527
-741.925 151.216
-743.767 141.881
-745.491 132.524
-747.097 123.145
-748.586 113.748
-749.956 104.332
-751.208 94.8996
-752.341 85.4524
-753.355 75.9917
-754.251 66.519
-755.027 57.0358
-755.684 47.5436
-756.222 38.0439
-756.64 28.5382
-756.939 19.028
-757.119 9.51473
-757.178 9.25633e-14
-757.119 -9.51473
-756.939 -19.028
-756.64 -28.5382
-756.222 -38.0439
-755.684 -47.5436
-755.027 -57.0358
-754.251 -66.519
-753.355 -75.9917
-752.341 -85.4524
-751.208 -94.8996
-749.956 -104.332
-748.586 -113.748
-747.097 -123.145
-745.491 -132.524
-743.767 -141.881
-741.925 -151.216
-739.966 -160.527
-737.891 -169.813
-735.699 -179.072
-733.39 -188.303
-730.966 -197.504
-728.427 -206.673
-725.772 -215.81
-723.003 -224.913
-720.119 -233.981
-717.122 -243.012
-714.012 -252.004
-710.789 -260.956
-707.454 -269.867
-704.007 -278.736
-700.448 -287.561
-696.78 -296.34
-693.001 -305.072
-689.113 -313.756
-685.115 -322.391
-681.01 -330.975
-676.797 -339.506
-672.478 -347.984
-668.052 -356.407
-663.52 -364.773
-658.884 -373.082
-654.144 -381.333
-649.301 -389.522
-644.355 -397.651
-639.307 -405.716
-634.158 -413.718
-628.909 -421.654
-623.561 -429.524
-618.114 -437.326
-612.57 -445.058
-606.929 -452.721
-601.192 -460.312
-595.361 -467.83
-589.435 -475.274
-583.416 -482.644
-577.305 -489.937
-571.103 -497.153
-564.81 -504.29
-558.429 -511.347
-551.959 -518.324
-545.402 -525.219
-538.759 -532.031
-532.031 -538.759
-525.219 -545.402
-518.324 -551.959
-511.347 -558.429
-504.29 -564.81
-497.153 -571.103
-489.937 -577.305
-482.644 -583.416
-475.274 -589.435
-467.83 -595.361
-460.312 -601.192
-452.721 -606.929
-445.058 -612.57
-437.326 -618.114
-429.524 -623.561
-421.654 -628.909
-413.718 -634.158
-405.716 -639.307
-397.651 -644.355
-389.522 -649.301
-381.333 -654.144
-373.082 -658.884
-364.773 -663.52
-356.407 -668.052
-347.984 -672.478
-339.506 -676.797
-330.975 -681.01
-322.391 -685.115
-313.756 -689.113
-305.072 -693.001
-296.34 -696.78
-287.561 -700.448
-278.736 -704.007
-269.867 -707.454
-260.956 -710.789
-252.004 -714.012
-243.012 -717.122
-233.981 -720.119
-224.913 -723.003
-215.81 -725.772
-206.673 -728.427
-197.504 -730.966
-188.303 -733.39
-179.072 -735.699
-169.813 -737.891
-160.527 -739.966
-151.216 -741.925
-141.881 -743.767
-132.524 -745.491
-123.145 -747.097
-113.748 -748.586
-104.332 -749.956
-94.8996 -751.208
-85.4524 -752.341
-75.9917 -753.355
-66.519 -754.251
-57.0358 -755.027
-47.5436 -755.684
-38.0439 -756.222
-28.5382 -756.64
-19.028 -756.939
-9.51473 -757.119
-1.41749e-13 -757.178
9.51473 -757.119
19.028 -756.939
28.5382 -756.64
38.0439 -756.222
47.5436 -755.684
57.0358 -755.027
66.519 -754.251
75.9917 -753.355
85.4524 -752.341
94.8996 -751.208
104.332 -749.956
113.748 -748.586
123.145 -747.097
132.524 -745.491
141.881 -743.767
151.216 -741.925
160.527 -739.966
169.813 -737.891
179.072 -735.699
188.303 -733.39
197.504 -730.966
206.673 -728.427
215.81 -725.772
224.913 -723.003
233.981 -720.119
243.012 -717.122
252.004 -714.012
260.956 -710.789
269.867 -707.454
278.736 -704.007
287.561 -700.448
296.34 -696.78
305.072 -693.001
313.756 -689.113
322.391 -685.115
330.975 -681.01
339.506 -676.797
347.984 -672.478
356.407 -668.052
364.773 -663.52
373.082 -658.884
381.333 -654.144
389.522 -649.301
397.651 -644.355
405.716 -639.307
413.718 -634.158
421.654 -628.909
429.524 -623.561
437.326 -618.114
445.058 -612.57
452.721 -606.929
460.312 -601.192
467.83 -595.361
475.274 -589.435
482.644 -583.416
489.937 -577.305
497.153 -571.103
504.29 -564.81
511.347 -558.429
518.324 -551.959
525.219 -545.402
532.031 -538.759
538.759 -532.031
545.402 -525.219
551.959 -518.324
558.429 -511.347
564.81 -504.29
571.103 -497.153
577.305 -489.937
583.416 -482.644
589.435 -475.274
595.361 -467.83
601.192 -460.312
606.929 -452.721
612.57 -445.058
618.114 -437.326
623.561 -429.524
628.909 -421.654
634.158 -413.718
639.307 -405.716
644.355 -397.651
649.301 -389.522
654.144 -381.333
658.884 -373.082
663.52 -364.773
668.052 -356.407
672.478 -347.984
676.797 -339.506
681.01 -330.975
685.115 -322.391
689.113 -313.756
693.001 -305.072
696.78 -296.34
700.448 -287.561
704.007 -278.736
707.454 -269.867
710.789 -260.956
714.012 -252.004
717.122 -243.012
720.119 -233.981
723.003 -224.913
725.772 -215.81
728.427 -206.673
730.966 -197.504
733.39 -188.303
735.699 -179.072
737.891 -169.813
739.966 -160.527
741.925 -151.216
743.767 -141.881
745.491 -132.524
747.097 -123.145
748.586 -113.748
749.956 -104.332
751.208 -94.8996
752.341 -85.4524
753.355 -75.9917
754.251 -66.519
755.027 -57.0358
755.684 -47.5436
756.222 -38.0439
756.64 -28.5382
756.939 -19.028
757.119 -9.51473
