792.178 2.18342e-16
792.116 9.95454
791.928 19.9075
791.615 29.8573
791.178 39.8025
790.615 49.7413
789.928 59.6723
789.115 69.5938
788.179 79.5044
787.117 89.4024
785.932 99.2863
784.622 109.154
783.189 119.005
781.631 128.838
779.951 138.649
778.147 148.439
776.22 158.206
774.171 167.947
771.999 177.662
769.706 187.349
767.291 197.007
764.754 206.633
762.097 216.227
759.32 225.786
756.423 235.31
753.406 244.797
750.271 254.245
747.017 263.652
743.645 273.019
740.155 282.342
736.549 291.62
732.826 300.853
728.988 310.038
725.034 319.174
720.966 328.259
716.784 337.293
712.489 346.274
708.082 355.199
703.562 364.069
698.932 372.881
694.191 381.635
689.341 390.328
684.381 398.959
679.314 407.528
674.139 416.032
668.858 424.47
663.472 432.842
657.98 441.145
652.385 449.378
646.686 457.541
640.886 465.631
634.984 473.647
628.982 481.589
622.881 489.455
616.681 497.244
610.384 504.953
603.99 512.584
597.502 520.133
590.918 527.6
584.242 534.984
577.473 542.283
570.613 549.497
563.663 556.624
556.624 563.663
549.497 570.613
542.283 577.473
534.984 584.242
527.6 590.918
520.133 597.502
512.584 603.99
504.953 610.384
497.244 616.681
489.455 622.881
481.589 628.982
473.647 634.984
465.631 640.886
457.541 646.686
449.378 652.385
441.145 657.98
432.842 663.472
424.47 668.858
416.032 674.139
407.528 679.314
398.959 684.381
390.328 689.341
381.635 694.191
372.881 698.932
364.069 703.562
355.199 708.082
346.274 712.489
337.293 716.784
328.259 720.966
319.174 725.034
310.038 728.988
300.853 732.826
291.62 736.549
282.342 740.155
273.019 743.645
263.652 747.017
254.245 750.271
244.797 753.406
235.31 756.423
225.786 759.32
216.227 762.097
206.633 764.754
197.007 767.291
187.349 769.706
177.662 771.999
167.947 774.171
158.206 776.22
148.439 778.147
138.649 779.951
128.838 781.631
119.005 783.189
109.154 784.622
99.2863 785.932
89.4024 787.117
79.5044 788.179
69.5938 789.115
59.6723 789.928
49.7413 790.615
39.8025 791.178
29.8573 791.615
19.9075 791.928
9.95454 792.116
4.83929e-14 792.178
-9.95454 792.116
-19.9075 791.928
-29.8573 791.615
-39.8025 791.178
-49.7413 790.615
-59.6723 789.928
-69.5938 789.115
-79.5044 788.179
-89.4024 787.117
-99.2863 785.932
-109.154 784.622
-119.005 783.189
-128.838 781.631
-138.649 779.951
-148.439 778.147
-158.206 776.22
-167.947 774.171
-177.662 771.999
-187.349 769.706
-197.007 767.291
-206.633 764.754
-216.227 762.097
-225.786 759.32
-235.31 756.423
-244.797 753.406
-254.245 750.271
-263.652 747.017
-273.019 743.645
-282.342 740.155
-291.62 736.549
-300.853 732.826
-310.038 728.988
-319.174 725.034
-328.259 720.966
-337.293 716.784
-346.274 712.489
-355.199 708.082
-364.069 703.562
-372.881 698.932
-381.635 694.191
-390.328 689.341
-398.959 684.381
-407.528 679.314
-416.032 674.139
-424.47 668.858
-432.842 663.472
-441.145 657.98
-449.378 652.385
-457.541 646.686
-465.631 640.886
-473.647 634.984
-481.589 628.982
-489.455 622.881
-497.244 616.681
-504.953 610.384
-512.584 603.99
-520.133 597.502
-527.6 590.918
-534.984 584.242
-542.283 577.473
-549.497 570.613
-556.624 563.663
-563.663 556.624
-570.613 549.497
-577.473 542.283
-584.242 534.984
-590.918 527.6
-597.502 520.133
-603.99 512.584
-610.384 504.953
-616.681 497.244
-622.881 489.455
-628.982 481.589
-634.984 473.647
-640.886 465.631
-646.686 457.541
-652.385 449.378
-657.98 441.145
-663.472 432.842
-668.858 424.47
-674.139 416.032
-679.314 407.528
-684.381 398.959
-689.341 390.328
-694.191 381.635
-698.932 372.881
-703.562 364.069
-708.082 355.199
-712.489 346.274
-716.784 337.293
-720.966 328.259
-725.034 319.174
-728.988 310.038
-732.826 300.853
-736.549 291.62
-740.155 282.342
-743.645 273.019
-747.017 263.652
-750.271 254.245
-753.406 244.797
-756.423 235.31
-759.32 225.786
-762.097 216.227
-764.754 206.633
-767.291 197.007
-769.706 187.349
-771.999 177.662
-774.171 167.947
-776.22 158.206
-778.147 148.439
-779.951 138.649
-781.631 128.838
-783.189 119.005
-784.622 109.154
-785.932 99.2863
-787.117 89.4024
-788.179 79.5044
-789.115 69.5938
-789.928 59.6723
-790.615 49.7413
-791.178 39.8025
-791.615 29.8573
-791.928 19.9075
-792.116 9.95454
-792.178 9.69616e-14
-792.116 -9.95454
-791.928 -19.9075
-791.615 -29.8573
-791.178 -39.8025
-790.615 -49.7413
-789.928 -59.6723
-789.115 -69.5938
-788.179 -79.5044
-787.117 -89.4024
-785.932 -99.2863
-784.622 -109.154
-783.189 -119.005
-781.631 -128.838
-779.951 -138.649
-778.147 -148.439
-776.22 -158.206
-774.171 -167.947
-771.999 -177.662
-769.706 -187.349
-767.291 -197.007
-764.754 -206.633
-762.097 -216.227
-759.32 -225.786
-756.423 -235.31
-753.406 -244.797
-750.271 -254.245
-747.017 -263.652
-743.645 -273.019
-740.155 -282.342
-736.549 -291.62
-732.826 -300.853
-728.988 -310.038
-725.034 -319.174
-720.966 -328.259
-716.784 -337.293
-712.489 -346.274
-708.082 -355.199
-703.562 -364.069
-698.932 -372.881
-694.191 -381.635
-689.341 -390.328
-684.381 -398.959
-679.314 -407.528
-674.139 -416.032
-668.858 -424.47
-663.472 -432.842
-657.98 -441.145
-652.385 -449.378
-646.686 -457.541
-640.886 -465.631
-634.984 -473.647
-628.982 -481.589
-622.881 -489.455
-616.681 -497.244
-610.384 -504.953
-603.99 -512.584
-597.502 -520.133
-590.918 -527.6
-584.242 -534.984
-577.473 -542.283
-570.613 -549.497
-563.663 -556.624
-556.624 -563.663
-549.497 -570.613
-542.283 -577.473
-534.984 -584.242
-527.6 -590.918
-520.133 -597.502
-512.584 -603.99
-504.953 -610.384
-497.244 -616.681
-489.455 -622.881
-481.589 -628.982
-473.647 -634.984
-465.631 -640.886
-457.541 -646.686
-449.378 -652.385
-441.145 -657.98
-432.842 -663.472
-424.47 -668.858
-416.032 -674.139
-407.528 -679.314
-398.959 -684.381
-390.328 -689.341
-381.635 -694.191
-372.881 -698.932
-364.069 -703.562
-355.199 -708.082
-346.274 -712.489
-337.293 -716.784
-328.259 -720.966
-319.174 -725.034
-310.038 -728.988
-300.853 -732.826
-291.62 -736.549
-282.342 -740.155
-273.019 -743.645
-263.652 -747.017
-254.245 -750.271
-244.797 -753.406
-235.31 -756.423
-225.786 -759.32
-216.227 -762.097
-206.633 -764.754
-197.007 -767.291
-187.349 -769.706
-177.662 -771.999
-167.947 -774.171
-158.206 -776.22
-148.439 -778.147
-138.649 -779.951
-128.838 -781.631
-119.005 -783.189
-109.154 -784.622
-99.2863 -785.932
-89.4024 -787.117
-79.5044 -788.179
-69.5938 -789.115
-59.6723 -789.928
-49.7413 -790.615
-39.8025 -791.178
-29.8573 -791.615
-19.9075 -791.928
-9.95454 -792.116
-1.45815e-13 -792.178
9.95454 -792.116
19.9075 -791.928
29.8573 -791.615
39.8025 -791.178
49.7413 -790.615
59.6723 -789.928
69.5938 -789.115
79.5044 -788.179
89.4024 -787.117
99.2863 -785.932
109.154 -784.622
119.005 -783.189
128.838 -781.631
138.649 -779.951
148.439 -778.147
158.206 -776.22
167.947 -774.171
177.662 -771.999
187.349 -769.706
197.007 -767.291
206.633 -764.754
216.227 -762.097
225.786 -759.32
235.31 -756.423
244.797 -753.406
254.245 -750.271
263.652 -747.017
273.019 -743.645
282.342 -740.155
291.62 -736.549
300.853 -732.826
310.038 -728.988
319.174 -725.034
328.259 -720.966
337.293 -716.784
346.274 -712.489
355.199 -708.082
364.069 -703.562
372.881 -698.932
381.635 -694.191
390.328 -689.341
398.959 -684.381
407.528 -679.314
416.032 -674.139
424.47 -668.858
432.842 -663.472
441.145 -657.98
449.378 -652.385
457.541 -646.686
465.631 -640.886
473.647 -634.984
481.589 -628.982
489.455 -622.881
497.244 -616.681
504.953 -610.384
512.584 -603.99
520.133 -597.502
527.6 -590.918
534.984 -584.242
542.283 -577.473
549.497 -570.613
556.624 -563.663
563.663 -556.624
570.613 -549.497
577.473 -542.283
584.242 -534.984
590.918 -527.6
597.502 -520.133
603.99 -512.584
610.384 -504.953
616.681 -497.244
622.881 -489.455
628.982 -481.589
634.984 -473.647
640.886 -465.631
646.686 -457.541
652.385 -449.378
657.98 -441.145
663.472 -432.842
668.858 -424.47
674.139 -416.032
679.314 -407.528
684.381 -398.959
689.341 -390.328
694.191 -381.635
698.932 -372.881
703.562 -364.069
708.082 -355.199
712.489 -346.274
716.784 -337.293
720.966 -328.259
725.034 -319.174
728.988 -310.038
732.826 -300.853
736.549 -291.62
740.155 -282.342
743.645 -273.019
747.017 -263.652
750.271 -254.245
753.406 -244.797
756.423 -235.31
759.32 -225.786
762.097 -216.227
764.754 -206.633
767.291 -197.007
769.706 -187.349
771.999 -177.662
774.171 -167.947
776.22 -158.206
778.147 -148.439
779.951 -138.649
781.631 -128.838
783.189 -119.005
784.622 -109.154
785.932 -99.2863
787.117 -89.4024
788.179 -79.5044
789.115 -69.5938
789.928 -59.6723
790.615 -49.7413
791.178 -39.8025
791.615 -29.8573
791.928 -19.9075
792.116 -9.95454
