756.493 5.00338
756.352 14.3427
756.075 23.444
755.658 31.9117
755.194 41.3143
754.614 50.7509
753.916 59.9646
753.108 69.1379
752.204 77.9984
751.157 87.57
750.099 95.8043
748.886 104.798
747.595 113.613
746.204 122.44
744.646 131.602
743.165 139.918
741.367 149.172
739.595 157.889
737.621 166.944
735.479 176.156
733.596 184.27
731.216 193.49
729.077 201.805
726.536 210.83
724.077 219.408
717.723 239.656
714.76 248.073
711.662 256.671
708.47 265.208
705.195 273.645
701.713 282.439
698.543 289.833
694.843 298.596
690.977 307.468
687.301 315.484
683.477 323.62
679.567 331.703
675.734 339.399
671.384 347.927
667.428 355.46
663.03 363.605
658.676 371.463
654.323 379.138
649.664 387.098
644.824 395.123
640.217 402.639
635.123 410.631
630.33 418.06
625.419 425.488
620.435 432.856
614.852 440.72
609.733 447.929
604.462 455.161
591.521 471.693
585.642 478.932
580.007 485.582
574.04 492.567
568.565 498.697
561.98 506.161
556.048 512.585
549.549 519.548
543.581 525.717
537.391 532.009
531.003 538.373
524.105 545.093
518.106 550.8
510.768 557.604
504.104 563.643
497.698 569.343
491.065 575.121
483.851 581.208
477.125 586.812
469.395 592.976
462.697 598.316
455.14 604.084
447.992 609.476
440.543 614.92
432.982 620.301
417.87 630.487
410.394 635.307
402.506 640.317
395.012 644.902
387.187 649.604
379.63 654.008
371.223 658.824
363.069 663.345
355.248 667.545
347.311 671.701
339.423 675.723
330.404 680.176
322.779 683.839
314.444 687.721
306.22 691.442
297.723 695.154
289.36 698.702
281.131 702.098
272.522 705.506
263.377 708.948
255.053 712.041
237.261 718.475
228.786 721.12
220.133 723.744
210.969 726.475
202.415 728.826
194.37 730.894
184.793 733.409
176.129 735.487
167.032 737.594
157.087 739.832
149.484 741.289
140.171 743.106
131.288 744.71
122.694 746.159
113.579 747.6
104.457 748.93
95.8912 750.091
86.5937 751.225
77.6753 752.221
68.6367 753.121
59.8416 753.917
50.7231 754.614
41.5736 755.204
32.6384 755.699
23.2309 756.057
14.3441 756.352
4.77037 756.464
-4.38066 756.513
-13.5269 756.456
-34.7301 755.893
-43.488 755.325
-52.444 754.682
-62.104 753.973
-70.7533 753.108
-79.5951 752.16
-89.071 751.1
-97.5765 749.961
-106.45 748.717
-114.621 747.455
-124.957 745.836
-133.509 744.318
-141.801 742.764
-150.979 740.953
-159.607 739.149
-168.795 737.107
-177.406 735.103
-186.152 732.96
-195.002 730.677
-203.574 728.381
-213.005 725.655
-221.595 723.122
-230.542 720.332
-238.568 717.833
-247.507 714.809
-256.86 711.449
-264.701 708.729
-273.694 705.287
-290.958 698.19
-299.592 694.515
-307.228 691.063
-316.349 686.978
-324.659 683.062
-332.904 679.054
-340.695 675.128
-348.808 670.954
-356.944 666.65
-365.11 662.207
-372.838 657.875
-381.007 653.177
-388.394 648.819
-396.82 643.694
-403.958 639.27
-411.76 634.285
-419.113 629.499
-426.441 624.62
-434.413 619.082
-441.695 613.973
-449.33 608.414
-456.284 603.337
-471.851 591.429
-478.89 585.668
-485.842 579.839
-492.706 573.946
-499.513 567.967
-506.219 561.937
-512.854 555.833
-519.444 549.636
-525.994 543.337
-532.445 536.988
-538.805 530.583
-545.08 524.118
-551.277 517.591
-557.39 511.006
-563.44 504.341
-569.412 497.613
-575.315 490.81
-581.136 483.95
-586.892 477.008
-592.579 469.988
-598.179 462.916
-603.713 455.759
-609.169 448.533
-614.555 441.221
-619.877 433.808
-631.529 416.661
-636.839 408.551
-641.345 401.203
-646.429 392.996
-651.019 385.224
-655.37 377.61
-659.932 369.534
-664.371 361.44
-668.592 353.484
-672.437 345.973
-676.377 338.143
-680.482 329.793
-684.49 321.383
-688.36 313.001
-692.097 304.643
-695.573 296.639
-698.991 288.548
-702.653 279.487
-705.719 271.819
-709.118 262.801
-712.072 254.934
-715.14 246.293
-718.263 236.918
-721.029 228.604
-723.66 220.59
-726.348 211.66
-728.944 202.563
-731.403 193.648
-736.691 172.859
-738.662 163.948
-740.458 155.209
-742.104 146.624
-744.037 136.82
-745.685 127.498
-746.991 118.95
-748.202 110.465
-749.595 100.768
-750.705 91.8065
-751.698 82.9179
-752.569 74.1877
-753.466 64.5511
-754.118 55.9591
-754.755 46.5601
-755.235 37.7823
-755.626 28.9622
-755.927 20.1536
-756.125 10.8708
-756.239 2.20455
-756.231 -6.96269
-756.087 -16.4352
-755.768 -26.486
-755.536 -34.6284
-755.184 -43.2263
-754.61 -52.5576
-753.835 -62.3142
-753.248 -70.6363
-752.431 -79.5933
-751.533 -88.4762
-750.488 -97.5125
-747.147 -119.082
-745.589 -128.576
-743.944 -137.249
-742.192 -146.153
-740.298 -155.448
-738.4 -163.745
-736.346 -172.588
-734.144 -181.678
-731.778 -191.026
-729.503 -199.298
-727.187 -207.432
-724.371 -217.138
-721.806 -225.426
-718.913 -234.489
-716.262 -242.439
-713.191 -251.332
-710.208 -259.675
-706.884 -268.59
-704.086 -276.039
-700.28 -285.455
-696.851 -293.798
-693.274 -302.203
-689.894 -310.043
-685.686 -319.131
-682.376 -326.492
-677.798 -335.697
-674.524 -342.717
-669.862 -351.586
-665.717 -359.535
-656.009 -376.652
-651.386 -384.503
-646.692 -392.26
-641.922 -399.938
-637.057 -407.576
-632.243 -414.921
-627.322 -422.27
-621.99 -430.082
-617.058 -437.092
-611.619 -444.669
-606.278 -451.923
-600.773 -459.222
-595.306 -466.308
-589.521 -473.611
-583.951 -480.506
-577.993 -487.672
-571.867 -494.848
-566.07 -501.536
-560.219 -508.149
-553.767 -515.169
-547.748 -521.66
-536.326 -533.187
-529.396 -540.096
-523.385 -545.826
-516.284 -552.566
-510.134 -558.193
-502.433 -565.172
-495.848 -570.925
-489.124 -576.684
-482.133 -582.541
-475.045 -588.34
-467.302 -594.504
-460.673 -599.679
-453.727 -604.991
-446.423 -610.429
-439.323 -615.621
-431.546 -621.096
-416.556 -631.624
-408.807 -636.615
-401.1 -641.429
-393.172 -646.287
-385.577 -650.751
-377.563 -655.404
-369.737 -659.792
-361.78 -664.147
-353.926 -668.318
-345.74 -672.572
-337.52 -676.718
-329.564 -680.6
-321.866 -684.257
-313.286 -688.228
-305.102 -691.898
-296.849 -695.49
-288.568 -698.984
-280.008 -702.469
-271.869 -705.703
-263.237 -708.988
-255.023 -712.049
-246.291 -715.141
-237.761 -718.075
-229.17 -720.92
-220.525 -723.67
-212.053 -726.294
-203.248 -728.862
-183.422 -733.917
-174.95 -735.884
-165.397 -738.125
-156.876 -739.897
-148.37 -741.579
-139.083 -743.374
-130.206 -744.948
-120.83 -746.527
-112.936 -747.703
-103.105 -749.133
-93.7266 -750.362
-85.1102 -751.374
-75.631 -752.388
-66.9534 -753.212
-58.1602 -753.958
-49.2817 -754.614
-40.1971 -755.173
-31.3383 -755.635
-21.7065 -755.963
-12.5672 -756.198
-3.46608 -756.329
5.86169 -756.331
14.7255 -756.278
23.9663 -756.072
43.1265 -755.295
52.5274 -754.688
61.0041 -753.93
70.7595 -753.109
79.905 -752.159
88.9072 -751.103
97.6215 -749.959
106.828 -748.688
114.832 -747.429
124.513 -745.889
134.052 -744.241
141.396 -742.842
150.881 -740.973
160.03 -739.052
168.902 -737.081
177.628 -735.041
186.557 -732.837
195.508 -730.512
204.052 -728.21
213.118 -725.613
221.61 -723.117
230.278 -720.444
239.094 -717.591
247.344 -714.889
256.336 -711.71
264.881 -708.633
283.001 -701.562
291.971 -697.902
300.437 -694.259
308.553 -690.612
316.531 -686.913
324.476 -683.132
333.222 -678.926
340.852 -675.059
349.076 -670.829
357.071 -666.587
364.927 -662.303
372.424 -658.109
380.73 -653.338
387.831 -649.177
395.986 -644.234
403.875 -639.328
411.423 -634.529
418.718 -629.804
426.71 -624.404
434.115 -619.331
441.642 -614.019
448.849 -608.853
455.989 -603.624
463.413 -597.973
478.118 -586.152
484.672 -580.622
491.689 -574.659
498.807 -568.483
505.85 -562.217
512.676 -555.975
518.909 -550.088
525.946 -543.379
532.54 -536.901
538.573 -530.807
544.787 -524.417
550.999 -517.889
556.797 -511.682
563.858 -503.858
569.391 -497.638
575.294 -490.838
581.432 -483.549
587.161 -476.624
592.588 -469.974
598.253 -462.797
603.882 -455.474
609.438 -448.056
620.307 -432.997
625.148 -425.805
630.239 -418.172
635.602 -410.021
640.198 -402.664
644.935 -394.966
649.778 -386.931
654.295 -379.181
658.796 -371.269
663.247 -363.233
667.311 -355.673
671.368 -347.96
675.574 -339.731
679.766 -331.267
683.721 -323.048
687.356 -315.343
691.192 -306.874
694.746 -298.881
698.487 -290.004
701.953 -281.607
705.619 -272.142
708.523 -264.983
711.818 -255.97
718.311 -237.583
721.139 -228.748
723.792 -220.026
726.25 -211.497
728.716 -202.691
731.087 -193.836
733.366 -184.915
735.496 -176.102
737.446 -167.536
739.42 -158.527
741.232 -149.718
742.947 -140.885
744.564 -132.035
746.079 -123.176
747.496 -114.307
748.843 -105.166
750.039 -96.4613
751.171 -87.3442
752.173 -78.8263
753.101 -69.6641
753.92 -60.5006
754.643 -51.6786
755.25 -42.4776
755.754 -33.3648
756.185 -24.5466
756.487 -15.4459
