755.178 2.28651e-15
755.119 9.4896
754.94 18.9777
754.642 28.4628
754.225 37.9434
753.688 47.418
753.033 56.8852
752.259 66.3433
751.365 75.791
750.354 85.2267
749.224 94.6489
747.975 104.056
746.608 113.447
745.124 122.82
743.522 132.174
741.802 141.506
739.965 150.817
738.012 160.103
735.942 169.364
733.755 178.599
731.453 187.805
729.035 196.982
726.502 206.127
723.855 215.24
721.093 224.319
718.217 233.363
715.228 242.37
712.126 251.338
708.911 260.267
705.585 269.155
702.147 278
698.598 286.801
694.939 295.557
691.17 304.266
687.292 312.927
683.306 321.539
679.211 330.1
675.01 338.609
670.701 347.065
666.287 355.465
661.768 363.81
657.144 372.097
652.416 380.325
647.586 388.494
642.653 396.601
637.618 404.645
632.483 412.625
627.248 420.54
621.914 428.389
616.482 436.17
610.952 443.883
605.326 451.525
599.604 459.096
593.788 466.594
587.878 474.019
581.875 481.369
575.78 488.643
569.594 495.839
563.319 502.958
556.954 509.997
550.501 516.955
543.962 523.832
537.336 530.626
530.626 537.336
523.832 543.962
516.955 550.501
509.997 556.954
502.958 563.319
495.839 569.594
488.643 575.78
481.369 581.875
474.019 587.878
466.594 593.788
459.096 599.604
451.525 605.326
443.883 610.952
436.17 616.482
428.389 621.914
420.54 627.248
412.625 632.483
404.645 637.618
396.601 642.653
388.494 647.586
380.325 652.416
372.097 657.144
363.81 661.768
355.465 666.287
347.065 670.701
338.609 675.01
330.1 679.211
321.539 683.306
312.927 687.292
304.266 691.17
295.557 694.939
286.801 698.598
278 702.147
269.155 705.585
260.267 708.911
251.338 712.126
242.37 715.228
233.363 718.217
224.319 721.093
215.24 723.855
206.127 726.502
196.982 729.035
187.805 731.453
178.599 733.755
169.364 735.942
160.103 738.012
150.817 739.965
141.506 741.802
132.174 743.522
122.82 745.124
113.447 746.608
104.056 747.975
94.6489 749.224
85.2267 750.354
75.791 751.365
66.3433 752.259
56.8852 753.033
47.418 753.688
37.9434 754.225
28.4628 754.642
18.9777 754.94
9.4896 755.119
4.62352e-14 755.178
-9.4896 755.119
-18.9777 754.94
-28.4628 754.642
-37.9434 754.225
-47.418 753.688
-56.8852 753.033
-66.3433 752.259
-75.791 751.365
-85.2267 750.354
-94.6489 749.224
-104.056 747.975
-113.447 746.608
-122.82 745.124
-132.174 743.522
-141.506 741.802
-150.817 739.965
-160.103 738.012
-169.364 735.942
-178.599 733.755
-187.805 731.453
-196.982 729.035
-206.127 726.502
-215.24 723.855
-224.319 721.093
-233.363 718.217
-242.37 715.228
-251.338 712.126
-260.267 708.911
-269.155 705.585
-278 702.147
-286.801 698.598
-295.557 694.939
-304.266 691.17
-312.927 687.292
-321.539 683.306
-330.1 679.211
-338.609 675.01
-347.065 670.701
-355.465 666.287
-363.81 661.768
-372.097 657.144
-380.325 652.416
-388.494 647.586
-396.601 642.653
-404.645 637.618
-412.625 632.483
-420.54 627.248
-428.389 621.914
-436.17 616.482
-443.883 610.952
-451.525 605.326
-459.096 599.604
-466.594 593.788
-474.019 587.878
-481.369 581.875
-488.643 575.78
-495.839 569.594
-502.958 563.319
-509.997 556.954
-516.955 550.501
-523.832 543.962
-530.626 537.336
-537.336 530.626
-543.962 523.832
-550.501 516.955
-556.954 509.997
-563.319 502.958
-569.594 495.839
-575.78 488.643
-581.875 481.369
-587.878 474.019
-593.788 466.594
-599.604 459.096
-605.326 451.525
-610.952 443.883
-616.482 436.17
-621.914 428.389
-627.248 420.54
-632.483 412.625
-637.618 404.645
-642.653 396.601
-647.586 388.494
-652.416 380.325
-657.144 372.097
-661.768 363.81
-666.287 355.465
-670.701 347.065
-675.01 338.609
-679.211 330.1
-683.306 321.539
-687.292 312.927
-691.17 304.266
-694.939 295.557
-698.598 286.801
-702.147 278
-705.585 269.155
-708.911 260.267
-712.126 251.338
-715.228 242.37
-718.217 233.363
-721.093 224.319
-723.855 215.24
-726.502 206.127
-729.035 196.982
-731.453 187.805
-733.755 178.599
-735.942 169.364
-738.012 160.103
-739.965 150.817
-741.802 141.506
-743.522 132.174
-745.124 122.82
-746.608 113.447
-747.975 104.056
-749.224 94.6489
-750.354 85.2267
-751.365 75.791
-752.259 66.3433
-753.033 56.8852
-753.688 47.418
-754.225 37.9434
-754.642 28.4628
-754.94 18.9777
-755.119 9.4896
-755.178 9.22719e-14
-755.119 -9.4896
-754.94 -18.9777
-754.642 -28.4628
-754.225 -37.9434
-753.688 -47.418
-753.033 -56.8852
-752.259 -66.3433
-751.365 -75.791
-750.354 -85.2267
-749.224 -94.6489
-747.975 -104.056
-746.608 -113.447
-745.124 -122.82
-743.522 -132.174
-741.802 -141.506
-739.965 -150.817
-738.012 -160.103
-735.942 -169.364
-733.755 -178.599
-731.453 -187.805
-729.035 -196.982
-726.502 -206.127
-723.855 -215.24
-721.093 -224.319
-718.217 -233.363
-715.228 -242.37
-712.126 -251.338
-708.911 -260.267
-705.585 -269.155
-702.147 -278
-698.598 -286.801
-694.939 -295.557
-691.17 -304.266
-687.292 -312.927
-683.306 -321.539
-679.211 -330.1
-675.01 -338.609
-670.701 -347.065
-666.287 -355.465
-661.768 -363.81
-657.144 -372.097
-652.416 -380.325
-647.586 -388.494
-642.653 -396.601
-637.618 -404.645
-632.483 -412.625
-627.248 -420.54
-621.914 -428.389
-616.482 -436.17
-610.952 -443.883
-605.326 -451.525
-599.604 -459.096
-593.788 -466.594
-587.878 -474.019
-581.875 -481.369
-575.78 -488.643
-569.594 -495.839
-563.319 -502.958
-556.954 -509.997
-550.501 -516.955
-543.962 -523.832
-537.336 -530.626
-530.626 -537.336
-523.832 -543.962
-516.955 -550.501
-509.997 -556.954
-502.958 -563.319
-495.839 -569.594
-488.643 -575.78
-481.369 -581.875
-474.019 -587.878
-466.594 -593.788
-459.096 -599.604
-451.525 -605.326
-443.883 -610.952
-436.17 -616.482
-428.389 -621.914
-420.54 -627.248
-412.625 -632.483
-404.645 -637.618
-396.601 -642.653
-388.494 -647.586
-380.325 -652.416
-372.097 -657.144
-363.81 -661.768
-355.465 -666.287
-347.065 -670.701
-338.609 -675.01
-330.1 -679.211
-321.539 -683.306
-312.927 -687.292
-304.266 -691.17
-295.557 -694.939
-286.801 -698.598
-278 -702.147
-269.155 -705.585
-260.267 -708.911
-251.338 -712.126
-242.37 -715.228
-233.363 -718.217
-224.319 -721.093
-215.24 -723.855
-206.127 -726.502
-196.982 -729.035
-187.805 -731.453
-178.599 -733.755
-169.364 -735.942
-160.103 -738.012
-150.817 -739.965
-141.506 -741.802
-132.174 -743.522
-122.82 -745.124
-113.447 -746.608
-104.056 -747.975
-94.6489 -749.224
-85.2267 -750.354
-75.791 -751.365
-66.3433 -752.259
-56.8852 -753.033
-47.418 -753.688
-37.9434 -754.225
-28.4628 -754.642
-18.9777 -754.94
-9.4896 -755.119
-1.41602e-13 -755.178
9.4896 -755.119
18.9777 -754.94
28.4628 -754.642
37.9434 -754.225
47.418 -753.688
56.8852 -753.033
66.3433 -752.259
75.791 -751.365
85.2267 -750.354
94.6489 -749.224
104.056 -747.975
113.447 -746.608
122.82 -745.124
132.174 -743.522
141.506 -741.802
150.817 -739.965
160.103 -738.012
169.364 -735.942
178.599 -733.755
187.805 -731.453
196.982 -729.035
206.127 -726.502
215.24 -723.855
224.319 -721.093
233.363 -718.217
242.37 -715.228
251.338 -712.126
260.267 -708.911
269.155 -705.585
278 -702.147
286.801 -698.598
295.557 -694.939
304.266 -691.17
312.927 -687.292
321.539 -683.306
330.1 -679.211
338.609 -675.01
347.065 -670.701
355.465 -666.287
363.81 -661.768
372.097 -657.144
380.325 -652.416
388.494 -647.586
396.601 -642.653
404.645 -637.618
412.625 -632.483
420.54 -627.248
428.389 -621.914
436.17 -616.482
443.883 -610.952
451.525 -605.326
459.096 -599.604
466.594 -593.788
474.019 -587.878
481.369 -581.875
488.643 -575.78
495.839 -569.594
502.958 -563.319
509.997 -556.954
516.955 -550.501
523.832 -543.962
530.626 -537.336
537.336 -530.626
543.962 -523.832
550.501 -516.955
556.954 -509.997
563.319 -502.958
569.594 -495.839
575.78 -488.643
581.875 -481.369
587.878 -474.019
593.788 -466.594
599.604 -459.096
605.326 -451.525
610.952 -443.883
616.482 -436.17
621.914 -428.389
627.248 -420.54
632.483 -412.625
637.618 -404.645
642.653 -396.601
647.586 -388.494
652.416 -380.325
657.144 -372.097
661.768 -363.81
666.287 -355.465
670.701 -347.065
675.01 -338.609
679.211 -330.1
683.306 -321.539
687.292 -312.927
691.17 -304.266
694.939 -295.557
698.598 -286.801
702.147 -278
705.585 -269.155
708.911 -260.267
712.126 -251.338
715.228 -242.37
718.217 -233.363
721.093 -224.319
723.855 -215.24
726.502 -206.127
729.035 -196.982
731.453 -187.805
733.755 -178.599
735.942 -169.364
738.012 -160.103
739.965 -150.817
741.802 -141.506
743.522 -132.174
745.124 -122.82
746.608 -113.447
747.975 -104.056
749.224 -94.6489
750.354 -85.2267
751.365 -75.791
752.259 -66.3433
753.033 -56.8852
753.688 -47.418
754.225 -37.9434
754.642 -28.4628
754.94 -18.9777
755.119 -9.4896
