754.507 5.23769
754.363 14.5561
754.082 23.6094
753.66 31.9963
753.195 41.3655
752.615 50.7877
751.916 59.9634
751.109 69.0976
750.206 77.9025
749.16 87.4556
748.109 95.6041
746.9 104.56
745.617 113.312
744.234 122.094
742.683 131.222
741.218 139.461
739.426 148.687
737.669 157.35
735.707 166.362
733.571 175.556
731.715 183.59
729.344 192.786
727.231 201.035
724.697 210.044
722.263 218.568
715.75 239.328
712.798 247.686
709.707 256.249
706.523 264.749
703.26 273.139
699.785 281.907
696.643 289.206
692.952 297.945
689.091 306.802
685.436 314.762
681.631 322.852
677.741 330.887
673.938 338.52
669.597 347.029
665.676 354.495
661.297 362.608
656.969 370.422
652.647 378.047
648.009 385.974
643.187 393.974
638.615 401.441
633.537 409.412
628.782 416.794
623.906 424.18
618.96 431.504
613.391 439.353
608.305 446.529
603.057 453.737
589.795 470.683
583.934 477.892
578.334 484.486
572.39 491.437
566.968 497.493
560.384 504.956
554.49 511.33
548.007 518.275
542.085 524.389
535.935 530.638
529.581 536.967
522.696 543.674
516.76 549.32
509.421 556.126
502.795 562.131
496.443 567.785
489.858 573.526
482.666 579.597
475.992 585.163
468.266 591.325
461.63 596.625
454.095 602.379
446.994 607.742
439.582 613.166
432.042 618.536
416.602 628.94
409.159 633.734
401.299 638.722
393.856 643.271
386.069 647.946
378.565 652.315
370.171 657.123
362.046 661.626
354.273 665.799
346.383 669.929
338.545 673.926
329.523 678.38
321.969 682.01
313.67 685.876
305.492 689.579
297.029 693.278
288.71 696.811
280.534 700.19
271.96 703.586
262.825 707.025
254.557 710.104
236.363 716.688
227.944 719.306
219.312 721.92
210.17 724.642
201.67 726.97
193.699 729.01
184.134 731.52
175.523 733.581
166.457 735.679
156.502 737.919
149.01 739.346
139.721 741.157
130.886 742.751
122.356 744.188
113.279 745.623
104.195 746.947
95.6968 748.1
86.4308 749.232
77.5638 750.224
68.5712 751.123
59.8352 751.917
50.7595 752.614
41.6518 753.205
32.7698 753.704
23.3914 754.063
14.5608 754.363
5.00771 754.478
-4.09966 754.533
-13.2153 754.48
-34.954 753.905
-43.6629 753.333
-52.5657 752.686
-62.2106 751.976
-70.7938 751.109
-79.5795 750.16
-89.0321 749.1
-97.4659 747.964
-106.287 746.723
-114.372 745.471
-124.731 743.848
-133.218 742.339
-141.431 740.798
-150.578 738.993
-159.148 737.203
-168.307 735.168
-176.862 733.178
-185.561 731.05
-194.368 728.78
-202.888 726.502
-212.311 723.779
-220.852 721.266
-229.769 718.488
-237.72 716.021
-246.634 713.01
-255.982 709.652
-263.744 706.973
-272.743 703.528
-290.389 696.272
-298.992 692.607
-306.549 689.182
-315.67 685.097
-323.941 681.195
-332.147 677.203
-339.88 673.302
-347.952 669.147
-356.052 664.86
-364.187 660.432
-371.865 656.128
-380.007 651.445
-387.334 647.123
-395.755 642.001
-402.825 637.622
-410.597 632.658
-417.899 627.909
-425.179 623.069
-433.139 617.541
-440.376 612.469
-448.001 606.92
-454.902 601.891
-470.841 589.703
-477.841 583.965
-484.753 578.161
-491.577 572.295
-498.344 566.344
-505.01 560.343
-511.607 554.27
-518.169 548.094
-524.681 541.829
-531.094 535.512
-537.418 529.142
-543.657 522.713
-549.819 516.222
-555.897 509.674
-561.914 503.047
-567.854 496.358
-573.727 489.594
-579.518 482.774
-585.245 475.873
-590.904 468.895
-596.478 461.864
-601.987 454.749
-607.419 447.564
-612.783 440.294
-618.085 432.921
-630.025 415.343
-635.333 407.234
-639.794 399.94
-644.866 391.747
-649.427 384.014
-653.741 376.45
-658.282 368.404
-662.699 360.342
-666.893 352.429
-670.697 344.985
-674.608 337.21
-678.703 328.879
-682.695 320.503
-686.546 312.158
-690.266 303.84
-693.717 295.894
-697.113 287.86
-700.771 278.809
-703.809 271.225
-707.203 262.224
-710.135 254.435
-713.193 245.835
-716.315 236.465
-719.068 228.212
-721.684 220.276
-724.368 211.38
-726.96 202.312
-729.414 193.435
-734.838 172.107
-736.798 163.223
-738.575 154.536
-740.2 146.012
-742.134 136.203
-743.774 126.908
-745.061 118.427
-746.255 110.007
-747.645 100.326
-748.745 91.4052
-749.728 82.5698
-750.59 73.9005
-751.483 64.2869
-752.129 55.7558
-752.762 46.3866
-753.238 37.669
-753.627 28.9085
-753.927 20.1593
-754.125 10.9115
-754.242 2.31286
-754.237 -6.81212
-754.094 -16.2704
-753.775 -26.3192
-753.553 -34.3645
-753.21 -42.9045
-752.642 -52.2034
-751.869 -61.9499
-751.299 -70.1891
-750.493 -79.0963
-749.61 -87.9266
-748.578 -96.9185
-745.147 -119.048
-743.589 -128.522
-741.947 -137.136
-740.198 -145.993
-738.307 -155.262
-736.417 -163.484
-734.37 -172.28
-732.173 -181.339
-729.81 -190.671
-727.549 -198.872
-725.251 -206.929
-722.433 -216.642
-719.886 -224.866
-717 -233.905
-714.375 -241.776
-711.314 -250.641
-708.347 -258.942
-705.035 -267.827
-702.271 -275.199
-698.466 -284.614
-695.058 -292.911
-691.501 -301.278
-688.156 -309.053
-683.948 -318.141
-680.684 -325.425
-676.102 -334.637
-672.888 -341.567
-668.229 -350.431
-664.115 -358.337
-654.171 -375.862
-649.567 -383.671
-644.893 -391.386
-640.144 -399.021
-635.302 -406.617
-630.518 -413.908
-625.628 -421.207
-620.311 -428.996
-615.418 -435.946
-609.999 -443.495
-604.688 -450.709
-599.2 -457.987
-593.768 -465.03
-588.008 -472.303
-582.478 -479.153
-576.54 -486.298
-570.442 -493.445
-564.67 -500.108
-558.868 -506.674
-552.433 -513.678
-546.459 -520.131
-534.811 -531.88
-527.898 -538.77
-521.935 -544.448
-514.852 -551.169
-508.751 -556.748
-501.046 -563.731
-494.508 -569.441
-487.827 -575.161
-480.865 -580.995
-473.815 -586.762
-466.082 -592.919
-459.512 -598.051
-452.611 -603.331
-445.352 -608.74
-438.296 -613.905
-430.541 -619.368
-415.217 -630.137
-407.5 -635.1
-399.83 -639.884
-391.931 -644.719
-384.384 -649.146
-376.4 -653.777
-368.617 -658.135
-360.699 -662.465
-352.894 -666.605
-344.745 -670.837
-336.548 -674.969
-328.63 -678.832
-320.999 -682.455
-312.443 -686.415
-304.306 -690.064
-296.099 -693.635
-287.866 -697.111
-279.342 -700.583
-271.262 -703.798
-262.667 -707.071
-254.514 -710.115
-245.818 -713.197
-237.336 -716.121
-228.793 -718.956
-220.194 -721.698
-211.765 -724.315
-203.005 -726.877
-182.687 -732.057
-174.284 -733.998
-164.733 -736.239
-156.274 -737.99
-147.833 -739.653
-138.572 -741.44
-129.743 -743.002
-120.406 -744.572
-112.597 -745.732
-102.785 -747.158
-93.419 -748.386
-84.8718 -749.389
-75.427 -750.398
-66.7904 -751.219
-58.0563 -751.96
-49.2341 -752.614
-40.194 -753.173
-31.3919 -753.636
-21.7777 -753.964
-12.6818 -754.201
-3.61253 -754.334
5.67883 -754.339
14.483 -754.292
23.685 -754.092
43.2821 -753.301
52.6536 -752.692
61.0544 -751.931
70.7915 -751.109
79.9044 -750.159
88.8436 -749.104
97.5041 -747.963
106.674 -746.694
114.589 -745.444
124.258 -743.905
133.772 -742.261
141.014 -740.879
150.46 -739.018
159.592 -737.1
168.412 -735.142
177.102 -733.111
185.985 -730.921
194.899 -728.607
203.396 -726.32
212.448 -723.729
220.89 -721.251
229.505 -718.6
238.279 -715.765
246.475 -713.087
255.438 -709.922
263.939 -706.868
282.49 -699.628
291.438 -695.975
299.866 -692.342
307.928 -688.712
315.849 -685.033
323.743 -681.271
332.469 -677.073
340.032 -673.234
348.222 -669.02
356.174 -664.8
363.982 -660.54
371.417 -656.38
379.706 -651.62
386.738 -647.502
394.867 -642.576
402.727 -637.69
410.232 -632.923
417.48 -628.233
425.466 -622.838
432.84 -617.79
440.334 -612.506
447.497 -607.38
454.594 -602.191
461.994 -596.563
477.028 -584.475
483.519 -578.988
490.514 -573.04
497.608 -566.882
504.628 -560.634
511.419 -554.419
517.603 -548.573
524.624 -541.878
531.19 -535.425
537.171 -529.381
543.352 -523.024
549.524 -516.538
555.283 -510.376
562.35 -502.543
567.83 -496.388
573.706 -489.621
579.826 -482.357
585.525 -475.473
590.912 -468.883
596.558 -461.735
602.174 -454.434
607.709 -447.052
618.818 -431.661
623.614 -424.521
628.678 -416.922
634.031 -408.783
638.595 -401.468
643.308 -393.803
648.133 -385.793
652.622 -378.086
657.098 -370.213
661.528 -362.212
665.561 -354.706
669.587 -347.05
673.776 -338.855
677.952 -330.423
681.889 -322.245
685.499 -314.601
689.319 -306.173
692.854 -298.233
696.587 -289.379
700.039 -281.027
703.705 -271.562
706.581 -264.507
709.87 -255.513
716.514 -236.706
719.328 -227.897
721.968 -219.206
724.403 -210.731
726.851 -201.968
729.206 -193.155
731.471 -184.276
733.59 -175.495
735.525 -166.98
737.491 -158.001
739.29 -149.241
740.994 -140.457
742.6 -131.657
744.105 -122.855
745.515 -114.029
746.857 -104.927
748.047 -96.2815
749.176 -87.2059
750.174 -78.7592
751.101 -69.6375
751.92 -60.5142
752.645 -51.7582
753.253 -42.5891
753.76 -33.5206
754.197 -24.7625
754.506 -15.7143
