753.514 5.3547
753.369 14.6627
753.085 23.6846
752.661 32.0385
752.195 41.3911
751.615 50.7986
750.916 59.9634
750.109 69.0697
749.207 77.8625
748.163 87.3906
747.114 95.5042
745.908 104.437
744.628 113.17
743.249 121.924
741.7 131.035
740.244 139.237
738.455 148.449
736.705 157.084
734.749 166.078
732.616 175.26
730.773 183.253
728.407 192.438
726.307 200.653
723.776 209.654
721.354 218.151
714.764 239.156
711.818 247.486
708.73 256.034
705.551 264.512
702.294 272.879
698.823 281.634
695.691 288.9
692.008 297.612
688.151 306.462
684.506 314.394
680.711 322.46
676.831 330.472
673.036 338.088
668.707 346.573
664.8 354.013
660.434 362.102
656.119 369.895
651.809 377.501
647.187 385.406
642.374 393.392
637.82 400.835
632.749 408.797
628.013 416.155
623.144 423.531
618.223 430.829
612.661 438.67
607.591 445.829
602.352 453.028
588.932 470.177
583.08 477.371
577.498 483.938
571.565 490.871
566.17 496.891
559.586 504.353
553.712 510.702
547.24 517.633
541.337 523.726
535.207 529.953
528.87 536.263
521.992 542.964
516.087 548.581
508.748 555.386
502.146 561.37
495.816 567.007
489.255 572.729
482.074 578.791
475.425 584.34
467.702 590.499
461.096 595.779
453.572 601.527
446.495 606.875
439.102 612.289
431.572 617.653
415.967 628.167
408.535 632.952
400.696 637.925
393.278 642.455
385.502 647.121
378.026 651.473
369.638 656.277
361.535 660.767
353.779 664.93
345.912 669.047
338.099 673.031
329.083 677.482
321.564 681.096
313.284 684.954
305.128 688.647
296.682 692.341
288.384 695.865
280.235 699.235
271.679 702.627
262.549 706.064
254.309 709.135
235.921 715.791
227.523 718.399
218.901 721.008
209.763 723.728
201.29 726.045
193.36 728.069
183.798 730.579
175.213 732.631
166.162 734.723
156.216 736.961
148.765 738.376
139.488 740.184
130.677 741.773
122.179 743.204
113.121 744.635
104.064 745.956
95.5918 747.106
86.3494 748.235
77.5003 749.226
68.5308 750.123
59.8243 750.917
50.7701 751.614
41.6834 752.206
32.8281 752.705
23.4642 753.066
14.6618 753.368
5.12621 753.485
-3.95932 753.543
-13.0597 753.492
-35.0588 752.911
-43.7501 752.336
-52.6264 751.688
-62.2565 750.977
-70.8138 750.109
-79.5715 749.16
-89.0126 748.1
-97.4029 746.966
-106.198 745.727
-114.255 744.477
-124.611 742.856
-133.064 741.351
-141.247 739.816
-150.378 738.014
-158.919 736.229
-168.063 734.198
-176.589 732.216
-185.265 730.094
-194.044 727.834
-202.545 725.563
-211.963 722.842
-220.48 720.337
-229.374 717.569
-237.296 715.116
-246.197 712.11
-255.536 708.757
-263.266 706.095
-272.268 702.648
-290.104 695.314
-298.691 691.653
-306.209 688.241
-315.33 684.156
-323.583 680.261
-331.769 676.277
-339.472 672.389
-347.524 668.243
-355.606 663.965
-363.726 659.545
-371.378 655.254
-379.508 650.579
-386.804 646.275
-395.222 641.155
-402.258 636.798
-410.015 631.845
-417.293 627.114
-424.548 622.293
-432.502 616.77
-439.717 611.717
-447.336 606.173
-454.216 601.164
-470.336 588.84
-477.316 583.114
-484.209 577.323
-491.012 571.469
-497.754 565.538
-504.406 559.547
-510.983 553.488
-517.538 547.319
-524.024 541.074
-530.419 534.775
-536.724 528.421
-542.945 522.011
-549.09 515.537
-555.151 509.008
-561.152 502.4
-567.076 495.731
-572.933 488.987
-578.709 482.187
-584.422 475.306
-590.067 468.348
-595.628 461.338
-601.124 454.243
-606.544 447.08
-611.897 439.83
-617.188 432.478
-629.273 414.684
-634.581 406.576
-639.024 399.302
-644.085 391.123
-648.631 383.409
-652.931 375.864
-657.456 367.839
-661.863 359.793
-666.044 351.901
-669.832 344.485
-673.727 336.737
-677.814 328.422
-681.8 320.055
-685.643 311.729
-689.35 303.438
-692.789 295.522
-696.174 287.516
-699.831 278.471
-702.857 270.921
-706.245 261.936
-709.169 254.178
-712.22 245.606
-715.341 236.238
-718.088 228.016
-720.698 220.112
-723.378 211.24
-725.968 202.186
-728.421 193.321
-733.911 171.731
-735.865 162.861
-737.633 154.2
-739.248 145.706
-741.182 135.898
-742.817 126.617
-744.095 118.17
-745.28 109.785
-746.669 100.109
-747.764 91.212
-748.742 82.4033
-749.599 73.7646
-750.491 64.1587
-751.133 55.662
-751.766 46.3077
-752.239 37.6203
-752.627 28.8896
-752.927 20.1701
-753.126 10.9397
-753.244 2.37499
-753.24 -6.73694
-753.097 -16.188
-752.779 -26.2278
-752.562 -34.2327
-752.223 -42.7438
-751.658 -52.0265
-750.887 -61.7598
-750.324 -69.9657
-749.525 -78.8481
-748.647 -87.6587
-747.624 -96.6218
-744.147 -119.031
-742.59 -128.496
-740.949 -137.08
-739.201 -145.913
-737.311 -155.169
-735.426 -163.354
-733.381 -172.127
-731.187 -181.169
-728.826 -190.493
-726.572 -198.659
-724.283 -206.678
-721.464 -216.394
-718.926 -224.585
-716.044 -233.613
-713.431 -241.445
-710.376 -250.295
-707.417 -258.575
-704.111 -267.445
-701.365 -274.776
-697.559 -284.193
-694.161 -292.468
-690.614 -300.816
-687.287 -308.558
-683.079 -317.647
-679.841 -324.889
-675.254 -334.107
-672.072 -340.989
-667.413 -349.853
-663.314 -357.739
-653.253 -375.468
-648.658 -383.256
-643.993 -390.949
-639.255 -398.563
-634.425 -406.137
-629.656 -413.401
-624.781 -420.676
-619.471 -428.453
-614.599 -435.373
-609.189 -442.909
-603.893 -450.103
-598.414 -457.37
-592.999 -464.391
-587.251 -471.65
-581.741 -478.477
-575.816 -485.608
-569.729 -492.743
-563.973 -499.391
-558.193 -505.936
-551.766 -512.933
-545.814 -519.367
-534.057 -531.225
-527.147 -538.11
-521.213 -543.756
-514.134 -550.474
-508.063 -556.023
-500.35 -563.013
-493.835 -568.701
-487.176 -574.402
-480.23 -580.221
-473.198 -585.975
-465.466 -592.131
-458.928 -597.239
-452.054 -602.501
-444.813 -607.898
-437.783 -613.046
-430.038 -618.503
-414.549 -629.394
-406.841 -634.349
-399.195 -639.111
-391.311 -643.934
-383.788 -648.343
-375.818 -652.964
-368.056 -657.307
-360.165 -661.619
-352.378 -665.748
-344.247 -669.969
-336.07 -674.091
-328.17 -677.944
-320.565 -681.554
-312.028 -685.504
-303.915 -689.143
-295.724 -692.708
-287.515 -696.175
-279.016 -699.638
-270.959 -702.845
-262.382 -706.113
-254.258 -709.148
-245.581 -712.226
-237.124 -715.144
-228.604 -717.974
-220.027 -720.712
-211.621 -723.325
-202.884 -725.885
-182.326 -731.124
-173.955 -733.054
-164.408 -735.293
-155.981 -737.034
-147.564 -738.689
-138.324 -740.471
-129.519 -742.028
-120.195 -743.595
-112.436 -744.745
-102.625 -746.171
-93.2729 -747.397
-84.7604 -748.395
-75.3289 -749.403
-66.7169 -750.222
-58.0124 -750.961
-49.2183 -751.615
-40.2005 -752.173
-31.4268 -752.636
-21.8214 -752.965
-12.7389 -753.203
-3.68565 -753.337
5.57938 -753.344
14.3537 -753.301
23.5445 -753.102
43.3562 -752.304
52.7129 -751.694
61.0758 -750.931
70.8078 -750.109
79.9002 -749.159
88.8158 -748.105
97.4452 -746.964
106.597 -745.697
114.463 -744.452
124.126 -742.914
133.64 -741.27
140.819 -739.898
150.257 -738.039
159.374 -736.125
168.171 -734.171
176.835 -732.148
185.699 -729.962
194.595 -727.654
203.072 -725.374
212.116 -722.786
220.529 -720.318
229.122 -717.676
237.879 -714.849
246.043 -712.185
254.996 -709.026
263.474 -705.983
282.231 -698.662
291.171 -695.011
299.58 -691.384
307.616 -687.762
315.507 -684.093
323.381 -680.339
332.093 -676.147
339.629 -672.319
347.795 -668.116
355.726 -663.906
363.517 -659.654
370.921 -655.512
379.194 -650.761
386.194 -646.663
394.314 -641.743
402.153 -636.871
409.636 -632.119
416.864 -627.445
424.843 -622.055
432.203 -617.019
439.68 -611.749
446.82 -606.643
453.896 -601.474
461.285 -595.859
476.477 -583.641
482.942 -578.171
489.921 -572.236
497.016 -566.076
504.018 -559.842
510.794 -553.638
516.951 -547.816
523.96 -541.13
530.518 -534.685
536.473 -528.665
542.635 -522.327
548.789 -515.859
554.523 -509.726
561.599 -501.883
567.052 -495.76
572.913 -489.013
579.025 -481.758
584.709 -474.895
590.076 -468.335
595.715 -461.198
601.324 -453.907
606.848 -446.543
618.074 -430.993
622.852 -423.873
627.903 -416.291
633.241 -408.17
637.794 -400.87
642.497 -393.219
647.313 -385.221
651.787 -377.535
656.251 -369.681
660.666 -361.704
664.685 -354.222
668.696 -346.595
672.877 -338.417
677.047 -329.998
680.972 -321.847
684.57 -314.23
688.384 -305.818
691.908 -297.909
695.638 -289.063
699.083 -280.733
702.748 -271.272
705.61 -264.266
708.898 -255.281
715.613 -236.271
718.423 -227.472
721.056 -218.796
723.479 -210.348
725.919 -201.607
728.266 -192.815
730.524 -183.957
732.638 -175.192
734.566 -166.698
736.526 -157.737
738.319 -149.002
740.017 -140.243
741.618 -131.468
743.119 -122.691
744.525 -113.89
745.864 -104.807
747.051 -96.1916
748.178 -87.1366
749.175 -78.7255
750.101 -69.624
750.92 -60.5209
751.645 -51.7941
752.254 -42.6448
752.763 -33.5984
753.203 -24.8702
753.514 -15.8448
