752.178 2.57976e-15
752.119 9.4519
751.941 18.9023
751.644 28.3497
751.228 37.7927
750.694 47.2297
750.041 56.6592
749.27 66.0798
748.381 75.4899
747.373 84.8881
746.247 94.2729
745.004 103.643
743.642 112.996
742.164 122.332
740.568 131.649
738.855 140.944
737.026 150.218
735.08 159.467
733.018 168.692
730.84 177.889
728.547 187.059
726.139 196.199
723.616 205.309
720.979 214.385
718.228 223.428
715.364 232.436
712.387 241.407
709.297 250.34
706.095 259.233
702.782 268.085
699.358 276.895
695.823 285.662
692.178 294.383
688.425 303.057
684.562 311.684
680.591 320.262
676.513 328.789
672.328 337.264
668.037 345.686
663.64 354.053
659.139 362.365
654.533 370.619
649.824 378.814
645.013 386.95
640.1 395.025
635.085 403.037
629.97 410.986
624.756 418.87
619.443 426.687
614.033 434.438
608.525 442.119
602.921 449.731
597.222 457.272
591.429 464.741
585.542 472.136
579.563 479.457
573.493 486.701
567.332 493.87
561.081 500.96
554.741 507.971
548.314 514.902
541.801 521.751
535.202 528.518
528.518 535.202
521.751 541.801
514.902 548.314
507.971 554.741
500.96 561.081
493.87 567.332
486.701 573.493
479.457 579.563
472.136 585.542
464.741 591.429
457.272 597.222
449.731 602.921
442.119 608.525
434.438 614.033
426.687 619.443
418.87 624.756
410.986 629.97
403.037 635.085
395.025 640.1
386.95 645.013
378.814 649.824
370.619 654.533
362.365 659.139
354.053 663.64
345.686 668.037
337.264 672.328
328.789 676.513
320.262 680.591
311.684 684.562
303.057 688.425
294.383 692.178
285.662 695.823
276.895 699.358
268.085 702.782
259.233 706.095
250.34 709.297
241.407 712.387
232.436 715.364
223.428 718.228
214.385 720.979
205.309 723.616
196.199 726.139
187.059 728.547
177.889 730.84
168.692 733.018
159.467 735.08
150.218 737.026
140.944 738.855
131.649 740.568
122.332 742.164
112.996 743.642
103.643 745.004
94.2729 746.247
84.8881 747.373
75.4899 748.381
66.0798 749.27
56.6592 750.041
47.2297 750.694
37.7927 751.228
28.3497 751.644
18.9023 751.941
9.4519 752.119
4.60737e-14 752.178
-9.4519 752.119
-18.9023 751.941
-28.3497 751.644
-37.7927 751.228
-47.2297 750.694
-56.6592 750.041
-66.0798 749.27
-75.4899 748.381
-84.8881 747.373
-94.2729 746.247
-103.643 745.004
-112.996 743.642
-122.332 742.164
-131.649 740.568
-140.944 738.855
-150.218 737.026
-159.467 735.08
-168.692 733.018
-177.889 730.84
-187.059 728.547
-196.199 726.139
-205.309 723.616
-214.385 720.979
-223.428 718.228
-232.436 715.364
-241.407 712.387
-250.34 709.297
-259.233 706.095
-268.085 702.782
-276.895 699.358
-285.662 695.823
-294.383 692.178
-303.057 688.425
-311.684 684.562
-320.262 680.591
-328.789 676.513
-337.264 672.328
-345.686 668.037
-354.053 663.64
-362.365 659.139
-370.619 654.533
-378.814 649.824
-386.95 645.013
-395.025 640.1
-403.037 635.085
-410.986 629.97
-418.87 624.756
-426.687 619.443
-434.438 614.033
-442.119 608.525
-449.731 602.921
-457.272 597.222
-464.741 591.429
-472.136 585.542
-479.457 579.563
-486.701 573.493
-493.87 567.332
-500.96 561.081
-507.971 554.741
-514.902 548.314
-521.751 541.801
-528.518 535.202
-535.202 528.518
-541.801 521.751
-548.314 514.902
-554.741 507.971
-561.081 500.96
-567.332 493.87
-573.493 486.701
-579.563 479.457
-585.542 472.136
-591.429 464.741
-597.222 457.272
-602.921 449.731
-608.525 442.119
-614.033 434.438
-619.443 426.687
-624.756 418.87
-629.97 410.986
-635.085 403.037
-640.1 395.025
-645.013 386.95
-649.824 378.814
-654.533 370.619
-659.139 362.365
-663.64 354.053
-668.037 345.686
-672.328 337.264
-676.513 328.789
-680.591 320.262
-684.562 311.684
-688.425 303.057
-692.178 294.383
-695.823 285.662
-699.358 276.895
-702.782 268.085
-706.095 259.233
-709.297 250.34
-712.387 241.407
-715.364 232.436
-718.228 223.428
-720.979 214.385
-723.616 205.309
-726.139 196.199
-728.547 187.059
-730.84 177.889
-733.018 168.692
-735.08 159.467
-737.026 150.218
-738.855 140.944
-740.568 131.649
-742.164 122.332
-743.642 112.996
-745.004 103.643
-746.247 94.2729
-747.373 84.8881
-748.381 75.4899
-749.27 66.0798
-750.041 56.6592
-750.694 47.2297
-751.228 37.7927
-751.644 28.3497
-751.941 18.9023
-752.119 9.4519
-752.178 9.16898e-14
-752.119 -9.4519
-751.941 -18.9023
-751.644 -28.3497
-751.228 -37.7927
-750.694 -47.2297
-750.041 -56.6592
-749.27 -66.0798
-748.381 -75.4899
-747.373 -84.8881
-746.247 -94.2729
-745.004 -103.643
-743.642 -112.996
-742.164 -122.332
-740.568 -131.649
-738.855 -140.944
-737.026 -150.218
-735.08 -159.467
-733.018 -168.692
-730.84 -177.889
-728.547 -187.059
-726.139 -196.199
-723.616 -205.309
-720.979 -214.385
-718.228 -223.428
-715.364 -232.436
-712.387 -241.407
-709.297 -250.34
-706.095 -259.233
-702.782 -268.085
-699.358 -276.895
-695.823 -285.662
-692.178 -294.383
-688.425 -303.057
-684.562 -311.684
-680.591 -320.262
-676.513 -328.789
-672.328 -337.264
-668.037 -345.686
-663.64 -354.053
-659.139 -362.365
-654.533 -370.619
-649.824 -378.814
-645.013 -386.95
-640.1 -395.025
-635.085 -403.037
-629.97 -410.986
-624.756 -418.87
-619.443 -426.687
-614.033 -434.438
-608.525 -442.119
-602.921 -449.731
-597.222 -457.272
-591.429 -464.741
-585.542 -472.136
-579.563 -479.457
-573.493 -486.701
-567.332 -493.87
-561.081 -500.96
-554.741 -507.971
-548.314 -514.902
-541.801 -521.751
-535.202 -528.518
-528.518 -535.202
-521.751 -541.801
-514.902 -548.314
-507.971 -554.741
-500.96 -561.081
-493.87 -567.332
-486.701 -573.493
-479.457 -579.563
-472.136 -585.542
-464.741 -591.429
-457.272 -597.222
-449.731 -602.921
-442.119 -608.525
-434.438 -614.033
-426.687 -619.443
-418.87 -624.756
-410.986 -629.97
-403.037 -635.085
-395.025 -640.1
-386.95 -645.013
-378.814 -649.824
-370.619 -654.533
-362.365 -659.139
-354.053 -663.64
-345.686 -668.037
-337.264 -672.328
-328.789 -676.513
-320.262 -680.591
-311.684 -684.562
-303.057 -688.425
-294.383 -692.178
-285.662 -695.823
-276.895 -699.358
-268.085 -702.782
-259.233 -706.095
-250.34 -709.297
-241.407 -712.387
-232.436 -715.364
-223.428 -718.228
-214.385 -720.979
-205.309 -723.616
-196.199 -726.139
-187.059 -728.547
-177.889 -730.84
-168.692 -733.018
-159.467 -735.08
-150.218 -737.026
-140.944 -738.855
-131.649 -740.568
-122.332 -742.164
-112.996 -743.642
-103.643 -745.004
-94.2729 -746.247
-84.8881 -747.373
-75.4899 -748.381
-66.0798 -749.27
-56.6592 -750.041
-47.2297 -750.694
-37.7927 -751.228
-28.3497 -751.644
-18.9023 -751.941
-9.4519 -752.119
-1.41081e-13 -752.178
9.4519 -752.119
18.9023 -751.941
28.3497 -751.644
37.7927 -751.228
47.2297 -750.694
56.6592 -750.041
66.0798 -749.27
75.4899 -748.381
84.8881 -747.373
94.2729 -746.247
103.643 -745.004
112.996 -743.642
122.332 -742.164
131.649 -740.568
140.944 -738.855
150.218 -737.026
159.467 -735.08
168.692 -733.018
177.889 -730.84
187.059 -728.547
196.199 -726.139
205.309 -723.616
214.385 -720.979
223.428 -718.228
232.436 -715.364
241.407 -712.387
250.34 -709.297
259.233 -706.095
268.085 -702.782
276.895 -699.358
285.662 -695.823
294.383 -692.178
303.057 -688.425
311.684 -684.562
320.262 -680.591
328.789 -676.513
337.264 -672.328
345.686 -668.037
354.053 -663.64
362.365 -659.139
370.619 -654.533
378.814 -649.824
386.95 -645.013
395.025 -640.1
403.037 -635.085
410.986 -629.97
418.87 -624.756
426.687 -619.443
434.438 -614.033
442.119 -608.525
449.731 -602.921
457.272 -597.222
464.741 -591.429
472.136 -585.542
479.457 -579.563
486.701 -573.493
493.87 -567.332
500.96 -561.081
507.971 -554.741
514.902 -548.314
521.751 -541.801
528.518 -535.202
535.202 -528.518
541.801 -521.751
548.314 -514.902
554.741 -507.971
561.081 -500.96
567.332 -493.87
573.493 -486.701
579.563 -479.457
585.542 -472.136
591.429 -464.741
597.222 -457.272
602.921 -449.731
608.525 -442.119
614.033 -434.438
619.443 -426.687
624.756 -418.87
629.97 -410.986
635.085 -403.037
640.1 -395.025
645.013 -386.95
649.824 -378.814
654.533 -370.619
659.139 -362.365
663.64 -354.053
668.037 -345.686
672.328 -337.264
676.513 -328.789
680.591 -320.262
684.562 -311.684
688.425 -303.057
692.178 -294.383
695.823 -285.662
699.358 -276.895
702.782 -268.085
706.095 -259.233
709.297 -250.34
712.387 -241.407
715.364 -232.436
718.228 -223.428
720.979 -214.385
723.616 -205.309
726.139 -196.199
728.547 -187.059
730.84 -177.889
733.018 -168.692
735.08 -159.467
737.026 -150.218
738.855 -140.944
740.568 -131.649
742.164 -122.332
743.642 -112.996
745.004 -103.643
746.247 -94.2729
747.373 -84.8881
748.381 -75.4899
749.27 -66.0798
750.041 -56.6592
750.694 -47.2297
751.228 -37.7927
751.644 -28.3497
751.941 -18.9023
752.119 -9.4519
