751.529 5.60472
751.38 14.8775
751.092 23.8512
750.663 32.1241
750.196 41.4432
749.615 50.82
748.916 59.9631
748.109 69.0301
747.209 77.7672
746.166 87.2768
745.124 95.3043
743.923 104.191
742.65 112.869
741.28 121.57
739.738 130.647
738.298 138.772
736.517 147.956
734.779 156.545
732.835 165.496
730.711 174.651
728.89 182.58
726.535 191.734
724.458 199.89
721.934 208.875
719.536 217.318
712.794 238.814
709.859 247.085
706.777 255.604
703.606 264.047
700.361 272.366
696.897 281.095
693.79 288.281
690.117 296.962
686.267 305.79
682.641 313.673
678.864 321.692
675.005 329.657
671.24 337.209
666.92 345.675
663.048 353.048
658.7 361.105
654.412 368.854
650.133 376.41
645.533 384.281
640.737 392.242
636.219 399.636
631.164 407.577
626.465 414.889
621.632 422.222
616.75 429.476
611.202 437.302
606.163 444.429
600.942 451.61
587.209 469.161
581.376 476.324
575.829 482.836
569.919 489.735
564.568 495.694
557.994 503.142
552.159 509.442
545.703 516.354
539.84 522.399
533.746 528.587
527.449 534.857
520.589 541.539
514.741 547.101
507.407 553.903
500.843 559.852
494.568 565.444
488.055 571.129
480.897 577.174
474.292 582.691
466.586 588.839
460.029 594.087
452.54 599.813
445.511 605.134
438.148 610.532
430.646 615.88
414.687 626.631
407.293 631.385
399.482 636.335
392.115 640.827
384.377 645.468
376.947 649.789
368.579 654.581
360.505 659.052
352.798 663.187
344.977 667.279
337.208 671.24
328.203 675.687
320.747 679.271
312.503 683.113
304.386 686.79
295.981 690.467
287.734 693.974
279.63 697.329
271.119 700.707
262.012 704.138
253.821 707.195
235.037 713.997
226.682 716.585
218.087 719.181
208.956 721.898
200.538 724.192
192.682 726.188
183.131 728.693
174.599 730.727
165.579 732.81
155.639 735.046
148.283 736.435
139.038 738.236
130.275 739.813
121.832 741.234
112.821 742.658
103.803 743.973
95.3976 745.115
86.187 746.241
77.3893 747.229
68.4659 748.124
59.8187 748.917
50.8075 749.615
41.7626 750.207
32.9608 750.71
23.6259 751.073
14.8799 751.38
5.36495 751.499
-3.69313 751.56
-12.7628 751.514
-35.268 750.922
-43.9101 750.343
-52.7495 749.692
-62.3563 748.98
-70.8556 748.109
-79.557 747.16
-88.9666 746.101
-97.2931 744.969
-106.036 743.734
-114.006 742.493
-124.378 740.869
-132.765 739.373
-140.878 737.85
-149.977 736.054
-158.46 734.283
-167.576 732.258
-176.045 730.292
-184.673 728.184
-193.41 725.937
-201.858 723.685
-211.26 720.969
-219.736 718.481
-228.593 715.727
-236.447 713.305
-245.322 710.311
-254.651 706.964
-262.323 704.331
-271.318 700.888
-289.542 693.394
-298.091 689.745
-305.538 686.357
-314.658 682.273
-322.865 678.394
-331.013 674.426
-338.664 670.559
-346.676 666.432
-354.721 662.172
-362.796 657.774
-370.419 653.499
-378.509 648.846
-385.75 644.575
-394.15 639.467
-401.125 635.15
-408.851 630.218
-416.079 625.524
-423.291 620.737
-431.233 615.224
-438.403 610.209
-446.007 604.679
-452.845 599.708
-469.32 587.117
-476.261 581.415
-483.114 575.649
-489.87 569.827
-496.579 563.919
-503.191 557.957
-509.741 551.921
-516.276 545.768
-522.717 539.561
-529.08 533.289
-535.348 526.97
-541.528 520.6
-547.642 514.157
-553.67 507.665
-559.637 501.095
-565.528 494.464
-571.354 487.759
-577.1 480.999
-582.784 474.159
-588.401 467.242
-593.935 460.273
-599.406 453.22
-604.802 446.098
-610.132 438.889
-615.402 431.578
-627.768 413.366
-633.07 405.265
-637.483 398.027
-642.528 389.868
-647.044 382.191
-651.306 374.697
-655.815 366.696
-660.191 358.695
-664.349 350.838
-668.101 343.483
-671.965 335.791
-676.042 327.494
-680.012 319.16
-683.836 310.871
-687.525 302.619
-690.939 294.763
-694.302 286.814
-697.954 277.778
-700.952 270.312
-704.335 261.344
-707.236 253.664
-710.277 245.133
-713.397 235.77
-716.129 227.609
-718.725 219.784
-721.399 210.946
-723.986 201.919
-726.434 193.093
-732.053 170.992
-733.996 162.151
-735.745 153.541
-737.346 145.087
-739.277 135.289
-740.904 126.035
-742.162 117.654
-743.332 109.333
-744.716 99.6755
-745.802 90.8259
-746.77 82.0706
-747.619 73.4848
-748.508 63.9025
-749.143 55.4664
-749.772 46.15
-750.242 37.5149
-750.628 28.8439
-750.927 20.1839
-751.126 10.9885
-751.248 2.49147
-751.245 -6.59432
-751.105 -16.015
-750.788 -26.0452
-750.582 -33.9533
-750.251 -42.4146
-749.69 -51.6711
-748.921 -61.3944
-748.375 -69.5172
-747.588 -78.3496
-746.725 -87.1074
-745.712 -96.034
-742.148 -118.996
-740.59 -128.442
-738.952 -136.966
-737.208 -145.753
-735.32 -154.983
-733.443 -163.092
-731.405 -171.819
-729.216 -180.83
-726.858 -190.137
-724.618 -198.232
-722.347 -206.175
-719.527 -215.898
-717.006 -224.025
-714.131 -233.029
-711.544 -240.782
-708.499 -249.604
-705.556 -257.842
-702.262 -266.682
-699.553 -273.929
-695.744 -283.352
-692.365 -291.589
-688.84 -299.892
-685.546 -307.575
-681.336 -316.665
-678.149 -323.822
-673.558 -333.047
-670.431 -339.845
-665.775 -348.705
-661.712 -356.541
-651.415 -374.678
-646.839 -382.424
-642.194 -390.075
-637.478 -397.646
-632.67 -405.177
-627.932 -412.388
-623.086 -419.613
-617.792 -427.366
-612.959 -434.228
-607.569 -441.735
-602.304 -448.889
-596.841 -456.135
-591.461 -463.112
-585.737 -470.342
-580.268 -477.124
-574.368 -484.229
-568.304 -491.34
-562.579 -497.957
-556.831 -504.472
-550.42 -511.453
-544.513 -517.848
-532.547 -529.913
-525.644 -536.79
-519.769 -542.373
-512.696 -549.083
-506.685 -554.573
-498.957 -561.578
-492.489 -567.221
-485.874 -572.884
-478.962 -578.675
-471.962 -584.403
-464.234 -590.556
-457.76 -595.615
-450.938 -600.841
-443.735 -606.213
-436.757 -611.33
-429.034 -616.773
-413.209 -627.908
-405.533 -632.835
-397.925 -637.567
-390.076 -642.362
-382.594 -646.738
-374.654 -651.337
-366.935 -655.651
-359.084 -659.937
-351.346 -664.035
-343.259 -668.231
-335.112 -672.335
-327.249 -676.169
-319.712 -679.745
-311.2 -683.684
-303.133 -687.302
-294.99 -690.848
-286.828 -694.297
-278.365 -697.746
-270.368 -700.934
-261.827 -704.191
-253.764 -707.21
-245.123 -710.279
-236.714 -713.186
-228.242 -716.007
-219.695 -718.739
-211.332 -721.346
-202.649 -723.898
-181.604 -729.259
-173.296 -731.166
-163.759 -733.401
-155.394 -735.122
-147.042 -736.759
-137.828 -738.534
-129.072 -740.078
-119.771 -741.64
-112.113 -742.772
-102.304 -744.197
-92.9807 -745.418
-84.5377 -746.407
-75.1328 -747.413
-66.5697 -748.227
-57.9244 -748.963
-49.1865 -749.615
-40.2133 -750.173
-31.4964 -750.637
-21.9085 -750.967
-12.8531 -751.206
-3.84793 -751.344
5.38071 -751.354
14.0954 -751.318
23.2475 -751.124
43.504 -750.309
52.8312 -749.697
61.1183 -748.931
70.8401 -748.109
79.8916 -747.159
88.7599 -746.106
97.3273 -744.968
106.443 -743.703
114.211 -742.468
123.863 -740.931
133.377 -739.287
140.43 -737.937
149.851 -736.08
158.936 -734.173
167.688 -732.23
176.302 -730.22
185.127 -728.046
193.986 -725.749
202.424 -723.482
211.438 -720.904
219.794 -718.458
228.342 -715.835
237.063 -713.023
245.166 -710.388
254.097 -707.239
262.531 -704.219
281.729 -696.727
290.653 -693.079
299.024 -689.463
307.006 -685.857
314.839 -682.208
322.657 -678.475
331.355 -674.288
338.824 -670.488
346.955 -666.301
354.843 -662.111
362.587 -657.884
369.929 -653.776
378.183 -649.035
385.107 -644.984
393.208 -640.077
401.017 -635.225
408.457 -630.504
415.632 -625.87
423.611 -620.48
430.927 -615.479
438.372 -610.237
445.467 -605.17
452.501 -600.042
459.864 -594.451
475.374 -581.972
481.783 -576.541
488.733 -570.626
495.818 -564.475
502.797 -558.257
509.543 -552.078
515.645 -546.3
522.644 -539.624
529.173 -533.204
535.076 -527.233
541.2 -520.934
547.32 -514.503
553.003 -508.425
560.097 -500.562
565.496 -494.504
571.325 -487.796
577.424 -480.56
583.078 -473.737
588.403 -467.237
594.028 -460.123
599.623 -452.854
605.126 -445.525
616.591 -429.651
621.324 -422.583
626.347 -415.034
631.671 -406.932
636.182 -399.686
640.87 -392.055
645.664 -384.089
650.109 -376.447
654.549 -368.631
658.943 -360.689
662.927 -353.27
666.908 -345.7
671.072 -337.556
675.23 -329.162
679.137 -321.051
682.707 -313.502
686.509 -305.124
690.011 -297.275
693.735 -288.446
697.166 -280.16
700.834 -270.692
703.666 -263.798
706.949 -254.832
713.819 -235.387
716.62 -226.608
719.235 -217.967
721.637 -209.568
724.057 -200.877
726.388 -192.127
728.629 -183.317
730.73 -174.592
732.645 -166.142
734.595 -157.219
736.375 -148.533
738.06 -139.831
739.651 -131.105
741.145 -122.371
742.542 -113.628
743.878 -104.575
745.059 -96.0196
746.182 -87.0061
747.176 -78.666
748.102 -69.6051
748.92 -60.5422
749.647 -51.8658
750.258 -42.7639
750.769 -33.7535
751.215 -25.0853
751.531 -16.1054
