750.178 2.63949e-15
750.119 9.42677
749.941 18.8521
749.645 28.2744
749.231 37.6922
748.698 47.1041
748.047 56.5085
747.278 65.9041
746.391 75.2892
745.386 84.6624
744.263 94.0223
743.023 103.367
741.665 112.696
740.19 122.007
738.599 131.299
736.891 140.569
735.066 149.818
733.125 159.043
731.069 168.243
728.897 177.416
726.61 186.562
724.208 195.678
721.692 204.763
719.062 213.815
716.319 222.834
713.462 231.818
710.493 240.765
707.411 249.674
704.218 258.544
700.913 267.372
697.498 276.159
693.973 284.902
690.338 293.6
686.594 302.252
682.742 310.856
678.782 319.41
674.714 327.915
670.54 336.367
666.261 344.767
661.876 353.112
657.386 361.401
652.793 369.633
648.097 377.807
643.298 385.921
638.398 393.975
633.397 401.966
628.295 409.893
623.095 417.756
617.796 425.553
612.4 433.283
606.907 440.944
601.318 448.535
595.634 456.056
589.857 463.505
583.986 470.88
578.022 478.182
571.968 485.407
565.823 492.556
559.589 499.628
553.266 506.62
546.856 513.532
540.36 520.364
533.779 527.113
527.113 533.779
520.364 540.36
513.532 546.856
506.62 553.266
499.628 559.589
492.556 565.823
485.407 571.968
478.182 578.022
470.88 583.986
463.505 589.857
456.056 595.634
448.535 601.318
440.944 606.907
433.283 612.4
425.553 617.796
417.756 623.095
409.893 628.295
401.966 633.397
393.975 638.398
385.921 643.298
377.807 648.097
369.633 652.793
361.401 657.386
353.112 661.876
344.767 666.261
336.367 670.54
327.915 674.714
319.41 678.782
310.856 682.742
302.252 686.594
293.6 690.338
284.902 693.973
276.159 697.498
267.372 700.913
258.544 704.218
249.674 707.411
240.765 710.493
231.818 713.462
222.834 716.319
213.815 719.062
204.763 721.692
195.678 724.208
186.562 726.61
177.416 728.897
168.243 731.069
159.043 733.125
149.818 735.066
140.569 736.891
131.299 738.599
122.007 740.19
112.696 741.665
103.367 743.023
94.0223 744.263
84.6624 745.386
75.2892 746.391
65.9041 747.278
56.5085 748.047
47.1041 748.698
37.6922 749.231
28.2744 749.645
18.8521 749.941
9.42677 750.119
4.59123e-14 750.178
-9.42677 750.119
-18.8521 749.941
-28.2744 749.645
-37.6922 749.231
-47.1041 748.698
-56.5085 748.047
-65.9041 747.278
-75.2892 746.391
-84.6624 745.386
-94.0223 744.263
-103.367 743.023
-112.696 741.665
-122.007 740.19
-131.299 738.599
-140.569 736.891
-149.818 735.066
-159.043 733.125
-168.243 731.069
-177.416 728.897
-186.562 726.61
-195.678 724.208
-204.763 721.692
-213.815 719.062
-222.834 716.319
-231.818 713.462
-240.765 710.493
-249.674 707.411
-258.544 704.218
-267.372 700.913
-276.159 697.498
-284.902 693.973
-293.6 690.338
-302.252 686.594
-310.856 682.742
-319.41 678.782
-327.915 674.714
-336.367 670.54
-344.767 666.261
-353.112 661.876
-361.401 657.386
-369.633 652.793
-377.807 648.097
-385.921 643.298
-393.975 638.398
-401.966 633.397
-409.893 628.295
-417.756 623.095
-425.553 617.796
-433.283 612.4
-440.944 606.907
-448.535 601.318
-456.056 595.634
-463.505 589.857
-470.88 583.986
-478.182 578.022
-485.407 571.968
-492.556 565.823
-499.628 559.589
-506.62 553.266
-513.532 546.856
-520.364 540.36
-527.113 533.779
-533.779 527.113
-540.36 520.364
-546.856 513.532
-553.266 506.62
-559.589 499.628
-565.823 492.556
-571.968 485.407
-578.022 478.182
-583.986 470.88
-589.857 463.505
-595.634 456.056
-601.318 448.535
-606.907 440.944
-612.4 433.283
-617.796 425.553
-623.095 417.756
-628.295 409.893
-633.397 401.966
-638.398 393.975
-643.298 385.921
-648.097 377.807
-652.793 369.633
-657.386 361.401
-661.876 353.112
-666.261 344.767
-670.54 336.367
-674.714 327.915
-678.782 319.41
-682.742 310.856
-686.594 302.252
-690.338 293.6
-693.973 284.902
-697.498 276.159
-700.913 267.372
-704.218 258.544
-707.411 249.674
-710.493 240.765
-713.462 231.818
-716.319 222.834
-719.062 213.815
-721.692 204.763
-724.208 195.678
-726.61 186.562
-728.897 177.416
-731.069 168.243
-733.125 159.043
-735.066 149.818
-736.891 140.569
-738.599 131.299
-740.19 122.007
-741.665 112.696
-743.023 103.367
-744.263 94.0223
-745.386 84.6624
-746.391 75.2892
-747.278 65.9041
-748.047 56.5085
-748.698 47.1041
-749.231 37.6922
-749.645 28.2744
-749.941 18.8521
-750.119 9.42677
-750.178 9.13285e-14
-750.119 -9.42677
-749.941 -18.8521
-749.645 -28.2744
-749.231 -37.6922
-748.698 -47.1041
-748.047 -56.5085
-747.278 -65.9041
-746.391 -75.2892
-745.386 -84.6624
-744.263 -94.0223
-743.023 -103.367
-741.665 -112.696
-740.19 -122.007
-738.599 -131.299
-736.891 -140.569
-735.066 -149.818
-733.125 -159.043
-731.069 -168.243
-728.897 -177.416
-726.61 -186.562
-724.208 -195.678
-721.692 -204.763
-719.062 -213.815
-716.319 -222.834
-713.462 -231.818
-710.493 -240.765
-707.411 -249.674
-704.218 -258.544
-700.913 -267.372
-697.498 -276.159
-693.973 -284.902
-690.338 -293.6
-686.594 -302.252
-682.742 -310.856
-678.782 -319.41
-674.714 -327.915
-670.54 -336.367
-666.261 -344.767
-661.876 -353.112
-657.386 -361.401
-652.793 -369.633
-648.097 -377.807
-643.298 -385.921
-638.398 -393.975
-633.397 -401.966
-628.295 -409.893
-623.095 -417.756
-617.796 -425.553
-612.4 -433.283
-606.907 -440.944
-601.318 -448.535
-595.634 -456.056
-589.857 -463.505
-583.986 -470.88
-578.022 -478.182
-571.968 -485.407
-565.823 -492.556
-559.589 -499.628
-553.266 -506.62
-546.856 -513.532
-540.36 -520.364
-533.779 -527.113
-527.113 -533.779
-520.364 -540.36
-513.532 -546.856
-506.62 -553.266
-499.628 -559.589
-492.556 -565.823
-485.407 -571.968
-478.182 -578.022
-470.88 -583.986
-463.505 -589.857
-456.056 -595.634
-448.535 -601.318
-440.944 -606.907
-433.283 -612.4
-425.553 -617.796
-417.756 -623.095
-409.893 -628.295
-401.966 -633.397
-393.975 -638.398
-385.921 -643.298
-377.807 -648.097
-369.633 -652.793
-361.401 -657.386
-353.112 -661.876
-344.767 -666.261
-336.367 -670.54
-327.915 -674.714
-319.41 -678.782
-310.856 -682.742
-302.252 -686.594
-293.6 -690.338
-284.902 -693.973
-276.159 -697.498
-267.372 -700.913
-258.544 -704.218
-249.674 -707.411
-240.765 -710.493
-231.818 -713.462
-222.834 -716.319
-213.815 -719.062
-204.763 -721.692
-195.678 -724.208
-186.562 -726.61
-177.416 -728.897
-168.243 -731.069
-159.043 -733.125
-149.818 -735.066
-140.569 -736.891
-131.299 -738.599
-122.007 -740.19
-112.696 -741.665
-103.367 -743.023
-94.0223 -744.263
-84.6624 -745.386
-75.2892 -746.391
-65.9041 -747.278
-56.5085 -748.047
-47.1041 -748.698
-37.6922 -749.231
-28.2744 -749.645
-18.8521 -749.941
-9.42677 -750.119
-1.40811e-13 -750.178
9.42677 -750.119
18.8521 -749.941
28.2744 -749.645
37.6922 -749.231
47.1041 -748.698
56.5085 -748.047
65.9041 -747.278
75.2892 -746.391
84.6624 -745.386
94.0223 -744.263
103.367 -743.023
112.696 -741.665
122.007 -740.19
131.299 -738.599
140.569 -736.891
149.818 -735.066
159.043 -733.125
168.243 -731.069
177.416 -728.897
186.562 -726.61
195.678 -724.208
204.763 -721.692
213.815 -719.062
222.834 -716.319
231.818 -713.462
240.765 -710.493
249.674 -707.411
258.544 -704.218
267.372 -700.913
276.159 -697.498
284.902 -693.973
293.6 -690.338
302.252 -686.594
310.856 -682.742
319.41 -678.782
327.915 -674.714
336.367 -670.54
344.767 -666.261
353.112 -661.876
361.401 -657.386
369.633 -652.793
377.807 -648.097
385.921 -643.298
393.975 -638.398
401.966 -633.397
409.893 -628.295
417.756 -623.095
425.553 -617.796
433.283 -612.4
440.944 -606.907
448.535 -601.318
456.056 -595.634
463.505 -589.857
470.88 -583.986
478.182 -578.022
485.407 -571.968
492.556 -565.823
499.628 -559.589
506.62 -553.266
513.532 -546.856
520.364 -540.36
527.113 -533.779
533.779 -527.113
540.36 -520.364
546.856 -513.532
553.266 -506.62
559.589 -499.628
565.823 -492.556
571.968 -485.407
578.022 -478.182
583.986 -470.88
589.857 -463.505
595.634 -456.056
601.318 -448.535
606.907 -440.944
612.4 -433.283
617.796 -425.553
623.095 -417.756
628.295 -409.893
633.397 -401.966
638.398 -393.975
643.298 -385.921
648.097 -377.807
652.793 -369.633
657.386 -361.401
661.876 -353.112
666.261 -344.767
670.54 -336.367
674.714 -327.915
678.782 -319.41
682.742 -310.856
686.594 -302.252
690.338 -293.6
693.973 -284.902
697.498 -276.159
700.913 -267.372
704.218 -258.544
707.411 -249.674
710.493 -240.765
713.462 -231.818
716.319 -222.834
719.062 -213.815
721.692 -204.763
724.208 -195.678
726.61 -186.562
728.897 -177.416
731.069 -168.243
733.125 -159.043
735.066 -149.818
736.891 -140.569
738.599 -131.299
740.19 -122.007
741.665 -112.696
743.023 -103.367
744.263 -94.0223
745.386 -84.6624
746.391 -75.2892
747.278 -65.9041
748.047 -56.5085
748.698 -47.1041
749.231 -37.6922
749.645 -28.2744
749.941 -18.8521
750.119 -9.42677
