749.178 2.74488e-15
749.119 9.4142
748.942 18.8269
748.646 28.2367
748.232 37.642
747.7 47.0413
747.05 56.4332
746.282 65.8162
745.396 75.1888
744.392 84.5496
743.271 93.8969
742.032 103.23
740.676 112.546
739.204 121.844
737.614 131.123
735.908 140.382
734.086 149.618
732.148 158.831
730.094 168.019
727.925 177.18
725.642 186.313
723.243 195.417
720.73 204.49
718.104 213.53
715.364 222.537
712.511 231.509
709.546 240.444
706.468 249.341
703.279 258.199
699.979 267.016
696.568 275.791
693.048 284.522
689.418 293.209
685.679 301.849
681.832 310.441
677.877 318.985
673.815 327.478
669.647 335.919
665.373 344.307
660.993 352.641
656.51 360.919
651.923 369.141
647.233 377.304
642.44 385.407
637.547 393.449
632.552 401.43
627.458 409.347
622.264 417.199
616.973 424.986
611.584 432.705
606.098 440.356
600.517 447.937
594.84 455.448
589.07 462.887
583.207 470.253
577.252 477.544
571.205 484.76
565.069 491.9
558.843 498.962
552.529 505.945
546.128 512.848
539.64 519.67
533.067 526.41
526.41 533.067
519.67 539.64
512.848 546.128
505.945 552.529
498.962 558.843
491.9 565.069
484.76 571.205
477.544 577.252
470.253 583.207
462.887 589.07
455.448 594.84
447.937 600.517
440.356 606.098
432.705 611.584
424.986 616.973
417.199 622.264
409.347 627.458
401.43 632.552
393.449 637.547
385.407 642.44
377.304 647.233
369.141 651.923
360.919 656.51
352.641 660.993
344.307 665.373
335.919 669.647
327.478 673.815
318.985 677.877
310.441 681.832
301.849 685.679
293.209 689.418
284.522 693.048
275.791 696.568
267.016 699.979
258.199 703.279
249.341 706.468
240.444 709.546
231.509 712.511
222.537 715.364
213.53 718.104
204.49 720.73
195.417 723.243
186.313 725.642
177.18 727.925
168.019 730.094
158.831 732.148
149.618 734.086
140.382 735.908
131.123 737.614
121.844 739.204
112.546 740.676
103.23 742.032
93.8969 743.271
84.5496 744.392
75.1888 745.396
65.8162 746.282
56.4332 747.05
47.0413 747.7
37.642 748.232
28.2367 748.646
18.8269 748.942
9.4142 749.119
4.58039e-14 749.178
-9.4142 749.119
-18.8269 748.942
-28.2367 748.646
-37.642 748.232
-47.0413 747.7
-56.4332 747.05
-65.8162 746.282
-75.1888 745.396
-84.5496 744.392
-93.8969 743.271
-103.23 742.032
-112.546 740.676
-121.844 739.204
-131.123 737.614
-140.382 735.908
-149.618 734.086
-158.831 732.148
-168.019 730.094
-177.18 727.925
-186.313 725.642
-195.417 723.243
-204.49 720.73
-213.53 718.104
-222.537 715.364
-231.509 712.511
-240.444 709.546
-249.341 706.468
-258.199 703.279
-267.016 699.979
-275.791 696.568
-284.522 693.048
-293.209 689.418
-301.849 685.679
-310.441 681.832
-318.985 677.877
-327.478 673.815
-335.919 669.647
-344.307 665.373
-352.641 660.993
-360.919 656.51
-369.141 651.923
-377.304 647.233
-385.407 642.44
-393.449 637.547
-401.43 632.552
-409.347 627.458
-417.199 622.264
-424.986 616.973
-432.705 611.584
-440.356 606.098
-447.937 600.517
-455.448 594.84
-462.887 589.07
-470.253 583.207
-477.544 577.252
-484.76 571.205
-491.9 565.069
-498.962 558.843
-505.945 552.529
-512.848 546.128
-519.67 539.64
-526.41 533.067
-533.067 526.41
-539.64 519.67
-546.128 512.848
-552.529 505.945
-558.843 498.962
-565.069 491.9
-571.205 484.76
-577.252 477.544
-583.207 470.253
-589.07 462.887
-594.84 455.448
-600.517 447.937
-606.098 440.356
-611.584 432.705
-616.973 424.986
-622.264 417.199
-627.458 409.347
-632.552 401.43
-637.547 393.449
-642.44 385.407
-647.233 377.304
-651.923 369.141
-656.51 360.919
-660.993 352.641
-665.373 344.307
-669.647 335.919
-673.815 327.478
-677.877 318.985
-681.832 310.441
-685.679 301.849
-689.418 293.209
-693.048 284.522
-696.568 275.791
-699.979 267.016
-703.279 258.199
-706.468 249.341
-709.546 240.444
-712.511 231.509
-715.364 222.537
-718.104 213.53
-720.73 204.49
-723.243 195.417
-725.642 186.313
-727.925 177.18
-730.094 168.019
-732.148 158.831
-734.086 149.618
-735.908 140.382
-737.614 131.123
-739.204 121.844
-740.676 112.546
-742.032 103.23
-743.271 93.8969
-744.392 84.5496
-745.396 75.1888
-746.282 65.8162
-747.05 56.4332
-747.7 47.0413
-748.232 37.642
-748.646 28.2367
-748.942 18.8269
-749.119 9.4142
-749.178 9.10503e-14
-749.119 -9.4142
-748.942 -18.8269
-748.646 -28.2367
-748.232 -37.642
-747.7 -47.0413
-747.05 -56.4332
-746.282 -65.8162
-745.396 -75.1888
-744.392 -84.5496
-743.271 -93.8969
-742.032 -103.23
-740.676 -112.546
-739.204 -121.844
-737.614 -131.123
-735.908 -140.382
-734.086 -149.618
-732.148 -158.831
-730.094 -168.019
-727.925 -177.18
-725.642 -186.313
-723.243 -195.417
-720.73 -204.49
-718.104 -213.53
-715.364 -222.537
-712.511 -231.509
-709.546 -240.444
-706.468 -249.341
-703.279 -258.199
-699.979 -267.016
-696.568 -275.791
-693.048 -284.522
-689.418 -293.209
-685.679 -301.849
-681.832 -310.441
-677.877 -318.985
-673.815 -327.478
-669.647 -335.919
-665.373 -344.307
-660.993 -352.641
-656.51 -360.919
-651.923 -369.141
-647.233 -377.304
-642.44 -385.407
-637.547 -393.449
-632.552 -401.43
-627.458 -409.347
-622.264 -417.199
-616.973 -424.986
-611.584 -432.705
-606.098 -440.356
-600.517 -447.937
-594.84 -455.448
-589.07 -462.887
-583.207 -470.253
-577.252 -477.544
-571.205 -484.76
-565.069 -491.9
-558.843 -498.962
-552.529 -505.945
-546.128 -512.848
-539.64 -519.67
-533.067 -526.41
-526.41 -533.067
-519.67 -539.64
-512.848 -546.128
-505.945 -552.529
-498.962 -558.843
-491.9 -565.069
-484.76 -571.205
-477.544 -577.252
-470.253 -583.207
-462.887 -589.07
-455.448 -594.84
-447.937 -600.517
-440.356 -606.098
-432.705 -611.584
-424.986 -616.973
-417.199 -622.264
-409.347 -627.458
-401.43 -632.552
-393.449 -637.547
-385.407 -642.44
-377.304 -647.233
-369.141 -651.923
-360.919 -656.51
-352.641 -660.993
-344.307 -665.373
-335.919 -669.647
-327.478 -673.815
-318.985 -677.877
-310.441 -681.832
-301.849 -685.679
-293.209 -689.418
-284.522 -693.048
-275.791 -696.568
-267.016 -699.979
-258.199 -703.279
-249.341 -706.468
-240.444 -709.546
-231.509 -712.511
-222.537 -715.364
-213.53 -718.104
-204.49 -720.73
-195.417 -723.243
-186.313 -725.642
-177.18 -727.925
-168.019 -730.094
-158.831 -732.148
-149.618 -734.086
-140.382 -735.908
-131.123 -737.614
-121.844 -739.204
-112.546 -740.676
-103.23 -742.032
-93.8969 -743.271
-84.5496 -744.392
-75.1888 -745.396
-65.8162 -746.282
-56.4332 -747.05
-47.0413 -747.7
-37.642 -748.232
-28.2367 -748.646
-18.8269 -748.942
-9.4142 -749.119
-1.40733e-13 -749.178
9.4142 -749.119
18.8269 -748.942
28.2367 -748.646
37.642 -748.232
47.0413 -747.7
56.4332 -747.05
65.8162 -746.282
75.1888 -745.396
84.5496 -744.392
93.8969 -743.271
103.23 -742.032
112.546 -740.676
121.844 -739.204
131.123 -737.614
140.382 -735.908
149.618 -734.086
158.831 -732.148
168.019 -730.094
177.18 -727.925
186.313 -725.642
195.417 -723.243
204.49 -720.73
213.53 -718.104
222.537 -715.364
231.509 -712.511
240.444 -709.546
249.341 -706.468
258.199 -703.279
267.016 -699.979
275.791 -696.568
284.522 -693.048
293.209 -689.418
301.849 -685.679
310.441 -681.832
318.985 -677.877
327.478 -673.815
335.919 -669.647
344.307 -665.373
352.641 -660.993
360.919 -656.51
369.141 -651.923
377.304 -647.233
385.407 -642.44
393.449 -637.547
401.43 -632.552
409.347 -627.458
417.199 -622.264
424.986 -616.973
432.705 -611.584
440.356 -606.098
447.937 -600.517
455.448 -594.84
462.887 -589.07
470.253 -583.207
477.544 -577.252
484.76 -571.205
491.9 -565.069
498.962 -558.843
505.945 -552.529
512.848 -546.128
519.67 -539.64
526.41 -533.067
533.067 -526.41
539.64 -519.67
546.128 -512.848
552.529 -505.945
558.843 -498.962
565.069 -491.9
571.205 -484.76
577.252 -477.544
583.207 -470.253
589.07 -462.887
594.84 -455.448
600.517 -447.937
606.098 -440.356
611.584 -432.705
616.973 -424.986
622.264 -417.199
627.458 -409.347
632.552 -401.43
637.547 -393.449
642.44 -385.407
647.233 -377.304
651.923 -369.141
656.51 -360.919
660.993 -352.641
665.373 -344.307
669.647 -335.919
673.815 -327.478
677.877 -318.985
681.832 -310.441
685.679 -301.849
689.418 -293.209
693.048 -284.522
696.568 -275.791
699.979 -267.016
703.279 -258.199
706.468 -249.341
709.546 -240.444
712.511 -231.509
715.364 -222.537
718.104 -213.53
720.73 -204.49
723.243 -195.417
725.642 -186.313
727.925 -177.18
730.094 -168.019
732.148 -158.831
734.086 -149.618
735.908 -140.382
737.614 -131.123
739.204 -121.844
740.676 -112.546
742.032 -103.23
743.271 -93.8969
744.392 -84.5496
745.396 -75.1888
746.282 -65.8162
747.05 -56.4332
747.7 -47.0413
748.232 -37.642
748.646 -28.2367
748.942 -18.8269
749.119 -9.4142
