748.553 5.97893
748.398 15.1988
748.102 24.1002
747.665 32.2519
747.197 41.5209
746.615 50.8516
745.916 59.962
745.11 68.9701
744.213 77.6237
743.171 87.1055
742.139 95.0043
740.946 103.822
739.684 112.419
738.328 121.039
736.795 130.065
735.38 138.075
733.609 147.218
731.894 155.725
729.965 164.622
727.853 173.739
726.073 181.549
723.731 190.668
721.685 198.746
719.177 207.692
716.815 216.054
709.834 238.323
706.915 246.507
703.848 254.958
700.686 263.36
697.458 271.609
694.005 280.298
690.941 287.341
687.28 295.986
683.438 304.792
679.843 312.591
676.094 320.539
672.266 328.434
668.545 335.89
664.24 344.328
660.42 351.6
656.1 359.609
651.85 367.292
647.619 374.773
643.051 382.595
638.283 390.518
633.817 397.839
628.785 405.749
624.142 412.99
619.364 420.259
614.54 427.448
609.012 435.251
604.02 442.329
598.826 449.483
584.619 467.647
578.814 474.764
573.319 481.193
567.444 488.041
562.172 493.889
555.6 501.335
549.823 507.56
543.389 514.444
537.596 520.408
531.562 526.531
525.316 532.747
518.476 539.409
512.722 544.882
505.386 551.685
498.88 557.584
492.686 563.108
486.245 568.736
479.121 574.757
472.593 580.219
464.894 586.362
458.429 591.55
450.973 597.255
444.016 602.533
436.708 607.9
429.257 613.221
412.766 624.327
405.439 629.026
397.671 633.943
390.38 638.38
382.698 642.982
375.349 647.25
367 652.03
358.97 656.475
351.335 660.568
343.584 664.622
335.892 668.544
326.882 672.993
319.532 676.527
311.343 680.346
303.295 683.996
294.941 687.653
286.759 691.136
278.734 694.466
270.277 697.827
261.185 701.254
253.078 704.289
233.697 711.313
225.406 713.87
216.877 716.436
207.756 719.149
199.419 721.408
191.687 723.358
182.143 725.86
173.689 727.869
164.717 729.937
154.761 732.177
147.572 733.521
138.362 735.313
129.672 736.875
121.324 738.277
112.371 739.692
103.41 740.999
95.1061 742.129
85.9431 743.251
77.2225 744.234
68.3682 745.126
59.8097 745.917
50.8629 746.615
41.8808 747.21
33.159 747.716
23.8677 748.082
15.2062 748.398
5.72226 748.521
-3.29462 748.587
-12.3101 748.549
-35.5809 747.938
-44.1492 747.352
-52.9333 746.697
-62.5174 745.984
-70.9173 745.11
-79.5345 744.16
-88.9092 743.101
-97.1279 741.974
-105.792 740.744
-113.632 739.516
-124.04 737.888
-132.328 736.405
-140.324 734.901
-149.376 733.115
-157.771 731.363
-166.844 729.349
-175.229 727.405
-183.786 725.318
-192.459 723.092
-200.828 720.867
-210.217 718.156
-218.62 715.696
-227.432 712.961
-235.175 710.588
-244.011 707.613
-253.333 704.269
-260.908 701.686
-269.887 698.251
-288.689 690.518
-297.192 686.883
-304.527 683.533
-313.64 679.451
-321.79 675.594
-329.879 671.648
-337.442 667.819
-345.393 663.72
-353.382 659.487
-361.412 655.113
-368.959 650.878
-377.01 646.247
-384.16 642.031
-392.551 636.928
-399.425 632.678
-407.106 627.778
-414.258 623.14
-421.397 618.411
-429.32 612.913
-436.424 607.954
-443.995 602.453
-450.771 597.54
-467.807 584.526
-474.688 578.86
-481.481 573.132
-488.178 567.351
-494.826 561.484
-501.379 555.567
-507.887 549.562
-514.376 543.446
-520.765 537.282
-527.066 531.066
-533.279 524.798
-539.41 518.475
-545.466 512.092
-551.442 505.656
-557.364 499.137
-563.207 492.563
-568.986 485.918
-574.681 479.224
-580.326 472.437
-585.902 465.582
-591.396 458.675
-596.829 451.684
-602.189 444.624
-607.485 437.477
-612.724 430.227
-625.502 411.4
-630.796 403.308
-635.157 396.131
-640.186 387.993
-644.656 380.375
-648.863 372.957
-653.34 365
-657.684 357.049
-661.802 349.254
-665.492 342.002
-669.323 334.371
-673.381 326.109
-677.325 317.825
-681.123 309.591
-684.785 301.399
-688.161 293.631
-691.49 285.767
-695.134 276.755
-698.092 269.405
-701.464 260.472
-704.335 252.901
-707.36 244.431
-710.476 235.084
-713.191 227.006
-715.766 219.29
-718.431 210.512
-721.012 201.527
-723.452 192.759
-729.268 169.876
-731.191 161.086
-732.92 152.53
-734.497 144.148
-736.424 134.36
-738.041 125.139
-739.27 116.859
-740.412 108.645
-741.793 99.0017
-742.863 90.2234
-743.816 81.548
-744.65 73.0536
-745.536 63.4946
-746.158 55.1613
-746.783 45.8897
-747.247 37.345
-747.629 28.7634
-747.927 20.1927
-748.127 11.0497
-748.252 2.65432
-748.252 -6.39217
-748.115 -15.7671
-747.798 -25.7944
-747.608 -33.5568
-747.293 -41.9096
-746.737 -51.139
-745.971 -60.847
-745.451 -68.8454
-744.682 -77.603
-743.84 -86.2815
-742.848 -95.1416
-739.148 -118.944
-737.592 -128.345
-735.957 -136.795
-734.218 -145.505
-732.334 -154.688
-730.469 -162.7
-728.442 -171.35
-726.262 -180.306
-723.91 -189.58
-721.691 -197.577
-719.444 -205.421
-716.625 -215.138
-714.131 -223.169
-711.268 -232.131
-708.719 -239.773
-705.684 -248.568
-702.765 -256.742
-699.489 -265.538
-696.835 -272.66
-693.012 -282.112
-689.665 -290.281
-686.169 -298.526
-682.927 -306.11
-678.717 -315.201
-675.605 -322.232
-671.002 -331.476
-667.97 -338.13
-663.313 -346.991
-659.296 -354.763
-648.662 -373.486
-644.114 -381.17
-639.499 -388.757
-634.815 -396.263
-630.042 -403.731
-625.345 -410.868
-620.541 -418.026
-615.273 -425.737
-610.496 -432.516
-605.14 -439.975
-599.914 -447.075
-594.471 -454.294
-589.149 -461.201
-583.467 -468.381
-578.053 -475.101
-572.19 -482.165
-566.16 -489.241
-560.487 -495.806
-554.787 -502.276
-548.402 -509.234
-542.561 -515.57
-530.283 -527.944
-523.391 -534.81
-517.602 -540.298
-510.541 -546.996
-504.619 -552.398
-496.869 -559.424
-490.47 -565.002
-483.92 -570.608
-477.059 -576.356
-470.109 -582.043
-462.386 -588.193
-456.009 -593.18
-449.264 -598.352
-442.119 -603.686
-435.217 -608.755
-427.527 -614.18
-411.201 -625.68
-403.573 -630.565
-396.019 -635.25
-388.213 -640.01
-380.804 -644.331
-372.909 -648.897
-365.254 -653.167
-357.462 -657.413
-349.798 -661.466
-341.766 -665.628
-333.677 -669.701
-325.869 -673.505
-318.425 -677.036
-309.942 -680.96
-301.952 -684.544
-293.873 -688.064
-285.782 -691.485
-277.381 -694.913
-269.466 -698.073
-260.98 -701.313
-253 -704.309
-244.421 -707.362
-236.092 -710.251
-227.684 -713.059
-219.181 -715.784
-210.901 -718.377
-202.294 -720.92
-180.523 -726.461
-172.308 -728.333
-162.785 -730.564
-154.514 -732.254
-146.26 -733.863
-137.084 -735.628
-128.402 -737.154
-119.136 -738.708
-111.628 -739.811
-101.824 -741.236
-92.5428 -742.451
-84.2036 -743.426
-74.8386 -744.427
-66.349 -745.235
-57.7766 -745.967
-49.123 -746.615
-40.2167 -747.173
-31.585 -747.639
-22.0236 -747.969
-13.0163 -748.21
-4.08332 -748.353
5.09073 -748.368
13.7159 -748.342
22.81 -748.156
43.725 -747.318
53.0078 -746.702
61.1814 -745.932
70.8877 -745.11
79.878 -744.159
88.6754 -743.107
97.15 -741.973
106.211 -740.712
113.834 -739.492
123.467 -737.957
132.981 -736.313
139.846 -734.994
149.242 -733.143
158.28 -731.246
166.964 -729.319
175.502 -727.329
184.268 -725.171
193.074 -722.891
201.451 -720.644
210.421 -718.082
218.692 -715.668
227.171 -713.072
235.84 -710.283
243.852 -707.691
252.749 -704.559
261.117 -701.573
280.974 -693.823
289.875 -690.182
298.189 -686.581
306.091 -683
313.837 -679.38
321.57 -675.679
330.247 -671.5
337.617 -667.742
345.695 -663.578
353.519 -659.419
361.192 -655.228
368.44 -651.171
376.667 -646.447
383.477 -642.466
391.549 -637.577
399.314 -632.755
406.689 -628.08
413.785 -623.506
421.762 -618.117
429.014 -613.168
436.409 -607.968
443.438 -602.961
450.407 -597.893
457.734 -592.338
473.74 -579.456
480.054 -574.089
486.952 -568.212
494.021 -562.073
500.966 -555.881
507.667 -549.736
513.687 -544.028
520.671 -537.365
527.157 -530.983
532.981 -525.086
539.047 -518.844
545.115 -512.468
550.724 -506.475
557.844 -498.581
563.161 -492.619
568.944 -485.971
575.022 -478.763
580.631 -472.001
585.896 -465.591
591.499 -458.51
597.06 -451.295
602.532 -444.019
614.359 -427.647
619.024 -420.657
624.005 -413.158
629.315 -405.074
633.763 -397.911
638.422 -390.32
643.191 -382.391
647.592 -374.815
651.995 -367.056
656.358 -359.167
660.289 -351.84
664.225 -344.356
668.364 -336.263
672.505 -327.909
676.385 -319.856
679.913 -312.411
683.695 -304.083
687.166 -296.324
690.882 -287.521
694.292 -279.302
697.963 -269.822
700.749 -263.096
704.025 -254.159
711.128 -234.061
713.914 -225.312
716.5 -216.736
718.866 -208.419
721.26 -199.792
723.567 -191.106
725.786 -182.358
727.864 -173.704
729.76 -165.319
731.694 -156.453
733.456 -147.84
735.124 -139.212
736.7 -130.561
738.181 -121.902
739.568 -113.235
740.897 -104.239
742.069 -95.7734
743.188 -86.8221
744.177 -78.5885
745.102 -69.5884
745.92 -60.5858
746.649 -51.9971
747.264 -42.9542
747.78 -34.0101
748.235 -25.4317
748.56 -16.52
