747.561 6.10344
747.403 15.3057
747.105 24.1829
746.666 32.2944
746.197 41.5467
745.615 50.8619
744.916 59.9615
744.11 68.9499
743.214 77.5758
742.172 87.0483
741.144 94.9042
739.954 103.699
738.696 112.269
737.343 120.862
735.815 129.871
734.406 137.85
732.64 146.972
730.932 155.452
729.009 164.331
726.9 173.436
725.131 181.212
722.796 190.313
720.76 198.365
718.259 207.296
715.909 215.63
708.848 238.159
705.934 246.314
702.871 254.743
699.712 263.131
696.491 271.356
693.041 280.032
689.991 287.028
686.335 295.661
682.495 304.459
678.91 312.23
675.171 320.154
671.353 328.026
667.647 335.451
663.346 343.879
659.544 351.118
655.233 359.11
650.996 366.771
646.781 374.228
642.224 382.033
637.464 389.943
633.016 397.24
627.992 405.14
623.368 412.357
618.607 419.605
613.803 426.772
608.282 434.568
603.305 441.63
598.121 448.774
583.756 467.143
577.959 474.244
572.482 480.645
566.618 487.476
561.373 493.287
554.802 500.732
549.044 506.933
542.618 513.808
536.848 519.745
530.834 525.845
524.605 532.043
517.771 538.699
512.049 544.143
504.713 550.946
498.225 556.828
492.059 562.329
485.642 567.938
478.528 573.951
472.026 579.395
464.33 585.536
457.895 590.704
450.45 596.403
443.517 601.667
436.227 607.023
428.794 612.335
412.126 623.558
404.821 628.24
397.068 633.146
389.802 637.564
382.139 642.153
374.816 646.404
366.474 651.179
358.458 655.616
350.848 659.694
343.12 663.736
335.453 667.646
326.442 672.095
319.127 675.613
310.957 679.424
302.931 683.064
294.594 686.716
286.434 690.191
278.436 693.511
269.996 696.867
260.91 700.293
252.83 703.32
233.248 710.419
224.978 712.966
216.473 715.521
207.356 718.232
199.047 720.48
191.355 722.414
181.814 724.916
173.386 726.916
164.429 728.979
154.468 731.221
147.335 732.549
138.137 734.339
129.471 735.895
121.155 737.292
112.221 738.703
103.279 740.007
95.0089 741.134
85.8617 742.255
77.1668 743.235
68.3355 744.127
59.8066 744.917
50.8813 745.615
41.9201 746.21
33.2248 746.718
23.9481 747.086
15.3147 747.404
5.84115 747.528
-3.162 747.596
-12.154 747.561
-35.6849 746.943
-44.2286 746.355
-52.9943 745.699
-62.5709 744.985
-70.9377 744.11
-79.5268 743.16
-88.8898 742.101
-97.0727 740.976
-105.711 739.747
-113.508 738.524
-123.928 736.895
-132.182 735.416
-140.14 733.919
-149.176 732.135
-157.542 730.39
-166.6 728.379
-174.957 726.443
-183.49 724.363
-192.142 722.144
-200.484 719.928
-209.87 717.219
-218.248 714.768
-227.045 712.039
-234.751 709.683
-243.574 706.714
-252.894 703.37
-260.437 700.804
-269.406 697.375
-288.405 689.559
-296.891 685.929
-304.188 682.592
-313.301 678.51
-321.431 674.66
-329.501 670.722
-337.034 666.906
-344.965 662.816
-352.936 658.592
-360.951 654.225
-368.472 650.005
-376.51 645.381
-383.63 641.184
-392.019 636.082
-398.858 631.854
-406.524 626.965
-413.652 622.345
-420.766 617.635
-428.683 612.142
-435.765 607.203
-443.325 601.711
-450.08 596.818
-467.302 583.663
-474.164 578.009
-480.936 572.294
-487.613 566.525
-494.241 560.673
-500.775 554.77
-507.27 548.775
-513.738 542.676
-520.109 536.528
-526.391 530.328
-532.585 524.078
-538.698 517.773
-544.737 511.408
-550.696 504.99
-556.601 498.49
-562.428 491.936
-568.191 485.31
-573.872 478.636
-579.508 471.863
-585.065 465.035
-590.55 458.142
-595.966 451.179
-601.314 444.139
-606.599 437.014
-611.831 429.777
-624.75 410.741
-630.038 402.656
-634.382 395.5
-639.405 387.369
-643.86 379.769
-648.048 372.377
-652.515 364.435
-656.848 356.5
-660.952 348.726
-664.622 341.508
-668.442 333.898
-672.492 325.652
-676.427 317.385
-680.216 309.169
-683.869 300.997
-687.232 293.259
-690.551 285.424
-694.193 276.416
-697.137 269.108
-700.507 260.183
-703.366 252.651
-706.386 244.202
-709.502 234.857
-712.21 226.81
-714.778 219.133
-717.441 210.372
-720.02 201.401
-722.458 192.652
-728.342 169.5
-730.256 160.732
-731.978 152.193
-733.547 143.835
-735.474 134.048
-737.087 124.84
-738.305 116.594
-739.438 108.415
-740.818 98.7773
-741.883 90.0227
-742.831 81.3739
-743.661 72.9099
-744.545 63.3587
-745.164 55.0597
-745.787 45.803
-746.248 37.2883
-746.629 28.7366
-746.927 20.1956
-747.127 11.0701
-747.253 2.70847
-747.254 -6.32491
-747.118 -15.6846
-746.802 -25.7109
-746.617 -33.4248
-746.308 -41.7415
-745.753 -50.9618
-744.988 -60.6647
-744.476 -68.6217
-743.714 -77.3543
-742.879 -86.0065
-741.893 -94.8445
-738.148 -118.928
-736.592 -128.319
-734.959 -136.739
-733.221 -145.425
-731.339 -154.595
-729.477 -162.57
-727.454 -171.197
-725.277 -180.137
-722.926 -189.403
-720.714 -197.364
-718.476 -205.17
-715.658 -214.882
-713.171 -222.889
-710.314 -231.832
-707.775 -239.442
-704.742 -248.23
-701.832 -256.383
-698.565 -265.157
-695.929 -272.237
-692.102 -281.699
-688.765 -289.845
-685.279 -298.071
-682.054 -305.622
-677.844 -314.714
-674.757 -321.703
-670.15 -330.953
-667.149 -337.559
-662.492 -346.421
-658.49 -354.171
-647.743 -373.092
-643.204 -380.754
-638.6 -388.32
-633.926 -395.805
-629.164 -403.251
-624.483 -410.361
-619.693 -417.495
-614.434 -425.193
-609.676 -431.943
-604.33 -439.389
-599.115 -446.474
-593.68 -453.683
-588.375 -460.568
-582.705 -467.733
-577.311 -474.431
-571.461 -481.481
-565.442 -488.546
-559.79 -495.089
-554.105 -501.544
-547.729 -508.494
-541.91 -514.811
-529.528 -527.288
-522.64 -534.15
-516.88 -539.606
-509.822 -546.301
-503.93 -551.673
-496.172 -558.707
-489.798 -564.262
-483.269 -569.849
-476.425 -575.582
-469.492 -581.257
-461.776 -587.4
-455.425 -592.368
-448.706 -597.522
-441.58 -602.843
-434.704 -607.897
-427.024 -613.315
-410.532 -624.937
-402.919 -629.808
-395.384 -634.477
-387.593 -639.225
-380.208 -643.528
-372.328 -648.084
-364.693 -652.338
-356.921 -656.572
-349.282 -660.609
-341.268 -664.761
-333.198 -668.823
-325.409 -672.617
-317.991 -676.135
-309.521 -680.054
-301.554 -683.627
-293.498 -687.137
-285.431 -690.548
-277.048 -693.97
-269.163 -697.12
-260.695 -700.355
-252.745 -703.342
-244.185 -706.391
-235.88 -709.274
-227.496 -712.077
-219.008 -714.799
-210.758 -717.388
-202.173 -719.927
-180.163 -725.528
-171.979 -727.389
-162.461 -729.618
-154.221 -731.298
-145.999 -732.897
-136.836 -734.659
-128.178 -736.18
-118.924 -737.731
-111.467 -738.824
-101.664 -740.249
-92.3969 -741.461
-84.0922 -742.432
-74.7406 -743.432
-66.2753 -744.238
-57.7247 -744.968
-49.0991 -745.616
-40.2152 -746.173
-31.6119 -746.639
-22.0593 -746.97
-13.0656 -747.212
-4.15666 -747.356
4.99918 -747.372
13.5944 -747.349
22.6691 -747.166
43.7984 -746.32
53.0664 -745.704
61.2023 -744.932
70.9033 -744.11
79.8659 -743.159
88.6395 -742.107
97.0832 -740.975
106.126 -739.715
113.708 -738.5
123.328 -736.967
132.841 -735.323
139.651 -734.013
149.039 -732.164
158.061 -730.27
166.723 -728.348
175.236 -726.365
183.982 -724.213
192.769 -721.939
201.128 -719.698
210.082 -717.141
218.325 -714.738
226.788 -712.148
235.433 -709.37
243.414 -706.792
252.3 -703.665
260.646 -700.691
280.723 -692.855
289.608 -689.218
297.903 -685.623
305.779 -682.05
313.496 -678.44
321.2 -674.75
329.87 -670.573
337.207 -666.83
345.268 -662.674
353.071 -658.525
360.72 -654.346
367.944 -650.303
376.155 -645.588
382.934 -641.626
390.989 -636.749
398.74 -631.936
406.094 -627.277
413.169 -622.718
421.146 -617.33
428.377 -612.397
435.755 -607.211
442.762 -602.224
449.71 -597.176
457.025 -591.634
473.195 -578.618
479.478 -573.272
486.358 -567.408
493.422 -561.272
500.355 -555.089
507.042 -548.956
513.034 -543.27
520.013 -536.612
526.479 -530.248
532.283 -524.37
538.33 -518.148
544.381 -511.789
549.964 -505.825
557.088 -497.927
562.383 -491.991
568.151 -485.362
574.221 -478.163
579.816 -471.423
585.06 -465.042
590.656 -457.972
596.206 -450.775
601.667 -443.517
613.615 -426.979
618.257 -420.015
623.225 -412.533
628.53 -404.455
632.957 -397.32
637.607 -389.742
642.366 -381.826
646.753 -374.271
651.144 -366.531
655.496 -358.66
659.414 -351.357
663.335 -343.902
667.465 -335.826
671.599 -327.483
675.468 -319.458
678.984 -312.04
682.76 -303.729
686.217 -296.007
689.931 -287.212
693.334 -279.015
697.006 -269.532
699.777 -262.861
703.051 -253.934
710.231 -233.619
713.012 -224.881
715.588 -216.326
717.942 -208.037
720.328 -199.431
722.627 -190.766
724.839 -182.038
726.909 -173.408
728.798 -165.045
730.727 -156.197
732.485 -147.601
734.148 -138.998
735.719 -130.372
737.195 -121.738
738.578 -113.096
739.904 -104.119
741.073 -95.6836
742.19 -86.753
743.177 -78.555
744.102 -69.5751
744.921 -60.6002
745.65 -52.0333
746.266 -43.0174
746.783 -34.0882
747.24 -25.5398
747.569 -16.6509
