791.178 2.14944e-16
791.116 9.94198
790.928 19.8824
790.616 29.8197
790.179 39.7522
789.617 49.6785
788.931 59.5969
788.119 69.506
787.184 79.404
786.124 89.2895
784.94 99.1609
783.632 109.017
782.2 118.855
780.645 128.675
778.966 138.474
777.164 148.252
775.24 158.006
773.193 167.735
771.025 177.438
768.734 187.113
766.322 196.758
763.789 206.372
761.135 215.954
758.362 225.501
755.468 235.013
752.455 244.488
749.324 253.924
746.074 263.32
742.706 272.674
739.221 281.985
735.619 291.252
731.901 300.473
728.068 309.646
724.119 318.771
720.056 327.845
715.88 336.867
711.59 345.837
707.188 354.751
702.674 363.61
698.05 372.411
693.315 381.153
688.471 389.835
683.517 398.456
678.457 407.013
673.288 415.507
668.014 423.935
662.634 432.295
657.149 440.588
651.561 448.811
645.87 456.963
640.077 465.043
634.182 473.049
628.188 480.981
622.094 488.837
615.903 496.616
609.613 504.316
603.228 511.937
596.747 519.476
590.172 526.934
583.504 534.309
576.744 541.599
569.893 548.803
562.952 555.921
555.921 562.952
548.803 569.893
541.599 576.744
534.309 583.504
526.934 590.172
519.476 596.747
511.937 603.228
504.316 609.613
496.616 615.903
488.837 622.094
480.981 628.188
473.049 634.182
465.043 640.077
456.963 645.87
448.811 651.561
440.588 657.149
432.295 662.634
423.935 668.014
415.507 673.288
407.013 678.457
398.456 683.517
389.835 688.471
381.153 693.315
372.411 698.05
363.61 702.674
354.751 707.188
345.837 711.59
336.867 715.88
327.845 720.056
318.771 724.119
309.646 728.068
300.473 731.901
291.252 735.619
281.985 739.221
272.674 742.706
263.32 746.074
253.924 749.324
244.488 752.455
235.013 755.468
225.501 758.362
215.954 761.135
206.372 763.789
196.758 766.322
187.113 768.734
177.438 771.025
167.735 773.193
158.006 775.24
148.252 777.164
138.474 778.966
128.675 780.645
118.855 782.2
109.017 783.632
99.1609 784.94
89.2895 786.124
79.404 787.184
69.506 788.119
59.5969 788.931
49.6785 789.617
39.7522 790.179
29.8197 790.616
19.8824 790.928
9.94198 791.116
4.83842e-14 791.178
-9.94198 791.116
-19.8824 790.928
-29.8197 790.616
-39.7522 790.179
-49.6785 789.617
-59.5969 788.931
-69.506 788.119
-79.404 787.184
-89.2895 786.124
-99.1609 784.94
-109.017 783.632
-118.855 782.2
-128.675 780.645
-138.474 778.966
-148.252 777.164
-158.006 775.24
-167.735 773.193
-177.438 771.025
-187.113 768.734
-196.758 766.322
-206.372 763.789
-215.954 761.135
-225.501 758.362
-235.013 755.468
-244.488 752.455
-253.924 749.324
-263.32 746.074
-272.674 742.706
-281.985 739.221
-291.252 735.619
-300.473 731.901
-309.646 728.068
-318.771 724.119
-327.845 720.056
-336.867 715.88
-345.837 711.59
-354.751 707.188
-363.61 702.674
-372.411 698.05
-381.153 693.315
-389.835 688.471
-398.456 683.517
-407.013 678.457
-415.507 673.288
-423.935 668.014
-432.295 662.634
-440.588 657.149
-448.811 651.561
-456.963 645.87
-465.043 640.077
-473.049 634.182
-480.981 628.188
-488.837 622.094
-496.616 615.903
-504.316 609.613
-511.937 603.228
-519.476 596.747
-526.934 590.172
-534.309 583.504
-541.599 576.744
-548.803 569.893
-555.921 562.952
-562.952 555.921
-569.893 548.803
-576.744 541.599
-583.504 534.309
-590.172 526.934
-596.747 519.476
-603.228 511.937
-609.613 504.316
-615.903 496.616
-622.094 488.837
-628.188 480.981
-634.182 473.049
-640.077 465.043
-645.87 456.963
-651.561 448.811
-657.149 440.588
-662.634 432.295
-668.014 423.935
-673.288 415.507
-678.457 407.013
-683.517 398.456
-688.471 389.835
-693.315 381.153
-698.05 372.411
-702.674 363.61
-707.188 354.751
-711.59 345.837
-715.88 336.867
-720.056 327.845
-724.119 318.771
-728.068 309.646
-731.901 300.473
-735.619 291.252
-739.221 281.985
-742.706 272.674
-746.074 263.32
-749.324 253.924
-752.455 244.488
-755.468 235.013
-758.362 225.501
-761.135 215.954
-763.789 206.372
-766.322 196.758
-768.734 187.113
-771.025 177.438
-773.193 167.735
-775.24 158.006
-777.164 148.252
-778.966 138.474
-780.645 128.675
-782.2 118.855
-783.632 109.017
-784.94 99.1609
-786.124 89.2895
-787.184 79.404
-788.119 69.506
-788.931 59.5969
-789.617 49.6785
-790.179 39.7522
-790.616 29.8197
-790.928 19.8824
-791.116 9.94198
-791.178 9.68008e-14
-791.116 -9.94198
-790.928 -19.8824
-790.616 -29.8197
-790.179 -39.7522
-789.617 -49.6785
-788.931 -59.5969
-788.119 -69.506
-787.184 -79.404
-786.124 -89.2895
-784.94 -99.1609
-783.632 -109.017
-782.2 -118.855
-780.645 -128.675
-778.966 -138.474
-777.164 -148.252
-775.24 -158.006
-773.193 -167.735
-771.025 -177.438
-768.734 -187.113
-766.322 -196.758
-763.789 -206.372
-761.135 -215.954
-758.362 -225.501
-755.468 -235.013
-752.455 -244.488
-749.324 -253.924
-746.074 -263.32
-742.706 -272.674
-739.221 -281.985
-735.619 -291.252
-731.901 -300.473
-728.068 -309.646
-724.119 -318.771
-720.056 -327.845
-715.88 -336.867
-711.59 -345.837
-707.188 -354.751
-702.674 -363.61
-698.05 -372.411
-693.315 -381.153
-688.471 -389.835
-683.517 -398.456
-678.457 -407.013
-673.288 -415.507
-668.014 -423.935
-662.634 -432.295
-657.149 -440.588
-651.561 -448.811
-645.87 -456.963
-640.077 -465.043
-634.182 -473.049
-628.188 -480.981
-622.094 -488.837
-615.903 -496.616
-609.613 -504.316
-603.228 -511.937
-596.747 -519.476
-590.172 -526.934
-583.504 -534.309
-576.744 -541.599
-569.893 -548.803
-562.952 -555.921
-555.921 -562.952
-548.803 -569.893
-541.599 -576.744
-534.309 -583.504
-526.934 -590.172
-519.476 -596.747
-511.937 -603.228
-504.316 -609.613
-496.616 -615.903
-488.837 -622.094
-480.981 -628.188
-473.049 -634.182
-465.043 -640.077
-456.963 -645.87
-448.811 -651.561
-440.588 -657.149
-432.295 -662.634
-423.935 -668.014
-415.507 -673.288
-407.013 -678.457
-398.456 -683.517
-389.835 -688.471
-381.153 -693.315
-372.411 -698.05
-363.61 -702.674
-354.751 -707.188
-345.837 -711.59
-336.867 -715.88
-327.845 -720.056
-318.771 -724.119
-309.646 -728.068
-300.473 -731.901
-291.252 -735.619
-281.985 -739.221
-272.674 -742.706
-263.32 -746.074
-253.924 -749.324
-244.488 -752.455
-235.013 -755.468
-225.501 -758.362
-215.954 -761.135
-206.372 -763.789
-196.758 -766.322
-187.113 -768.734
-177.438 -771.025
-167.735 -773.193
-158.006 -775.24
-148.252 -777.164
-138.474 -778.966
-128.675 -780.645
-118.855 -782.2
-109.017 -783.632
-99.1609 -784.94
-89.2895 -786.124
-79.404 -787.184
-69.506 -788.119
-59.5969 -788.931
-49.6785 -789.617
-39.7522 -790.179
-29.8197 -790.616
-19.8824 -790.928
-9.94198 -791.116
-1.45796e-13 -791.178
9.94198 -791.116
19.8824 -790.928
29.8197 -790.616
39.7522 -790.179
49.6785 -789.617
59.5969 -788.931
69.506 -788.119
79.404 -787.184
89.2895 -786.124
99.1609 -784.94
109.017 -783.632
118.855 -782.2
128.675 -780.645
138.474 -778.966
148.252 -777.164
158.006 -775.24
167.735 -773.193
177.438 -771.025
187.113 -768.734
196.758 -766.322
206.372 -763.789
215.954 -761.135
225.501 -758.362
235.013 -755.468
244.488 -752.455
253.924 -749.324
263.32 -746.074
272.674 -742.706
281.985 -739.221
291.252 -735.619
300.473 -731.901
309.646 -728.068
318.771 -724.119
327.845 -720.056
336.867 -715.88
345.837 -711.59
354.751 -707.188
363.61 -702.674
372.411 -698.05
381.153 -693.315
389.835 -688.471
398.456 -683.517
407.013 -678.457
415.507 -673.288
423.935 -668.014
432.295 -662.634
440.588 -657.149
448.811 -651.561
456.963 -645.87
465.043 -640.077
473.049 -634.182
480.981 -628.188
488.837 -622.094
496.616 -615.903
504.316 -609.613
511.937 -603.228
519.476 -596.747
526.934 -590.172
534.309 -583.504
541.599 -576.744
548.803 -569.893
555.921 -562.952
562.952 -555.921
569.893 -548.803
576.744 -541.599
583.504 -534.309
590.172 -526.934
596.747 -519.476
603.228 -511.937
609.613 -504.316
615.903 -496.616
622.094 -488.837
628.188 -480.981
634.182 -473.049
640.077 -465.043
645.87 -456.963
651.561 -448.811
657.149 -440.588
662.634 -432.295
668.014 -423.935
673.288 -415.507
678.457 -407.013
683.517 -398.456
688.471 -389.835
693.315 -381.153
698.05 -372.411
702.674 -363.61
707.188 -354.751
711.59 -345.837
715.88 -336.867
720.056 -327.845
724.119 -318.771
728.068 -309.646
731.901 -300.473
735.619 -291.252
739.221 -281.985
742.706 -272.674
746.074 -263.32
749.324 -253.924
752.455 -244.488
755.468 -235.013
758.362 -225.501
761.135 -215.954
763.789 -206.372
766.322 -196.758
768.734 -187.113
771.025 -177.438
773.193 -167.735
775.24 -158.006
777.164 -148.252
778.966 -138.474
780.645 -128.675
782.2 -118.855
783.632 -109.017
784.94 -99.1609
786.124 -89.2895
787.184 -79.404
788.119 -69.506
788.931 -59.5969
789.617 -49.6785
790.179 -39.7522
790.616 -29.8197
790.928 -19.8824
791.116 -9.94198
