746.568 6.22783
746.409 15.4124
746.109 24.2656
745.667 32.3368
745.198 41.5723
744.615 50.8722
743.916 59.9609
743.11 68.9297
742.215 77.5278
741.174 86.991
740.149 94.8041
738.961 103.575
737.706 112.126
736.359 120.686
734.832 129.684
733.432 137.626
731.669 146.733
729.968 155.186
728.05 164.047
725.947 173.132
724.19 180.875
721.861 189.957
719.833 197.991
717.338 206.906
715 215.213
707.861 237.995
704.953 246.121
701.895 254.527
698.739 262.902
695.523 271.103
692.077 279.766
689.041 286.714
685.389 295.335
681.552 304.126
677.978 311.869
674.248 319.77
670.439 327.619
666.748 335.012
662.453 343.43
658.668 350.635
654.366 358.612
650.143 366.251
645.942 373.682
641.397 381.471
636.646 389.368
632.216 396.641
627.2 404.53
622.594 411.724
617.851 418.951
613.066 426.096
607.552 433.885
602.59 440.93
597.421 448.06
582.893 466.638
577.105 473.723
571.646 480.098
565.793 486.911
560.574 492.685
554.004 500.129
548.265 506.305
541.846 513.171
536.1 519.081
530.106 525.16
523.894 531.34
517.067 537.989
511.376 543.403
504.039 550.206
497.57 556.072
491.431 561.55
485.038 567.141
477.936 573.145
471.46 578.571
463.766 584.71
457.362 589.858
449.928 595.55
443.019 600.8
435.747 606.146
428.331 611.449
411.486 622.79
404.204 627.453
396.464 632.348
389.224 636.748
381.579 641.324
374.283 645.557
365.948 650.329
357.947 654.756
350.361 658.821
342.656 662.851
335.014 666.747
326.002 671.197
318.722 674.699
310.57 678.501
302.567 682.133
294.247 685.778
286.109 689.245
278.137 692.557
269.716 695.908
260.634 699.331
252.582 702.351
232.799 709.526
224.551 712.062
216.07 714.606
206.956 717.316
198.674 719.552
191.023 721.471
181.485 723.972
173.083 725.963
164.142 728.021
154.176 730.265
147.098 731.578
137.912 733.364
129.27 734.915
120.986 736.306
112.071 737.714
103.148 739.016
94.9117 740.139
85.7803 741.258
77.1111 742.237
68.3028 743.127
59.8034 743.917
50.8995 744.616
41.9592 745.211
33.2906 745.721
24.0284 746.089
15.4232 746.41
5.95993 746.535
-3.02947 746.605
-11.998 746.573
-35.7969 745.95
-44.3079 745.359
-53.0553 744.701
-62.6242 743.987
-70.958 743.11
-79.519 742.16
-88.8704 741.102
-97.0174 739.977
-105.63 738.75
-113.383 737.532
-123.815 735.901
-132.036 734.427
-139.955 732.936
-148.976 731.156
-157.312 729.416
-166.356 727.409
-174.685 725.48
-183.194 723.408
-191.826 721.195
-200.141 718.989
-209.522 716.281
-217.876 713.84
-226.658 711.117
-234.327 708.777
-243.137 705.814
-252.454 702.472
-259.966 699.922
-268.924 696.498
-288.12 688.601
-296.591 684.976
-303.849 681.651
-312.962 677.569
-321.073 673.727
-329.123 669.797
-336.627 665.993
-344.537 661.912
-352.49 657.697
-360.489 653.338
-367.985 649.131
-376.01 644.515
-383.1 640.336
-391.486 635.236
-398.292 631.03
-405.942 626.152
-413.045 621.55
-420.135 616.86
-428.046 611.372
-435.106 606.451
-442.654 600.969
-449.388 596.095
-466.797 582.8
-473.633 577.161
-480.386 571.459
-487.042 565.704
-493.651 559.866
-500.17 553.973
-506.652 547.989
-513.101 541.905
-519.452 535.774
-525.716 529.591
-531.892 523.357
-537.987 517.07
-544.008 510.723
-549.949 504.324
-555.839 497.843
-561.649 491.309
-567.397 484.702
-573.063 478.049
-578.684 471.296
-584.227 464.488
-589.699 457.616
-595.103 450.673
-600.439 443.655
-605.713 436.55
-610.935 429.333
-623.998 410.082
-629.28 402.004
-633.607 394.868
-638.624 386.745
-643.064 379.164
-647.233 371.797
-651.69 363.871
-656.012 355.951
-660.103 348.198
-663.753 341.014
-667.561 333.425
-671.602 325.195
-675.53 316.945
-679.31 308.748
-682.953 300.595
-686.304 292.886
-689.612 285.08
-693.252 276.078
-696.182 268.811
-699.549 259.895
-702.398 252.402
-705.413 243.973
-708.528 234.631
-711.229 226.614
-713.791 218.977
-716.451 210.233
-719.028 201.275
-721.464 192.546
-727.415 169.123
-729.321 160.377
-731.037 151.857
-732.597 143.522
-734.524 133.736
-736.13 124.549
-737.341 116.329
-738.463 108.193
-739.844 98.553
-740.904 89.8221
-741.847 81.1999
-742.671 72.7663
-743.553 63.2306
-744.169 54.958
-744.791 45.7164
-745.25 37.2317
-745.63 28.7097
-745.927 20.1985
-746.127 11.0904
-746.255 2.76256
-746.256 -6.25772
-746.122 -15.6022
-745.805 -25.6274
-745.626 -33.2929
-745.322 -41.5735
-744.769 -50.7847
-744.004 -60.4825
-743.5 -68.4051
-742.743 -77.1127
-741.916 -85.7384
-740.936 -94.554
-737.148 -118.911
-735.593 -128.292
-733.96 -136.682
-732.224 -145.345
-730.343 -154.502
-728.486 -162.44
-726.466 -171.043
-724.291 -179.967
-721.942 -189.225
-719.737 -197.151
-717.508 -204.918
-714.689 -214.634
-712.211 -222.608
-709.358 -231.54
-706.832 -239.111
-703.801 -247.891
-700.898 -256.023
-697.64 -264.775
-695.023 -271.814
-691.191 -281.285
-687.869 -289.402
-684.388 -297.616
-681.181 -305.134
-676.971 -314.226
-673.908 -321.173
-669.302 -330.423
-666.328 -336.987
-661.671 -345.85
-657.685 -353.579
-646.824 -372.697
-642.294 -380.339
-637.7 -387.883
-633.038 -395.347
-628.287 -402.771
-623.621 -409.855
-618.846 -416.964
-613.594 -424.65
-608.856 -431.371
-603.52 -438.802
-598.315 -445.874
-592.889 -453.072
-587.601 -459.935
-581.943 -467.086
-576.569 -473.76
-570.731 -480.797
-564.724 -487.85
-559.092 -494.373
-553.424 -500.812
-547.062 -507.749
-541.259 -514.051
-528.779 -526.626
-521.894 -533.484
-516.152 -538.92
-509.109 -545.6
-503.236 -550.954
-495.482 -557.983
-489.131 -563.517
-482.624 -569.085
-475.791 -574.809
-468.874 -580.47
-461.166 -586.608
-454.848 -591.551
-448.155 -596.687
-441.04 -602.001
-434.19 -607.039
-426.522 -612.45
-409.863 -624.193
-402.266 -629.05
-394.75 -633.705
-386.972 -638.441
-379.611 -642.726
-371.746 -647.27
-364.133 -651.51
-356.381 -655.731
-348.766 -659.752
-340.771 -663.894
-332.72 -667.945
-324.949 -671.729
-317.557 -675.234
-309.099 -679.147
-301.156 -682.71
-293.123 -686.21
-285.08 -689.612
-276.715 -693.027
-268.86 -696.167
-260.41 -699.396
-252.49 -702.375
-243.948 -705.419
-235.667 -708.297
-227.307 -711.095
-218.834 -713.814
-210.614 -716.398
-202.051 -718.934
-179.802 -724.595
-171.643 -726.447
-162.144 -728.669
-153.928 -730.342
-145.73 -731.934
-136.588 -733.69
-127.955 -735.205
-118.72 -736.752
-111.305 -737.837
-101.497 -739.263
-92.2587 -740.471
-83.9808 -741.438
-74.6425 -742.437
-66.2017 -743.241
-57.6727 -743.97
-49.0752 -744.616
-40.2136 -745.173
-31.6387 -745.64
-22.095 -745.971
-13.1148 -746.213
-4.22994 -746.358
4.9077 -746.377
13.473 -746.356
22.5283 -746.176
43.8645 -745.322
53.1178 -744.705
61.2157 -743.932
70.9115 -743.11
79.8537 -742.159
88.6037 -741.108
97.0163 -739.978
106.041 -738.719
113.582 -737.508
123.188 -735.977
132.701 -734.333
139.457 -733.032
148.836 -731.184
157.835 -729.296
166.49 -727.376
174.961 -725.403
183.696 -723.255
192.473 -720.984
200.811 -718.75
209.743 -716.2
217.964 -713.805
226.405 -711.225
235.032 -708.454
242.983 -705.89
251.851 -702.772
260.175 -699.809
280.464 -691.889
289.341 -688.254
297.618 -684.665
305.467 -681.1
313.154 -677.5
320.831 -673.821
329.494 -669.647
336.797 -665.918
344.841 -661.77
352.623 -657.631
360.248 -653.465
367.441 -649.439
375.643 -644.729
382.384 -640.791
390.43 -635.92
398.166 -631.118
405.498 -626.473
412.554 -621.93
420.53 -616.542
427.739 -611.627
435.101 -606.455
442.085 -601.487
449.012 -596.46
456.315 -590.929
472.651 -577.779
478.901 -572.455
485.764 -566.603
492.823 -560.471
499.744 -554.298
506.411 -548.181
512.388 -542.507
519.349 -535.864
525.8 -529.513
531.579 -523.659
537.607 -517.457
543.646 -511.111
549.205 -505.174
556.331 -497.273
561.61 -491.357
567.352 -484.76
573.415 -477.571
578.996 -470.851
584.224 -464.493
589.813 -457.434
595.352 -450.255
600.802 -443.015
612.871 -426.311
617.49 -419.373
622.444 -411.908
627.744 -403.836
632.15 -396.728
636.791 -389.164
641.546 -381.253
645.918 -373.72
650.297 -365.999
654.638 -358.145
658.539 -350.873
662.444 -343.447
666.566 -335.388
670.694 -327.058
674.553 -319.053
678.056 -311.669
681.825 -303.374
685.271 -295.683
688.982 -286.896
692.378 -278.721
696.049 -269.242
698.807 -262.62
702.078 -253.702
709.334 -233.177
712.11 -224.449
714.676 -215.915
717.018 -207.654
719.395 -199.07
721.686 -190.426
723.891 -181.719
725.953 -173.113
727.836 -164.771
729.762 -155.934
731.514 -147.363
733.171 -138.784
734.737 -130.183
736.209 -121.574
737.588 -112.957
738.911 -103.999
740.077 -95.5937
741.193 -86.6839
742.178 -78.5213
743.102 -69.5618
743.921 -60.607
744.651 -52.0694
745.267 -43.0732
745.786 -34.1662
746.246 -25.6478
746.577 -16.7818
