745.576 6.35212
745.415 15.5191
745.112 24.3482
744.668 32.3791
744.198 41.5979
743.615 50.875
742.916 59.9602
742.111 68.9094
741.216 77.4797
740.176 86.926
739.154 94.7043
737.968 103.46
736.716 111.984
735.374 120.516
733.85 129.498
732.457 137.401
730.698 146.495
729.004 154.921
727.091 163.763
724.994 172.828
723.248 180.539
720.924 189.609
718.905 197.617
716.417 206.516
714.091 214.796
706.876 237.824
703.973 245.92
700.92 254.305
697.767 262.665
694.557 270.843
691.113 279.5
688.092 286.401
684.444 295.01
680.612 303.786
677.048 311.501
673.328 319.378
669.53 327.204
665.854 334.565
661.563 342.973
657.793 350.153
653.5 358.113
649.293 365.723
645.104 373.137
640.57 380.91
635.832 388.787
631.415 396.042
626.412 403.915
621.819 411.091
617.094 418.297
612.324 425.426
606.822 433.201
601.876 440.231
596.721 447.346
582.03 466.133
576.252 473.203
570.809 479.549
564.968 486.346
559.776 492.083
553.206 499.527
547.492 505.672
541.075 512.534
535.352 518.417
529.378 524.474
523.183 530.637
516.362 537.28
510.703 542.663
503.366 549.467
496.916 555.316
490.804 560.771
484.435 566.343
477.344 572.339
470.893 577.747
463.202 583.885
456.828 589.012
449.405 594.698
442.52 599.933
435.267 605.269
427.867 610.563
410.846 622.021
403.586 626.667
395.861 631.551
388.646 635.932
381.02 640.495
373.744 644.715
365.422 649.478
357.435 653.897
349.873 657.948
342.184 661.969
334.569 665.852
325.562 670.299
318.317 673.785
310.183 677.579
302.203 681.201
293.901 684.84
285.784 688.299
277.838 691.603
269.435 694.948
260.358 698.37
252.334 701.382
232.35 708.632
224.123 711.158
215.667 713.691
206.557 716.399
198.295 718.627
190.684 720.53
181.148 723.03
172.772 725.012
163.847 727.066
153.884 729.309
146.861 730.606
137.687 732.39
129.061 733.938
120.809 735.322
111.913 736.727
103.009 738.026
94.8066 739.144
85.6912 740.262
77.0553 741.238
68.27 742.128
59.7925 742.917
50.9177 743.616
41.9982 744.212
33.3489 744.722
24.1086 745.092
15.5243 745.415
6.0786 745.542
-2.89706 745.613
-11.8421 745.586
-35.9088 744.956
-44.3872 744.362
-53.1161 743.703
-62.6773 742.988
-70.9781 742.111
-79.5112 741.16
-88.8434 740.102
-96.9545 738.979
-105.548 737.754
-113.266 736.539
-123.694 734.908
-131.89 733.437
-139.771 731.953
-148.775 730.176
-157.083 728.443
-166.105 726.441
-174.413 724.518
-182.899 722.453
-191.509 720.246
-199.798 718.049
-209.175 715.343
-217.497 712.914
-226.264 710.198
-233.903 707.871
-242.7 704.915
-252.015 701.574
-259.495 699.039
-268.442 695.622
-287.836 687.642
-296.291 684.022
-303.509 680.711
-312.622 676.629
-320.714 672.793
-328.744 668.871
-336.219 665.08
-344.109 661.008
-352.044 656.802
-360.028 652.451
-367.499 648.258
-375.511 643.649
-382.57 639.488
-390.953 634.389
-397.725 630.206
-405.361 625.338
-412.438 620.755
-419.503 616.084
-427.408 610.601
-434.446 605.699
-441.984 600.227
-448.697 595.372
-466.286 581.94
-473.102 576.314
-479.835 570.624
-486.472 564.883
-493.06 559.059
-499.566 553.177
-506.033 547.203
-512.463 541.135
-518.796 535.019
-525.04 528.853
-531.198 522.637
-537.275 516.367
-543.278 510.039
-549.203 503.658
-555.076 497.196
-560.871 490.681
-566.603 484.095
-572.254 477.461
-577.86 470.729
-583.39 463.942
-588.849 457.09
-594.24 450.168
-599.564 443.171
-604.827 436.086
-610.038 428.89
-623.246 409.423
-628.522 401.352
-632.831 394.237
-637.842 386.12
-642.268 378.559
-646.419 371.217
-650.865 363.306
-655.176 355.403
-659.254 347.671
-662.887 340.514
-666.683 332.945
-670.713 324.738
-674.632 316.504
-678.406 308.319
-682.037 300.193
-685.376 292.514
-688.673 284.736
-692.312 275.739
-695.23 268.507
-698.592 259.606
-701.43 252.152
-704.44 243.744
-707.554 234.405
-710.249 226.418
-712.804 218.813
-715.461 210.086
-718.036 201.149
-720.469 192.439
-726.486 168.753
-728.383 160.029
-730.095 151.52
-731.645 143.216
-733.572 133.431
-735.173 124.258
-736.375 116.071
-737.488 107.971
-738.868 98.336
-739.923 89.629
-740.861 81.0335
-741.68 72.6303
-742.561 63.1024
-743.174 54.8564
-743.794 45.6376
-744.251 37.183
-744.63 28.6908
-744.927 20.2093
-745.128 11.1187
-745.256 2.81659
-745.259 -6.19058
-745.125 -15.5198
-744.809 -25.5439
-744.634 -33.1611
-744.336 -41.4057
-743.785 -50.6078
-743.02 -60.3076
-742.524 -68.1887
-741.773 -76.8713
-740.952 -85.4705
-739.979 -94.2638
-736.148 -118.894
-734.593 -128.266
-732.962 -136.626
-731.227 -145.266
-729.347 -154.409
-727.494 -162.309
-725.478 -170.89
-723.306 -179.798
-720.958 -189.047
-718.76 -196.938
-716.54 -204.667
-713.721 -214.386
-711.251 -222.328
-708.401 -231.248
-705.888 -238.78
-702.86 -247.553
-699.968 -255.657
-696.716 -264.394
-694.116 -271.391
-690.284 -280.865
-686.973 -288.958
-683.502 -297.153
-680.313 -304.639
-676.102 -313.732
-673.065 -320.636
-668.454 -329.893
-665.508 -336.416
-660.854 -345.272
-656.884 -352.98
-645.906 -372.302
-641.385 -379.923
-636.801 -387.446
-632.149 -394.889
-627.409 -402.292
-622.759 -409.348
-617.999 -416.432
-612.754 -424.107
-608.036 -430.798
-602.71 -438.216
-597.516 -445.273
-592.102 -452.454
-586.827 -459.301
-581.187 -466.432
-575.827 -473.09
-570.002 -480.113
-564.011 -487.148
-558.401 -493.65
-552.743 -500.08
-546.39 -507.009
-540.609 -513.292
-528.024 -525.971
-521.142 -532.824
-515.43 -538.229
-508.391 -544.904
-502.547 -550.229
-494.786 -557.266
-488.458 -562.778
-481.973 -568.326
-475.157 -574.036
-468.257 -579.684
-460.556 -585.815
-454.264 -590.739
-447.598 -595.857
-440.502 -601.159
-433.677 -606.18
-426.013 -611.59
-409.194 -623.45
-401.613 -628.293
-394.115 -632.932
-386.352 -637.657
-379.015 -641.923
-371.165 -646.456
-363.573 -650.682
-355.84 -654.889
-348.25 -658.896
-340.273 -663.026
-332.248 -667.063
-324.489 -670.841
-317.131 -674.329
-308.685 -678.237
-300.757 -681.793
-292.748 -685.282
-284.729 -688.676
-276.382 -692.084
-268.557 -695.214
-260.125 -698.438
-252.235 -701.408
-243.711 -704.447
-235.455 -707.32
-227.118 -710.113
-218.66 -712.829
-210.47 -715.409
-201.93 -717.942
-179.441 -723.662
-171.306 -725.506
-161.827 -727.721
-153.634 -729.386
-145.462 -730.971
-136.34 -732.721
-127.731 -734.23
-118.508 -735.775
-111.143 -736.851
-101.329 -738.277
-92.1206 -739.48
-83.8694 -740.445
-74.5445 -741.441
-66.136 -742.243
-57.6288 -742.971
-49.0594 -743.616
-40.2201 -744.174
-31.6654 -744.64
-22.1306 -744.971
-13.1639 -745.214
-4.30313 -745.361
4.8163 -745.381
13.3517 -745.364
22.3877 -745.186
43.9388 -744.325
53.169 -743.707
61.2372 -742.932
70.9196 -742.11
79.8413 -741.159
88.5759 -740.108
96.9576 -738.979
105.956 -737.723
113.457 -736.516
123.056 -734.986
132.561 -733.343
139.262 -732.051
148.633 -730.205
157.616 -728.32
166.248 -726.406
174.695 -724.439
183.41 -722.297
192.176 -720.029
200.494 -717.801
209.412 -715.257
217.604 -712.872
226.023 -710.301
234.631 -707.537
242.551 -704.988
251.409 -701.875
259.711 -698.923
280.205 -690.923
289.075 -687.291
297.332 -683.706
305.155 -680.15
312.813 -676.56
320.461 -672.891
329.117 -668.721
336.387 -665.006
344.414 -660.866
352.174 -656.737
359.776 -652.583
366.945 -648.57
375.131 -643.87
381.84 -639.952
389.877 -635.087
397.591 -630.299
404.902 -625.67
411.938 -621.142
419.914 -615.754
427.102 -610.856
434.448 -605.698
441.409 -600.751
448.315 -595.743
455.605 -590.225
472.106 -576.941
478.325 -571.638
485.17 -565.798
492.218 -559.675
499.134 -553.505
505.779 -547.405
511.735 -541.749
518.691 -535.111
525.122 -528.778
530.881 -522.944
536.89 -516.76
542.911 -510.433
548.45 -504.518
555.575 -496.619
560.832 -490.729
566.559 -484.152
572.615 -476.972
578.18 -470.272
583.392 -463.937
588.974 -456.89
594.502 -449.728
599.937 -442.513
612.126 -425.643
616.723 -418.732
621.664 -411.283
626.959 -403.217
631.344 -396.137
635.975 -388.586
640.726 -380.681
645.083 -373.169
649.45 -365.467
653.781 -357.631
657.663 -350.39
661.554 -342.992
665.667 -334.95
669.789 -326.633
673.639 -318.647
677.127 -311.298
680.89 -303.02
684.325 -295.359
688.033 -286.58
691.422 -278.428
695.092 -268.952
697.836 -262.378
701.105 -253.47
708.437 -232.736
711.208 -224.018
713.764 -215.505
716.094 -207.271
718.463 -198.708
720.746 -190.086
722.943 -181.399
724.998 -172.817
726.874 -164.497
728.798 -155.671
730.543 -147.124
732.194 -138.57
733.755 -129.994
735.222 -121.41
736.597 -112.818
737.918 -103.879
739.081 -95.5037
740.195 -86.6147
741.178 -78.4876
742.102 -69.5484
742.921 -60.6138
743.651 -52.1054
744.269 -43.1289
744.789 -34.2441
745.252 -25.7556
745.586 -16.9125
