744.583 6.46917
744.42 15.6184
744.115 24.4234
743.669 32.4138
743.198 41.616
742.615 50.8776
741.916 59.9519
741.111 68.8897
740.217 77.4321
739.178 86.8691
738.159 94.6044
736.975 103.345
735.727 111.834
734.389 120.339
732.869 129.304
731.483 137.176
729.727 146.256
728.04 154.655
726.132 163.479
724.039 172.532
722.306 180.202
719.986 189.261
717.978 197.243
715.496 206.126
713.182 214.379
705.891 237.653
702.993 245.72
699.945 254.082
696.796 262.429
693.592 270.583
690.151 279.227
687.142 286.088
683.498 294.685
679.671 303.446
676.118 311.133
672.405 318.994
668.616 326.796
664.955 334.126
660.669 342.524
656.917 349.671
652.637 357.608
648.439 365.203
644.266 372.591
639.743 380.347
635.019 388.205
630.614 395.442
625.624 403.299
621.045 410.458
616.333 417.649
611.581 424.755
606.092 432.518
601.156 439.537
596.022 446.631
581.167 465.627
575.401 472.676
569.973 479.001
564.143 485.781
558.972 491.488
552.412 498.918
546.718 505.038
540.304 511.898
534.604 517.754
528.655 523.783
522.473 529.933
515.664 536.564
510.03 541.924
502.699 548.722
496.267 554.555
490.183 559.988
483.838 565.541
476.752 571.533
470.326 576.923
462.637 583.059
456.301 588.162
448.889 593.841
442.021 599.066
434.786 604.392
427.404 609.677
410.2 621.258
402.962 625.886
395.251 630.758
388.061 635.121
380.454 639.671
373.204 643.873
364.889 648.632
356.917 653.042
349.379 657.079
341.713 661.087
334.123 664.957
325.121 669.401
317.905 672.873
309.789 676.66
301.832 680.273
293.554 683.902
285.459 687.354
277.539 690.649
269.154 693.988
260.082 697.409
252.086 700.414
231.901 707.738
223.696 710.253
215.264 712.776
206.157 715.482
197.915 717.702
190.345 719.59
180.811 722.089
172.461 724.062
163.552 726.11
153.591 728.352
146.616 729.637
137.455 731.417
128.852 732.96
120.631 734.338
111.755 735.739
102.878 737.034
94.7015 738.15
85.61 739.265
76.9999 740.24
68.2376 741.128
59.7816 741.917
50.9283 742.616
42.038 743.213
33.4071 743.724
24.1896 744.095
15.6253 744.42
6.18999 744.548
-2.76474 744.622
-11.6864 744.598
-36.0137 743.962
-44.4662 743.365
-53.1696 742.704
-62.7232 741.989
-70.9992 741.111
-79.4958 740.16
-88.8164 739.102
-96.8916 737.981
-105.467 736.757
-113.15 735.546
-123.574 733.916
-131.737 732.449
-139.586 730.97
-148.567 729.198
-156.861 727.468
-165.853 725.474
-174.141 723.556
-182.603 721.497
-191.192 719.298
-199.462 717.108
-208.82 714.409
-217.118 711.989
-225.869 709.279
-233.478 706.966
-242.262 704.016
-251.576 700.675
-259.024 698.157
-267.961 694.745
-287.551 686.684
-295.991 683.068
-303.17 679.77
-312.282 675.688
-320.356 671.86
-328.366 667.945
-335.812 664.167
-343.681 660.104
-351.598 655.907
-359.566 651.564
-367.012 647.384
-375.011 642.782
-382.04 638.64
-390.42 633.543
-397.159 629.382
-404.779 624.525
-411.832 619.96
-418.872 615.308
-426.771 609.83
-433.787 604.947
-441.314 599.485
-448.006 594.65
-465.775 581.081
-472.571 575.466
-479.284 569.79
-485.901 564.062
-492.469 558.252
-498.962 552.38
-505.415 546.417
-511.826 540.364
-518.145 534.26
-524.365 528.115
-530.504 521.917
-536.563 515.665
-542.549 509.355
-548.457 502.993
-554.318 496.544
-560.092 490.054
-565.813 483.481
-571.449 476.867
-577.041 470.155
-582.553 463.395
-587.998 456.564
-593.38 449.656
-598.69 442.686
-603.945 435.616
-609.142 428.446
-622.494 408.764
-627.759 400.705
-632.051 393.611
-637.062 385.495
-641.468 377.96
-645.609 370.631
-650.04 362.74
-654.34 354.853
-658.405 347.142
-662.021 340.013
-665.806 332.464
-669.827 324.274
-673.734 316.064
-677.503 307.89
-681.125 299.784
-684.451 292.134
-687.737 284.385
-691.371 275.4
-694.277 268.202
-697.636 259.311
-700.463 251.895
-703.468 243.508
-706.58 234.178
-709.27 226.215
-711.818 218.649
-714.472 209.939
-717.045 201.016
-719.476 192.326
-725.557 168.384
-727.446 159.682
-729.153 151.184
-730.693 142.91
-732.619 133.126
-734.217 123.967
-735.409 115.814
-736.513 107.749
-737.892 98.1191
-738.941 89.4359
-739.874 80.8671
-740.69 72.4944
-741.57 62.9743
-742.178 54.7626
-742.797 45.5587
-743.252 37.1343
-743.63 28.6719
-743.928 20.2201
-744.128 11.147
-744.258 2.87056
-744.261 -6.12351
-744.129 -15.4375
-743.812 -25.4605
-743.643 -33.0294
-743.35 -41.238
-742.8 -50.431
-742.035 -60.1329
-741.547 -67.9724
-740.802 -76.6299
-739.989 -85.2026
-739.022 -93.9737
-735.149 -118.877
-733.593 -128.239
-731.964 -136.569
-730.231 -145.186
-728.352 -154.316
-726.503 -162.179
-724.49 -170.736
-722.32 -179.628
-719.974 -188.869
-717.783 -196.724
-715.572 -204.415
-712.752 -214.138
-710.291 -222.048
-707.445 -230.956
-704.945 -238.448
-701.919 -247.215
-699.038 -255.29
-695.792 -264.012
-693.21 -270.968
-689.377 -280.444
-686.076 -288.515
-682.611 -296.698
-679.44 -304.151
-675.229 -313.244
-672.217 -320.106
-667.606 -329.363
-664.687 -335.844
-660.034 -344.701
-656.079 -352.387
-644.987 -371.908
-640.475 -379.507
-635.901 -387.009
-631.26 -394.43
-626.532 -401.812
-621.896 -408.842
-617.152 -415.901
-611.915 -423.564
-607.217 -430.225
-601.9 -437.629
-596.716 -444.673
-591.316 -451.836
-586.058 -458.662
-580.43 -465.778
-575.091 -472.413
-569.278 -479.423
-563.299 -486.447
-557.709 -492.928
-552.067 -499.343
-545.717 -506.269
-539.958 -512.532
-527.269 -525.315
-520.391 -532.164
-514.707 -537.537
-507.672 -544.209
-501.858 -549.504
-494.089 -556.548
-487.785 -562.038
-481.322 -567.567
-474.523 -573.263
-467.639 -578.897
-459.94 -585.027
-453.68 -589.927
-447.04 -595.027
-439.963 -600.316
-433.165 -605.322
-425.503 -610.729
-408.525 -622.707
-400.96 -627.536
-393.486 -632.154
-385.737 -636.868
-378.424 -641.116
-370.589 -645.638
-363.019 -649.849
-355.306 -654.044
-347.741 -658.035
-339.783 -662.155
-331.776 -666.181
-324.036 -669.95
-316.704 -673.425
-308.271 -677.327
-300.366 -680.872
-292.381 -684.352
-284.385 -687.737
-276.056 -691.138
-268.261 -694.259
-259.847 -697.477
-251.979 -700.441
-243.483 -703.474
-235.242 -706.343
-226.929 -709.131
-218.485 -711.845
-210.325 -714.419
-201.809 -716.949
-179.08 -722.73
-170.977 -724.561
-161.51 -726.772
-153.341 -728.43
-145.2 -730.006
-136.092 -731.753
-127.508 -733.256
-118.296 -734.797
-110.982 -735.864
-101.169 -737.29
-91.9746 -738.491
-83.7581 -739.451
-74.4465 -740.446
-66.0703 -741.245
-57.5849 -741.972
-49.0436 -742.616
-40.2265 -743.174
-31.7003 -743.641
-22.1661 -743.972
-13.213 -744.215
-4.37626 -744.364
4.72498 -744.385
13.2305 -744.371
22.2471 -744.196
44.013 -743.328
53.2283 -742.709
61.2587 -741.933
70.9359 -741.11
79.8371 -740.159
88.548 -739.109
96.8987 -737.981
105.879 -736.726
113.331 -735.523
122.925 -733.994
132.421 -732.353
139.068 -731.07
148.43 -729.226
157.398 -727.344
166.007 -725.435
174.428 -723.475
183.124 -721.339
191.879 -719.074
200.178 -716.852
209.08 -714.313
217.244 -711.939
225.64 -709.377
234.231 -706.621
242.12 -704.085
250.967 -700.978
259.246 -698.038
279.946 -689.957
288.808 -686.327
297.046 -682.748
304.85 -679.197
312.479 -675.618
320.099 -671.959
328.748 -667.791
335.985 -664.09
343.994 -659.958
351.733 -655.84
359.311 -651.698
366.449 -647.702
374.625 -643.007
381.297 -639.112
389.324 -634.254
397.024 -629.476
404.313 -624.862
411.329 -620.349
419.304 -614.962
426.47 -610.081
433.799 -604.936
440.733 -600.014
447.623 -595.021
454.896 -589.52
471.555 -576.106
477.742 -570.825
484.57 -564.999
491.612 -558.879
498.524 -552.713
505.154 -546.625
511.083 -540.992
518.033 -534.358
524.45 -528.038
530.183 -522.228
536.172 -516.063
542.176 -509.754
547.69 -503.868
554.824 -495.959
560.053 -490.101
565.765 -483.544
571.814 -476.373
577.364 -469.694
582.561 -463.382
588.135 -456.346
593.652 -449.202
599.076 -442.004
611.382 -424.975
615.957 -418.09
620.878 -410.664
626.169 -402.604
630.538 -395.546
635.159 -388.007
639.902 -380.115
644.245 -372.625
648.599 -364.942
652.919 -357.124
656.784 -349.913
660.663 -342.537
664.765 -334.519
668.881 -326.215
672.722 -318.25
676.199 -310.927
679.952 -302.673
683.379 -295.034
687.082 -286.272
690.464 -278.142
694.135 -268.663
696.866 -262.136
700.131 -253.246
707.539 -232.294
710.305 -223.586
712.852 -215.095
715.17 -206.889
717.53 -198.347
719.803 -189.753
721.996 -181.08
724.043 -172.521
725.913 -164.223
727.833 -155.408
729.572 -146.885
731.217 -138.356
732.773 -129.805
734.236 -121.246
735.607 -112.679
736.925 -103.759
738.085 -95.4138
739.197 -86.5454
740.179 -78.4538
741.102 -69.5349
741.921 -60.6204
742.652 -52.1413
743.27 -43.1845
743.792 -34.3218
744.258 -25.8634
744.594 -17.043
