743.59 6.58612
743.425 15.7177
743.118 24.4985
742.669 32.4485
742.198 41.634
741.615 50.8802
740.916 59.9435
740.111 68.8698
739.218 77.3844
738.179 86.8121
737.164 94.5044
735.982 103.222
734.739 111.683
733.405 120.162
731.888 129.109
730.51 136.944
728.757 146.01
727.078 154.381
725.176 163.188
723.087 172.227
721.365 179.866
719.049 188.913
717.05 196.869
714.575 205.737
712.273 213.962
704.906 237.482
702.014 245.52
698.97 253.859
695.824 262.192
692.624 270.331
689.189 278.954
686.192 285.775
682.552 294.359
678.728 303.114
675.185 310.772
671.481 318.61
667.703 326.389
664.057 333.686
659.776 342.075
656.041 349.188
651.77 357.109
647.585 364.682
643.428 372.046
638.916 379.785
634.201 387.63
629.814 394.843
624.831 402.689
620.271 409.825
615.577 416.994
610.845 424.079
605.356 431.84
600.436 438.843
595.322 445.917
580.307 465.116
574.551 472.15
569.141 478.447
563.323 485.209
558.174 490.886
551.614 498.316
545.939 504.411
539.538 511.255
533.855 517.09
527.927 523.098
521.762 529.23
514.959 535.854
509.357 541.184
502.031 547.978
495.619 553.794
489.556 559.209
483.235 564.744
476.166 570.723
469.76 576.099
462.08 582.229
455.774 587.313
448.374 592.984
441.522 598.2
434.313 603.511
426.947 608.787
409.559 620.49
402.338 625.104
394.647 629.961
387.476 634.31
379.888 638.846
372.665 643.031
364.363 647.782
356.405 652.183
348.885 656.209
341.242 660.205
333.677 664.062
324.681 668.503
317.5 671.959
309.395 675.741
301.468 679.341
293.207 682.964
285.134 686.408
277.241 689.694
268.866 693.031
259.806 696.448
251.846 699.443
231.453 706.845
223.269 709.349
214.861 711.861
205.764 714.563
197.542 716.774
190.006 718.649
180.482 721.145
172.158 723.109
163.264 725.152
153.298 727.396
146.379 728.665
137.229 730.443
128.651 731.98
120.462 733.352
111.605 734.751
102.747 736.043
94.6044 737.154
85.5288 738.269
76.9444 739.241
68.2052 740.129
59.7789 740.917
50.947 741.616
42.0777 742.213
33.4735 742.726
24.2706 743.099
15.7345 743.426
6.30126 743.554
-2.63965 743.63
-11.5377 743.609
-36.1184 742.967
-44.5381 742.367
-53.223 741.706
-62.7773 740.991
-71.0201 740.111
-79.4886 739.16
-88.7975 738.103
-96.8367 736.983
-105.386 735.76
-113.025 734.553
-123.462 732.922
-131.591 731.46
-139.402 729.987
-148.367 728.218
-156.632 726.494
-165.609 724.504
-173.869 722.593
-182.307 720.542
-190.875 718.35
-199.119 716.168
-208.472 713.471
-216.746 711.061
-225.482 708.357
-233.054 706.06
-241.825 703.116
-251.138 699.776
-258.559 697.272
-267.486 693.865
-287.274 685.723
-295.691 682.114
-302.838 678.827
-311.943 674.748
-319.997 670.926
-327.988 667.019
-335.411 663.25
-343.261 659.197
-351.152 655.012
-359.105 650.677
-366.525 646.51
-374.518 641.912
-381.516 637.788
-389.881 632.701
-396.599 628.554
-404.204 623.707
-411.231 619.161
-418.247 614.528
-426.134 609.06
-433.133 604.19
-440.649 598.737
-447.315 593.927
-465.263 580.222
-472.04 574.619
-478.74 568.95
-485.337 563.236
-491.879 557.445
-498.364 551.578
-504.804 545.626
-511.195 539.589
-517.495 533.5
-523.696 527.373
-529.816 521.191
-535.857 514.957
-541.826 508.665
-547.716 502.321
-553.561 495.891
-559.318 489.42
-565.024 482.867
-570.645 476.274
-576.222 469.582
-581.72 462.842
-587.152 456.031
-592.521 449.145
-597.819 442.195
-603.062 435.146
-608.249 427.997
-621.737 408.11
-626.996 400.059
-631.271 392.986
-636.281 384.87
-640.672 377.354
-644.794 370.05
-649.215 362.175
-653.504 354.304
-657.555 346.614
-661.156 339.512
-664.929 331.984
-668.941 323.81
-672.84 315.616
-676.6 307.461
-680.213 299.375
-683.526 291.755
-686.801 284.033
-690.432 275.054
-693.324 267.898
-696.681 259.015
-699.497 251.638
-702.496 243.271
-705.608 233.944
-708.291 226.011
-710.831 218.484
-713.483 209.792
-716.053 200.883
-718.482 192.212
-724.628 168.014
-726.508 159.334
-728.212 150.848
-729.741 142.604
-731.667 132.821
-733.26 123.676
-734.442 115.556
-735.538 107.527
-736.915 97.9023
-737.96 89.2429
-738.888 80.7008
-739.699 72.3585
-740.578 62.8463
-741.183 54.6688
-741.8 45.48
-742.253 37.0856
-742.63 28.6451
-742.928 20.2308
-743.129 11.1752
-743.259 2.92446
-743.263 -6.05649
-743.132 -15.3552
-742.816 -25.3691
-742.652 -32.8978
-742.364 -41.0704
-741.816 -50.2542
-741.051 -59.9582
-740.571 -67.7562
-739.832 -76.3887
-739.025 -84.935
-738.065 -93.6837
-734.149 -118.86
-732.594 -128.212
-730.965 -136.512
-729.234 -145.106
-727.356 -154.223
-725.511 -162.048
-723.501 -170.582
-721.335 -179.458
-718.99 -188.691
-716.806 -196.511
-714.604 -204.164
-711.783 -213.89
-709.331 -221.767
-706.488 -230.664
-704.001 -238.117
-700.978 -246.877
-698.107 -254.923
-694.867 -263.631
-692.307 -270.538
-688.469 -280.024
-685.176 -288.079
-681.721 -296.242
-678.567 -303.663
-674.356 -312.756
-671.369 -319.576
-666.754 -328.839
-663.867 -335.272
-659.213 -344.129
-655.273 -351.794
-644.068 -371.513
-639.566 -379.091
-635.002 -386.572
-630.371 -393.972
-625.655 -401.332
-621.034 -408.335
-616.305 -415.37
-611.075 -423.021
-606.397 -429.652
-601.09 -437.042
-595.916 -444.072
-590.529 -451.219
-585.289 -458.023
-579.673 -465.124
-574.354 -471.737
-568.554 -478.733
-562.586 -485.745
-557.017 -492.206
-551.391 -498.606
-545.044 -505.529
-539.308 -511.773
-526.514 -524.659
-519.64 -531.504
-513.985 -536.846
-506.953 -543.514
-501.169 -548.779
-493.393 -555.83
-487.112 -561.298
-480.67 -566.808
-473.889 -572.49
-467.021 -578.111
-459.324 -584.24
-453.096 -589.115
-446.482 -594.197
-439.424 -599.474
-432.652 -604.463
-424.994 -609.868
-407.862 -621.958
-400.312 -626.774
-392.85 -631.382
-385.123 -636.079
-377.834 -640.308
-370.014 -644.82
-362.465 -649.016
-354.772 -653.198
-347.231 -657.175
-339.292 -661.284
-331.305 -665.3
-323.583 -669.058
-316.277 -672.52
-307.856 -676.416
-299.976 -679.952
-292.014 -683.422
-284.042 -686.797
-275.731 -690.193
-267.965 -693.303
-259.57 -696.516
-251.732 -699.472
-243.254 -702.5
-235.037 -705.364
-226.74 -708.149
-218.311 -710.86
-210.181 -713.43
-201.687 -715.957
-178.72 -721.797
-170.647 -723.617
-161.185 -725.827
-153.047 -727.474
-144.939 -729.04
-135.844 -730.784
-127.284 -732.281
-118.084 -733.82
-110.82 -734.877
-101.009 -736.303
-91.8286 -737.502
-83.6467 -738.457
-74.3485 -739.451
-66.0046 -740.247
-57.5409 -740.972
-49.0276 -741.616
-40.2329 -742.174
-31.735 -742.641
-22.2016 -742.973
-13.262 -743.216
-4.45746 -743.367
4.62558 -743.39
13.1094 -743.379
22.1066 -743.206
44.087 -742.331
53.2876 -741.71
61.28 -740.933
70.952 -740.11
79.8328 -739.159
88.52 -738.109
96.8398 -736.983
105.802 -735.729
113.205 -734.531
122.793 -733.003
132.281 -731.363
138.873 -730.09
148.228 -728.247
157.179 -726.369
165.766 -724.465
174.161 -722.512
182.838 -720.381
191.583 -718.119
199.861 -715.904
208.749 -713.37
216.884 -711.006
225.257 -708.453
233.83 -705.705
241.689 -703.183
250.524 -700.081
258.782 -697.152
279.687 -688.991
288.549 -685.361
296.768 -681.788
304.545 -678.245
312.145 -674.675
319.737 -671.027
328.379 -666.862
335.582 -663.175
343.575 -659.05
351.292 -654.943
358.846 -650.812
365.952 -646.834
374.12 -642.144
380.753 -638.273
388.77 -633.42
396.456 -628.653
403.723 -624.055
410.72 -619.556
418.694 -614.169
425.839 -609.306
433.151 -604.175
440.062 -599.272
446.931 -594.3
454.191 -588.81
471.003 -575.272
477.16 -570.013
483.97 -564.199
491.007 -558.083
497.913 -551.921
504.529 -545.844
510.43 -540.234
517.375 -533.604
523.778 -527.297
529.484 -521.512
535.455 -515.367
541.441 -509.076
546.931 -503.218
554.073 -495.299
559.275 -489.473
564.971 -482.935
571.013 -475.774
576.549 -469.115
581.729 -462.826
587.296 -455.802
592.801 -448.675
598.215 -441.495
610.633 -424.313
615.195 -417.442
620.098 -410.038
625.378 -401.991
629.727 -394.96
634.339 -387.436
639.077 -379.549
643.406 -372.081
647.748 -364.417
652.057 -356.616
655.905 -349.437
659.769 -342.089
663.862 -334.088
667.972 -325.798
671.805 -317.852
675.267 -310.563
679.014 -302.326
682.431 -294.718
686.131 -285.963
689.506 -277.856
693.177 -268.373
695.894 -261.903
699.156 -253.022
706.642 -231.853
709.403 -223.155
711.94 -214.685
714.246 -206.506
716.598 -197.986
718.86 -189.42
721.046 -180.768
723.085 -172.233
724.951 -163.949
726.866 -155.152
728.599 -146.654
730.239 -138.15
731.789 -129.623
733.248 -121.09
734.617 -112.54
735.933 -103.639
737.088 -95.3318
738.199 -86.4843
739.18 -78.42
740.102 -69.5295
740.921 -60.627
741.653 -52.1771
742.272 -43.2399
742.795 -34.3995
743.264 -25.9709
743.603 -17.1734
