742.178 2.92708e-15
742.12 9.32624
741.944 18.651
741.651 27.9728
741.241 37.2902
740.714 46.6018
740.07 55.9059
739.309 65.2013
738.431 74.4863
737.437 83.7596
736.326 93.0196
735.099 102.265
733.756 111.494
732.297 120.706
730.722 129.898
729.032 139.07
727.227 148.22
725.307 157.347
723.273 166.449
721.124 175.524
718.861 184.572
716.485 193.591
713.996 202.579
711.394 211.535
708.68 220.458
705.854 229.346
702.916 238.197
699.867 247.011
696.708 255.787
693.439 264.521
690.06 273.214
686.572 281.864
682.976 290.469
679.272 299.028
675.461 307.541
671.543 316.004
667.519 324.418
663.39 332.78
659.156 341.09
654.817 349.346
650.376 357.547
645.832 365.692
641.185 373.778
636.438 381.806
631.59 389.773
626.642 397.679
621.595 405.522
616.45 413.301
611.208 421.015
605.869 428.662
600.435 436.241
594.906 443.752
589.282 451.193
583.566 458.562
577.758 465.859
571.858 473.082
565.868 480.231
559.789 487.304
553.621 494.3
547.366 501.217
541.025 508.056
534.598 514.814
528.086 521.492
521.492 528.086
514.814 534.598
508.056 541.025
501.217 547.366
494.3 553.621
487.304 559.789
480.231 565.868
473.082 571.858
465.859 577.758
458.562 583.566
451.193 589.282
443.752 594.906
436.241 600.435
428.662 605.869
421.015 611.208
413.301 616.45
405.522 621.595
397.679 626.642
389.773 631.59
381.806 636.438
373.778 641.185
365.692 645.832
357.547 650.376
349.346 654.817
341.09 659.156
332.78 663.39
324.418 667.519
316.004 671.543
307.541 675.461
299.028 679.272
290.469 682.976
281.864 686.572
273.214 690.06
264.521 693.439
255.787 696.708
247.011 699.867
238.197 702.916
229.346 705.854
220.458 708.68
211.535 711.394
202.579 713.996
193.591 716.485
184.572 718.861
175.524 721.124
166.449 723.273
157.347 725.307
148.22 727.227
139.07 729.032
129.898 730.722
120.706 732.297
111.494 733.756
102.265 735.099
93.0196 736.326
83.7596 737.437
74.4863 738.431
65.2013 739.309
55.9059 740.07
46.6018 740.714
37.2902 741.241
27.9728 741.651
18.651 741.944
9.32624 742.12
4.54323e-14 742.178
-9.32624 742.12
-18.651 741.944
-27.9728 741.651
-37.2902 741.241
-46.6018 740.714
-55.9059 740.07
-65.2013 739.309
-74.4863 738.431
-83.7596 737.437
-93.0196 736.326
-102.265 735.099
-111.494 733.756
-120.706 732.297
-129.898 730.722
-139.07 729.032
-148.22 727.227
-157.347 725.307
-166.449 723.273
-175.524 721.124
-184.572 718.861
-193.591 716.485
-202.579 713.996
-211.535 711.394
-220.458 708.68
-229.346 705.854
-238.197 702.916
-247.011 699.867
-255.787 696.708
-264.521 693.439
-273.214 690.06
-281.864 686.572
-290.469 682.976
-299.028 679.272
-307.541 675.461
-316.004 671.543
-324.418 667.519
-332.78 663.39
-341.09 659.156
-349.346 654.817
-357.547 650.376
-365.692 645.832
-373.778 641.185
-381.806 636.438
-389.773 631.59
-397.679 626.642
-405.522 621.595
-413.301 616.45
-421.015 611.208
-428.662 605.869
-436.241 600.435
-443.752 594.906
-451.193 589.282
-458.562 583.566
-465.859 577.758
-473.082 571.858
-480.231 565.868
-487.304 559.789
-494.3 553.621
-501.217 547.366
-508.056 541.025
-514.814 534.598
-521.492 528.086
-528.086 521.492
-534.598 514.814
-541.025 508.056
-547.366 501.217
-553.621 494.3
-559.789 487.304
-565.868 480.231
-571.858 473.082
-577.758 465.859
-583.566 458.562
-589.282 451.193
-594.906 443.752
-600.435 436.241
-605.869 428.662
-611.208 421.015
-616.45 413.301
-621.595 405.522
-626.642 397.679
-631.59 389.773
-636.438 381.806
-641.185 373.778
-645.832 365.692
-650.376 357.547
-654.817 349.346
-659.156 341.09
-663.39 332.78
-667.519 324.418
-671.543 316.004
-675.461 307.541
-679.272 299.028
-682.976 290.469
-686.572 281.864
-690.06 273.214
-693.439 264.521
-696.708 255.787
-699.867 247.011
-702.916 238.197
-705.854 229.346
-708.68 220.458
-711.394 211.535
-713.996 202.579
-716.485 193.591
-718.861 184.572
-721.124 175.524
-723.273 166.449
-725.307 157.347
-727.227 148.22
-729.032 139.07
-730.722 129.898
-732.297 120.706
-733.756 111.494
-735.099 102.265
-736.326 93.0196
-737.437 83.7596
-738.431 74.4863
-739.309 65.2013
-740.07 55.9059
-740.714 46.6018
-741.241 37.2902
-741.651 27.9728
-741.944 18.651
-742.12 9.32624
-742.178 9.036e-14
-742.12 -9.32624
-741.944 -18.651
-741.651 -27.9728
-741.241 -37.2902
-740.714 -46.6018
-740.07 -55.9059
-739.309 -65.2013
-738.431 -74.4863
-737.437 -83.7596
-736.326 -93.0196
-735.099 -102.265
-733.756 -111.494
-732.297 -120.706
-730.722 -129.898
-729.032 -139.07
-727.227 -148.22
-725.307 -157.347
-723.273 -166.449
-721.124 -175.524
-718.861 -184.572
-716.485 -193.591
-713.996 -202.579
-711.394 -211.535
-708.68 -220.458
-705.854 -229.346
-702.916 -238.197
-699.867 -247.011
-696.708 -255.787
-693.439 -264.521
-690.06 -273.214
-686.572 -281.864
-682.976 -290.469
-679.272 -299.028
-675.461 -307.541
-671.543 -316.004
-667.519 -324.418
-663.39 -332.78
-659.156 -341.09
-654.817 -349.346
-650.376 -357.547
-645.832 -365.692
-641.185 -373.778
-636.438 -381.806
-631.59 -389.773
-626.642 -397.679
-621.595 -405.522
-616.45 -413.301
-611.208 -421.015
-605.869 -428.662
-600.435 -436.241
-594.906 -443.752
-589.282 -451.193
-583.566 -458.562
-577.758 -465.859
-571.858 -473.082
-565.868 -480.231
-559.789 -487.304
-553.621 -494.3
-547.366 -501.217
-541.025 -508.056
-534.598 -514.814
-528.086 -521.492
-521.492 -528.086
-514.814 -534.598
-508.056 -541.025
-501.217 -547.366
-494.3 -553.621
-487.304 -559.789
-480.231 -565.868
-473.082 -571.858
-465.859 -577.758
-458.562 -583.566
-451.193 -589.282
-443.752 -594.906
-436.241 -600.435
-428.662 -605.869
-421.015 -611.208
-413.301 -616.45
-405.522 -621.595
-397.679 -626.642
-389.773 -631.59
-381.806 -636.438
-373.778 -641.185
-365.692 -645.832
-357.547 -650.376
-349.346 -654.817
-341.09 -659.156
-332.78 -663.39
-324.418 -667.519
-316.004 -671.543
-307.541 -675.461
-299.028 -679.272
-290.469 -682.976
-281.864 -686.572
-273.214 -690.06
-264.521 -693.439
-255.787 -696.708
-247.011 -699.867
-238.197 -702.916
-229.346 -705.854
-220.458 -708.68
-211.535 -711.394
-202.579 -713.996
-193.591 -716.485
-184.572 -718.861
-175.524 -721.124
-166.449 -723.273
-157.347 -725.307
-148.22 -727.227
-139.07 -729.032
-129.898 -730.722
-120.706 -732.297
-111.494 -733.756
-102.265 -735.099
-93.0196 -736.326
-83.7596 -737.437
-74.4863 -738.431
-65.2013 -739.309
-55.9059 -740.07
-46.6018 -740.714
-37.2902 -741.241
-27.9728 -741.651
-18.651 -741.944
-9.32624 -742.12
-1.40193e-13 -742.178
9.32624 -742.12
18.651 -741.944
27.9728 -741.651
37.2902 -741.241
46.6018 -740.714
55.9059 -740.07
65.2013 -739.309
74.4863 -738.431
83.7596 -737.437
93.0196 -736.326
102.265 -735.099
111.494 -733.756
120.706 -732.297
129.898 -730.722
139.07 -729.032
148.22 -727.227
157.347 -725.307
166.449 -723.273
175.524 -721.124
184.572 -718.861
193.591 -716.485
202.579 -713.996
211.535 -711.394
220.458 -708.68
229.346 -705.854
238.197 -702.916
247.011 -699.867
255.787 -696.708
264.521 -693.439
273.214 -690.06
281.864 -686.572
290.469 -682.976
299.028 -679.272
307.541 -675.461
316.004 -671.543
324.418 -667.519
332.78 -663.39
341.09 -659.156
349.346 -654.817
357.547 -650.376
365.692 -645.832
373.778 -641.185
381.806 -636.438
389.773 -631.59
397.679 -626.642
405.522 -621.595
413.301 -616.45
421.015 -611.208
428.662 -605.869
436.241 -600.435
443.752 -594.906
451.193 -589.282
458.562 -583.566
465.859 -577.758
473.082 -571.858
480.231 -565.868
487.304 -559.789
494.3 -553.621
501.217 -547.366
508.056 -541.025
514.814 -534.598
521.492 -528.086
528.086 -521.492
534.598 -514.814
541.025 -508.056
547.366 -501.217
553.621 -494.3
559.789 -487.304
565.868 -480.231
571.858 -473.082
577.758 -465.859
583.566 -458.562
589.282 -451.193
594.906 -443.752
600.435 -436.241
605.869 -428.662
611.208 -421.015
616.45 -413.301
621.595 -405.522
626.642 -397.679
631.59 -389.773
636.438 -381.806
641.185 -373.778
645.832 -365.692
650.376 -357.547
654.817 -349.346
659.156 -341.09
663.39 -332.78
667.519 -324.418
671.543 -316.004
675.461 -307.541
679.272 -299.028
682.976 -290.469
686.572 -281.864
690.06 -273.214
693.439 -264.521
696.708 -255.787
699.867 -247.011
702.916 -238.197
705.854 -229.346
708.68 -220.458
711.394 -211.535
713.996 -202.579
716.485 -193.591
718.861 -184.572
721.124 -175.524
723.273 -166.449
725.307 -157.347
727.227 -148.22
729.032 -139.07
730.722 -129.898
732.297 -120.706
733.756 -111.494
735.099 -102.265
736.326 -93.0196
737.437 -83.7596
738.431 -74.4863
739.309 -65.2013
740.07 -55.9059
740.714 -46.6018
741.241 -37.2902
741.651 -27.9728
741.944 -18.651
742.12 -9.32624
