741.606 6.83608
741.435 15.924
741.124 24.6565
740.671 32.5341
740.199 41.6779
739.615 50.8933
738.916 59.9266
738.111 68.8299
737.221 77.2889
736.183 86.6978
735.174 94.3045
733.997 102.976
732.762 111.383
731.437 119.808
729.926 128.721
728.565 136.479
726.819 145.517
725.154 153.835
723.262 162.605
721.181 171.619
719.487 179.178
717.174 188.217
715.195 196.121
712.733 204.958
710.455 213.129
702.935 237.139
700.054 245.118
697.02 253.413
693.881 261.719
690.689 269.826
687.261 278.423
684.293 285.149
680.661 293.709
676.842 302.449
673.32 310.051
669.635 317.842
665.877 325.573
662.26 332.807
657.989 341.177
654.289 348.223
650.036 356.112
645.878 363.641
641.752 370.955
637.261 378.661
632.564 386.48
628.213 393.644
623.245 401.47
618.723 408.558
614.065 415.685
609.371 422.727
603.886 430.485
598.996 437.455
593.921 444.489
578.58 464.107
572.843 471.11
567.467 477.352
561.672 484.08
556.576 489.683
550.018 497.111
544.381 503.157
537.995 509.982
532.359 515.763
526.47 521.727
520.34 527.824
513.551 534.435
508.011 539.705
500.684 546.499
494.31 552.282
488.301 557.651
482.028 563.148
474.982 569.111
468.628 574.45
460.952 580.577
454.708 585.621
447.329 591.279
440.526 596.466
433.36 601.752
426.028 607.011
408.278 618.954
401.102 623.532
393.44 628.367
386.319 632.678
378.769 637.189
371.592 641.343
363.31 646.081
355.382 650.464
347.91 654.463
340.314 658.433
332.8 662.264
323.801 666.707
316.69 670.13
308.622 673.896
300.741 677.478
292.514 681.088
284.485 684.516
276.644 687.785
268.305 691.111
259.256 694.525
251.351 697.505
230.556 705.057
222.428 707.535
214.069 710.024
204.979 712.723
196.796 714.918
189.342 716.762
179.823 719.256
171.551 721.203
162.689 723.237
152.713 725.484
145.905 726.722
136.779 728.494
128.249 730.021
120.123 731.381
111.305 732.773
102.486 734.06
94.4101 735.164
85.3663 736.275
76.8333 737.244
68.1402 738.13
59.7731 738.917
50.9842 739.616
42.1567 740.215
33.6059 740.731
24.4321 741.105
15.9524 741.438
6.5235 741.567
-2.38977 741.646
-11.2408 741.631
-36.3274 740.978
-44.6815 740.373
-53.3294 739.709
-62.8849 738.994
-71.0616 738.111
-79.474 737.16
-88.7594 736.103
-96.7268 734.986
-105.224 733.767
-112.777 732.569
-123.236 730.935
-131.3 729.481
-139.033 728.022
-147.966 726.259
-156.173 724.548
-165.121 722.564
-173.325 720.669
-181.715 718.632
-190.241 716.453
-198.432 714.29
-207.776 711.596
-216.001 709.205
-224.708 706.513
-232.205 704.249
-240.95 701.318
-250.273 697.973
-257.63 695.5
-266.536 692.105
-286.706 683.805
-295.098 680.204
-302.174 676.94
-311.265 672.866
-319.28 669.059
-327.224 665.171
-334.604 661.421
-342.406 657.389
-350.26 653.222
-358.182 648.902
-365.552 644.763
-373.519 640.18
-380.456 636.092
-388.815 631.009
-395.466 626.906
-403.04 622.08
-410.017 617.571
-416.985 612.977
-424.859 607.519
-431.82 602.682
-439.308 597.254
-445.921 592.492
-464.255 578.495
-470.992 572.916
-477.652 567.272
-484.208 561.585
-490.71 555.822
-497.167 549.976
-503.58 544.044
-509.932 538.038
-516.194 531.982
-522.357 525.887
-528.44 519.739
-534.445 513.54
-540.378 507.284
-546.235 500.978
-552.046 494.585
-557.771 488.154
-563.445 481.64
-569.035 475.086
-574.584 468.434
-580.054 461.735
-585.459 454.966
-590.803 448.121
-596.076 441.213
-601.297 434.205
-606.463 427.096
-620.223 406.803
-625.47 398.766
-629.71 391.735
-634.72 383.621
-639.081 376.143
-643.165 368.89
-647.565 361.044
-651.832 353.207
-655.857 345.558
-659.424 338.511
-663.175 331.024
-667.169 322.882
-671.051 314.722
-674.793 306.603
-678.388 298.557
-681.676 290.995
-684.928 283.331
-688.556 274.362
-691.42 267.289
-694.771 258.423
-697.564 251.124
-700.553 242.798
-703.663 233.476
-706.332 225.604
-708.859 218.156
-711.505 209.497
-714.071 200.617
-716.496 191.984
-722.769 167.275
-724.633 158.64
-726.328 150.176
-727.842 141.978
-729.764 132.205
-731.346 123.094
-732.514 115.026
-733.592 107.068
-734.966 97.4529
-735.999 88.8491
-736.919 80.3523
-737.72 72.0708
-738.597 62.5744
-739.193 54.4654
-739.808 45.3066
-740.257 36.9723
-740.631 28.5914
-740.928 20.2367
-741.129 11.2161
-741.261 3.01686
-741.267 -5.92972
-741.138 -15.1979
-740.824 -25.194
-740.668 -32.6414
-740.392 -40.7418
-739.849 -49.8931
-739.084 -59.593
-738.62 -67.3162
-737.893 -75.8987
-737.1 -84.3921
-736.153 -93.0963
-732.149 -118.818
-730.595 -128.151
-728.969 -136.391
-727.241 -144.938
-725.366 -154.021
-723.53 -161.779
-721.526 -170.267
-719.366 -179.104
-717.024 -188.32
-714.855 -196.07
-712.671 -203.654
-709.85 -213.379
-707.416 -221.192
-704.58 -230.066
-702.114 -237.454
-699.096 -246.201
-696.247 -254.19
-693.018 -262.868
-690.502 -269.679
-686.655 -279.183
-683.376 -287.207
-679.94 -295.332
-676.822 -302.686
-672.61 -311.78
-669.673 -318.516
-665.05 -327.792
-662.226 -334.129
-657.571 -342.987
-653.663 -350.608
-642.237 -370.709
-637.753 -378.246
-633.21 -385.684
-628.598 -393.048
-623.904 -400.365
-619.314 -407.315
-614.61 -414.307
-609.401 -421.927
-604.758 -428.507
-599.471 -435.869
-594.317 -442.871
-588.956 -449.984
-583.751 -456.745
-578.16 -463.817
-572.881 -470.384
-567.106 -477.354
-561.16 -484.342
-555.634 -490.762
-550.04 -497.131
-543.699 -504.049
-538.006 -510.254
-525.004 -523.347
-518.137 -530.184
-512.54 -535.463
-505.516 -542.123
-499.792 -547.329
-492 -554.394
-485.766 -559.819
-479.368 -565.29
-472.62 -570.943
-465.786 -576.538
-458.092 -582.664
-451.929 -587.492
-445.366 -592.537
-438.347 -597.789
-431.625 -602.747
-423.976 -608.147
-406.529 -620.467
-399.011 -625.255
-391.58 -629.838
-383.888 -634.506
-376.647 -638.699
-368.857 -643.189
-361.344 -647.36
-353.698 -651.511
-346.206 -655.457
-338.303 -659.545
-330.355 -663.54
-322.677 -667.275
-315.424 -670.712
-307.021 -674.599
-299.186 -678.114
-291.272 -681.565
-283.347 -684.922
-275.065 -688.307
-267.367 -691.395
-259.008 -694.597
-251.223 -697.538
-242.781 -700.557
-234.613 -703.41
-226.355 -706.186
-217.948 -708.893
-209.878 -711.453
-201.43 -713.973
-177.998 -719.932
-169.988 -721.729
-160.536 -723.935
-152.46 -725.562
-144.417 -727.11
-135.348 -728.846
-126.837 -730.331
-117.661 -731.865
-110.497 -732.903
-100.689 -734.329
-91.5367 -735.523
-83.4239 -736.469
-74.1525 -737.461
-65.8731 -738.251
-57.4528 -738.974
-48.9801 -739.617
-40.2301 -740.174
-31.7892 -740.642
-22.2647 -740.974
-13.3686 -741.219
-4.61216 -741.373
4.42702 -741.4
12.8666 -741.393
21.8096 -741.228
44.2348 -740.336
53.4057 -739.714
61.3225 -738.933
70.984 -738.11
79.8239 -737.159
88.4638 -736.11
96.7217 -734.986
105.648 -733.734
112.954 -732.547
122.53 -731.02
132.001 -729.382
138.484 -728.128
147.822 -726.288
156.741 -724.417
165.283 -722.524
173.628 -720.584
182.265 -718.464
190.99 -716.209
199.213 -714.012
208.071 -711.488
216.157 -709.143
224.477 -706.612
233.015 -703.879
240.82 -701.382
249.626 -698.294
257.839 -695.389
279.169 -687.06
288.03 -683.429
296.212 -679.867
303.936 -676.34
311.478 -672.79
319.012 -669.163
327.64 -665.003
334.777 -661.344
342.735 -657.235
350.409 -653.148
357.916 -649.042
364.96 -645.098
373.109 -640.418
379.666 -636.594
387.664 -631.754
395.32 -627.006
402.545 -622.439
409.501 -617.97
417.462 -612.594
424.57 -607.76
431.849 -602.657
438.709 -597.799
445.541 -592.861
452.777 -587.396
469.901 -573.603
475.994 -568.387
482.77 -562.599
489.796 -556.491
496.693 -550.337
503.278 -544.283
509.125 -538.719
516.059 -532.098
522.434 -525.817
528.088 -520.08
534.02 -513.974
539.972 -507.719
545.411 -501.917
552.571 -493.978
557.719 -488.217
563.384 -481.719
569.411 -474.576
574.917 -467.958
580.066 -461.715
585.618 -454.713
591.101 -447.622
596.494 -440.478
609.145 -422.976
613.662 -416.158
618.538 -408.788
623.803 -400.759
628.114 -393.777
632.698 -386.292
637.428 -378.417
641.728 -370.992
646.046 -363.367
650.334 -355.602
654.146 -348.484
657.981 -341.193
662.057 -333.227
666.155 -324.962
669.97 -317.055
673.404 -309.835
677.138 -301.632
680.534 -294.084
684.228 -285.346
687.589 -277.283
691.263 -267.794
693.949 -261.435
697.207 -252.574
704.855 -230.956
707.599 -222.291
710.113 -213.872
712.399 -205.74
714.733 -197.263
716.977 -188.747
719.151 -180.128
721.175 -171.641
723.023 -163.416
724.932 -154.642
726.653 -146.193
728.282 -137.738
729.822 -129.261
731.273 -120.777
732.634 -112.277
733.945 -103.415
735.095 -95.1677
736.203 -86.3618
737.18 -78.3684
738.102 -69.5185
738.921 -60.6563
739.655 -52.2649
740.276 -43.3671
740.803 -34.5709
741.276 -26.194
741.621 -17.4421
