740.178 3.0351e-15
740.12 9.30111
739.945 18.6008
739.652 27.8975
739.243 37.1898
738.718 46.4762
738.075 55.7553
737.317 65.0256
736.441 74.2856
735.45 83.5339
734.342 92.7689
733.118 101.989
731.779 111.194
730.324 120.381
728.753 129.548
727.068 138.696
725.267 147.821
723.353 156.923
721.324 166
719.181 175.051
716.924 184.075
714.555 193.069
712.072 202.033
709.477 210.965
706.77 219.864
703.951 228.728
701.022 237.556
697.981 246.346
694.83 255.097
691.57 263.808
688.2 272.478
684.722 281.104
681.136 289.686
677.442 298.223
673.641 306.712
669.733 315.153
665.72 323.544
661.602 331.884
657.379 340.171
653.053 348.405
648.623 356.584
644.091 364.706
639.457 372.771
634.723 380.777
629.888 388.723
624.953 396.607
619.92 404.429
614.789 412.187
609.561 419.88
604.237 427.507
598.817 435.066
593.303 442.556
587.694 449.977
581.994 457.326
576.201 464.604
570.317 471.807
564.343 478.937
558.281 485.991
552.129 492.968
545.891 499.867
539.567 506.687
533.157 513.427
526.663 520.086
520.086 526.663
513.427 533.157
506.687 539.567
499.867 545.891
492.968 552.129
485.991 558.281
478.937 564.343
471.807 570.317
464.604 576.201
457.326 581.994
449.977 587.694
442.556 593.303
435.066 598.817
427.507 604.237
419.88 609.561
412.187 614.789
404.429 619.92
396.607 624.953
388.723 629.888
380.777 634.723
372.771 639.457
364.706 644.091
356.584 648.623
348.405 653.053
340.171 657.379
331.884 661.602
323.544 665.72
315.153 669.733
306.712 673.641
298.223 677.442
289.686 681.136
281.104 684.722
272.478 688.2
263.808 691.57
255.097 694.83
246.346 697.981
237.556 701.022
228.728 703.951
219.864 706.77
210.965 709.477
202.033 712.072
193.069 714.555
184.075 716.924
175.051 719.181
166 721.324
156.923 723.353
147.821 725.267
138.696 727.068
129.548 728.753
120.381 730.324
111.194 731.779
101.989 733.118
92.7689 734.342
83.5339 735.45
74.2856 736.441
65.0256 737.317
55.7553 738.075
46.4762 738.718
37.1898 739.243
27.8975 739.652
18.6008 739.945
9.30111 740.12
4.53333e-14 740.178
-9.30111 740.12
-18.6008 739.945
-27.8975 739.652
-37.1898 739.243
-46.4762 738.718
-55.7553 738.075
-65.0256 737.317
-74.2856 736.441
-83.5339 735.45
-92.7689 734.342
-101.989 733.118
-111.194 731.779
-120.381 730.324
-129.548 728.753
-138.696 727.068
-147.821 725.267
-156.923 723.353
-166 721.324
-175.051 719.181
-184.075 716.924
-193.069 714.555
-202.033 712.072
-210.965 709.477
-219.864 706.77
-228.728 703.951
-237.556 701.022
-246.346 697.981
-255.097 694.83
-263.808 691.57
-272.478 688.2
-281.104 684.722
-289.686 681.136
-298.223 677.442
-306.712 673.641
-315.153 669.733
-323.544 665.72
-331.884 661.602
-340.171 657.379
-348.405 653.053
-356.584 648.623
-364.706 644.091
-372.771 639.457
-380.777 634.723
-388.723 629.888
-396.607 624.953
-404.429 619.92
-412.187 614.789
-419.88 609.561
-427.507 604.237
-435.066 598.817
-442.556 593.303
-449.977 587.694
-457.326 581.994
-464.604 576.201
-471.807 570.317
-478.937 564.343
-485.991 558.281
-492.968 552.129
-499.867 545.891
-506.687 539.567
-513.427 533.157
-520.086 526.663
-526.663 520.086
-533.157 513.427
-539.567 506.687
-545.891 499.867
-552.129 492.968
-558.281 485.991
-564.343 478.937
-570.317 471.807
-576.201 464.604
-581.994 457.326
-587.694 449.977
-593.303 442.556
-598.817 435.066
-604.237 427.507
-609.561 419.88
-614.789 412.187
-619.92 404.429
-624.953 396.607
-629.888 388.723
-634.723 380.777
-639.457 372.771
-644.091 364.706
-648.623 356.584
-653.053 348.405
-657.379 340.171
-661.602 331.884
-665.72 323.544
-669.733 315.153
-673.641 306.712
-677.442 298.223
-681.136 289.686
-684.722 281.104
-688.2 272.478
-691.57 263.808
-694.83 255.097
-697.981 246.346
-701.022 237.556
-703.951 228.728
-706.77 219.864
-709.477 210.965
-712.072 202.033
-714.555 193.069
-716.924 184.075
-719.181 175.051
-721.324 166
-723.353 156.923
-725.267 147.821
-727.068 138.696
-728.753 129.548
-730.324 120.381
-731.779 111.194
-733.118 101.989
-734.342 92.7689
-735.45 83.5339
-736.441 74.2856
-737.317 65.0256
-738.075 55.7553
-738.718 46.4762
-739.243 37.1898
-739.652 27.8975
-739.945 18.6008
-740.12 9.30111
-740.178 9.0209e-14
-740.12 -9.30111
-739.945 -18.6008
-739.652 -27.8975
-739.243 -37.1898
-738.718 -46.4762
-738.075 -55.7553
-737.317 -65.0256
-736.441 -74.2856
-735.45 -83.5339
-734.342 -92.7689
-733.118 -101.989
-731.779 -111.194
-730.324 -120.381
-728.753 -129.548
-727.068 -138.696
-725.267 -147.821
-723.353 -156.923
-721.324 -166
-719.181 -175.051
-716.924 -184.075
-714.555 -193.069
-712.072 -202.033
-709.477 -210.965
-706.77 -219.864
-703.951 -228.728
-701.022 -237.556
-697.981 -246.346
-694.83 -255.097
-691.57 -263.808
-688.2 -272.478
-684.722 -281.104
-681.136 -289.686
-677.442 -298.223
-673.641 -306.712
-669.733 -315.153
-665.72 -323.544
-661.602 -331.884
-657.379 -340.171
-653.053 -348.405
-648.623 -356.584
-644.091 -364.706
-639.457 -372.771
-634.723 -380.777
-629.888 -388.723
-624.953 -396.607
-619.92 -404.429
-614.789 -412.187
-609.561 -419.88
-604.237 -427.507
-598.817 -435.066
-593.303 -442.556
-587.694 -449.977
-581.994 -457.326
-576.201 -464.604
-570.317 -471.807
-564.343 -478.937
-558.281 -485.991
-552.129 -492.968
-545.891 -499.867
-539.567 -506.687
-533.157 -513.427
-526.663 -520.086
-520.086 -526.663
-513.427 -533.157
-506.687 -539.567
-499.867 -545.891
-492.968 -552.129
-485.991 -558.281
-478.937 -564.343
-471.807 -570.317
-464.604 -576.201
-457.326 -581.994
-449.977 -587.694
-442.556 -593.303
-435.066 -598.817
-427.507 -604.237
-419.88 -609.561
-412.187 -614.789
-404.429 -619.92
-396.607 -624.953
-388.723 -629.888
-380.777 -634.723
-372.771 -639.457
-364.706 -644.091
-356.584 -648.623
-348.405 -653.053
-340.171 -657.379
-331.884 -661.602
-323.544 -665.72
-315.153 -669.733
-306.712 -673.641
-298.223 -677.442
-289.686 -681.136
-281.104 -684.722
-272.478 -688.2
-263.808 -691.57
-255.097 -694.83
-246.346 -697.981
-237.556 -701.022
-228.728 -703.951
-219.864 -706.77
-210.965 -709.477
-202.033 -712.072
-193.069 -714.555
-184.075 -716.924
-175.051 -719.181
-166 -721.324
-156.923 -723.353
-147.821 -725.267
-138.696 -727.068
-129.548 -728.753
-120.381 -730.324
-111.194 -731.779
-101.989 -733.118
-92.7689 -734.342
-83.5339 -735.45
-74.2856 -736.441
-65.0256 -737.317
-55.7553 -738.075
-46.4762 -738.718
-37.1898 -739.243
-27.8975 -739.652
-18.6008 -739.945
-9.30111 -740.12
-1.39908e-13 -740.178
9.30111 -740.12
18.6008 -739.945
27.8975 -739.652
37.1898 -739.243
46.4762 -738.718
55.7553 -738.075
65.0256 -737.317
74.2856 -736.441
83.5339 -735.45
92.7689 -734.342
101.989 -733.118
111.194 -731.779
120.381 -730.324
129.548 -728.753
138.696 -727.068
147.821 -725.267
156.923 -723.353
166 -721.324
175.051 -719.181
184.075 -716.924
193.069 -714.555
202.033 -712.072
210.965 -709.477
219.864 -706.77
228.728 -703.951
237.556 -701.022
246.346 -697.981
255.097 -694.83
263.808 -691.57
272.478 -688.2
281.104 -684.722
289.686 -681.136
298.223 -677.442
306.712 -673.641
315.153 -669.733
323.544 -665.72
331.884 -661.602
340.171 -657.379
348.405 -653.053
356.584 -648.623
364.706 -644.091
372.771 -639.457
380.777 -634.723
388.723 -629.888
396.607 -624.953
404.429 -619.92
412.187 -614.789
419.88 -609.561
427.507 -604.237
435.066 -598.817
442.556 -593.303
449.977 -587.694
457.326 -581.994
464.604 -576.201
471.807 -570.317
478.937 -564.343
485.991 -558.281
492.968 -552.129
499.867 -545.891
506.687 -539.567
513.427 -533.157
520.086 -526.663
526.663 -520.086
533.157 -513.427
539.567 -506.687
545.891 -499.867
552.129 -492.968
558.281 -485.991
564.343 -478.937
570.317 -471.807
576.201 -464.604
581.994 -457.326
587.694 -449.977
593.303 -442.556
598.817 -435.066
604.237 -427.507
609.561 -419.88
614.789 -412.187
619.92 -404.429
624.953 -396.607
629.888 -388.723
634.723 -380.777
639.457 -372.771
644.091 -364.706
648.623 -356.584
653.053 -348.405
657.379 -340.171
661.602 -331.884
665.72 -323.544
669.733 -315.153
673.641 -306.712
677.442 -298.223
681.136 -289.686
684.722 -281.104
688.2 -272.478
691.57 -263.808
694.83 -255.097
697.981 -246.346
701.022 -237.556
703.951 -228.728
706.77 -219.864
709.477 -210.965
712.072 -202.033
714.555 -193.069
716.924 -184.075
719.181 -175.051
721.324 -166
723.353 -156.923
725.267 -147.821
727.068 -138.696
728.753 -129.548
730.324 -120.381
731.779 -111.194
733.118 -101.989
734.342 -92.7689
735.45 -83.5339
736.441 -74.2856
737.317 -65.0256
738.075 -55.7553
738.718 -46.4762
739.243 -37.1898
739.652 -27.8975
739.945 -18.6008
740.12 -9.30111
