739.178 3.05192e-15
739.12 9.28854
738.945 18.5756
738.653 27.8598
738.245 37.1395
737.72 46.4134
737.078 55.6799
736.32 64.9377
735.446 74.1852
734.456 83.421
733.35 92.6436
732.128 101.852
730.79 111.044
729.337 120.218
727.769 129.373
726.085 138.508
724.288 147.621
722.375 156.711
720.349 165.776
718.209 174.815
715.956 183.826
713.589 192.808
711.11 201.76
708.519 210.68
705.815 219.567
703 228.419
700.075 237.235
697.038 246.013
693.892 254.753
690.636 263.452
687.271 272.11
683.797 280.724
680.215 289.295
676.526 297.82
672.731 306.297
668.829 314.727
664.821 323.107
660.708 331.435
656.491 339.711
652.171 347.934
647.747 356.102
643.221 364.213
638.593 372.267
633.865 380.263
629.037 388.198
624.109 396.072
619.083 403.883
613.959 411.63
608.737 419.313
603.42 426.929
598.008 434.478
592.501 441.958
586.901 449.369
581.207 456.708
575.422 463.976
569.547 471.17
563.581 478.29
557.526 485.334
551.384 492.302
545.154 499.191
538.838 506.002
532.437 512.734
525.952 519.384
519.384 525.952
512.734 532.437
506.002 538.838
499.191 545.154
492.302 551.384
485.334 557.526
478.29 563.581
471.17 569.547
463.976 575.422
456.708 581.207
449.369 586.901
441.958 592.501
434.478 598.008
426.929 603.42
419.313 608.737
411.63 613.959
403.883 619.083
396.072 624.109
388.198 629.037
380.263 633.865
372.267 638.593
364.213 643.221
356.102 647.747
347.934 652.171
339.711 656.491
331.435 660.708
323.107 664.821
314.727 668.829
306.297 672.731
297.82 676.526
289.295 680.215
280.724 683.797
272.11 687.271
263.452 690.636
254.753 693.892
246.013 697.038
237.235 700.075
228.419 703
219.567 705.815
210.68 708.519
201.76 711.11
192.808 713.589
183.826 715.956
174.815 718.209
165.776 720.349
156.711 722.375
147.621 724.288
138.508 726.085
129.373 727.769
120.218 729.337
111.044 730.79
101.852 732.128
92.6436 733.35
83.421 734.456
74.1852 735.446
64.9377 736.32
55.6799 737.078
46.4134 737.72
37.1395 738.245
27.8598 738.653
18.5756 738.945
9.28854 739.12
4.53248e-14 739.178
-9.28854 739.12
-18.5756 738.945
-27.8598 738.653
-37.1395 738.245
-46.4134 737.72
-55.6799 737.078
-64.9377 736.32
-74.1852 735.446
-83.421 734.456
-92.6436 733.35
-101.852 732.128
-111.044 730.79
-120.218 729.337
-129.373 727.769
-138.508 726.085
-147.621 724.288
-156.711 722.375
-165.776 720.349
-174.815 718.209
-183.826 715.956
-192.808 713.589
-201.76 711.11
-210.68 708.519
-219.567 705.815
-228.419 703
-237.235 700.075
-246.013 697.038
-254.753 693.892
-263.452 690.636
-272.11 687.271
-280.724 683.797
-289.295 680.215
-297.82 676.526
-306.297 672.731
-314.727 668.829
-323.107 664.821
-331.435 660.708
-339.711 656.491
-347.934 652.171
-356.102 647.747
-364.213 643.221
-372.267 638.593
-380.263 633.865
-388.198 629.037
-396.072 624.109
-403.883 619.083
-411.63 613.959
-419.313 608.737
-426.929 603.42
-434.478 598.008
-441.958 592.501
-449.369 586.901
-456.708 581.207
-463.976 575.422
-471.17 569.547
-478.29 563.581
-485.334 557.526
-492.302 551.384
-499.191 545.154
-506.002 538.838
-512.734 532.437
-519.384 525.952
-525.952 519.384
-532.437 512.734
-538.838 506.002
-545.154 499.191
-551.384 492.302
-557.526 485.334
-563.581 478.29
-569.547 471.17
-575.422 463.976
-581.207 456.708
-586.901 449.369
-592.501 441.958
-598.008 434.478
-603.42 426.929
-608.737 419.313
-613.959 411.63
-619.083 403.883
-624.109 396.072
-629.037 388.198
-633.865 380.263
-638.593 372.267
-643.221 364.213
-647.747 356.102
-652.171 347.934
-656.491 339.711
-660.708 331.435
-664.821 323.107
-668.829 314.727
-672.731 306.297
-676.526 297.82
-680.215 289.295
-683.797 280.724
-687.271 272.11
-690.636 263.452
-693.892 254.753
-697.038 246.013
-700.075 237.235
-703 228.419
-705.815 219.567
-708.519 210.68
-711.11 201.76
-713.589 192.808
-715.956 183.826
-718.209 174.815
-720.349 165.776
-722.375 156.711
-724.288 147.621
-726.085 138.508
-727.769 129.373
-729.337 120.218
-730.79 111.044
-732.128 101.852
-733.35 92.6436
-734.456 83.421
-735.446 74.1852
-736.32 64.9377
-737.078 55.6799
-737.72 46.4134
-738.245 37.1395
-738.653 27.8598
-738.945 18.5756
-739.12 9.28854
-739.178 9.01627e-14
-739.12 -9.28854
-738.945 -18.5756
-738.653 -27.8598
-738.245 -37.1395
-737.72 -46.4134
-737.078 -55.6799
-736.32 -64.9377
-735.446 -74.1852
-734.456 -83.421
-733.35 -92.6436
-732.128 -101.852
-730.79 -111.044
-729.337 -120.218
-727.769 -129.373
-726.085 -138.508
-724.288 -147.621
-722.375 -156.711
-720.349 -165.776
-718.209 -174.815
-715.956 -183.826
-713.589 -192.808
-711.11 -201.76
-708.519 -210.68
-705.815 -219.567
-703 -228.419
-700.075 -237.235
-697.038 -246.013
-693.892 -254.753
-690.636 -263.452
-687.271 -272.11
-683.797 -280.724
-680.215 -289.295
-676.526 -297.82
-672.731 -306.297
-668.829 -314.727
-664.821 -323.107
-660.708 -331.435
-656.491 -339.711
-652.171 -347.934
-647.747 -356.102
-643.221 -364.213
-638.593 -372.267
-633.865 -380.263
-629.037 -388.198
-624.109 -396.072
-619.083 -403.883
-613.959 -411.63
-608.737 -419.313
-603.42 -426.929
-598.008 -434.478
-592.501 -441.958
-586.901 -449.369
-581.207 -456.708
-575.422 -463.976
-569.547 -471.17
-563.581 -478.29
-557.526 -485.334
-551.384 -492.302
-545.154 -499.191
-538.838 -506.002
-532.437 -512.734
-525.952 -519.384
-519.384 -525.952
-512.734 -532.437
-506.002 -538.838
-499.191 -545.154
-492.302 -551.384
-485.334 -557.526
-478.29 -563.581
-471.17 -569.547
-463.976 -575.422
-456.708 -581.207
-449.369 -586.901
-441.958 -592.501
-434.478 -598.008
-426.929 -603.42
-419.313 -608.737
-411.63 -613.959
-403.883 -619.083
-396.072 -624.109
-388.198 -629.037
-380.263 -633.865
-372.267 -638.593
-364.213 -643.221
-356.102 -647.747
-347.934 -652.171
-339.711 -656.491
-331.435 -660.708
-323.107 -664.821
-314.727 -668.829
-306.297 -672.731
-297.82 -676.526
-289.295 -680.215
-280.724 -683.797
-272.11 -687.271
-263.452 -690.636
-254.753 -693.892
-246.013 -697.038
-237.235 -700.075
-228.419 -703
-219.567 -705.815
-210.68 -708.519
-201.76 -711.11
-192.808 -713.589
-183.826 -715.956
-174.815 -718.209
-165.776 -720.349
-156.711 -722.375
-147.621 -724.288
-138.508 -726.085
-129.373 -727.769
-120.218 -729.337
-111.044 -730.79
-101.852 -732.128
-92.6436 -733.35
-83.421 -734.456
-74.1852 -735.446
-64.9377 -736.32
-55.6799 -737.078
-46.4134 -737.72
-37.1395 -738.245
-27.8598 -738.653
-18.5756 -738.945
-9.28854 -739.12
-1.39801e-13 -739.178
9.28854 -739.12
18.5756 -738.945
27.8598 -738.653
37.1395 -738.245
46.4134 -737.72
55.6799 -737.078
64.9377 -736.32
74.1852 -735.446
83.421 -734.456
92.6436 -733.35
101.852 -732.128
111.044 -730.79
120.218 -729.337
129.373 -727.769
138.508 -726.085
147.621 -724.288
156.711 -722.375
165.776 -720.349
174.815 -718.209
183.826 -715.956
192.808 -713.589
201.76 -711.11
210.68 -708.519
219.567 -705.815
228.419 -703
237.235 -700.075
246.013 -697.038
254.753 -693.892
263.452 -690.636
272.11 -687.271
280.724 -683.797
289.295 -680.215
297.82 -676.526
306.297 -672.731
314.727 -668.829
323.107 -664.821
331.435 -660.708
339.711 -656.491
347.934 -652.171
356.102 -647.747
364.213 -643.221
372.267 -638.593
380.263 -633.865
388.198 -629.037
396.072 -624.109
403.883 -619.083
411.63 -613.959
419.313 -608.737
426.929 -603.42
434.478 -598.008
441.958 -592.501
449.369 -586.901
456.708 -581.207
463.976 -575.422
471.17 -569.547
478.29 -563.581
485.334 -557.526
492.302 -551.384
499.191 -545.154
506.002 -538.838
512.734 -532.437
519.384 -525.952
525.952 -519.384
532.437 -512.734
538.838 -506.002
545.154 -499.191
551.384 -492.302
557.526 -485.334
563.581 -478.29
569.547 -471.17
575.422 -463.976
581.207 -456.708
586.901 -449.369
592.501 -441.958
598.008 -434.478
603.42 -426.929
608.737 -419.313
613.959 -411.63
619.083 -403.883
624.109 -396.072
629.037 -388.198
633.865 -380.263
638.593 -372.267
643.221 -364.213
647.747 -356.102
652.171 -347.934
656.491 -339.711
660.708 -331.435
664.821 -323.107
668.829 -314.727
672.731 -306.297
676.526 -297.82
680.215 -289.295
683.797 -280.724
687.271 -272.11
690.636 -263.452
693.892 -254.753
697.038 -246.013
700.075 -237.235
703 -228.419
705.815 -219.567
708.519 -210.68
711.11 -201.76
713.589 -192.808
715.956 -183.826
718.209 -174.815
720.349 -165.776
722.375 -156.711
724.288 -147.621
726.085 -138.508
727.769 -129.373
729.337 -120.218
730.79 -111.044
732.128 -101.852
733.35 -92.6436
734.456 -83.421
735.446 -74.1852
736.32 -64.9377
737.078 -55.6799
737.72 -46.4134
738.245 -37.1395
738.653 -27.8598
738.945 -18.5756
739.12 -9.28854
