738.629 7.21014
738.453 16.2449
738.135 24.9051
737.674 32.6618
737.2 41.7554
736.616 50.9246
735.917 59.9006
735.112 68.7695
734.224 77.1451
733.188 86.5183
732.189 94.0044
731.02 102.606
729.794 110.94
728.483 119.285
726.983 128.139
725.643 135.798
723.907 144.794
722.266 153.022
720.39 161.739
718.323 170.707
716.67 178.147
714.356 187.188
712.41 195.008
709.97 203.789
707.725 211.887
699.98 236.625
697.112 244.532
694.092 252.759
690.967 261.007
687.786 269.069
684.371 277.618
681.444 284.209
677.824 292.733
674.016 301.443
670.522 308.969
666.865 316.689
663.138 324.35
659.566 331.489
655.308 339.83
651.661 346.776
647.436 354.616
643.316 362.079
639.237 369.319
634.78 376.975
630.109 384.756
625.811 391.847
620.867 399.642
616.401 406.66
611.796 413.723
607.161 420.699
601.679 428.453
596.835 435.374
591.82 442.348
575.99 462.593
570.28 469.55
564.957 475.709
559.197 482.385
554.18 487.878
547.623 495.303
542.045 501.275
535.682 508.073
530.114 513.773
524.286 519.67
518.207 525.714
511.437 532.305
505.992 537.486
498.664 544.281
492.346 550.014
486.419 555.315
480.218 560.756
473.206 566.693
466.928 571.978
459.26 578.1
453.107 583.083
445.762 588.721
439.03 593.865
431.919 599.121
424.639 604.352
406.358 616.65
399.248 621.173
391.629 625.975
384.584 630.231
377.09 634.702
369.994 638.805
361.732 643.53
353.847 647.886
346.448 651.843
338.921 655.776
331.476 659.572
322.481 664.014
315.475 667.387
307.463 671.13
299.65 674.684
291.474 678.274
283.51 681.679
275.748 684.922
267.463 688.231
258.429 691.641
250.609 694.598
229.212 702.375
221.159 704.816
212.881 707.269
203.802 709.964
195.678 712.134
188.338 713.935
178.835 716.424
170.642 718.344
161.827 720.363
151.836 722.615
145.185 723.81
136.104 725.571
127.646 727.082
119.608 728.426
110.855 729.807
102.093 731.086
94.1184 732.178
85.1224 733.285
76.6663 734.249
68.0422 735.131
59.7638 735.917
51.0395 736.617
42.2746 737.217
33.8037 737.737
24.6736 738.115
16.2784 738.456
6.85608 738.585
-2.0157 738.669
-10.7963 738.664
-36.6399 737.994
-44.8957 737.38
-53.4883 736.713
-63.0454 735.998
-71.123 735.112
-79.4513 734.16
-88.6941 733.104
-96.5614 731.99
-104.981 730.777
-112.403 729.592
-122.898 727.954
-130.862 726.513
-138.48 725.073
-147.365 723.319
-155.485 721.628
-164.39 719.655
-172.509 717.782
-180.828 715.766
-189.29 713.607
-197.402 711.472
-206.733 708.783
-214.886 706.42
-223.547 703.747
-230.932 701.533
-239.639 698.619
-248.978 695.267
-256.238 692.843
-265.112 689.465
-285.853 680.929
-294.199 677.342
-301.157 674.118
-310.247 670.044
-318.205 666.258
-326.09 662.394
-333.381 658.681
-341.122 654.678
-348.922 650.537
-356.798 646.241
-364.092 642.142
-372.02 637.581
-378.866 633.548
-387.216 628.47
-393.766 624.434
-401.294 619.64
-408.197 615.187
-415.091 610.65
-422.947 605.207
-429.841 600.427
-437.296 595.028
-443.832 590.34
-462.728 575.912
-469.407 570.369
-476.006 564.764
-482.503 559.117
-488.957 553.388
-495.373 547.572
-501.732 541.681
-508.026 535.721
-514.23 529.714
-520.337 523.669
-526.371 517.568
-532.316 511.427
-538.196 505.225
-544.001 498.975
-549.768 492.633
-555.444 486.259
-561.067 479.811
-566.622 473.304
-572.122 466.72
-577.555 460.075
-582.916 453.374
-588.227 446.584
-593.46 439.746
-598.651 432.793
-603.781 425.753
-617.951 404.844
-623.18 396.828
-627.369 389.859
-632.372 381.753
-636.693 374.326
-640.722 367.15
-645.09 359.349
-649.324 351.56
-653.309 343.975
-656.827 337.01
-660.543 329.584
-664.505 321.504
-668.361 313.394
-672.076 305.331
-675.644 297.344
-678.894 289.871
-682.114 282.292
-685.733 273.346
-688.557 266.39
-691.898 257.558
-694.661 250.367
-697.635 242.104
-700.741 232.797
-703.392 225.009
-705.898 217.67
-708.537 209.063
-711.097 200.224
-713.513 191.657
-719.979 166.174
-721.819 157.599
-723.502 149.168
-724.993 141.038
-726.912 131.275
-728.481 122.206
-729.619 114.238
-730.672 106.379
-732.043 96.7796
-733.059 88.2545
-733.964 79.8376
-734.751 71.6396
-735.624 62.1669
-736.209 54.1604
-736.818 45.0545
-737.261 36.8104
-737.632 28.5188
-737.928 20.2453
-738.13 11.2772
-738.265 3.15503
-738.274 -5.72795
-738.148 -14.9503
-737.835 -24.9431
-737.695 -32.2454
-737.434 -40.2377
-736.9 -49.34
-736.135 -59.0459
-735.693 -66.6591
-734.984 -75.1664
-734.212 -83.5804
-733.285 -92.2176
-729.15 -118.76
-727.596 -128.064
-725.974 -136.214
-724.251 -144.691
-722.381 -153.727
-720.556 -161.38
-718.563 -169.799
-716.411 -178.588
-714.075 -187.771
-711.928 -195.415
-709.769 -202.892
-706.949 -212.611
-704.541 -220.336
-701.718 -229.167
-699.281 -236.468
-696.273 -245.186
-693.453 -253.098
-690.245 -261.723
-687.789 -268.397
-683.932 -277.922
-680.677 -285.899
-677.269 -293.966
-674.203 -301.223
-669.995 -310.31
-667.125 -316.933
-662.494 -326.221
-659.764 -332.414
-655.108 -341.274
-651.246 -348.83
-639.486 -369.511
-635.028 -376.992
-630.515 -384.367
-625.935 -391.666
-621.275 -398.919
-616.731 -405.789
-612.073 -412.706
-606.882 -420.298
-602.303 -426.782
-597.027 -434.128
-591.909 -441.083
-586.587 -448.144
-581.428 -454.846
-575.879 -461.868
-570.665 -468.362
-564.928 -475.291
-559.016 -482.244
-553.547 -488.606
-548.012 -494.92
-541.68 -501.83
-536.048 -507.981
-522.745 -521.373
-515.889 -528.198
-510.368 -533.394
-503.36 -540.037
-497.719 -545.16
-489.923 -552.23
-483.753 -557.594
-477.414 -563.013
-470.718 -568.624
-463.939 -574.174
-456.257 -580.291
-450.184 -585.051
-443.686 -590.052
-436.724 -595.266
-430.079 -600.176
-422.447 -605.566
-404.521 -618.238
-397.051 -622.984
-389.675 -627.52
-382.026 -632.153
-374.858 -636.291
-367.112 -640.749
-359.663 -644.875
-352.076 -648.987
-344.658 -652.888
-336.811 -656.943
-328.919 -660.905
-321.318 -664.601
-314.144 -667.998
-305.756 -671.879
-297.991 -675.362
-290.147 -678.784
-282.294 -682.113
-274.066 -685.478
-266.457 -688.536
-258.153 -691.721
-250.458 -694.637
-242.072 -697.642
-233.976 -700.478
-225.765 -703.245
-217.419 -705.94
-209.447 -708.484
-201.067 -710.995
-176.917 -717.134
-169.001 -718.896
-159.563 -721.097
-151.581 -722.694
-143.634 -724.214
-134.605 -725.94
-126.167 -727.407
-117.041 -728.93
-110.004 -729.944
-100.216 -731.366
-91.1069 -732.554
-83.0898 -733.488
-73.8664 -734.474
-65.6837 -735.257
-57.3204 -735.977
-48.9085 -736.618
-40.2256 -737.174
-31.8698 -737.643
-22.3475 -737.975
-13.5166 -738.223
-4.83242 -738.381
4.15209 -738.412
12.5018 -738.416
21.3865 -738.258
44.4484 -737.344
53.5747 -736.719
61.3782 -735.934
71.0164 -735.111
79.7876 -734.159
88.3638 -733.112
96.5289 -731.993
105.401 -730.745
112.569 -729.572
122.119 -728.049
131.557 -726.415
137.893 -725.187
147.213 -723.351
156.093 -721.488
164.544 -719.616
172.828 -717.693
181.407 -715.589
190.115 -713.339
198.248 -711.171
207.061 -708.663
215.062 -706.35
223.314 -703.846
231.806 -701.133
239.512 -698.682
248.278 -695.614
256.425 -692.743
278.384 -684.164
287.238 -680.536
295.355 -676.991
302.999 -673.49
310.461 -669.967
317.911 -666.372
326.511 -662.224
333.555 -658.604
341.454 -654.523
349.064 -650.466
356.507 -646.393
363.458 -642.501
371.579 -637.838
378.03 -634.08
385.992 -629.263
393.604 -624.546
400.777 -620.015
407.673 -615.591
415.613 -610.231
422.657 -605.449
429.887 -600.388
436.68 -595.589
443.448 -590.712
450.647 -585.283
468.26 -571.092
474.265 -565.936
480.989 -560.185
487.98 -554.104
494.855 -547.966
501.396 -541.947
507.167 -536.446
514.074 -529.849
520.405 -523.606
525.987 -517.938
531.862 -511.89
537.768 -505.684
543.142 -499.954
550.307 -492.01
555.384 -486.333
561.003 -479.893
567.004 -472.786
572.475 -466.216
577.577 -460.042
583.098 -453.086
588.543 -446.056
593.903 -438.965
606.913 -420.972
611.362 -414.231
616.196 -406.912
621.447 -398.902
625.696 -392.002
630.236 -384.577
634.955 -376.72
639.215 -369.353
643.497 -361.786
647.753 -354.073
651.517 -347.04
655.309 -339.828
659.357 -331.92
663.436 -323.694
667.224 -315.847
670.613 -308.737
674.33 -300.576
677.696 -293.112
681.377 -284.413
684.717 -276.417
688.392 -266.924
691.036 -260.718
694.285 -251.893
702.173 -229.611
704.893 -220.996
707.377 -212.641
709.628 -204.591
711.936 -196.179
714.156 -187.726
716.308 -179.17
718.309 -170.753
720.132 -162.617
722.032 -153.875
723.736 -145.492
725.349 -137.103
726.876 -128.694
728.313 -120.285
729.662 -111.868
730.966 -103.064
732.107 -94.8982
733.21 -86.1623
734.182 -78.2677
735.102 -69.4789
735.921 -60.6848
736.657 -52.3811
737.281 -43.5425
737.813 -34.82
738.295 -26.5259
738.648 -17.8425
