737.637 7.33459
737.458 16.3517
737.138 24.9877
736.675 32.7042
736.2 41.7811
735.616 50.9349
734.917 59.8918
734.112 68.7416
733.225 77.0976
732.19 86.4532
731.194 93.9124
730.027 102.491
728.805 110.798
727.497 119.116
726 127.952
724.669 135.573
722.936 144.555
721.302 152.757
719.431 161.455
717.368 170.41
715.728 177.81
713.416 186.847
711.482 194.633
709.049 203.399
706.816 211.47
698.994 236.454
696.131 244.339
693.118 252.536
689.997 260.763
686.819 268.816
683.409 277.345
680.494 283.896
676.879 292.407
673.075 301.103
669.592 308.601
665.945 316.297
662.228 323.935
658.667 331.05
654.418 339.374
650.781 346.301
646.573 354.11
642.467 361.552
638.399 368.773
633.953 376.414
629.291 384.181
625.01 391.248
620.074 399.032
615.626 406.027
611.04 413.069
606.423 420.023
600.938 427.781
596.115 434.68
591.12 441.634
575.127 462.088
569.426 469.03
564.121 475.161
558.372 481.82
553.381 487.277
546.83 494.695
541.266 500.648
534.91 507.436
529.366 513.109
523.558 518.985
517.496 525.01
510.733 531.595
505.319 536.746
497.997 543.537
491.692 549.258
485.792 554.536
479.615 559.959
472.614 565.887
466.361 571.154
458.696 577.274
452.574 582.237
445.239 587.868
438.531 592.998
431.439 598.244
424.175 603.465
405.718 615.881
398.63 620.387
391.026 625.178
384.006 629.415
376.531 633.873
369.461 637.958
361.206 642.68
353.336 647.027
345.954 650.974
338.45 654.894
331.03 658.677
322.041 663.116
315.07 666.473
307.076 670.207
299.286 673.752
291.127 677.336
283.185 680.734
275.449 683.968
267.182 687.272
258.153 690.68
250.361 693.63
228.757 701.484
220.732 703.912
212.478 706.354
203.41 709.044
195.306 711.206
187.999 712.994
178.506 715.479
170.331 717.394
161.532 719.408
151.544 721.658
144.941 722.84
135.879 724.597
127.445 726.102
119.431 727.442
110.697 728.82
101.954 730.095
94.0133 731.184
85.041 732.288
76.6028 733.251
68.0094 734.132
59.753 734.917
51.0502 735.617
42.3137 736.218
33.8694 736.739
24.7539 737.118
16.3869 737.462
6.96673 737.591
-1.88307 737.678
-10.6483 737.675
-36.7438 737
-44.9669 736.383
-53.541 735.714
-63.0987 734.999
-71.1433 734.112
-79.4361 733.16
-88.6671 732.104
-96.4986 730.992
-104.899 729.78
-112.287 728.599
-122.778 726.961
-130.709 725.525
-138.296 724.09
-147.165 722.34
-155.255 720.654
-164.146 718.685
-172.229 716.822
-180.539 714.808
-188.974 712.659
-197.059 710.533
-206.378 707.848
-214.506 705.495
-223.152 702.828
-230.509 700.627
-239.202 697.72
-248.546 694.365
-255.774 691.957
-264.638 688.585
-285.569 679.97
-293.899 676.388
-300.818 673.177
-309.907 669.103
-317.846 665.325
-325.712 661.468
-332.974 657.768
-340.695 653.774
-348.476 649.642
-356.337 645.353
-363.606 641.269
-371.521 636.715
-378.336 632.7
-386.683 627.624
-393.199 623.61
-400.712 618.827
-407.59 614.392
-414.46 609.874
-422.309 604.437
-429.182 599.675
-436.626 594.286
-443.135 589.622
-462.217 575.052
-468.876 569.521
-475.456 563.929
-481.932 558.296
-488.372 552.576
-494.774 546.77
-501.114 540.895
-507.388 534.951
-513.573 528.959
-519.661 522.931
-525.677 516.847
-531.604 510.724
-537.467 504.541
-543.255 498.309
-549.005 491.986
-554.666 485.632
-560.273 479.203
-565.813 472.716
-571.299 466.152
-576.718 459.528
-582.066 452.848
-587.364 446.079
-592.585 439.261
-597.765 432.329
-602.884 425.31
-617.199 404.185
-622.412 396.188
-626.589 389.234
-631.586 381.134
-635.897 373.721
-639.903 366.576
-644.261 358.791
-648.484 351.018
-652.459 343.447
-655.965 336.502
-659.666 329.104
-663.619 321.04
-667.463 312.953
-671.169 304.909
-674.731 296.935
-677.969 289.491
-681.175 281.948
-684.792 273.008
-687.603 266.093
-690.941 257.27
-693.695 250.111
-696.661 241.874
-699.767 232.571
-702.412 224.813
-704.912 217.506
-707.547 208.916
-710.106 200.091
-712.519 191.551
-719.047 165.812
-720.881 157.252
-722.558 148.839
-724.043 140.725
-725.96 130.97
-727.524 121.914
-728.653 113.98
-729.698 106.15
-731.067 96.5626
-732.078 88.0614
-732.977 79.6712
-733.76 71.5036
-734.633 62.0388
-735.213 54.0666
-735.821 44.9757
-736.262 36.7617
-736.632 28.4999
-736.928 20.2562
-737.13 11.2975
-737.266 3.20098
-737.276 -5.66081
-737.152 -14.8679
-736.838 -24.8595
-736.703 -32.1136
-736.448 -40.0699
-735.917 -49.156
-735.151 -58.8637
-734.717 -66.4426
-734.013 -74.9249
-733.249 -83.3123
-732.328 -91.9272
-728.15 -118.744
-726.596 -128.037
-724.976 -136.158
-723.254 -144.611
-721.385 -153.634
-719.565 -161.25
-717.575 -169.646
-715.425 -178.419
-713.091 -187.593
-710.951 -195.202
-708.801 -202.641
-705.981 -212.363
-703.581 -220.055
-700.761 -228.875
-698.335 -236.144
-695.329 -244.856
-692.519 -252.738
-689.318 -261.349
-686.883 -267.974
-683.028 -277.495
-679.777 -285.463
-676.379 -293.511
-673.326 -300.742
-669.126 -309.815
-666.272 -316.409
-661.642 -325.698
-658.94 -331.849
-654.283 -340.709
-650.437 -348.243
-638.567 -369.117
-634.118 -376.577
-629.615 -383.93
-625.046 -391.208
-620.398 -398.439
-615.869 -405.282
-611.226 -412.175
-606.042 -419.755
-601.483 -426.21
-596.213 -433.548
-591.104 -440.488
-585.795 -447.532
-580.654 -454.213
-575.117 -461.22
-569.923 -467.691
-564.199 -474.607
-558.298 -481.548
-552.849 -487.89
-547.336 -494.183
-541.007 -501.09
-535.392 -507.227
-521.99 -520.718
-515.143 -527.532
-509.646 -532.702
-502.641 -539.341
-497.031 -544.435
-489.233 -551.506
-483.08 -556.854
-476.763 -562.255
-470.084 -567.85
-463.322 -573.387
-455.641 -579.503
-449.6 -584.239
-443.129 -589.222
-436.185 -594.423
-429.56 -599.321
-421.931 -604.709
-403.852 -617.495
-396.398 -622.227
-389.04 -626.747
-381.412 -631.365
-374.261 -635.488
-366.537 -639.931
-359.102 -644.047
-351.536 -648.146
-344.142 -652.031
-336.32 -656.071
-328.448 -660.024
-320.872 -663.706
-313.717 -667.094
-305.334 -670.972
-297.593 -674.445
-289.78 -677.854
-281.943 -681.177
-273.733 -684.535
-266.154 -687.583
-257.868 -690.763
-250.203 -693.671
-241.835 -696.671
-233.764 -699.501
-225.568 -702.264
-217.245 -704.956
-209.303 -707.494
-200.946 -710.002
-176.564 -716.198
-168.679 -717.949
-159.246 -720.149
-151.295 -721.735
-143.373 -723.248
-134.364 -724.969
-125.951 -726.431
-116.837 -727.951
-109.835 -728.958
-100.064 -730.378
-90.9688 -731.564
-82.9863 -732.494
-73.7763 -733.478
-65.6259 -734.259
-57.2843 -734.978
-48.8927 -735.618
-40.2321 -736.174
-31.8965 -736.643
-22.375 -736.975
-13.5658 -737.224
-4.90569 -737.384
4.06061 -737.417
12.3804 -737.423
21.2456 -737.268
44.5146 -736.346
53.626 -735.72
61.3916 -734.934
71.0245 -734.111
79.7753 -733.159
88.3278 -732.112
96.462 -730.995
105.315 -729.748
112.436 -728.581
121.979 -727.059
131.409 -725.426
137.691 -724.207
147.01 -722.372
155.874 -720.512
164.303 -718.646
172.561 -716.729
181.129 -714.629
189.826 -712.382
197.932 -710.223
206.73 -707.72
214.702 -705.417
222.931 -702.922
231.405 -700.217
239.081 -697.78
247.836 -694.717
255.96 -691.857
278.117 -683.201
286.971 -679.572
295.07 -676.033
302.687 -672.54
310.12 -669.028
317.549 -665.44
326.134 -661.298
333.153 -657.689
341.026 -653.618
348.616 -649.573
356.035 -645.512
362.962 -641.633
371.074 -636.975
377.486 -633.24
385.433 -628.435
393.03 -623.727
400.188 -619.207
407.07 -614.793
414.997 -609.444
422.019 -604.678
429.233 -599.631
436.004 -594.853
442.751 -589.995
449.937 -584.579
467.709 -570.257
473.689 -565.118
480.389 -559.385
487.368 -553.313
494.238 -547.178
500.771 -541.167
506.514 -535.688
513.416 -529.096
519.733 -522.866
525.289 -517.222
531.145 -511.193
537.033 -505.006
542.383 -499.304
549.55 -491.356
554.606 -485.705
560.209 -479.285
566.204 -472.187
571.664 -465.631
576.749 -459.48
582.259 -452.542
587.692 -445.529
593.042 -438.456
606.169 -420.304
610.595 -413.59
615.416 -406.287
620.661 -398.283
624.889 -391.411
629.416 -384.005
634.13 -376.154
638.38 -368.803
642.65 -361.254
646.891 -353.565
650.641 -346.557
654.419 -339.373
658.458 -331.482
662.531 -323.268
666.31 -315.442
669.684 -308.365
673.395 -300.222
676.75 -292.787
680.428 -284.097
683.761 -276.123
687.435 -266.635
690.066 -260.476
693.313 -251.661
701.279 -229.163
703.991 -220.565
706.465 -212.231
708.704 -204.209
711.003 -195.818
713.215 -187.386
715.36 -178.85
717.354 -170.457
719.168 -162.351
721.065 -153.62
722.765 -145.253
724.372 -136.889
725.895 -128.504
727.327 -120.121
728.672 -111.729
729.973 -102.944
731.111 -94.8082
732.212 -86.0931
733.183 -78.2339
734.102 -69.4655
734.921 -60.6916
735.658 -52.4171
736.283 -43.5983
736.816 -34.898
737.301 -26.6338
737.656 -17.9734
