790.229 0.778416
790.154 10.6805
789.951 20.5482
789.62 30.3038
789.176 40.1999
788.608 50.1056
787.916 59.973
787.101 69.8274
786.165 79.6203
785.101 89.5151
783.93 99.1879
782.63 108.967
781.211 118.705
779.673 128.426
778.003 138.185
776.241 147.793
774.324 157.527
772.309 167.154
770.158 176.811
767.876 186.473
765.531 195.937
763.008 205.544
760.418 214.985
757.666 224.501
754.822 233.926
751.285 245.091
748.163 254.419
744.919 263.74
741.559 273.024
738.087 282.253
734.483 291.502
730.829 300.49
726.995 309.651
723.036 318.792
719.01 327.754
714.864 336.691
710.608 345.577
706.269 354.354
701.754 363.214
697.206 371.868
692.496 380.569
687.699 389.174
682.81 397.698
677.783 406.212
672.634 414.683
667.433 423.017
662.065 431.37
656.654 439.579
651.138 447.726
645.527 455.798
639.737 463.886
633.933 471.811
628.021 479.675
620.851 488.889
614.674 496.628
608.446 504.216
602.088 511.784
595.728 519.147
589.113 526.65
582.519 533.921
575.765 541.198
569.006 548.29
562.142 555.321
555.17 562.289
548.045 569.236
540.986 575.949
533.65 582.752
526.343 589.361
519.003 595.84
511.555 602.253
503.958 608.625
496.364 614.844
488.548 621.067
480.816 627.086
472.898 633.078
464.985 638.924
456.964 644.692
448.859 650.366
439.539 656.687
431.327 662.098
422.998 667.447
414.67 672.643
406.235 677.767
397.779 682.759
389.141 687.72
380.492 692.541
371.84 697.222
363.115 701.804
354.355 706.268
345.378 710.701
336.567 714.917
327.597 719.073
318.603 723.106
309.522 727.041
300.421 730.852
291.301 734.542
282.075 738.136
272.747 741.631
263.485 744.979
252.76 748.736
243.428 751.805
234.039 754.769
224.532 757.653
215.088 760.376
205.693 762.953
196.024 765.5
186.468 767.877
176.833 770.151
167.035 772.344
157.582 774.31
147.837 776.23
138.142 778.012
128.473 779.665
118.706 781.211
108.919 782.636
99.2062 783.928
89.366 785.112
79.5728 786.168
69.7506 787.103
59.9569 787.916
50.1036 788.608
40.2407 789.177
30.4056 789.626
20.4918 789.946
10.6571 790.151
0.713071 790.221
-9.16942 790.174
-19.0332 790.007
-30.7225 789.655
-40.5221 789.195
-50.3589 788.618
-60.2979 787.925
-70.0693 787.101
-79.8608 786.159
-89.7411 785.093
-99.4574 783.909
-109.217 782.604
-118.856 781.19
-128.815 779.616
-138.476 777.953
-148.08 776.179
-157.802 774.261
-167.416 772.24
-177.096 770.078
-186.661 767.819
-196.224 765.434
-205.773 762.926
-215.256 760.311
-224.84 757.529
-234.265 754.673
-243.71 751.679
-252.988 748.623
-262.366 745.39
-271.77 742.005
-280.901 738.621
-290.168 735.029
-300.655 730.777
-309.794 726.948
-318.755 723.049
-327.888 718.96
-336.839 714.805
-345.748 710.535
-354.554 706.175
-363.347 701.689
-372.095 697.088
-380.794 692.373
-389.385 687.576
-397.984 682.635
-406.41 677.653
-414.931 672.469
-423.219 667.288
-431.543 661.937
-439.742 656.525
-447.869 651.018
-456.032 645.324
-464.03 639.607
-472.023 633.733
-479.848 627.847
-488.928 620.829
-496.632 614.671
-504.269 608.412
-511.818 602.065
-519.285 595.627
-526.671 589.097
-533.974 582.477
-541.194 575.769
-548.329 568.971
-555.38 562.087
-562.344 555.117
-569.232 548.049
-576.021 540.909
-582.721 533.684
-589.331 526.378
-595.851 518.99
-602.279 511.521
-608.614 503.973
-614.857 496.346
-621.005 488.642
-627.058 480.86
-633.015 473.003
-638.875 465.071
-644.642 457.057
-650.307 448.974
-656.85 439.35
-662.335 431.044
-667.611 422.791
-672.886 414.35
-677.993 405.922
-682.976 397.456
-687.898 388.87
-692.708 380.228
-697.388 371.561
-701.921 362.904
-706.371 354.154
-710.751 345.279
-715.017 336.353
-719.167 327.384
-723.202 318.372
-727.103 309.362
-730.895 300.302
-734.626 291.052
-738.165 281.98
-741.657 272.659
-744.98 263.482
-748.22 254.15
-751.368 244.665
-754.36 235.316
-757.229 225.982
-760.005 216.475
-762.666 206.907
-765.201 197.346
-768.062 185.968
-770.315 176.36
-772.442 166.742
-774.439 157.134
-776.372 147.328
-778.159 137.569
-779.789 127.91
-781.302 118.237
-782.736 108.364
-784.021 98.5879
-785.183 88.8146
-786.221 79.0433
-787.155 69.1346
-787.947 59.3708
-788.629 49.4774
-789.182 39.6708
-789.615 29.8481
-789.927 20.0269
-790.117 10.1281
-790.187 0.328457
-790.132 -9.55731
-789.951 -19.4709
-789.637 -29.468
-789.231 -39.1677
-788.699 -48.9455
-788.026 -58.831
-787.215 -68.7748
-786.329 -78.486
-785.3 -88.286
-784.154 -98.0626
-782.878 -107.851
-781.144 -119.536
-779.579 -129.363
-777.897 -139.046
-776.092 -148.746
-774.162 -158.486
-772.126 -168.049
-769.963 -177.675
-767.672 -187.317
-765.253 -196.975
-762.746 -206.435
-760.129 -215.847
-757.332 -225.477
-754.472 -234.855
-751.46 -244.319
-748.383 -253.585
-745.142 -262.955
-741.818 -272.195
-738.346 -281.478
-734.851 -290.512
-731.103 -299.805
-727.308 -308.909
-723.393 -317.977
-719.41 -326.918
-715.207 -335.996
-711.046 -344.768
-706.589 -353.782
-702.242 -362.407
-697.584 -371.27
-692.912 -379.941
-687.295 -389.962
-682.365 -398.514
-677.331 -406.998
-672.193 -415.417
-666.952 -423.77
-661.629 -432.022
-656.199 -440.217
-650.619 -448.422
-645.012 -456.446
-639.24 -464.494
-633.398 -472.429
-627.444 -480.309
-621.418 -488.083
-615.251 -495.836
-609.044 -503.448
-602.688 -511.042
-596.233 -518.56
-589.743 -525.939
-583.163 -533.239
-576.41 -540.531
-569.648 -547.667
-561.984 -555.495
-554.928 -562.548
-547.94 -569.343
-540.71 -576.216
-533.554 -582.841
-526.086 -589.596
-518.722 -596.081
-511.265 -602.487
-503.697 -608.827
-496.048 -615.077
-488.227 -621.302
-480.516 -627.288
-472.691 -633.211
-464.746 -639.069
-456.77 -644.803
-448.628 -650.494
-439.331 -656.867
-431.08 -662.303
-422.776 -667.624
-414.38 -672.862
-405.972 -677.955
-397.448 -682.982
-388.9 -687.877
-380.276 -692.676
-371.626 -697.347
-362.879 -701.936
-354.077 -706.413
-345.26 -710.76
-336.438 -714.976
-327.431 -719.146
-318.439 -723.173
-309.399 -727.088
-300.31 -730.892
-291.139 -734.595
-281.994 -738.161
-272.732 -741.635
-263.5 -744.975
-254.154 -748.219
-244.803 -751.338
-235.411 -754.342
-225.976 -757.23
-216.548 -759.995
-207.04 -762.65
-195.81 -765.58
-186.284 -767.939
-176.573 -770.236
-166.997 -772.356
-157.402 -774.358
-147.662 -776.273
-137.969 -778.05
-128.177 -779.723
-118.601 -781.228
-108.698 -782.669
-98.8624 -783.972
-89.1388 -785.135
-79.2687 -786.192
-69.5034 -787.116
-59.7101 -787.922
-49.8982 -788.608
-40.0422 -789.173
-30.2174 -789.616
-20.2683 -789.933
-10.3944 -790.128
-0.533611 -790.202
9.36246 -790.15
19.1883 -789.983
29.0823 -789.685
40.483 -789.192
50.386 -788.62
60.1387 -787.919
70.0826 -787.102
79.9213 -786.158
89.7272 -785.093
99.4822 -783.908
109.293 -782.598
118.896 -781.185
128.745 -779.624
138.561 -777.941
148.017 -776.191
157.786 -774.265
167.483 -772.225
177.112 -770.074
186.695 -767.81
196.285 -765.416
205.851 -762.9
215.327 -760.286
224.847 -757.526
234.248 -754.68
243.647 -751.705
253.052 -748.594
262.323 -745.411
271.673 -742.054
280.912 -738.615
291.579 -734.462
300.815 -730.732
309.934 -726.906
318.956 -722.981
327.912 -718.951
336.821 -714.812
345.808 -710.51
354.577 -706.165
363.388 -701.669
372.117 -697.077
380.772 -692.385
389.32 -687.613
397.943 -682.659
406.322 -677.709
414.814 -672.544
423.208 -667.296
431.491 -661.974
439.676 -656.576
447.912 -650.983
455.987 -645.361
464.021 -639.615
471.944 -633.805
479.805 -627.889
487.645 -621.823
496.525 -614.738
504.083 -608.537
511.647 -602.185
519.164 -595.715
526.601 -589.15
533.934 -582.509
541.104 -575.844
548.325 -568.975
555.403 -562.066
562.32 -555.14
569.189 -548.093
575.98 -540.952
582.631 -533.787
589.398 -526.301
595.849 -518.991
602.278 -511.522
608.663 -503.908
614.902 -496.282
621.01 -488.634
627.073 -480.836
633.04 -472.961
638.91 -465.01
645.509 -455.818
651.109 -447.759
656.65 -439.584
662.142 -431.273
667.427 -423.025
672.649 -414.663
677.798 -406.19
682.804 -397.708
687.715 -389.148
692.527 -380.516
697.186 -371.906
701.749 -363.222
706.242 -354.409
710.636 -345.514
714.9 -336.607
719.017 -327.736
723.068 -318.703
726.977 -309.703
730.819 -300.52
734.519 -291.374
738.152 -282.023
741.567 -272.992
744.943 -263.632
748.71 -252.81
751.814 -243.41
754.786 -234.003
757.625 -224.596
760.367 -215.109
762.989 -205.593
765.496 -196.035
767.876 -186.471
770.127 -176.914
772.279 -167.261
774.302 -157.618
776.205 -147.951
777.988 -138.261
779.653 -128.543
781.195 -118.82
782.622 -109.033
783.92 -99.2961
785.103 -89.4856
786.16 -79.7531
787.1 -69.905
787.917 -60.0531
788.613 -50.2484
789.185 -40.3842
789.634 -30.5128
789.966 -20.6921
790.172 -10.8232
