736.178 3.2447e-15
736.12 9.25085
735.946 18.5002
735.655 27.7467
735.249 36.9888
734.726 46.225
734.087 55.454
733.332 64.6741
732.461 73.8841
731.475 83.0824
730.373 92.2676
729.156 101.438
727.824 110.593
726.377 119.73
724.815 128.848
723.139 137.946
721.348 147.022
719.444 156.075
717.426 165.103
715.294 174.105
713.05 183.08
710.693 192.026
708.224 200.941
705.643 209.825
702.951 218.676
700.147 227.492
697.233 236.272
694.209 245.015
691.076 253.719
687.833 262.383
684.481 271.005
681.022 279.585
677.455 288.121
673.781 296.611
670 305.054
666.114 313.449
662.123 321.795
658.027 330.09
653.827 338.333
649.524 346.522
645.118 354.657
640.61 362.735
636.002 370.756
631.293 378.719
626.484 386.622
621.576 394.464
616.57 402.244
611.467 409.96
606.267 417.611
600.971 425.197
595.581 432.715
590.096 440.165
584.519 447.545
578.849 454.855
573.087 462.093
567.235 469.258
561.294 476.349
555.264 483.364
549.146 490.304
542.941 497.165
536.651 503.949
530.276 510.653
523.817 517.276
517.276 523.817
510.653 530.276
503.949 536.651
497.165 542.941
490.304 549.146
483.364 555.264
476.349 561.294
469.258 567.235
462.093 573.087
454.855 578.849
447.545 584.519
440.165 590.096
432.715 595.581
425.197 600.971
417.611 606.267
409.96 611.467
402.244 616.57
394.464 621.576
386.622 626.484
378.719 631.293
370.756 636.002
362.735 640.61
354.657 645.118
346.522 649.524
338.333 653.827
330.09 658.027
321.795 662.123
313.449 666.114
305.054 670
296.611 673.781
288.121 677.455
279.585 681.022
271.005 684.481
262.383 687.833
253.719 691.076
245.015 694.209
236.272 697.233
227.492 700.147
218.676 702.951
209.825 705.643
200.941 708.224
192.026 710.693
183.08 713.05
174.105 715.294
165.103 717.426
156.075 719.444
147.022 721.348
137.946 723.139
128.848 724.815
119.73 726.377
110.593 727.824
101.438 729.156
92.2676 730.373
83.0824 731.475
73.8841 732.461
64.6741 733.332
55.454 734.087
46.225 734.726
36.9888 735.249
27.7467 735.655
18.5002 735.946
9.25085 736.12
4.51932e-14 736.178
-9.25085 736.12
-18.5002 735.946
-27.7467 735.655
-36.9888 735.249
-46.225 734.726
-55.454 734.087
-64.6741 733.332
-73.8841 732.461
-83.0824 731.475
-92.2676 730.373
-101.438 729.156
-110.593 727.824
-119.73 726.377
-128.848 724.815
-137.946 723.139
-147.022 721.348
-156.075 719.444
-165.103 717.426
-174.105 715.294
-183.08 713.05
-192.026 710.693
-200.941 708.224
-209.825 705.643
-218.676 702.951
-227.492 700.147
-236.272 697.233
-245.015 694.209
-253.719 691.076
-262.383 687.833
-271.005 684.481
-279.585 681.022
-288.121 677.455
-296.611 673.781
-305.054 670
-313.449 666.114
-321.795 662.123
-330.09 658.027
-338.333 653.827
-346.522 649.524
-354.657 645.118
-362.735 640.61
-370.756 636.002
-378.719 631.293
-386.622 626.484
-394.464 621.576
-402.244 616.57
-409.96 611.467
-417.611 606.267
-425.197 600.971
-432.715 595.581
-440.165 590.096
-447.545 584.519
-454.855 578.849
-462.093 573.087
-469.258 567.235
-476.349 561.294
-483.364 555.264
-490.304 549.146
-497.165 542.941
-503.949 536.651
-510.653 530.276
-517.276 523.817
-523.817 517.276
-530.276 510.653
-536.651 503.949
-542.941 497.165
-549.146 490.304
-555.264 483.364
-561.294 476.349
-567.235 469.258
-573.087 462.093
-578.849 454.855
-584.519 447.545
-590.096 440.165
-595.581 432.715
-600.971 425.197
-606.267 417.611
-611.467 409.96
-616.57 402.244
-621.576 394.464
-626.484 386.622
-631.293 378.719
-636.002 370.756
-640.61 362.735
-645.118 354.657
-649.524 346.522
-653.827 338.333
-658.027 330.09
-662.123 321.795
-666.114 313.449
-670 305.054
-673.781 296.611
-677.455 288.121
-681.022 279.585
-684.481 271.005
-687.833 262.383
-691.076 253.719
-694.209 245.015
-697.233 236.272
-700.147 227.492
-702.951 218.676
-705.643 209.825
-708.224 200.941
-710.693 192.026
-713.05 183.08
-715.294 174.105
-717.426 165.103
-719.444 156.075
-721.348 147.022
-723.139 137.946
-724.815 128.848
-726.377 119.73
-727.824 110.593
-729.156 101.438
-730.373 92.2676
-731.475 83.0824
-732.461 73.8841
-733.332 64.6741
-734.087 55.454
-734.726 46.225
-735.249 36.9888
-735.655 27.7467
-735.946 18.5002
-736.12 9.25085
-736.178 9.00453e-14
-736.12 -9.25085
-735.946 -18.5002
-735.655 -27.7467
-735.249 -36.9888
-734.726 -46.225
-734.087 -55.454
-733.332 -64.6741
-732.461 -73.8841
-731.475 -83.0824
-730.373 -92.2676
-729.156 -101.438
-727.824 -110.593
-726.377 -119.73
-724.815 -128.848
-723.139 -137.946
-721.348 -147.022
-719.444 -156.075
-717.426 -165.103
-715.294 -174.105
-713.05 -183.08
-710.693 -192.026
-708.224 -200.941
-705.643 -209.825
-702.951 -218.676
-700.147 -227.492
-697.233 -236.272
-694.209 -245.015
-691.076 -253.719
-687.833 -262.383
-684.481 -271.005
-681.022 -279.585
-677.455 -288.121
-673.781 -296.611
-670 -305.054
-666.114 -313.449
-662.123 -321.795
-658.027 -330.09
-653.827 -338.333
-649.524 -346.522
-645.118 -354.657
-640.61 -362.735
-636.002 -370.756
-631.293 -378.719
-626.484 -386.622
-621.576 -394.464
-616.57 -402.244
-611.467 -409.96
-606.267 -417.611
-600.971 -425.197
-595.581 -432.715
-590.096 -440.165
-584.519 -447.545
-578.849 -454.855
-573.087 -462.093
-567.235 -469.258
-561.294 -476.349
-555.264 -483.364
-549.146 -490.304
-542.941 -497.165
-536.651 -503.949
-530.276 -510.653
-523.817 -517.276
-517.276 -523.817
-510.653 -530.276
-503.949 -536.651
-497.165 -542.941
-490.304 -549.146
-483.364 -555.264
-476.349 -561.294
-469.258 -567.235
-462.093 -573.087
-454.855 -578.849
-447.545 -584.519
-440.165 -590.096
-432.715 -595.581
-425.197 -600.971
-417.611 -606.267
-409.96 -611.467
-402.244 -616.57
-394.464 -621.576
-386.622 -626.484
-378.719 -631.293
-370.756 -636.002
-362.735 -640.61
-354.657 -645.118
-346.522 -649.524
-338.333 -653.827
-330.09 -658.027
-321.795 -662.123
-313.449 -666.114
-305.054 -670
-296.611 -673.781
-288.121 -677.455
-279.585 -681.022
-271.005 -684.481
-262.383 -687.833
-253.719 -691.076
-245.015 -694.209
-236.272 -697.233
-227.492 -700.147
-218.676 -702.951
-209.825 -705.643
-200.941 -708.224
-192.026 -710.693
-183.08 -713.05
-174.105 -715.294
-165.103 -717.426
-156.075 -719.444
-147.022 -721.348
-137.946 -723.139
-128.848 -724.815
-119.73 -726.377
-110.593 -727.824
-101.438 -729.156
-92.2676 -730.373
-83.0824 -731.475
-73.8841 -732.461
-64.6741 -733.332
-55.454 -734.087
-46.225 -734.726
-36.9888 -735.249
-27.7467 -735.655
-18.5002 -735.946
-9.25085 -736.12
-1.39424e-13 -736.178
9.25085 -736.12
18.5002 -735.946
27.7467 -735.655
36.9888 -735.249
46.225 -734.726
55.454 -734.087
64.6741 -733.332
73.8841 -732.461
83.0824 -731.475
92.2676 -730.373
101.438 -729.156
110.593 -727.824
119.73 -726.377
128.848 -724.815
137.946 -723.139
147.022 -721.348
156.075 -719.444
165.103 -717.426
174.105 -715.294
183.08 -713.05
192.026 -710.693
200.941 -708.224
209.825 -705.643
218.676 -702.951
227.492 -700.147
236.272 -697.233
245.015 -694.209
253.719 -691.076
262.383 -687.833
271.005 -684.481
279.585 -681.022
288.121 -677.455
296.611 -673.781
305.054 -670
313.449 -666.114
321.795 -662.123
330.09 -658.027
338.333 -653.827
346.522 -649.524
354.657 -645.118
362.735 -640.61
370.756 -636.002
378.719 -631.293
386.622 -626.484
394.464 -621.576
402.244 -616.57
409.96 -611.467
417.611 -606.267
425.197 -600.971
432.715 -595.581
440.165 -590.096
447.545 -584.519
454.855 -578.849
462.093 -573.087
469.258 -567.235
476.349 -561.294
483.364 -555.264
490.304 -549.146
497.165 -542.941
503.949 -536.651
510.653 -530.276
517.276 -523.817
523.817 -517.276
530.276 -510.653
536.651 -503.949
542.941 -497.165
549.146 -490.304
555.264 -483.364
561.294 -476.349
567.235 -469.258
573.087 -462.093
578.849 -454.855
584.519 -447.545
590.096 -440.165
595.581 -432.715
600.971 -425.197
606.267 -417.611
611.467 -409.96
616.57 -402.244
621.576 -394.464
626.484 -386.622
631.293 -378.719
636.002 -370.756
640.61 -362.735
645.118 -354.657
649.524 -346.522
653.827 -338.333
658.027 -330.09
662.123 -321.795
666.114 -313.449
670 -305.054
673.781 -296.611
677.455 -288.121
681.022 -279.585
684.481 -271.005
687.833 -262.383
691.076 -253.719
694.209 -245.015
697.233 -236.272
700.147 -227.492
702.951 -218.676
705.643 -209.825
708.224 -200.941
710.693 -192.026
713.05 -183.08
715.294 -174.105
717.426 -165.103
719.444 -156.075
721.348 -147.022
723.139 -137.946
724.815 -128.848
726.377 -119.73
727.824 -110.593
729.156 -101.438
730.373 -92.2676
731.475 -83.0824
732.461 -73.8841
733.332 -64.6741
734.087 -55.454
734.726 -46.225
735.249 -36.9888
735.655 -27.7467
735.946 -18.5002
736.12 -9.25085
