735.65 7.56891
735.468 16.5504
735.144 25.1381
734.676 32.7739
734.201 41.8172
733.616 50.9402
732.917 59.8589
732.113 68.6856
731.228 77.0023
730.194 86.331
729.203 93.7203
728.042 102.245
726.827 110.497
725.529 118.762
724.038 127.564
722.722 135.117
720.998 144.063
719.376 152.218
717.514 160.887
715.461 169.81
713.844 177.137
711.535 186.166
709.628 193.885
707.208 202.62
704.998 210.636
697.024 236.112
694.172 243.938
691.168 252.091
688.058 260.274
684.886 268.303
681.485 276.799
678.597 283.263
674.99 291.75
671.192 300.431
667.73 307.872
664.102 315.521
660.401 323.12
656.871 330.171
652.631 338.475
649.029 345.336
644.84 353.113
640.763 360.504
636.723 367.682
632.299 375.289
627.655 383.031
623.414 390.043
618.494 397.807
614.078 404.761
609.522 411.766
604.939 418.682
599.457 426.437
594.674 433.293
589.714 440.212
573.405 461.072
567.726 467.977
562.452 474.059
556.73 480.677
551.783 486.073
545.243 493.477
539.708 499.393
533.378 506.151
527.875 511.777
522.107 517.608
516.08 523.598
509.33 530.17
503.967 535.273
496.662 542.048
490.395 547.735
484.544 552.973
478.408 558.364
471.43 564.276
465.228 569.506
457.581 575.614
451.513 580.542
444.194 586.163
437.541 591.261
430.478 596.49
423.249 601.693
404.438 614.345
397.388 618.82
389.806 623.593
382.837 627.793
375.399 632.225
368.382 636.274
360.14 640.988
352.306 645.313
344.965 649.235
337.507 653.13
330.139 656.887
321.16 661.32
314.246 664.651
306.295 668.366
298.543 671.895
290.426 675.463
282.535 678.842
274.837 682.064
266.622 685.352
257.609 688.755
249.866 691.692
227.847 699.703
219.877 702.104
211.671 704.524
202.633 707.201
194.568 709.347
187.32 711.113
177.839 713.594
169.717 715.491
160.949 717.495
150.966 719.744
144.458 720.899
135.421 722.65
127.043 724.143
119.084 725.472
110.389 726.844
101.693 728.113
93.811 729.194
84.8787 730.295
76.492 731.254
67.9447 732.133
59.7394 732.917
51.0797 733.617
42.385 734.219
33.9942 734.743
24.9161 735.125
16.5891 735.472
7.17329 735.602
-1.62525 735.695
-10.3435 735.699
-36.9455 735.01
-45.1028 734.387
-53.6317 733.716
-63.1904 733.001
-71.1771 732.113
-79.422 731.16
-88.6213 730.105
-96.3891 728.995
-104.729 727.787
-112.046 726.614
-122.545 724.975
-130.417 723.546
-137.927 722.124
-146.765 720.38
-154.796 718.708
-163.658 716.745
-171.678 714.899
-179.947 712.898
-188.347 710.759
-196.38 708.652
-205.675 705.976
-213.755 703.641
-222.364 700.99
-229.667 698.813
-238.335 695.917
-247.682 692.561
-254.846 690.186
-263.675 686.832
-285 678.053
-293.298 674.48
-300.147 671.293
-309.228 667.222
-317.129 663.458
-324.956 659.616
-332.158 655.942
-339.839 651.966
-347.591 647.848
-355.414 643.579
-362.632 639.522
-370.521 634.982
-377.282 631
-385.611 625.936
-392.073 621.957
-399.542 617.205
-406.383 612.797
-413.204 608.318
-421.035 602.895
-427.869 598.166
-435.285 592.803
-441.748 588.182
-461.195 573.333
-467.814 567.826
-474.354 562.26
-480.797 556.649
-487.21 550.949
-493.577 545.168
-499.884 539.317
-506.119 533.405
-512.266 527.446
-518.323 521.446
-524.295 515.401
-530.187 509.314
-536.02 503.161
-541.768 496.971
-547.485 490.687
-553.118 484.365
-558.689 477.982
-564.204 471.529
-569.66 465.005
-575.051 458.422
-580.369 451.79
-585.641 445.062
-590.839 438.286
-595.996 431.395
-601.098 424.41
-615.686 402.877
-620.886 394.895
-625.018 387.995
-630.015 379.897
-634.305 372.51
-638.274 365.415
-642.611 357.66
-646.813 349.92
-650.769 342.378
-654.242 335.488
-657.912 328.143
-661.847 320.112
-665.674 312.059
-669.359 304.058
-672.906 296.117
-676.119 288.732
-679.302 281.246
-682.916 272.316
-685.698 265.484
-689.03 256.679
-691.762 249.597
-694.718 241.402
-697.821 232.111
-700.452 224.414
-702.939 217.177
-705.569 208.622
-708.124 199.825
-710.531 191.331
-717.185 165.08
-719.011 156.543
-720.669 148.182
-722.139 140.114
-724.055 130.361
-725.611 121.332
-726.721 113.465
-727.748 105.706
-729.114 96.1289
-730.115 87.6753
-731.005 79.3385
-731.779 71.2318
-732.649 61.7829
-733.222 53.879
-733.827 44.8183
-734.265 36.6643
-734.633 28.462
-734.928 20.2699
-735.13 11.338
-735.267 3.28506
-735.281 -5.52674
-735.159 -14.7032
-734.845 -24.6925
-734.721 -31.8503
-734.475 -39.7419
-733.952 -48.7881
-733.185 -58.4996
-732.764 -66.0101
-732.072 -74.4423
-731.322 -82.7767
-730.414 -91.3469
-726.15 -118.71
-724.597 -127.984
-722.979 -136.045
-721.261 -144.451
-719.394 -153.441
-717.582 -160.989
-715.599 -169.338
-713.454 -178.08
-711.124 -187.23
-708.998 -194.768
-706.865 -202.138
-704.045 -211.859
-701.663 -219.487
-698.848 -228.292
-696.443 -235.497
-693.444 -244.187
-690.659 -252.005
-687.466 -260.593
-685.07 -267.129
-681.22 -276.64
-677.984 -284.577
-674.598 -292.6
-671.577 -299.772
-667.381 -308.839
-664.572 -315.356
-659.938 -324.65
-657.294 -330.712
-652.642 -339.566
-648.826 -347.057
-636.733 -368.32
-632.302 -375.739
-627.816 -383.056
-623.268 -390.291
-618.643 -397.48
-614.145 -404.269
-609.531 -411.113
-604.363 -418.668
-599.844 -425.064
-594.584 -432.388
-589.5 -439.294
-584.217 -446.303
-579.116 -452.934
-573.599 -459.919
-568.439 -466.351
-562.745 -473.233
-556.873 -480.145
-551.46 -486.451
-545.996 -492.699
-539.673 -499.6
-534.085 -505.713
-520.48 -519.406
-513.64 -526.212
-508.201 -531.319
-501.204 -537.951
-495.653 -542.985
-487.84 -550.071
-481.734 -555.375
-475.461 -560.737
-468.815 -566.304
-462.087 -571.814
-454.409 -577.928
-448.433 -582.615
-442.013 -587.562
-435.108 -592.738
-428.52 -597.613
-420.899 -602.996
-402.519 -616.004
-395.103 -620.703
-387.782 -625.193
-380.183 -629.787
-373.081 -633.874
-365.387 -638.295
-357.995 -642.382
-350.468 -646.455
-343.123 -650.31
-335.338 -654.329
-327.504 -658.26
-319.98 -661.916
-312.878 -665.279
-304.506 -669.152
-296.811 -672.604
-289.045 -675.993
-281.256 -679.298
-273.082 -682.644
-265.548 -685.677
-257.314 -688.841
-249.709 -691.733
-241.378 -694.724
-233.331 -697.548
-225.167 -700.305
-216.897 -702.986
-209.008 -705.516
-200.696 -708.018
-175.849 -714.33
-168.02 -716.061
-158.604 -718.255
-150.724 -719.819
-142.85 -721.318
-133.868 -723.032
-125.503 -724.482
-116.421 -725.995
-109.511 -726.985
-99.752 -728.402
-90.6769 -729.585
-82.7714 -730.505
-73.5804 -731.488
-65.4945 -732.263
-57.212 -732.979
-48.8609 -733.618
-40.2373 -734.174
-31.9421 -734.644
-22.4299 -734.976
-13.664 -735.227
-5.05201 -735.389
3.87789 -735.425
12.1378 -735.438
20.9642 -735.288
44.655 -734.351
53.7366 -733.723
61.4348 -732.934
71.0488 -732.111
79.7504 -731.16
88.2638 -730.113
96.3443 -728.998
105.153 -727.755
112.185 -726.597
121.716 -725.076
131.121 -723.447
137.286 -722.249
146.605 -720.413
155.437 -718.56
163.82 -716.705
172.028 -714.801
180.572 -712.708
189.248 -710.467
197.299 -708.325
206.067 -705.833
213.982 -703.551
222.165 -701.075
230.604 -698.384
238.219 -695.975
246.951 -692.924
255.031 -690.086
277.584 -681.273
286.438 -677.645
294.506 -674.114
302.078 -670.635
309.452 -667.142
316.825 -663.576
325.396 -659.439
332.348 -655.858
340.187 -651.803
347.733 -647.778
355.105 -643.741
361.969 -639.896
370.063 -635.249
376.399 -631.562
384.327 -626.768
391.894 -622.081
399.022 -617.582
405.865 -613.198
413.777 -607.859
420.756 -603.128
427.931 -598.113
434.663 -593.369
441.366 -588.552
448.528 -583.159
466.607 -568.588
472.53 -563.489
479.189 -557.785
486.145 -551.73
493.005 -545.604
499.521 -539.606
505.209 -534.173
512.1 -527.59
518.389 -521.385
523.893 -515.791
529.71 -509.8
535.563 -503.649
540.863 -498.004
548.048 -490.036
553.049 -484.449
558.622 -478.069
564.602 -470.989
570.042 -464.461
575.095 -458.355
580.581 -451.453
585.992 -444.477
591.32 -437.439
604.68 -418.968
609.056 -412.312
613.85 -405.043
619.086 -397.052
623.272 -390.234
627.77 -382.868
632.472 -375.036
636.702 -367.714
640.948 -360.204
645.168 -352.55
648.883 -345.604
652.634 -338.471
656.653 -330.62
660.714 -322.433
664.475 -314.646
667.824 -307.631
671.522 -299.52
674.855 -292.146
678.526 -283.481
681.845 -275.551
685.52 -266.056
688.123 -260.001
691.363 -251.214
699.49 -228.268
702.187 -219.702
704.641 -211.411
706.856 -203.443
709.136 -195.102
711.334 -186.707
713.463 -178.219
715.443 -169.866
717.238 -161.826
719.129 -153.117
720.821 -144.784
722.417 -136.469
723.928 -128.142
725.354 -119.793
726.691 -111.451
727.987 -102.712
729.119 -94.6363
730.216 -85.9628
731.184 -78.1663
732.103 -69.4384
732.921 -60.7049
733.659 -52.4889
734.286 -43.7095
734.822 -35.0536
735.312 -26.8494
735.674 -18.2347
