734.657 7.6859
734.473 16.6497
734.146 25.2131
733.677 32.8086
733.201 41.8352
732.616 50.9427
731.917 59.8423
731.114 68.6575
730.229 76.9546
729.195 86.2739
728.208 93.6204
727.05 102.122
725.839 110.347
724.544 118.585
723.057 127.369
721.749 134.884
720.029 143.816
718.414 151.944
716.557 160.596
714.508 169.505
712.903 176.801
710.595 185.826
708.7 193.512
706.287 202.23
704.089 210.219
696.039 235.941
693.192 243.738
690.193 251.868
687.088 260.03
683.92 268.043
680.521 276.533
677.647 282.95
674.044 291.425
670.249 300.098
666.797 307.511
663.179 315.137
659.488 322.713
655.972 329.732
651.738 338.026
648.153 344.853
643.973 352.614
639.91 359.983
635.885 367.136
631.471 374.727
626.837 382.456
622.613 389.444
617.701 397.197
613.304 404.128
608.766 411.111
604.197 418.012
598.716 425.765
593.955 432.598
589.014 439.497
572.541 460.568
566.872 467.457
561.615 473.511
555.905 480.113
550.984 485.472
544.445 492.875
538.929 498.766
532.607 505.514
527.127 511.113
521.379 516.923
515.369 522.895
508.626 529.46
503.294 534.533
495.988 541.308
489.74 546.979
483.917 552.195
477.805 557.566
470.838 563.47
464.662 568.682
457.023 574.784
450.98 579.696
443.678 585.306
437.043 590.394
430.005 595.609
422.785 600.807
403.803 613.571
396.77 618.034
389.202 622.796
382.258 626.977
374.839 631.396
367.849 635.428
359.613 640.137
351.794 644.454
344.478 648.362
337.043 652.244
329.693 655.992
320.72 660.422
313.833 663.74
305.909 667.444
298.18 670.963
290.08 674.525
282.21 677.896
274.539 681.109
266.341 684.392
257.334 687.794
249.619 690.723
227.399 698.81
219.456 701.197
211.275 703.606
202.248 706.278
194.203 708.416
186.988 710.17
177.509 712.65
169.413 714.538
160.661 716.537
150.674 718.787
144.221 719.928
135.196 721.676
126.842 723.164
118.915 724.487
110.239 725.855
101.562 727.121
93.7139 728.199
84.7975 729.298
76.4365 730.256
67.9123 731.133
59.7366 731.917
51.0985 732.617
42.4247 733.22
34.0605 733.745
24.997 734.128
16.69 734.477
7.27641 734.607
-1.50006 734.703
-10.1948 734.71
-37.0502 734.015
-45.1747 733.39
-53.6769 732.717
-63.236 732.002
-71.1981 731.113
-79.4149 730.16
-88.6023 729.105
-96.3343 727.997
-104.648 726.791
-111.922 725.621
-122.432 723.981
-130.272 722.557
-137.742 721.142
-146.564 719.4
-154.567 717.734
-163.414 715.776
-171.406 713.937
-179.652 711.943
-188.03 709.811
-196.036 707.713
-205.327 705.038
-213.382 702.713
-221.976 700.068
-229.242 697.907
-237.905 695.015
-247.257 691.656
-254.381 689.3
-263.2 685.952
-284.715 677.094
-293.006 673.524
-299.815 670.35
-308.889 666.281
-316.778 662.522
-324.585 658.688
-331.758 655.025
-339.412 651.062
-347.152 646.95
-354.953 642.692
-362.153 638.644
-370.015 634.12
-376.752 630.152
-385.071 625.094
-391.506 621.133
-398.961 616.392
-405.776 612.002
-412.579 607.537
-420.404 602.12
-427.209 597.415
-434.614 592.061
-441.051 587.465
-460.691 572.47
-467.29 566.975
-473.81 561.421
-480.233 555.823
-486.632 550.133
-492.985 544.362
-499.272 538.526
-505.488 532.629
-511.616 526.686
-517.653 520.703
-523.608 514.675
-529.481 508.605
-535.296 502.47
-541.027 496.3
-546.727 490.034
-552.344 483.732
-557.9 477.368
-563.399 470.935
-568.841 464.432
-574.218 457.869
-579.523 451.257
-584.782 444.55
-589.968 437.795
-595.114 430.925
-600.205 423.96
-614.929 402.224
-620.123 394.248
-624.233 387.376
-629.229 379.279
-633.51 371.904
-637.46 364.835
-641.786 357.095
-645.977 349.371
-649.924 341.844
-653.38 334.981
-657.034 327.663
-660.961 319.648
-664.78 311.611
-668.456 303.63
-671.994 295.708
-675.194 288.352
-678.366 280.895
-681.978 271.97
-684.745 265.179
-688.075 256.383
-690.795 249.339
-693.746 241.165
-696.849 231.877
-699.473 224.211
-701.952 217.013
-704.58 208.475
-707.133 199.692
-709.538 191.217
-716.256 164.711
-718.076 156.189
-719.724 147.854
-721.187 139.808
-723.102 130.056
-724.654 121.041
-725.754 113.207
-726.775 105.476
-728.138 95.9122
-729.134 87.4824
-730.019 79.1722
-730.789 71.0879
-731.657 61.6549
-732.227 53.7772
-732.831 44.7396
-733.266 36.6077
-733.633 28.4352
-733.928 20.2729
-734.13 11.3504
-734.268 3.3232
-734.283 -5.46738
-734.162 -14.621
-733.849 -24.6091
-733.728 -31.7261
-733.488 -39.5817
-732.967 -48.6115
-732.201 -58.3177
-731.788 -65.794
-731.102 -74.2011
-730.358 -82.5092
-729.457 -91.057
-725.15 -118.686
-723.598 -127.95
-721.981 -135.981
-720.264 -144.364
-718.399 -153.34
-716.591 -160.851
-714.612 -169.177
-712.47 -177.902
-710.142 -187.044
-708.023 -194.547
-705.899 -201.879
-703.078 -211.603
-700.706 -219.199
-697.892 -228
-695.496 -235.173
-692.503 -243.848
-689.728 -251.639
-686.542 -260.212
-684.167 -266.699
-680.316 -276.213
-677.087 -284.134
-673.708 -292.145
-670.704 -299.284
-666.508 -308.351
-663.724 -314.826
-659.087 -324.126
-656.474 -330.14
-651.822 -338.994
-648.021 -346.464
-635.817 -367.919
-631.396 -375.316
-626.92 -382.612
-622.383 -389.826
-617.77 -396.993
-613.283 -403.763
-608.684 -410.581
-603.523 -418.125
-599.024 -424.491
-593.769 -431.808
-588.701 -438.693
-583.431 -445.686
-578.347 -452.295
-572.842 -459.265
-567.702 -465.674
-562.021 -472.543
-556.16 -479.443
-550.769 -485.729
-545.326 -491.957
-539.006 -498.855
-533.434 -504.953
-519.725 -518.75
-512.889 -525.553
-507.478 -530.628
-500.485 -537.255
-494.964 -542.26
-487.144 -549.353
-481.062 -554.635
-474.81 -559.978
-468.181 -565.531
-461.469 -571.028
-453.793 -577.14
-447.849 -581.803
-441.456 -586.732
-434.569 -591.896
-428 -596.759
-420.383 -602.139
-401.856 -615.255
-394.455 -619.941
-387.153 -624.415
-379.568 -628.998
-372.491 -633.067
-364.811 -637.477
-357.441 -641.549
-349.934 -645.609
-342.614 -649.449
-334.848 -653.457
-327.033 -657.378
-319.534 -661.021
-312.459 -664.371
-304.092 -668.242
-296.413 -671.687
-288.67 -675.066
-280.905 -678.362
-272.749 -681.701
-265.245 -684.724
-257.029 -687.882
-249.454 -690.766
-241.142 -693.752
-233.111 -696.573
-224.963 -699.326
-216.715 -702.003
-208.856 -704.528
-200.568 -707.026
-175.488 -713.397
-167.69 -715.117
-158.279 -717.309
-150.43 -718.863
-142.589 -720.353
-133.62 -722.063
-125.28 -723.507
-116.209 -725.017
-109.349 -725.998
-99.592 -727.415
-90.531 -728.596
-82.66 -729.511
-73.4825 -730.493
-65.4288 -731.266
-57.1757 -731.98
-48.8449 -732.618
-40.2359 -733.174
-31.961 -733.644
-22.4496 -733.976
-13.7054 -734.227
-5.11755 -734.391
3.78664 -734.429
12.0167 -734.445
20.8237 -734.298
44.7291 -733.354
53.7958 -732.725
61.4562 -731.935
71.0649 -731.111
79.746 -730.16
88.2357 -729.114
96.2853 -728
105.076 -726.758
112.059 -725.605
121.584 -724.085
130.981 -722.457
137.084 -721.269
146.402 -719.434
155.218 -717.585
163.579 -715.734
171.762 -713.838
180.294 -711.748
188.959 -709.51
196.982 -707.377
205.735 -704.889
213.622 -702.618
221.783 -700.151
230.203 -697.468
237.788 -695.073
246.509 -692.027
254.566 -689.2
277.317 -680.309
286.171 -676.681
294.228 -673.153
301.773 -669.683
309.119 -666.2
316.463 -662.644
325.027 -658.509
331.946 -654.942
339.767 -650.896
347.292 -646.88
354.64 -642.856
361.473 -639.028
369.558 -634.386
375.856 -630.722
383.774 -625.935
391.326 -621.258
398.439 -616.769
405.262 -612.4
413.168 -607.066
420.125 -602.352
427.283 -597.351
433.992 -592.627
440.674 -587.83
447.824 -582.45
466.056 -567.754
471.947 -562.676
478.589 -556.985
485.533 -550.939
492.388 -544.817
498.896 -538.825
504.556 -533.415
511.442 -526.837
517.716 -520.645
523.194 -515.075
528.992 -509.103
534.829 -502.971
540.103 -497.354
547.297 -489.376
552.271 -483.821
557.828 -477.46
563.801 -470.39
569.231 -463.876
574.268 -457.793
579.742 -450.909
585.142 -443.95
590.459 -436.931
603.931 -418.306
608.285 -411.676
613.065 -404.423
618.295 -396.439
622.461 -389.649
626.945 -382.303
631.643 -374.477
635.863 -367.17
640.097 -359.678
644.306 -352.043
648.004 -345.127
651.74 -338.023
655.751 -330.19
659.806 -322.015
663.558 -314.248
666.892 -307.267
670.584 -299.173
673.907 -291.829
677.574 -283.173
680.887 -275.265
684.563 -265.766
687.151 -259.767
690.389 -250.99
698.593 -227.827
701.281 -219.277
703.726 -211.008
705.929 -203.068
708.2 -194.748
710.391 -186.374
712.513 -177.906
714.486 -169.578
716.272 -161.567
718.16 -152.87
719.848 -144.553
721.439 -136.263
722.944 -127.961
724.366 -119.636
725.7 -111.32
726.993 -102.6
728.122 -94.5543
729.218 -85.9016
730.184 -78.1405
731.103 -69.4248
731.921 -60.7198
732.659 -52.5247
733.288 -43.7733
733.825 -35.1313
734.318 -26.957
734.682 -18.3652
