733.178 3.46124e-15
733.12 9.21315
732.947 18.4248
732.657 27.6336
732.252 36.838
731.732 46.0366
731.095 55.228
730.344 64.4106
729.477 73.583
728.494 82.7439
727.397 91.8916
726.185 101.025
724.858 110.142
723.417 119.242
721.861 128.323
720.192 137.384
718.409 146.423
716.512 155.439
714.502 164.43
712.379 173.396
710.144 182.334
707.797 191.243
705.338 200.122
702.767 208.97
700.086 217.784
697.294 226.565
694.392 235.309
691.38 244.016
688.259 252.685
685.03 261.313
681.692 269.901
678.247 278.446
674.694 286.947
671.035 295.402
667.27 303.811
663.4 312.172
659.424 320.484
655.345 328.745
651.162 336.954
646.877 345.11
642.489 353.211
638 361.257
633.41 369.246
628.72 377.176
623.931 385.047
619.043 392.857
614.057 400.605
608.975 408.289
603.796 415.909
598.522 423.464
593.154 430.951
587.692 438.371
582.137 445.721
576.49 453.001
570.752 460.21
564.924 467.345
559.006 474.407
553.001 481.394
546.908 488.305
540.729 495.139
534.464 501.895
528.115 508.572
521.683 515.168
515.168 521.683
508.572 528.115
501.895 534.464
495.139 540.729
488.305 546.908
481.394 553.001
474.407 559.006
467.345 564.924
460.21 570.752
453.001 576.49
445.721 582.137
438.371 587.692
430.951 593.154
423.464 598.522
415.909 603.796
408.289 608.975
400.605 614.057
392.857 619.043
385.047 623.931
377.176 628.72
369.246 633.41
361.257 638
353.211 642.489
345.11 646.877
336.954 651.162
328.745 655.345
320.484 659.424
312.172 663.4
303.811 667.27
295.402 671.035
286.947 674.694
278.446 678.247
269.901 681.692
261.313 685.03
252.685 688.259
244.016 691.38
235.309 694.392
226.565 697.294
217.784 700.086
208.97 702.767
200.122 705.338
191.243 707.797
182.334 710.144
173.396 712.379
164.43 714.502
155.439 716.512
146.423 718.409
137.384 720.192
128.323 721.861
119.242 723.417
110.142 724.858
101.025 726.185
91.8916 727.397
82.7439 728.494
73.583 729.477
64.4106 730.344
55.228 731.095
46.0366 731.732
36.838 732.252
27.6336 732.657
18.4248 732.947
9.21315 733.12
4.49568e-14 733.178
-9.21315 733.12
-18.4248 732.947
-27.6336 732.657
-36.838 732.252
-46.0366 731.732
-55.228 731.095
-64.4106 730.344
-73.583 729.477
-82.7439 728.494
-91.8916 727.397
-101.025 726.185
-110.142 724.858
-119.242 723.417
-128.323 721.861
-137.384 720.192
-146.423 718.409
-155.439 716.512
-164.43 714.502
-173.396 712.379
-182.334 710.144
-191.243 707.797
-200.122 705.338
-208.97 702.767
-217.784 700.086
-226.565 697.294
-235.309 694.392
-244.016 691.38
-252.685 688.259
-261.313 685.03
-269.901 681.692
-278.446 678.247
-286.947 674.694
-295.402 671.035
-303.811 667.27
-312.172 663.4
-320.484 659.424
-328.745 655.345
-336.954 651.162
-345.11 646.877
-353.211 642.489
-361.257 638
-369.246 633.41
-377.176 628.72
-385.047 623.931
-392.857 619.043
-400.605 614.057
-408.289 608.975
-415.909 603.796
-423.464 598.522
-430.951 593.154
-438.371 587.692
-445.721 582.137
-453.001 576.49
-460.21 570.752
-467.345 564.924
-474.407 559.006
-481.394 553.001
-488.305 546.908
-495.139 540.729
-501.895 534.464
-508.572 528.115
-515.168 521.683
-521.683 515.168
-528.115 508.572
-534.464 501.895
-540.729 495.139
-546.908 488.305
-553.001 481.394
-559.006 474.407
-564.924 467.345
-570.752 460.21
-576.49 453.001
-582.137 445.721
-587.692 438.371
-593.154 430.951
-598.522 423.464
-603.796 415.909
-608.975 408.289
-614.057 400.605
-619.043 392.857
-623.931 385.047
-628.72 377.176
-633.41 369.246
-638 361.257
-642.489 353.211
-646.877 345.11
-651.162 336.954
-655.345 328.745
-659.424 320.484
-663.4 312.172
-667.27 303.811
-671.035 295.402
-674.694 286.947
-678.247 278.446
-681.692 269.901
-685.03 261.313
-688.259 252.685
-691.38 244.016
-694.392 235.309
-697.294 226.565
-700.086 217.784
-702.767 208.97
-705.338 200.122
-707.797 191.243
-710.144 182.334
-712.379 173.396
-714.502 164.43
-716.512 155.439
-718.409 146.423
-720.192 137.384
-721.861 128.323
-723.417 119.242
-724.858 110.142
-726.185 101.025
-727.397 91.8916
-728.494 82.7439
-729.477 73.583
-730.344 64.4106
-731.095 55.228
-731.732 46.0366
-732.252 36.838
-732.657 27.6336
-732.947 18.4248
-733.12 9.21315
-733.178 8.98999e-14
-733.12 -9.21315
-732.947 -18.4248
-732.657 -27.6336
-732.252 -36.838
-731.732 -46.0366
-731.095 -55.228
-730.344 -64.4106
-729.477 -73.583
-728.494 -82.7439
-727.397 -91.8916
-726.185 -101.025
-724.858 -110.142
-723.417 -119.242
-721.861 -128.323
-720.192 -137.384
-718.409 -146.423
-716.512 -155.439
-714.502 -164.43
-712.379 -173.396
-710.144 -182.334
-707.797 -191.243
-705.338 -200.122
-702.767 -208.97
-700.086 -217.784
-697.294 -226.565
-694.392 -235.309
-691.38 -244.016
-688.259 -252.685
-685.03 -261.313
-681.692 -269.901
-678.247 -278.446
-674.694 -286.947
-671.035 -295.402
-667.27 -303.811
-663.4 -312.172
-659.424 -320.484
-655.345 -328.745
-651.162 -336.954
-646.877 -345.11
-642.489 -353.211
-638 -361.257
-633.41 -369.246
-628.72 -377.176
-623.931 -385.047
-619.043 -392.857
-614.057 -400.605
-608.975 -408.289
-603.796 -415.909
-598.522 -423.464
-593.154 -430.951
-587.692 -438.371
-582.137 -445.721
-576.49 -453.001
-570.752 -460.21
-564.924 -467.345
-559.006 -474.407
-553.001 -481.394
-546.908 -488.305
-540.729 -495.139
-534.464 -501.895
-528.115 -508.572
-521.683 -515.168
-515.168 -521.683
-508.572 -528.115
-501.895 -534.464
-495.139 -540.729
-488.305 -546.908
-481.394 -553.001
-474.407 -559.006
-467.345 -564.924
-460.21 -570.752
-453.001 -576.49
-445.721 -582.137
-438.371 -587.692
-430.951 -593.154
-423.464 -598.522
-415.909 -603.796
-408.289 -608.975
-400.605 -614.057
-392.857 -619.043
-385.047 -623.931
-377.176 -628.72
-369.246 -633.41
-361.257 -638
-353.211 -642.489
-345.11 -646.877
-336.954 -651.162
-328.745 -655.345
-320.484 -659.424
-312.172 -663.4
-303.811 -667.27
-295.402 -671.035
-286.947 -674.694
-278.446 -678.247
-269.901 -681.692
-261.313 -685.03
-252.685 -688.259
-244.016 -691.38
-235.309 -694.392
-226.565 -697.294
-217.784 -700.086
-208.97 -702.767
-200.122 -705.338
-191.243 -707.797
-182.334 -710.144
-173.396 -712.379
-164.43 -714.502
-155.439 -716.512
-146.423 -718.409
-137.384 -720.192
-128.323 -721.861
-119.242 -723.417
-110.142 -724.858
-101.025 -726.185
-91.8916 -727.397
-82.7439 -728.494
-73.583 -729.477
-64.4106 -730.344
-55.228 -731.095
-46.0366 -731.732
-36.838 -732.252
-27.6336 -732.657
-18.4248 -732.947
-9.21315 -733.12
-1.39246e-13 -733.178
9.21315 -733.12
18.4248 -732.947
27.6336 -732.657
36.838 -732.252
46.0366 -731.732
55.228 -731.095
64.4106 -730.344
73.583 -729.477
82.7439 -728.494
91.8916 -727.397
101.025 -726.185
110.142 -724.858
119.242 -723.417
128.323 -721.861
137.384 -720.192
146.423 -718.409
155.439 -716.512
164.43 -714.502
173.396 -712.379
182.334 -710.144
191.243 -707.797
200.122 -705.338
208.97 -702.767
217.784 -700.086
226.565 -697.294
235.309 -694.392
244.016 -691.38
252.685 -688.259
261.313 -685.03
269.901 -681.692
278.446 -678.247
286.947 -674.694
295.402 -671.035
303.811 -667.27
312.172 -663.4
320.484 -659.424
328.745 -655.345
336.954 -651.162
345.11 -646.877
353.211 -642.489
361.257 -638
369.246 -633.41
377.176 -628.72
385.047 -623.931
392.857 -619.043
400.605 -614.057
408.289 -608.975
415.909 -603.796
423.464 -598.522
430.951 -593.154
438.371 -587.692
445.721 -582.137
453.001 -576.49
460.21 -570.752
467.345 -564.924
474.407 -559.006
481.394 -553.001
488.305 -546.908
495.139 -540.729
501.895 -534.464
508.572 -528.115
515.168 -521.683
521.683 -515.168
528.115 -508.572
534.464 -501.895
540.729 -495.139
546.908 -488.305
553.001 -481.394
559.006 -474.407
564.924 -467.345
570.752 -460.21
576.49 -453.001
582.137 -445.721
587.692 -438.371
593.154 -430.951
598.522 -423.464
603.796 -415.909
608.975 -408.289
614.057 -400.605
619.043 -392.857
623.931 -385.047
628.72 -377.176
633.41 -369.246
638 -361.257
642.489 -353.211
646.877 -345.11
651.162 -336.954
655.345 -328.745
659.424 -320.484
663.4 -312.172
667.27 -303.811
671.035 -295.402
674.694 -286.947
678.247 -278.446
681.692 -269.901
685.03 -261.313
688.259 -252.685
691.38 -244.016
694.392 -235.309
697.294 -226.565
700.086 -217.784
702.767 -208.97
705.338 -200.122
707.797 -191.243
710.144 -182.334
712.379 -173.396
714.502 -164.43
716.512 -155.439
718.409 -146.423
720.192 -137.384
721.861 -128.323
723.417 -119.242
724.858 -110.142
726.185 -101.025
727.397 -91.8916
728.494 -82.7439
729.477 -73.583
730.344 -64.4106
731.095 -55.228
731.732 -46.0366
732.252 -36.838
732.657 -27.6336
732.947 -18.4248
733.12 -9.21315
