732.671 7.91953
732.484 16.856
732.152 25.3629
731.678 32.8942
731.201 41.8791
730.616 50.9476
729.917 59.809
729.114 68.6011
728.231 76.8589
727.199 86.1594
726.218 93.4205
725.065 101.876
723.861 110.047
722.576 118.231
721.096 126.981
719.804 134.42
718.09 143.324
716.488 151.405
714.644 160.013
712.603 168.897
711.019 176.129
708.714 185.145
706.842 192.771
704.445 201.451
702.271 209.386
694.068 235.598
691.232 243.337
688.243 251.422
685.149 259.54
681.989 267.522
678.592 276.002
675.748 282.324
672.153 290.774
668.362 299.433
664.932 306.79
661.332 314.368
657.662 321.897
654.176 328.853
649.951 337.128
646.401 343.889
642.239 351.617
638.202 358.942
634.209 366.046
629.817 373.603
625.201 381.306
621.012 388.245
616.115 395.978
611.756 402.861
607.254 409.802
602.712 416.672
597.234 424.422
592.515 431.211
587.614 438.069
570.814 459.559
565.163 466.417
559.941 472.417
554.254 478.984
549.387 484.269
542.848 491.67
537.372 497.512
531.064 504.242
525.63 509.786
519.922 515.552
513.947 521.488
507.217 528.041
501.948 533.054
494.642 539.83
488.431 545.467
482.662 550.637
476.599 555.971
469.654 561.858
463.529 567.034
455.896 573.132
449.914 578.004
442.633 583.601
436.046 588.66
429.045 593.854
421.845 599.042
402.535 612.025
395.533 616.461
387.994 621.201
381.101 625.346
373.72 629.739
366.783 633.736
358.561 638.437
350.771 642.735
343.503 646.616
336.115 650.473
328.815 654.195
319.84 658.626
313.024 661.911
305.136 665.599
297.452 669.1
289.386 672.649
281.561 676.005
273.942 679.2
265.781 682.472
256.783 685.871
249.125 688.785
226.502 697.022
218.615 699.382
210.483 701.77
201.478 704.432
193.472 706.554
186.324 708.283
176.85 710.761
168.807 712.632
160.086 714.622
150.089 716.875
143.747 717.985
134.746 719.727
126.44 721.205
118.576 722.515
109.939 723.878
101.3 725.138
93.5194 726.208
84.635 727.305
76.3254 728.259
67.8472 729.134
59.7307 729.917
51.1358 730.618
42.5037 731.222
34.1929 731.75
25.1586 732.135
16.8915 732.487
7.48236 732.618
-1.24999 732.718
-9.89765 732.732
-37.2592 732.026
-45.3182 731.395
-53.7669 730.719
-63.3269 730.005
-71.2396 729.113
-79.4002 728.161
-88.5641 727.105
-96.2244 726
-104.486 724.797
-111.673 723.637
-122.207 721.994
-129.98 720.578
-137.374 719.176
-146.164 717.441
-154.108 715.788
-162.926 713.836
-170.862 712.012
-179.06 710.032
-187.397 707.914
-195.349 705.834
-204.631 703.163
-212.638 700.857
-221.202 698.224
-228.393 696.096
-237.046 693.209
-246.408 689.845
-253.453 687.529
-262.25 684.192
-284.139 675.179
-292.414 671.613
-299.145 668.465
-308.211 664.4
-316.061 660.654
-323.829 656.836
-330.944 653.199
-338.556 649.254
-346.26 645.159
-354.03 640.917
-361.179 636.897
-369.015 632.388
-375.692 628.456
-384.005 623.402
-390.373 619.485
-397.797 614.765
-404.562 610.413
-411.316 605.986
-419.129 600.579
-425.89 595.912
-433.272 590.578
-439.657 586.031
-459.676 570.746
-466.23 565.279
-472.709 559.751
-479.105 554.172
-485.475 548.501
-491.801 542.751
-498.048 536.945
-504.225 531.078
-510.315 525.167
-516.314 519.217
-522.232 513.224
-528.069 507.189
-533.849 501.09
-539.546 494.956
-545.212 488.729
-550.797 482.465
-556.321 476.14
-561.79 469.747
-567.203 463.284
-572.552 456.762
-577.83 450.192
-583.064 443.526
-588.226 436.812
-593.349 429.984
-598.419 423.06
-613.415 400.917
-618.597 392.956
-622.662 386.138
-627.657 378.042
-631.918 370.693
-635.831 363.674
-640.136 355.964
-644.305 348.273
-648.233 340.775
-651.656 333.966
-655.28 326.703
-659.19 318.72
-662.991 310.716
-666.649 302.772
-670.169 294.89
-673.344 287.593
-676.493 280.192
-680.098 271.285
-682.84 264.57
-686.164 255.791
-688.863 248.825
-691.803 240.692
-694.904 231.409
-697.515 223.804
-699.98 216.684
-702.602 208.18
-705.15 199.426
-707.551 190.989
-714.398 163.972
-716.205 155.481
-717.835 147.197
-719.282 139.197
-721.2 129.439
-722.741 120.459
-723.824 112.685
-724.829 105.016
-726.189 95.463
-727.175 87.0808
-728.05 78.8238
-728.81 70.8002
-729.676 61.3832
-730.237 53.5738
-730.838 44.5664
-731.269 36.4945
-731.634 28.3815
-731.928 20.2787
-732.131 11.3752
-732.27 3.39933
-732.286 -5.34884
-732.168 -14.4638
-731.856 -24.4414
-731.745 -31.47
-731.514 -39.2615
-730.999 -48.2587
-730.238 -57.9381
-729.837 -65.3542
-729.159 -73.7263
-728.427 -81.988
-727.539 -90.4909
-723.151 -118.637
-721.599 -127.882
-719.985 -135.853
-718.272 -144.189
-716.41 -153.139
-714.611 -160.574
-712.638 -168.854
-710.502 -177.548
-708.176 -186.673
-706.072 -194.105
-703.968 -201.361
-701.145 -211.092
-698.79 -218.623
-695.979 -227.416
-693.604 -234.526
-690.621 -243.172
-687.867 -250.905
-684.693 -259.449
-682.361 -265.84
-678.508 -275.358
-675.294 -283.248
-671.927 -291.234
-668.959 -298.308
-664.762 -307.376
-662.028 -313.766
-657.383 -323.079
-654.833 -328.996
-650.18 -337.852
-646.411 -345.278
-633.985 -367.115
-629.583 -374.471
-625.128 -381.724
-620.613 -388.895
-616.023 -396.02
-611.566 -402.736
-606.998 -409.505
-601.853 -417.025
-597.38 -423.353
-592.141 -430.647
-587.102 -437.492
-581.858 -444.451
-576.809 -451.017
-571.329 -457.957
-566.229 -464.322
-560.573 -471.164
-554.735 -478.041
-549.385 -484.285
-543.985 -490.472
-537.672 -497.365
-532.133 -503.435
-518.215 -517.439
-511.386 -524.233
-506.034 -529.245
-499.048 -535.864
-493.58 -540.816
-485.752 -547.917
-479.716 -553.156
-473.507 -558.46
-466.913 -563.984
-460.234 -569.455
-452.568 -575.559
-446.682 -580.179
-440.34 -585.072
-433.492 -590.211
-426.96 -595.05
-419.351 -600.426
-400.529 -613.759
-393.16 -618.416
-385.889 -622.865
-378.327 -627.43
-371.304 -631.457
-363.661 -635.84
-356.334 -639.884
-348.853 -643.927
-341.589 -647.732
-333.866 -651.715
-326.09 -655.614
-318.642 -659.23
-311.619 -662.555
-303.263 -666.421
-295.616 -669.853
-287.921 -673.212
-280.203 -676.489
-272.084 -679.815
-264.639 -682.818
-256.459 -685.965
-248.945 -688.831
-240.669 -691.808
-232.671 -694.622
-224.554 -697.368
-216.352 -700.036
-208.553 -702.551
-200.31 -705.043
-174.767 -711.532
-167.031 -713.228
-157.63 -715.417
-149.843 -716.951
-142.067 -718.422
-133.124 -720.125
-124.833 -721.558
-115.786 -723.063
-109.026 -724.024
-99.272 -725.441
-90.2393 -726.617
-82.4373 -727.524
-73.2866 -728.503
-65.2973 -729.27
-57.1031 -729.981
-48.8128 -730.619
-40.233 -731.174
-31.9986 -731.644
-22.4969 -731.977
-13.8044 -732.23
-5.26479 -732.397
3.61113 -732.437
11.7811 -732.459
20.5492 -732.317
44.877 -731.359
53.9139 -730.728
61.4988 -729.935
71.0893 -729.111
79.7296 -728.16
88.1718 -727.115
96.1672 -726.003
104.914 -724.765
111.808 -723.621
121.313 -722.103
130.693 -720.478
136.68 -719.31
145.996 -717.476
154.773 -715.635
163.096 -713.793
171.228 -711.91
179.737 -709.827
188.373 -707.597
196.349 -705.48
205.065 -703.005
212.894 -700.755
221.01 -698.306
229.395 -695.639
236.932 -693.265
245.617 -690.236
253.631 -687.433
276.783 -678.382
285.629 -674.756
293.665 -671.234
301.156 -667.78
308.444 -664.317
315.731 -660.782
324.274 -656.657
331.133 -653.115
338.913 -649.087
346.402 -645.089
353.703 -641.089
360.474 -637.295
368.54 -632.665
374.769 -629.043
382.661 -624.273
390.191 -619.611
397.274 -615.144
404.056 -610.804
411.941 -605.486
418.862 -600.801
425.974 -595.839
432.645 -591.149
439.291 -586.386
446.415 -581.03
464.953 -566.085
470.782 -561.051
477.389 -555.385
484.309 -549.357
491.154 -543.243
497.645 -537.264
503.251 -531.9
510.126 -525.331
516.366 -519.169
521.798 -513.643
527.557 -507.71
533.359 -501.614
538.584 -496.053
545.789 -488.061
550.715 -482.565
556.241 -476.244
562.199 -469.192
567.609 -462.706
572.615 -456.668
578.064 -449.82
583.441 -442.897
588.737 -435.913
602.438 -416.975
606.752 -410.391
611.504 -403.173
616.72 -395.207
620.844 -388.472
625.3 -381.166
629.985 -373.359
634.185 -366.082
638.395 -358.628
642.583 -351.028
646.245 -344.174
649.955 -337.12
653.949 -329.321
657.992 -321.172
661.723 -313.452
665.032 -306.532
668.709 -298.479
672.012 -291.189
675.674 -282.549
678.97 -274.693
682.649 -265.187
685.208 -259.292
688.44 -250.542
696.802 -226.937
699.471 -218.428
701.899 -210.194
704.079 -202.309
706.333 -194.033
708.508 -185.701
710.613 -177.283
712.573 -168.994
714.342 -161.042
716.223 -152.374
717.902 -144.091
719.482 -135.851
720.979 -127.59
722.392 -119.316
723.718 -111.05
725.006 -102.368
726.129 -94.3824
727.223 -85.7637
728.185 -78.0812
729.103 -69.3987
729.921 -60.7416
730.661 -52.6051
731.291 -43.8932
731.832 -35.2956
732.331 -27.1884
732.698 -18.6187
