731.178 3.57422e-15
731.121 9.18802
730.947 18.3746
730.659 27.5582
730.255 36.7376
729.736 45.9111
729.101 55.0773
728.351 64.2349
727.487 73.3823
726.507 82.5181
725.413 91.6409
724.204 100.749
722.881 109.842
721.443 118.917
719.892 127.973
718.227 137.009
716.449 146.024
714.557 155.015
712.553 163.982
710.436 172.923
708.207 181.837
705.866 190.722
703.414 199.577
700.85 208.4
698.176 217.19
695.392 225.947
692.498 234.667
689.494 243.35
686.382 251.995
683.161 260.601
679.832 269.165
676.396 277.686
672.854 286.164
669.205 294.596
665.45 302.982
661.59 311.321
657.626 319.61
653.557 327.848
649.386 336.035
645.112 344.169
640.736 352.248
636.26 360.272
631.682 368.238
627.005 376.147
622.229 383.996
617.354 391.785
612.382 399.512
607.314 407.175
602.149 414.775
596.89 422.309
591.536 429.776
586.088 437.175
580.549 444.505
574.917 451.766
569.195 458.954
563.383 466.071
557.481 473.113
551.492 480.081
545.416 486.973
539.254 493.789
533.006 500.526
526.674 507.184
520.259 513.762
513.762 520.259
507.184 526.674
500.526 533.006
493.789 539.254
486.973 545.416
480.081 551.492
473.113 557.481
466.071 563.383
458.954 569.195
451.766 574.917
444.505 580.549
437.175 586.088
429.776 591.536
422.309 596.89
414.775 602.149
407.175 607.314
399.512 612.382
391.785 617.354
383.996 622.229
376.147 627.005
368.238 631.682
360.272 636.26
352.248 640.736
344.169 645.112
336.035 649.386
327.848 653.557
319.61 657.626
311.321 661.59
302.982 665.45
294.596 669.205
286.164 672.854
277.686 676.396
269.165 679.832
260.601 683.161
251.995 686.382
243.35 689.494
234.667 692.498
225.947 695.392
217.19 698.176
208.4 700.85
199.577 703.414
190.722 705.866
181.837 708.207
172.923 710.436
163.982 712.553
155.015 714.557
146.024 716.449
137.009 718.227
127.973 719.892
118.917 721.443
109.842 722.881
100.749 724.204
91.6409 725.413
82.5181 726.507
73.3823 727.487
64.2349 728.351
55.0773 729.101
45.9111 729.736
36.7376 730.255
27.5582 730.659
18.3746 730.947
9.18802 731.121
4.48653e-14 731.178
-9.18802 731.121
-18.3746 730.947
-27.5582 730.659
-36.7376 730.255
-45.9111 729.736
-55.0773 729.101
-64.2349 728.351
-73.3823 727.487
-82.5181 726.507
-91.6409 725.413
-100.749 724.204
-109.842 722.881
-118.917 721.443
-127.973 719.892
-137.009 718.227
-146.024 716.449
-155.015 714.557
-163.982 712.553
-172.923 710.436
-181.837 708.207
-190.722 705.866
-199.577 703.414
-208.4 700.85
-217.19 698.176
-225.947 695.392
-234.667 692.498
-243.35 689.494
-251.995 686.382
-260.601 683.161
-269.165 679.832
-277.686 676.396
-286.164 672.854
-294.596 669.205
-302.982 665.45
-311.321 661.59
-319.61 657.626
-327.848 653.557
-336.035 649.386
-344.169 645.112
-352.248 640.736
-360.272 636.26
-368.238 631.682
-376.147 627.005
-383.996 622.229
-391.785 617.354
-399.512 612.382
-407.175 607.314
-414.775 602.149
-422.309 596.89
-429.776 591.536
-437.175 586.088
-444.505 580.549
-451.766 574.917
-458.954 569.195
-466.071 563.383
-473.113 557.481
-480.081 551.492
-486.973 545.416
-493.789 539.254
-500.526 533.006
-507.184 526.674
-513.762 520.259
-520.259 513.762
-526.674 507.184
-533.006 500.526
-539.254 493.789
-545.416 486.973
-551.492 480.081
-557.481 473.113
-563.383 466.071
-569.195 458.954
-574.917 451.766
-580.549 444.505
-586.088 437.175
-591.536 429.776
-596.89 422.309
-602.149 414.775
-607.314 407.175
-612.382 399.512
-617.354 391.785
-622.229 383.996
-627.005 376.147
-631.682 368.238
-636.26 360.272
-640.736 352.248
-645.112 344.169
-649.386 336.035
-653.557 327.848
-657.626 319.61
-661.59 311.321
-665.45 302.982
-669.205 294.596
-672.854 286.164
-676.396 277.686
-679.832 269.165
-683.161 260.601
-686.382 251.995
-689.494 243.35
-692.498 234.667
-695.392 225.947
-698.176 217.19
-700.85 208.4
-703.414 199.577
-705.866 190.722
-708.207 181.837
-710.436 172.923
-712.553 163.982
-714.557 155.015
-716.449 146.024
-718.227 137.009
-719.892 127.973
-721.443 118.917
-722.881 109.842
-724.204 100.749
-725.413 91.6409
-726.507 82.5181
-727.487 73.3823
-728.351 64.2349
-729.101 55.0773
-729.736 45.9111
-730.255 36.7376
-730.659 27.5582
-730.947 18.3746
-731.121 9.18802
-731.178 8.96362e-14
-731.121 -9.18802
-730.947 -18.3746
-730.659 -27.5582
-730.255 -36.7376
-729.736 -45.9111
-729.101 -55.0773
-728.351 -64.2349
-727.487 -73.3823
-726.507 -82.5181
-725.413 -91.6409
-724.204 -100.749
-722.881 -109.842
-721.443 -118.917
-719.892 -127.973
-718.227 -137.009
-716.449 -146.024
-714.557 -155.015
-712.553 -163.982
-710.436 -172.923
-708.207 -181.837
-705.866 -190.722
-703.414 -199.577
-700.85 -208.4
-698.176 -217.19
-695.392 -225.947
-692.498 -234.667
-689.494 -243.35
-686.382 -251.995
-683.161 -260.601
-679.832 -269.165
-676.396 -277.686
-672.854 -286.164
-669.205 -294.596
-665.45 -302.982
-661.59 -311.321
-657.626 -319.61
-653.557 -327.848
-649.386 -336.035
-645.112 -344.169
-640.736 -352.248
-636.26 -360.272
-631.682 -368.238
-627.005 -376.147
-622.229 -383.996
-617.354 -391.785
-612.382 -399.512
-607.314 -407.175
-602.149 -414.775
-596.89 -422.309
-591.536 -429.776
-586.088 -437.175
-580.549 -444.505
-574.917 -451.766
-569.195 -458.954
-563.383 -466.071
-557.481 -473.113
-551.492 -480.081
-545.416 -486.973
-539.254 -493.789
-533.006 -500.526
-526.674 -507.184
-520.259 -513.762
-513.762 -520.259
-507.184 -526.674
-500.526 -533.006
-493.789 -539.254
-486.973 -545.416
-480.081 -551.492
-473.113 -557.481
-466.071 -563.383
-458.954 -569.195
-451.766 -574.917
-444.505 -580.549
-437.175 -586.088
-429.776 -591.536
-422.309 -596.89
-414.775 -602.149
-407.175 -607.314
-399.512 -612.382
-391.785 -617.354
-383.996 -622.229
-376.147 -627.005
-368.238 -631.682
-360.272 -636.26
-352.248 -640.736
-344.169 -645.112
-336.035 -649.386
-327.848 -653.557
-319.61 -657.626
-311.321 -661.59
-302.982 -665.45
-294.596 -669.205
-286.164 -672.854
-277.686 -676.396
-269.165 -679.832
-260.601 -683.161
-251.995 -686.382
-243.35 -689.494
-234.667 -692.498
-225.947 -695.392
-217.19 -698.176
-208.4 -700.85
-199.577 -703.414
-190.722 -705.866
-181.837 -708.207
-172.923 -710.436
-163.982 -712.553
-155.015 -714.557
-146.024 -716.449
-137.009 -718.227
-127.973 -719.892
-118.917 -721.443
-109.842 -722.881
-100.749 -724.204
-91.6409 -725.413
-82.5181 -726.507
-73.3823 -727.487
-64.2349 -728.351
-55.0773 -729.101
-45.9111 -729.736
-36.7376 -730.255
-27.5582 -730.659
-18.3746 -730.947
-9.18802 -731.121
-1.39129e-13 -731.178
9.18802 -731.121
18.3746 -730.947
27.5582 -730.659
36.7376 -730.255
45.9111 -729.736
55.0773 -729.101
64.2349 -728.351
73.3823 -727.487
82.5181 -726.507
91.6409 -725.413
100.749 -724.204
109.842 -722.881
118.917 -721.443
127.973 -719.892
137.009 -718.227
146.024 -716.449
155.015 -714.557
163.982 -712.553
172.923 -710.436
181.837 -708.207
190.722 -705.866
199.577 -703.414
208.4 -700.85
217.19 -698.176
225.947 -695.392
234.667 -692.498
243.35 -689.494
251.995 -686.382
260.601 -683.161
269.165 -679.832
277.686 -676.396
286.164 -672.854
294.596 -669.205
302.982 -665.45
311.321 -661.59
319.61 -657.626
327.848 -653.557
336.035 -649.386
344.169 -645.112
352.248 -640.736
360.272 -636.26
368.238 -631.682
376.147 -627.005
383.996 -622.229
391.785 -617.354
399.512 -612.382
407.175 -607.314
414.775 -602.149
422.309 -596.89
429.776 -591.536
437.175 -586.088
444.505 -580.549
451.766 -574.917
458.954 -569.195
466.071 -563.383
473.113 -557.481
480.081 -551.492
486.973 -545.416
493.789 -539.254
500.526 -533.006
507.184 -526.674
513.762 -520.259
520.259 -513.762
526.674 -507.184
533.006 -500.526
539.254 -493.789
545.416 -486.973
551.492 -480.081
557.481 -473.113
563.383 -466.071
569.195 -458.954
574.917 -451.766
580.549 -444.505
586.088 -437.175
591.536 -429.776
596.89 -422.309
602.149 -414.775
607.314 -407.175
612.382 -399.512
617.354 -391.785
622.229 -383.996
627.005 -376.147
631.682 -368.238
636.26 -360.272
640.736 -352.248
645.112 -344.169
649.386 -336.035
653.557 -327.848
657.626 -319.61
661.59 -311.321
665.45 -302.982
669.205 -294.596
672.854 -286.164
676.396 -277.686
679.832 -269.165
683.161 -260.601
686.382 -251.995
689.494 -243.35
692.498 -234.667
695.392 -225.947
698.176 -217.19
700.85 -208.4
703.414 -199.577
705.866 -190.722
708.207 -181.837
710.436 -172.923
712.553 -163.982
714.557 -155.015
716.449 -146.024
718.227 -137.009
719.892 -127.973
721.443 -118.917
722.881 -109.842
724.204 -100.749
725.413 -91.6409
726.507 -82.5181
727.487 -73.3823
728.351 -64.2349
729.101 -55.0773
729.736 -45.9111
730.255 -36.7376
730.659 -27.5582
730.947 -18.3746
731.121 -9.18802
