730.178 3.63966e-15
730.121 9.17545
729.948 18.3495
729.66 27.5206
729.256 36.6873
728.738 45.8483
728.104 55.002
727.355 64.147
726.492 73.282
725.513 82.4053
724.421 91.5156
723.213 100.611
721.892 109.691
720.457 118.754
718.908 127.798
717.245 136.822
715.469 145.824
713.58 154.803
711.578 163.758
709.464 172.686
707.238 181.588
704.901 190.461
702.452 199.304
699.892 208.115
697.221 216.893
694.441 225.638
691.551 234.346
688.551 243.018
685.443 251.651
682.227 260.244
678.903 268.797
675.471 277.306
671.933 285.773
668.289 294.194
664.54 302.568
660.685 310.895
656.726 319.172
652.664 327.4
648.498 335.575
644.23 343.698
639.86 351.766
635.389 359.779
630.818 367.735
626.147 375.633
621.378 383.471
616.51 391.249
611.545 398.965
606.483 406.619
601.326 414.208
596.073 421.731
590.727 429.188
585.287 436.577
579.755 443.898
574.131 451.148
568.416 458.327
562.612 465.433
556.719 472.466
550.738 479.425
544.67 486.307
538.516 493.113
532.277 499.841
525.954 506.491
519.548 513.06
513.06 519.548
506.491 525.954
499.841 532.277
493.113 538.516
486.307 544.67
479.425 550.738
472.466 556.719
465.433 562.612
458.327 568.416
451.148 574.131
443.898 579.755
436.577 585.287
429.188 590.727
421.731 596.073
414.208 601.326
406.619 606.483
398.965 611.545
391.249 616.51
383.471 621.378
375.633 626.147
367.735 630.818
359.779 635.389
351.766 639.86
343.698 644.23
335.575 648.498
327.4 652.664
319.172 656.726
310.895 660.685
302.568 664.54
294.194 668.289
285.773 671.933
277.306 675.471
268.797 678.903
260.244 682.227
251.651 685.443
243.018 688.551
234.346 691.551
225.638 694.441
216.893 697.221
208.115 699.892
199.304 702.452
190.461 704.901
181.588 707.238
172.686 709.464
163.758 711.578
154.803 713.58
145.824 715.469
136.822 717.245
127.798 718.908
118.754 720.457
109.691 721.892
100.611 723.213
91.5156 724.421
82.4053 725.513
73.282 726.492
64.147 727.355
55.002 728.104
45.8483 728.738
36.6873 729.256
27.5206 729.66
18.3495 729.948
9.17545 730.121
4.48294e-14 730.178
-9.17545 730.121
-18.3495 729.948
-27.5206 729.66
-36.6873 729.256
-45.8483 728.738
-55.002 728.104
-64.147 727.355
-73.282 726.492
-82.4053 725.513
-91.5156 724.421
-100.611 723.213
-109.691 721.892
-118.754 720.457
-127.798 718.908
-136.822 717.245
-145.824 715.469
-154.803 713.58
-163.758 711.578
-172.686 709.464
-181.588 707.238
-190.461 704.901
-199.304 702.452
-208.115 699.892
-216.893 697.221
-225.638 694.441
-234.346 691.551
-243.018 688.551
-251.651 685.443
-260.244 682.227
-268.797 678.903
-277.306 675.471
-285.773 671.933
-294.194 668.289
-302.568 664.54
-310.895 660.685
-319.172 656.726
-327.4 652.664
-335.575 648.498
-343.698 644.23
-351.766 639.86
-359.779 635.389
-367.735 630.818
-375.633 626.147
-383.471 621.378
-391.249 616.51
-398.965 611.545
-406.619 606.483
-414.208 601.326
-421.731 596.073
-429.188 590.727
-436.577 585.287
-443.898 579.755
-451.148 574.131
-458.327 568.416
-465.433 562.612
-472.466 556.719
-479.425 550.738
-486.307 544.67
-493.113 538.516
-499.841 532.277
-506.491 525.954
-513.06 519.548
-519.548 513.06
-525.954 506.491
-532.277 499.841
-538.516 493.113
-544.67 486.307
-550.738 479.425
-556.719 472.466
-562.612 465.433
-568.416 458.327
-574.131 451.148
-579.755 443.898
-585.287 436.577
-590.727 429.188
-596.073 421.731
-601.326 414.208
-606.483 406.619
-611.545 398.965
-616.51 391.249
-621.378 383.471
-626.147 375.633
-630.818 367.735
-635.389 359.779
-639.86 351.766
-644.23 343.698
-648.498 335.575
-652.664 327.4
-656.726 319.172
-660.685 310.895
-664.54 302.568
-668.289 294.194
-671.933 285.773
-675.471 277.306
-678.903 268.797
-682.227 260.244
-685.443 251.651
-688.551 243.018
-691.551 234.346
-694.441 225.638
-697.221 216.893
-699.892 208.115
-702.452 199.304
-704.901 190.461
-707.238 181.588
-709.464 172.686
-711.578 163.758
-713.58 154.803
-715.469 145.824
-717.245 136.822
-718.908 127.798
-720.457 118.754
-721.892 109.691
-723.213 100.611
-724.421 91.5156
-725.513 82.4053
-726.492 73.282
-727.355 64.147
-728.104 55.002
-728.738 45.8483
-729.256 36.6873
-729.66 27.5206
-729.948 18.3495
-730.121 9.17545
-730.178 8.93609e-14
-730.121 -9.17545
-729.948 -18.3495
-729.66 -27.5206
-729.256 -36.6873
-728.738 -45.8483
-728.104 -55.002
-727.355 -64.147
-726.492 -73.282
-725.513 -82.4053
-724.421 -91.5156
-723.213 -100.611
-721.892 -109.691
-720.457 -118.754
-718.908 -127.798
-717.245 -136.822
-715.469 -145.824
-713.58 -154.803
-711.578 -163.758
-709.464 -172.686
-707.238 -181.588
-704.901 -190.461
-702.452 -199.304
-699.892 -208.115
-697.221 -216.893
-694.441 -225.638
-691.551 -234.346
-688.551 -243.018
-685.443 -251.651
-682.227 -260.244
-678.903 -268.797
-675.471 -277.306
-671.933 -285.773
-668.289 -294.194
-664.54 -302.568
-660.685 -310.895
-656.726 -319.172
-652.664 -327.4
-648.498 -335.575
-644.23 -343.698
-639.86 -351.766
-635.389 -359.779
-630.818 -367.735
-626.147 -375.633
-621.378 -383.471
-616.51 -391.249
-611.545 -398.965
-606.483 -406.619
-601.326 -414.208
-596.073 -421.731
-590.727 -429.188
-585.287 -436.577
-579.755 -443.898
-574.131 -451.148
-568.416 -458.327
-562.612 -465.433
-556.719 -472.466
-550.738 -479.425
-544.67 -486.307
-538.516 -493.113
-532.277 -499.841
-525.954 -506.491
-519.548 -513.06
-513.06 -519.548
-506.491 -525.954
-499.841 -532.277
-493.113 -538.516
-486.307 -544.67
-479.425 -550.738
-472.466 -556.719
-465.433 -562.612
-458.327 -568.416
-451.148 -574.131
-443.898 -579.755
-436.577 -585.287
-429.188 -590.727
-421.731 -596.073
-414.208 -601.326
-406.619 -606.483
-398.965 -611.545
-391.249 -616.51
-383.471 -621.378
-375.633 -626.147
-367.735 -630.818
-359.779 -635.389
-351.766 -639.86
-343.698 -644.23
-335.575 -648.498
-327.4 -652.664
-319.172 -656.726
-310.895 -660.685
-302.568 -664.54
-294.194 -668.289
-285.773 -671.933
-277.306 -675.471
-268.797 -678.903
-260.244 -682.227
-251.651 -685.443
-243.018 -688.551
-234.346 -691.551
-225.638 -694.441
-216.893 -697.221
-208.115 -699.892
-199.304 -702.452
-190.461 -704.901
-181.588 -707.238
-172.686 -709.464
-163.758 -711.578
-154.803 -713.58
-145.824 -715.469
-136.822 -717.245
-127.798 -718.908
-118.754 -720.457
-109.691 -721.892
-100.611 -723.213
-91.5156 -724.421
-82.4053 -725.513
-73.282 -726.492
-64.147 -727.355
-55.002 -728.104
-45.8483 -728.738
-36.6873 -729.256
-27.5206 -729.66
-18.3495 -729.948
-9.17545 -730.121
-1.39082e-13 -730.178
9.17545 -730.121
18.3495 -729.948
27.5206 -729.66
36.6873 -729.256
45.8483 -728.738
55.002 -728.104
64.147 -727.355
73.282 -726.492
82.4053 -725.513
91.5156 -724.421
100.611 -723.213
109.691 -721.892
118.754 -720.457
127.798 -718.908
136.822 -717.245
145.824 -715.469
154.803 -713.58
163.758 -711.578
172.686 -709.464
181.588 -707.238
190.461 -704.901
199.304 -702.452
208.115 -699.892
216.893 -697.221
225.638 -694.441
234.346 -691.551
243.018 -688.551
251.651 -685.443
260.244 -682.227
268.797 -678.903
277.306 -675.471
285.773 -671.933
294.194 -668.289
302.568 -664.54
310.895 -660.685
319.172 -656.726
327.4 -652.664
335.575 -648.498
343.698 -644.23
351.766 -639.86
359.779 -635.389
367.735 -630.818
375.633 -626.147
383.471 -621.378
391.249 -616.51
398.965 -611.545
406.619 -606.483
414.208 -601.326
421.731 -596.073
429.188 -590.727
436.577 -585.287
443.898 -579.755
451.148 -574.131
458.327 -568.416
465.433 -562.612
472.466 -556.719
479.425 -550.738
486.307 -544.67
493.113 -538.516
499.841 -532.277
506.491 -525.954
513.06 -519.548
519.548 -513.06
525.954 -506.491
532.277 -499.841
538.516 -493.113
544.67 -486.307
550.738 -479.425
556.719 -472.466
562.612 -465.433
568.416 -458.327
574.131 -451.148
579.755 -443.898
585.287 -436.577
590.727 -429.188
596.073 -421.731
601.326 -414.208
606.483 -406.619
611.545 -398.965
616.51 -391.249
621.378 -383.471
626.147 -375.633
630.818 -367.735
635.389 -359.779
639.86 -351.766
644.23 -343.698
648.498 -335.575
652.664 -327.4
656.726 -319.172
660.685 -310.895
664.54 -302.568
668.289 -294.194
671.933 -285.773
675.471 -277.306
678.903 -268.797
682.227 -260.244
685.443 -251.651
688.551 -243.018
691.551 -234.346
694.441 -225.638
697.221 -216.893
699.892 -208.115
702.452 -199.304
704.901 -190.461
707.238 -181.588
709.464 -172.686
711.578 -163.758
713.58 -154.803
715.469 -145.824
717.245 -136.822
718.908 -127.798
720.457 -118.754
721.892 -109.691
723.213 -100.611
724.421 -91.5156
725.513 -82.4053
726.492 -73.282
727.355 -64.147
728.104 -55.002
728.738 -45.8483
729.256 -36.6873
729.66 -27.5206
729.948 -18.3495
730.121 -9.17545
