729.694 8.29377
729.5 17.1697
729.162 25.6041
728.681 33.022
728.202 41.9567
727.616 50.9788
726.918 59.7753
726.116 68.5084
725.235 76.7073
724.204 85.9794
723.233 93.1206
722.087 101.515
720.893 109.612
719.619 117.724
718.148 126.422
716.88 133.746
715.177 142.608
713.596 150.607
711.767 159.161
709.74 167.999
708.186 175.142
705.891 184.132
704.051 191.671
701.675 200.297
699.537 208.15
691.114 235.076
688.293 242.735
685.319 250.753
682.238 258.813
679.096 266.726
675.704 275.19
672.899 281.384
669.319 289.791
665.539 298.42
662.139 305.693
658.569 313.201
654.926 320.667
651.481 327.535
647.278 335.767
643.774 342.441
639.639 350.121
635.645 357.373
631.699 364.403
627.336 371.918
622.751 379.575
618.606 386.454
613.737 394.15
609.433 400.963
604.985 407.839
600.484 414.663
595.011 422.408
590.349 429.134
585.512 435.928
568.224 458.046
562.601 464.857
557.431 470.773
551.779 477.289
546.99 482.464
540.454 489.863
535.035 495.63
528.755 502.326
523.386 507.796
517.738 513.496
511.814 519.379
505.11 525.905
499.928 530.835
492.627 537.606
486.474 543.194
480.78 548.301
474.788 553.579
467.878 559.44
461.829 564.562
454.203 570.655
448.313 575.466
441.066 581.043
434.551 586.059
427.605 591.222
420.434 596.394
400.634 609.705
393.679 614.103
386.184 618.809
379.359 622.903
372.034 627.257
365.184 631.198
356.982 635.886
349.236 640.158
342.034 644
334.715 647.819
327.492 651.502
318.513 655.935
311.802 659.171
303.976 662.832
296.361 666.306
288.346 669.835
280.586 673.167
273.047 676.337
264.939 679.593
255.957 682.987
248.382 685.878
225.158 694.34
217.354 696.66
209.295 699.015
200.323 701.663
192.378 703.761
185.328 705.453
175.855 707.931
167.889 709.776
159.216 711.75
149.22 714.003
143.019 715.075
134.055 716.808
125.837 718.266
118.06 719.56
109.473 720.914
100.892 722.166
93.2119 723.224
84.3833 724.316
76.1506 725.264
67.7338 726.137
59.7138 726.917
51.1836 727.618
42.6141 728.224
34.3833 728.756
25.4002 729.144
17.1857 729.502
7.79052 729.634
-0.875666 729.742
-9.45285 729.765
-37.5648 729.042
-45.5325 728.403
-53.9012 727.722
-63.4551 727.007
-71.2936 726.114
-79.3702 725.161
-88.4911 724.106
-96.0514 723.005
-104.243 721.807
-111.3 720.66
-121.853 719.015
-129.527 717.613
-136.829 716.226
-145.555 714.503
-153.42 712.868
-162.187 710.929
-170.046 709.126
-178.173 707.166
-186.454 705.066
-194.319 703.017
-203.581 700.353
-211.515 698.075
-220.033 695.461
-227.121 693.38
-235.757 690.5
-245.134 687.129
-252.06 684.872
-260.826 681.551
-283.263 672.31
-291.515 668.751
-298.128 665.643
-307.193 661.578
-314.986 657.854
-322.695 654.059
-329.721 650.459
-337.273 646.542
-344.922 642.474
-352.646 638.256
-359.72 634.276
-367.516 629.789
-374.102 625.912
-382.407 620.863
-388.673 617.013
-396.051 612.325
-402.742 608.028
-409.422 603.659
-417.216 598.268
-423.911 593.657
-431.26 588.352
-437.567 583.878
-458.144 568.167
-464.638 562.736
-471.058 557.247
-477.411 551.696
-483.74 546.054
-490.006 540.347
-496.2 534.581
-502.319 528.762
-508.351 522.899
-514.294 516.999
-520.157 511.057
-525.934 505.081
-531.667 499.031
-537.318 492.947
-542.929 486.782
-548.46 480.583
-553.948 474.305
-559.372 467.971
-564.742 461.569
-570.049 455.109
-575.287 448.6
-580.484 441.997
-585.613 435.338
-590.694 428.586
-595.74 421.709
-611.134 398.968
-616.297 391.029
-620.297 384.293
-625.289 376.2
-629.517 368.895
-633.383 361.94
-637.652 354.282
-641.797 346.628
-645.701 339.166
-649.067 332.451
-652.645 325.269
-656.532 317.328
-660.301 309.388
-663.929 301.507
-667.421 293.685
-670.565 286.461
-673.684 279.138
-677.275 270.27
-679.98 263.663
-683.291 254.927
-685.962 248.061
-688.886 239.99
-691.982 230.731
-694.573 223.217
-697.02 216.191
-699.635 207.739
-702.176 199.035
-704.568 190.665
-711.61 162.864
-713.394 154.434
-714.999 146.22
-716.421 138.295
-718.345 128.517
-719.871 119.585
-720.929 111.897
-721.907 104.335
-723.262 94.8044
-724.233 86.4938
-725.093 78.3168
-725.84 70.3766
-726.701 60.9913
-727.251 53.2844
-727.848 44.3224
-728.273 36.3406
-728.634 28.3088
-728.928 20.2871
-729.131 11.4121
-729.273 3.53729
-729.293 -5.14725
-729.178 -14.2162
-728.866 -24.1902
-728.771 -31.0742
-728.557 -38.7579
-728.05 -47.706
-727.292 -57.3694
-726.913 -64.6833
-726.248 -73.0011
-725.537 -81.1833
-724.668 -89.619
-720.151 -118.588
-718.6 -127.795
-716.99 -135.676
-715.282 -143.942
-713.423 -152.852
-711.636 -160.184
-709.674 -168.394
-707.547 -177.032
-705.227 -186.123
-703.143 -193.458
-701.064 -200.607
-698.243 -210.332
-695.915 -217.767
-693.107 -226.548
-690.763 -233.562
-687.795 -242.165
-685.073 -249.813
-681.92 -258.305
-679.646 -264.565
-675.795 -274.077
-672.604 -281.92
-669.256 -289.869
-666.332 -296.858
-662.136 -305.926
-659.476 -312.19
-654.819 -321.521
-652.359 -327.3
-647.709 -336.151
-643.986 -343.512
-631.232 -365.925
-626.858 -373.217
-622.433 -380.406
-617.946 -387.52
-613.39 -394.581
-608.979 -401.216
-604.456 -407.912
-599.338 -415.389
-594.907 -421.654
-589.688 -428.919
-584.688 -435.71
-579.489 -442.61
-574.491 -449.112
-569.043 -456.014
-564.003 -462.311
-558.395 -469.101
-552.591 -475.942
-547.298 -482.13
-541.958 -488.261
-535.67 -495.131
-530.181 -501.157
-515.95 -515.472
-509.142 -522.241
-503.866 -527.171
-496.898 -533.773
-491.502 -538.652
-483.674 -545.753
-477.703 -550.931
-471.554 -556.183
-465.01 -561.665
-458.381 -567.095
-450.733 -573.186
-444.931 -577.743
-438.667 -582.581
-431.862 -587.692
-425.386 -592.496
-417.817 -597.848
-398.522 -611.53
-391.2 -616.145
-383.99 -620.543
-376.465 -625.077
-369.52 -629.045
-361.923 -633.396
-354.659 -637.395
-347.238 -641.399
-340.047 -645.158
-332.38 -649.109
-324.668 -652.973
-317.29 -656.552
-310.361 -659.832
-302.027 -663.688
-294.429 -667.098
-286.797 -670.431
-279.15 -673.68
-271.085 -676.986
-263.729 -679.96
-255.612 -683.087
-248.18 -685.931
-239.96 -688.894
-232.01 -691.695
-223.948 -694.43
-215.823 -697.083
-208.114 -699.583
-199.931 -702.067
-173.699 -708.729
-166.051 -710.393
-156.664 -712.577
-148.978 -714.078
-141.291 -715.524
-132.395 -717.215
-124.185 -718.628
-115.159 -720.129
-108.549 -721.062
-98.8077 -722.477
-89.8176 -723.647
-82.111 -724.542
-73.0166 -725.515
-65.116 -726.275
-57.002 -726.983
-48.7724 -727.619
-40.2283 -728.174
-32.0544 -728.645
-22.5798 -728.978
-13.9524 -729.234
-5.48507 -729.405
3.33617 -729.45
11.4161 -729.481
20.1258 -729.347
45.0765 -728.366
54.0685 -727.732
61.5398 -726.935
71.1142 -726.111
79.693 -725.16
88.0641 -724.117
95.9667 -723.01
104.659 -721.775
111.408 -720.647
120.894 -719.133
130.249 -717.511
136.058 -716.376
145.372 -714.541
154.109 -712.709
162.372 -710.882
170.444 -709.014
178.924 -706.939
187.491 -704.73
195.399 -702.634
204.062 -700.178
211.806 -697.96
219.854 -695.538
228.186 -692.893
235.638 -690.558
244.283 -687.55
252.229 -684.78
275.984 -675.49
284.806 -671.871
292.808 -668.359
300.22 -664.93
307.42 -661.497
314.631 -657.991
323.144 -653.877
329.912 -650.375
337.639 -646.371
345.064 -642.404
352.293 -638.441
358.972 -634.698
367.01 -630.084
373.132 -626.529
380.988 -621.783
388.488 -617.141
395.532 -612.701
402.235 -608.42
410.093 -603.123
416.949 -598.49
424.012 -593.57
430.616 -588.939
437.203 -584.231
444.285 -578.917
463.306 -563.578
469.04 -558.608
475.595 -552.98
482.468 -546.989
489.285 -540.896
495.751 -534.938
501.288 -529.631
508.141 -523.082
514.338 -516.959
519.698 -511.501
525.4 -505.625
531.15 -499.585
536.315 -494.09
543.525 -486.093
548.375 -480.688
553.86 -474.419
559.806 -467.383
565.181 -460.944
570.147 -454.962
575.552 -448.181
580.891 -441.317
586.155 -434.387
600.205 -414.971
604.452 -408.465
609.163 -401.297
614.364 -393.35
618.426 -386.697
622.839 -379.451
627.493 -371.688
631.668 -364.45
635.85 -357.04
640.006 -349.492
643.619 -342.724
647.284 -335.755
651.252 -328.007
655.276 -319.897
658.977 -312.243
662.247 -305.419
665.903 -297.416
669.174 -290.216
672.828 -281.601
676.1 -273.82
679.78 -264.312
682.297 -258.569
685.521 -249.847
694.12 -225.592
696.765 -217.133
699.163 -208.963
701.307 -201.161
703.535 -192.949
705.687 -184.68
707.77 -176.324
709.707 -168.106
711.451 -160.243
713.316 -151.632
714.983 -143.398
716.551 -135.209
718.033 -127.023
719.433 -118.824
720.747 -110.633
722.028 -102.009
723.141 -94.1127
724.23 -85.5565
725.187 -77.9802
726.103 -69.3589
726.921 -60.7626
727.663 -52.7137
728.296 -44.0612
728.841 -35.5303
729.349 -27.5132
729.721 -18.9874
