728.701 8.41115
728.505 17.2692
728.165 25.6794
727.682 33.057
727.202 41.9749
726.616 50.9816
725.918 59.7589
725.116 68.4722
724.236 76.6516
723.206 85.9224
722.238 93.0207
721.094 101.392
719.904 109.462
718.635 117.547
717.167 126.227
715.906 133.522
714.208 142.362
712.632 150.342
710.808 158.877
708.786 167.703
707.242 174.813
704.948 183.799
703.121 191.304
700.755 199.907
698.625 207.74
690.129 234.905
687.314 242.535
684.344 250.53
681.267 258.575
678.133 266.458
674.742 274.917
671.949 281.072
668.376 289.458
664.598 298.08
661.206 305.333
657.648 312.809
654.013 320.259
650.582 327.096
646.384 335.317
642.898 341.959
638.772 349.622
634.791 356.853
630.86 363.857
626.509 371.355
621.933 378.999
617.805 385.854
612.949 393.534
608.66 400.329
604.229 407.185
599.737 413.999
594.27 421.737
589.624 428.446
584.812 435.215
567.364 457.535
561.75 464.331
556.599 470.219
550.958 476.718
546.191 481.863
539.661 489.254
534.261 494.997
527.989 501.683
522.643 507.127
517.015 512.805
511.103 518.675
504.411 525.19
499.255 530.096
491.96 536.862
485.825 542.432
480.153 547.522
474.179 552.786
467.286 558.634
461.269 563.733
453.646 569.825
447.779 574.621
440.551 580.186
434.052 585.192
427.125 590.345
419.964 595.512
400 608.931
393.062 613.317
385.573 618.017
378.774 622.092
371.468 626.433
364.644 630.356
356.449 635.039
348.718 639.302
341.539 643.131
334.244 646.937
327.046 650.607
318.066 655.041
311.389 658.26
303.582 661.913
295.99 665.377
288 668.897
280.254 672.224
272.748 675.383
264.651 678.635
255.689 682.024
248.135 684.909
224.71 693.446
216.934 695.753
208.891 698.1
199.939 700.74
192.013 702.83
184.997 704.51
175.518 706.99
167.578 708.825
158.921 710.795
148.935 713.045
142.774 714.105
133.83 715.833
125.636 717.286
117.891 718.575
109.323 719.925
100.761 721.175
93.1148 722.229
84.3022 723.319
76.0953 724.265
67.7016 725.137
59.7112 725.917
51.2026 726.618
42.6541 727.225
34.4416 727.758
25.4731 728.147
17.2787 728.506
7.88579 728.638
-0.758257 728.749
-9.31187 728.775
-37.6617 728.047
-45.5965 727.405
-53.9385 726.723
-63.4928 726.008
-71.3066 725.114
-79.3633 724.161
-88.4724 723.106
-95.9968 722.006
-104.162 720.81
-111.184 719.667
-121.741 718.021
-129.382 716.624
-136.644 715.243
-145.355 713.524
-153.191 711.894
-161.943 709.959
-169.774 708.163
-177.877 706.211
-186.136 704.118
-193.975 702.078
-203.225 699.419
-211.135 697.15
-219.639 694.542
-226.704 692.471
-235.334 689.594
-244.709 686.224
-251.603 683.982
-260.351 680.671
-282.971 671.353
-291.215 667.797
-297.788 664.702
-306.854 660.637
-314.627 656.92
-322.317 653.133
-329.314 649.546
-336.846 645.638
-344.476 641.579
-352.184 637.369
-359.233 633.402
-367.017 628.923
-373.572 625.064
-381.874 620.017
-388.107 616.189
-395.469 611.512
-402.135 607.233
-408.797 602.879
-416.579 597.497
-423.252 592.905
-430.59 587.61
-436.875 583.156
-457.633 567.308
-464.107 561.888
-470.507 556.412
-476.847 550.87
-483.161 545.239
-489.407 539.546
-495.582 533.795
-501.681 527.992
-507.694 522.145
-513.619 516.262
-519.469 510.332
-525.222 504.379
-530.943 498.341
-536.577 492.276
-542.171 486.13
-547.687 479.949
-553.158 473.691
-558.567 467.378
-563.922 460.996
-569.216 454.556
-574.441 448.068
-579.624 441.485
-584.742 434.847
-589.812 428.116
-594.844 421.266
-610.372 398.321
-615.529 390.389
-619.506 383.68
-624.498 375.588
-628.716 368.295
-632.569 361.359
-636.828 353.717
-640.965 346.072
-644.86 338.625
-648.205 331.944
-651.768 324.789
-655.647 316.863
-659.407 308.941
-663.025 301.078
-666.506 293.283
-669.64 286.082
-672.748 278.787
-676.337 269.924
-679.028 263.359
-682.336 254.631
-684.995 247.804
-687.915 239.753
-691.009 230.497
-693.593 223.014
-696.034 216.027
-698.645 207.592
-701.185 198.902
-703.575 190.551
-710.68 162.495
-712.456 154.087
-714.052 145.899
-715.467 137.997
-717.393 128.212
-718.914 119.293
-719.963 111.639
-720.932 104.113
-722.286 94.5875
-723.252 86.3007
-724.107 78.1505
-724.849 70.2406
-725.71 60.8633
-726.256 53.1906
-726.851 44.2437
-727.275 36.292
-727.635 28.2898
-727.928 20.2899
-728.131 11.4244
-728.274 3.58316
-728.295 -5.08019
-728.182 -14.1338
-727.87 -24.1066
-727.78 -30.9425
-727.571 -38.5903
-727.067 -47.522
-726.31 -57.18
-725.938 -64.46
-725.278 -72.7597
-724.574 -80.9154
-723.711 -89.3286
-719.152 -118.572
-717.601 -127.761
-715.992 -135.62
-714.286 -143.855
-712.428 -152.752
-710.646 -160.046
-708.685 -168.241
-706.562 -176.855
-704.245 -185.938
-702.168 -193.238
-700.096 -200.356
-697.276 -210.076
-694.955 -217.487
-692.149 -226.263
-689.815 -233.246
-686.851 -241.834
-684.14 -249.454
-680.993 -257.93
-678.739 -264.142
-674.888 -273.656
-671.707 -281.477
-668.366 -289.414
-665.46 -296.369
-661.263 -305.438
-658.624 -311.667
-653.967 -320.997
-651.534 -326.735
-646.884 -335.586
-643.176 -342.925
-630.316 -365.524
-625.948 -372.802
-621.533 -379.969
-617.058 -387.062
-612.513 -394.101
-608.117 -400.71
-603.609 -407.381
-598.499 -414.846
-594.083 -421.088
-588.869 -428.346
-583.884 -435.116
-578.697 -441.999
-573.717 -448.479
-568.281 -455.366
-563.261 -461.64
-557.665 -468.417
-551.873 -475.246
-546.606 -481.407
-541.281 -487.525
-535.003 -494.386
-529.536 -500.392
-515.195 -514.817
-508.391 -521.582
-503.144 -526.48
-496.179 -533.078
-490.813 -537.928
-482.978 -545.035
-477.03 -550.192
-470.902 -555.424
-464.376 -560.891
-457.764 -566.308
-450.117 -572.398
-444.348 -576.931
-438.11 -581.751
-431.317 -586.853
-424.859 -591.646
-417.301 -596.992
-397.858 -610.782
-390.552 -615.383
-383.361 -619.766
-375.851 -624.288
-368.93 -628.237
-361.348 -632.578
-354.105 -636.562
-346.704 -640.553
-339.538 -644.298
-331.89 -648.237
-324.197 -652.091
-316.844 -655.657
-309.948 -658.921
-301.62 -662.774
-294.038 -666.177
-286.429 -669.501
-278.799 -672.744
-270.759 -676.041
-263.427 -679.007
-255.328 -682.129
-247.925 -684.964
-239.723 -687.922
-231.782 -690.722
-223.744 -693.451
-215.642 -696.1
-207.97 -698.594
-199.803 -701.075
-173.346 -707.793
-165.729 -709.447
-156.347 -711.628
-148.692 -713.12
-141.038 -714.557
-132.155 -716.245
-123.969 -717.652
-114.955 -719.15
-108.387 -720.076
-98.6477 -721.49
-89.6796 -722.657
-81.9996 -723.548
-72.9266 -724.519
-65.0582 -725.277
-56.9736 -725.983
-48.7643 -726.619
-40.2266 -727.174
-32.0652 -727.645
-22.6073 -727.978
-14.0016 -728.235
-5.55834 -728.408
3.24468 -728.454
11.2946 -728.489
19.9849 -728.357
45.1427 -727.368
54.1198 -726.734
61.5533 -725.935
71.1223 -725.111
79.6806 -724.16
88.0281 -723.117
95.8997 -722.012
104.573 -720.779
111.282 -719.655
120.754 -718.142
130.101 -716.522
135.856 -715.396
145.162 -713.564
153.891 -711.734
162.131 -709.912
170.185 -708.048
178.654 -705.976
187.202 -703.773
195.083 -701.685
203.731 -699.234
211.446 -697.027
219.471 -694.614
227.785 -691.977
235.207 -689.656
243.84 -686.653
251.765 -683.895
275.718 -674.526
284.531 -670.909
292.523 -667.401
299.916 -663.977
307.086 -660.554
314.269 -657.059
322.775 -652.948
329.51 -649.459
337.219 -645.463
344.623 -641.507
351.828 -637.555
358.476 -633.83
366.504 -629.222
372.589 -625.69
380.435 -620.95
387.927 -616.314
394.956 -611.884
401.632 -607.622
409.483 -602.331
416.317 -597.715
423.364 -592.808
429.945 -588.198
436.511 -583.51
443.581 -578.208
462.755 -562.743
468.458 -557.795
474.995 -552.18
481.856 -546.198
488.662 -540.114
495.12 -534.162
500.635 -528.873
507.483 -522.329
513.666 -516.219
519 -510.785
524.682 -504.929
530.415 -498.907
535.556 -493.44
542.773 -485.433
547.597 -480.06
553.066 -473.811
559.01 -466.778
564.375 -460.352
569.32 -454.4
574.713 -447.637
580.041 -440.791
585.294 -433.878
599.456 -414.308
603.685 -407.823
608.382 -400.672
613.574 -392.737
617.619 -386.105
622.014 -378.886
626.66 -371.135
630.825 -363.912
634.999 -356.514
639.144 -348.985
642.74 -342.247
646.39 -335.307
650.35 -327.576
654.368 -319.479
658.06 -311.846
661.318 -305.047
664.965 -297.069
668.229 -289.891
671.876 -281.293
675.144 -273.526
678.822 -264.023
681.326 -258.327
684.548 -249.616
693.226 -225.144
695.862 -216.702
698.251 -208.553
700.38 -200.785
702.603 -192.588
704.747 -184.34
706.822 -176.005
708.752 -167.81
710.487 -159.976
712.345 -151.392
714.01 -143.168
715.573 -135.002
717.051 -126.834
718.446 -118.66
719.757 -110.494
721.034 -101.897
722.146 -94.0227
723.233 -85.4874
724.187 -77.9464
725.103 -69.3455
725.921 -60.7694
726.664 -52.7497
727.298 -44.117
727.844 -35.6083
728.355 -27.6211
728.729 -19.11
