727.178 3.73109e-15
727.121 9.13775
726.949 18.2741
726.662 27.4075
726.26 36.5366
725.743 45.6599
725.112 54.776
724.367 63.8835
723.507 72.9809
722.533 82.0667
721.444 91.1396
720.242 100.198
718.926 109.241
717.497 118.266
715.954 127.273
714.298 136.26
712.529 145.225
710.648 154.167
708.655 163.085
706.55 171.977
704.333 180.842
702.005 189.678
699.566 198.485
697.016 207.26
694.357 216.002
691.588 224.71
688.709 233.383
685.722 242.019
682.627 250.617
679.424 259.175
676.113 267.692
672.696 276.167
669.173 284.598
665.544 292.985
661.809 301.325
657.971 309.617
654.028 317.861
649.982 326.055
645.834 334.197
641.583 342.286
637.231 350.321
632.779 358.301
628.226 366.224
623.575 374.089
618.825 381.896
613.977 389.642
609.032 397.326
603.991 404.948
598.855 412.506
593.624 419.998
588.3 427.425
582.882 434.784
577.373 442.074
571.772 449.294
566.081 456.444
560.301 463.521
554.432 470.525
548.475 477.455
542.432 484.309
536.304 491.087
530.09 497.788
523.793 504.41
517.413 510.952
510.952 517.413
504.41 523.793
497.788 530.09
491.087 536.304
484.309 542.432
477.455 548.475
470.525 554.432
463.521 560.301
456.444 566.081
449.294 571.772
442.074 577.373
434.784 582.882
427.425 588.3
419.998 593.624
412.506 598.855
404.948 603.991
397.326 609.032
389.642 613.977
381.896 618.825
374.089 623.575
366.224 628.226
358.301 632.779
350.321 637.231
342.286 641.583
334.197 645.834
326.055 649.982
317.861 654.028
309.617 657.971
301.325 661.809
292.985 665.544
284.598 669.173
276.167 672.696
267.692 676.113
259.175 679.424
250.617 682.627
242.019 685.722
233.383 688.709
224.71 691.588
216.002 694.357
207.26 697.016
198.485 699.566
189.678 702.005
180.842 704.333
171.977 706.55
163.085 708.655
154.167 710.648
145.225 712.529
136.26 714.298
127.273 715.954
118.266 717.497
109.241 718.926
100.198 720.242
91.1396 721.444
82.0667 722.533
72.9809 723.507
63.8835 724.367
54.776 725.112
45.6599 725.743
36.5366 726.26
27.4075 726.662
18.2741 726.949
9.13775 727.121
4.46173e-14 727.178
-9.13775 727.121
-18.2741 726.949
-27.4075 726.662
-36.5366 726.26
-45.6599 725.743
-54.776 725.112
-63.8835 724.367
-72.9809 723.507
-82.0667 722.533
-91.1396 721.444
-100.198 720.242
-109.241 718.926
-118.266 717.497
-127.273 715.954
-136.26 714.298
-145.225 712.529
-154.167 710.648
-163.085 708.655
-171.977 706.55
-180.842 704.333
-189.678 702.005
-198.485 699.566
-207.26 697.016
-216.002 694.357
-224.71 691.588
-233.383 688.709
-242.019 685.722
-250.617 682.627
-259.175 679.424
-267.692 676.113
-276.167 672.696
-284.598 669.173
-292.985 665.544
-301.325 661.809
-309.617 657.971
-317.861 654.028
-326.055 649.982
-334.197 645.834
-342.286 641.583
-350.321 637.231
-358.301 632.779
-366.224 628.226
-374.089 623.575
-381.896 618.825
-389.642 613.977
-397.326 609.032
-404.948 603.991
-412.506 598.855
-419.998 593.624
-427.425 588.3
-434.784 582.882
-442.074 577.373
-449.294 571.772
-456.444 566.081
-463.521 560.301
-470.525 554.432
-477.455 548.475
-484.309 542.432
-491.087 536.304
-497.788 530.09
-504.41 523.793
-510.952 517.413
-517.413 510.952
-523.793 504.41
-530.09 497.788
-536.304 491.087
-542.432 484.309
-548.475 477.455
-554.432 470.525
-560.301 463.521
-566.081 456.444
-571.772 449.294
-577.373 442.074
-582.882 434.784
-588.3 427.425
-593.624 419.998
-598.855 412.506
-603.991 404.948
-609.032 397.326
-613.977 389.642
-618.825 381.896
-623.575 374.089
-628.226 366.224
-632.779 358.301
-637.231 350.321
-641.583 342.286
-645.834 334.197
-649.982 326.055
-654.028 317.861
-657.971 309.617
-661.809 301.325
-665.544 292.985
-669.173 284.598
-672.696 276.167
-676.113 267.692
-679.424 259.175
-682.627 250.617
-685.722 242.019
-688.709 233.383
-691.588 224.71
-694.357 216.002
-697.016 207.26
-699.566 198.485
-702.005 189.678
-704.333 180.842
-706.55 171.977
-708.655 163.085
-710.648 154.167
-712.529 145.225
-714.298 136.26
-715.954 127.273
-717.497 118.266
-718.926 109.241
-720.242 100.198
-721.444 91.1396
-722.533 82.0667
-723.507 72.9809
-724.367 63.8835
-725.112 54.776
-725.743 45.6599
-726.26 36.5366
-726.662 27.4075
-726.949 18.2741
-727.121 9.13775
-727.178 8.92031e-14
-727.121 -9.13775
-726.949 -18.2741
-726.662 -27.4075
-726.26 -36.5366
-725.743 -45.6599
-725.112 -54.776
-724.367 -63.8835
-723.507 -72.9809
-722.533 -82.0667
-721.444 -91.1396
-720.242 -100.198
-718.926 -109.241
-717.497 -118.266
-715.954 -127.273
-714.298 -136.26
-712.529 -145.225
-710.648 -154.167
-708.655 -163.085
-706.55 -171.977
-704.333 -180.842
-702.005 -189.678
-699.566 -198.485
-697.016 -207.26
-694.357 -216.002
-691.588 -224.71
-688.709 -233.383
-685.722 -242.019
-682.627 -250.617
-679.424 -259.175
-676.113 -267.692
-672.696 -276.167
-669.173 -284.598
-665.544 -292.985
-661.809 -301.325
-657.971 -309.617
-654.028 -317.861
-649.982 -326.055
-645.834 -334.197
-641.583 -342.286
-637.231 -350.321
-632.779 -358.301
-628.226 -366.224
-623.575 -374.089
-618.825 -381.896
-613.977 -389.642
-609.032 -397.326
-603.991 -404.948
-598.855 -412.506
-593.624 -419.998
-588.3 -427.425
-582.882 -434.784
-577.373 -442.074
-571.772 -449.294
-566.081 -456.444
-560.301 -463.521
-554.432 -470.525
-548.475 -477.455
-542.432 -484.309
-536.304 -491.087
-530.09 -497.788
-523.793 -504.41
-517.413 -510.952
-510.952 -517.413
-504.41 -523.793
-497.788 -530.09
-491.087 -536.304
-484.309 -542.432
-477.455 -548.475
-470.525 -554.432
-463.521 -560.301
-456.444 -566.081
-449.294 -571.772
-442.074 -577.373
-434.784 -582.882
-427.425 -588.3
-419.998 -593.624
-412.506 -598.855
-404.948 -603.991
-397.326 -609.032
-389.642 -613.977
-381.896 -618.825
-374.089 -623.575
-366.224 -628.226
-358.301 -632.779
-350.321 -637.231
-342.286 -641.583
-334.197 -645.834
-326.055 -649.982
-317.861 -654.028
-309.617 -657.971
-301.325 -661.809
-292.985 -665.544
-284.598 -669.173
-276.167 -672.696
-267.692 -676.113
-259.175 -679.424
-250.617 -682.627
-242.019 -685.722
-233.383 -688.709
-224.71 -691.588
-216.002 -694.357
-207.26 -697.016
-198.485 -699.566
-189.678 -702.005
-180.842 -704.333
-171.977 -706.55
-163.085 -708.655
-154.167 -710.648
-145.225 -712.529
-136.26 -714.298
-127.273 -715.954
-118.266 -717.497
-109.241 -718.926
-100.198 -720.242
-91.1396 -721.444
-82.0667 -722.533
-72.9809 -723.507
-63.8835 -724.367
-54.776 -725.112
-45.6599 -725.743
-36.5366 -726.26
-27.4075 -726.662
-18.2741 -726.949
-9.13775 -727.121
-1.38761e-13 -727.178
9.13775 -727.121
18.2741 -726.949
27.4075 -726.662
36.5366 -726.26
45.6599 -725.743
54.776 -725.112
63.8835 -724.367
72.9809 -723.507
82.0667 -722.533
91.1396 -721.444
100.198 -720.242
109.241 -718.926
118.266 -717.497
127.273 -715.954
136.26 -714.298
145.225 -712.529
154.167 -710.648
163.085 -708.655
171.977 -706.55
180.842 -704.333
189.678 -702.005
198.485 -699.566
207.26 -697.016
216.002 -694.357
224.71 -691.588
233.383 -688.709
242.019 -685.722
250.617 -682.627
259.175 -679.424
267.692 -676.113
276.167 -672.696
284.598 -669.173
292.985 -665.544
301.325 -661.809
309.617 -657.971
317.861 -654.028
326.055 -649.982
334.197 -645.834
342.286 -641.583
350.321 -637.231
358.301 -632.779
366.224 -628.226
374.089 -623.575
381.896 -618.825
389.642 -613.977
397.326 -609.032
404.948 -603.991
412.506 -598.855
419.998 -593.624
427.425 -588.3
434.784 -582.882
442.074 -577.373
449.294 -571.772
456.444 -566.081
463.521 -560.301
470.525 -554.432
477.455 -548.475
484.309 -542.432
491.087 -536.304
497.788 -530.09
504.41 -523.793
510.952 -517.413
517.413 -510.952
523.793 -504.41
530.09 -497.788
536.304 -491.087
542.432 -484.309
548.475 -477.455
554.432 -470.525
560.301 -463.521
566.081 -456.444
571.772 -449.294
577.373 -442.074
582.882 -434.784
588.3 -427.425
593.624 -419.998
598.855 -412.506
603.991 -404.948
609.032 -397.326
613.977 -389.642
618.825 -381.896
623.575 -374.089
628.226 -366.224
632.779 -358.301
637.231 -350.321
641.583 -342.286
645.834 -334.197
649.982 -326.055
654.028 -317.861
657.971 -309.617
661.809 -301.325
665.544 -292.985
669.173 -284.598
672.696 -276.167
676.113 -267.692
679.424 -259.175
682.627 -250.617
685.722 -242.019
688.709 -233.383
691.588 -224.71
694.357 -216.002
697.016 -207.26
699.566 -198.485
702.005 -189.678
704.333 -180.842
706.55 -171.977
708.655 -163.085
710.648 -154.167
712.529 -145.225
714.298 -136.26
715.954 -127.273
717.497 -118.266
718.926 -109.241
720.242 -100.198
721.444 -91.1396
722.533 -82.0667
723.507 -72.9809
724.367 -63.8835
725.112 -54.776
725.743 -45.6599
726.26 -36.5366
726.662 -27.4075
726.949 -18.2741
727.121 -9.13775
