789.178 3.33545e-16
789.116 9.91685
788.929 19.8321
788.618 29.7443
788.182 39.6517
787.621 49.5529
786.936 59.4463
786.127 69.3303
785.194 79.2033
784.137 89.0638
782.955 98.9103
781.651 108.741
780.223 118.555
778.671 128.35
776.997 138.124
775.2 147.877
773.28 157.607
771.239 167.311
769.076 176.99
766.791 186.64
764.385 196.261
761.858 205.85
759.211 215.408
756.445 224.931
753.558 234.419
750.553 243.87
747.429 253.282
744.188 262.654
740.828 271.985
737.352 281.273
733.759 290.516
730.051 299.713
726.227 308.864
722.289 317.965
718.236 327.016
714.07 336.016
709.791 344.962
705.4 353.854
700.898 362.69
696.285 371.469
691.562 380.19
686.73 388.85
681.79 397.449
676.741 405.985
671.586 414.456
666.325 422.863
660.959 431.203
655.488 439.474
649.914 447.676
644.237 455.808
638.459 463.867
632.579 471.854
626.6 479.765
620.522 487.601
614.346 495.36
608.072 503.041
601.703 510.643
595.239 518.163
588.681 525.602
582.029 532.958
575.286 540.23
568.452 547.416
561.529 554.516
554.516 561.529
547.416 568.452
540.23 575.286
532.958 582.029
525.602 588.681
518.163 595.239
510.643 601.703
503.041 608.072
495.36 614.346
487.601 620.522
479.765 626.6
471.854 632.579
463.867 638.459
455.808 644.237
447.676 649.914
439.474 655.488
431.203 660.959
422.863 666.325
414.456 671.586
405.985 676.741
397.449 681.79
388.85 686.73
380.19 691.562
371.469 696.285
362.69 700.898
353.854 705.4
344.962 709.791
336.016 714.07
327.016 718.236
317.965 722.289
308.864 726.227
299.713 730.051
290.516 733.759
281.273 737.352
271.985 740.828
262.654 744.188
253.282 747.429
243.87 750.553
234.419 753.558
224.931 756.445
215.408 759.211
205.85 761.858
196.261 764.385
186.64 766.791
176.99 769.076
167.311 771.239
157.607 773.28
147.877 775.2
138.124 776.997
128.35 778.671
118.555 780.223
108.741 781.651
98.9103 782.955
89.0638 784.137
79.2033 785.194
69.3303 786.127
59.4463 786.936
49.5529 787.621
39.6517 788.182
29.7443 788.618
19.8321 788.929
9.91685 789.116
4.81939e-14 789.178
-9.91685 789.116
-19.8321 788.929
-29.7443 788.618
-39.6517 788.182
-49.5529 787.621
-59.4463 786.936
-69.3303 786.127
-79.2033 785.194
-89.0638 784.137
-98.9103 782.955
-108.741 781.651
-118.555 780.223
-128.35 778.671
-138.124 776.997
-147.877 775.2
-157.607 773.28
-167.311 771.239
-176.99 769.076
-186.64 766.791
-196.261 764.385
-205.85 761.858
-215.408 759.211
-224.931 756.445
-234.419 753.558
-243.87 750.553
-253.282 747.429
-262.654 744.188
-271.985 740.828
-281.273 737.352
-290.516 733.759
-299.713 730.051
-308.864 726.227
-317.965 722.289
-327.016 718.236
-336.016 714.07
-344.962 709.791
-353.854 705.4
-362.69 700.898
-371.469 696.285
-380.19 691.562
-388.85 686.73
-397.449 681.79
-405.985 676.741
-414.456 671.586
-422.863 666.325
-431.203 660.959
-439.474 655.488
-447.676 649.914
-455.808 644.237
-463.867 638.459
-471.854 632.579
-479.765 626.6
-487.601 620.522
-495.36 614.346
-503.041 608.072
-510.643 601.703
-518.163 595.239
-525.602 588.681
-532.958 582.029
-540.23 575.286
-547.416 568.452
-554.516 561.529
-561.529 554.516
-568.452 547.416
-575.286 540.23
-582.029 532.958
-588.681 525.602
-595.239 518.163
-601.703 510.643
-608.072 503.041
-614.346 495.36
-620.522 487.601
-626.6 479.765
-632.579 471.854
-638.459 463.867
-644.237 455.808
-649.914 447.676
-655.488 439.474
-660.959 431.203
-666.325 422.863
-671.586 414.456
-676.741 405.985
-681.79 397.449
-686.73 388.85
-691.562 380.19
-696.285 371.469
-700.898 362.69
-705.4 353.854
-709.791 344.962
-714.07 336.016
-718.236 327.016
-722.289 317.965
-726.227 308.864
-730.051 299.713
-733.759 290.516
-737.352 281.273
-740.828 271.985
-744.188 262.654
-747.429 253.282
-750.553 243.87
-753.558 234.419
-756.445 224.931
-759.211 215.408
-761.858 205.85
-764.385 196.261
-766.791 186.64
-769.076 176.99
-771.239 167.311
-773.28 157.607
-775.2 147.877
-776.997 138.124
-778.671 128.35
-780.223 118.555
-781.651 108.741
-782.955 98.9103
-784.137 89.0638
-785.194 79.2033
-786.127 69.3303
-786.936 59.4463
-787.621 49.5529
-788.182 39.6517
-788.618 29.7443
-788.929 19.8321
-789.116 9.91685
-789.178 9.65753e-14
-789.116 -9.91685
-788.929 -19.8321
-788.618 -29.7443
-788.182 -39.6517
-787.621 -49.5529
-786.936 -59.4463
-786.127 -69.3303
-785.194 -79.2033
-784.137 -89.0638
-782.955 -98.9103
-781.651 -108.741
-780.223 -118.555
-778.671 -128.35
-776.997 -138.124
-775.2 -147.877
-773.28 -157.607
-771.239 -167.311
-769.076 -176.99
-766.791 -186.64
-764.385 -196.261
-761.858 -205.85
-759.211 -215.408
-756.445 -224.931
-753.558 -234.419
-750.553 -243.87
-747.429 -253.282
-744.188 -262.654
-740.828 -271.985
-737.352 -281.273
-733.759 -290.516
-730.051 -299.713
-726.227 -308.864
-722.289 -317.965
-718.236 -327.016
-714.07 -336.016
-709.791 -344.962
-705.4 -353.854
-700.898 -362.69
-696.285 -371.469
-691.562 -380.19
-686.73 -388.85
-681.79 -397.449
-676.741 -405.985
-671.586 -414.456
-666.325 -422.863
-660.959 -431.203
-655.488 -439.474
-649.914 -447.676
-644.237 -455.808
-638.459 -463.867
-632.579 -471.854
-626.6 -479.765
-620.522 -487.601
-614.346 -495.36
-608.072 -503.041
-601.703 -510.643
-595.239 -518.163
-588.681 -525.602
-582.029 -532.958
-575.286 -540.23
-568.452 -547.416
-561.529 -554.516
-554.516 -561.529
-547.416 -568.452
-540.23 -575.286
-532.958 -582.029
-525.602 -588.681
-518.163 -595.239
-510.643 -601.703
-503.041 -608.072
-495.36 -614.346
-487.601 -620.522
-479.765 -626.6
-471.854 -632.579
-463.867 -638.459
-455.808 -644.237
-447.676 -649.914
-439.474 -655.488
-431.203 -660.959
-422.863 -666.325
-414.456 -671.586
-405.985 -676.741
-397.449 -681.79
-388.85 -686.73
-380.19 -691.562
-371.469 -696.285
-362.69 -700.898
-353.854 -705.4
-344.962 -709.791
-336.016 -714.07
-327.016 -718.236
-317.965 -722.289
-308.864 -726.227
-299.713 -730.051
-290.516 -733.759
-281.273 -737.352
-271.985 -740.828
-262.654 -744.188
-253.282 -747.429
-243.87 -750.553
-234.419 -753.558
-224.931 -756.445
-215.408 -759.211
-205.85 -761.858
-196.261 -764.385
-186.64 -766.791
-176.99 -769.076
-167.311 -771.239
-157.607 -773.28
-147.877 -775.2
-138.124 -776.997
-128.35 -778.671
-118.555 -780.223
-108.741 -781.651
-98.9103 -782.955
-89.0638 -784.137
-79.2033 -785.194
-69.3303 -786.127
-59.4463 -786.936
-49.5529 -787.621
-39.6517 -788.182
-29.7443 -788.618
-19.8321 -788.929
-9.91685 -789.116
-1.45617e-13 -789.178
9.91685 -789.116
19.8321 -788.929
29.7443 -788.618
39.6517 -788.182
49.5529 -787.621
59.4463 -786.936
69.3303 -786.127
79.2033 -785.194
89.0638 -784.137
98.9103 -782.955
108.741 -781.651
118.555 -780.223
128.35 -778.671
138.124 -776.997
147.877 -775.2
157.607 -773.28
167.311 -771.239
176.99 -769.076
186.64 -766.791
196.261 -764.385
205.85 -761.858
215.408 -759.211
224.931 -756.445
234.419 -753.558
243.87 -750.553
253.282 -747.429
262.654 -744.188
271.985 -740.828
281.273 -737.352
290.516 -733.759
299.713 -730.051
308.864 -726.227
317.965 -722.289
327.016 -718.236
336.016 -714.07
344.962 -709.791
353.854 -705.4
362.69 -700.898
371.469 -696.285
380.19 -691.562
388.85 -686.73
397.449 -681.79
405.985 -676.741
414.456 -671.586
422.863 -666.325
431.203 -660.959
439.474 -655.488
447.676 -649.914
455.808 -644.237
463.867 -638.459
471.854 -632.579
479.765 -626.6
487.601 -620.522
495.36 -614.346
503.041 -608.072
510.643 -601.703
518.163 -595.239
525.602 -588.681
532.958 -582.029
540.23 -575.286
547.416 -568.452
554.516 -561.529
561.529 -554.516
568.452 -547.416
575.286 -540.23
582.029 -532.958
588.681 -525.602
595.239 -518.163
601.703 -510.643
608.072 -503.041
614.346 -495.36
620.522 -487.601
626.6 -479.765
632.579 -471.854
638.459 -463.867
644.237 -455.808
649.914 -447.676
655.488 -439.474
660.959 -431.203
666.325 -422.863
671.586 -414.456
676.741 -405.985
681.79 -397.449
686.73 -388.85
691.562 -380.19
696.285 -371.469
700.898 -362.69
705.4 -353.854
709.791 -344.962
714.07 -336.016
718.236 -327.016
722.289 -317.965
726.227 -308.864
730.051 -299.713
733.759 -290.516
737.352 -281.273
740.828 -271.985
744.188 -262.654
747.429 -253.282
750.553 -243.87
753.558 -234.419
756.445 -224.931
759.211 -215.408
761.858 -205.85
764.385 -196.261
766.791 -186.64
769.076 -176.99
771.239 -167.311
773.28 -157.607
775.2 -147.877
776.997 -138.124
778.671 -128.35
780.223 -118.555
781.651 -108.741
782.955 -98.9103
784.137 -89.0638
785.194 -79.2033
786.127 -69.3303
786.936 -59.4463
787.621 -49.5529
788.182 -39.6517
788.618 -29.7443
788.929 -19.8321
789.116 -9.91685
