726.178 3.64912e-15
726.121 9.12519
725.949 18.2489
725.662 27.3698
725.261 36.4863
724.745 45.5971
724.115 54.7007
723.371 63.7956
722.512 72.8805
721.539 81.9539
720.452 91.0143
719.252 100.06
717.937 109.091
716.51 118.104
714.969 127.098
713.316 136.072
711.55 145.025
709.671 153.955
707.68 162.861
705.578 171.74
703.364 180.593
701.039 189.417
698.604 198.212
696.058 206.975
693.402 215.705
690.637 224.401
687.762 233.062
684.779 241.686
681.688 250.272
678.489 258.819
675.184 267.324
671.771 275.787
668.252 284.207
664.628 292.582
660.899 300.911
657.066 309.192
653.129 317.424
649.088 325.606
644.945 333.737
640.701 341.815
636.355 349.839
631.909 357.808
627.362 365.72
622.717 373.575
617.974 381.37
613.133 389.106
608.195 396.78
603.161 404.391
598.032 411.938
592.808 419.421
587.491 426.837
582.081 434.186
576.579 441.466
570.986 448.676
565.302 455.816
559.53 462.883
553.669 469.878
547.721 476.798
541.686 483.643
535.566 490.412
529.361 497.103
523.073 503.716
516.702 510.249
510.249 516.702
503.716 523.073
497.103 529.361
490.412 535.566
483.643 541.686
476.798 547.721
469.878 553.669
462.883 559.53
455.816 565.302
448.676 570.986
441.466 576.579
434.186 582.081
426.837 587.491
419.421 592.808
411.938 598.032
404.391 603.161
396.78 608.195
389.106 613.133
381.37 617.974
373.575 622.717
365.72 627.362
357.808 631.909
349.839 636.355
341.815 640.701
333.737 644.945
325.606 649.088
317.424 653.129
309.192 657.066
300.911 660.899
292.582 664.628
284.207 668.252
275.787 671.771
267.324 675.184
258.819 678.489
250.272 681.688
241.686 684.779
233.062 687.762
224.401 690.637
215.705 693.402
206.975 696.058
198.212 698.604
189.417 701.039
180.593 703.364
171.74 705.578
162.861 707.68
153.955 709.671
145.025 711.55
136.072 713.316
127.098 714.969
118.104 716.51
109.091 717.937
100.06 719.252
91.0143 720.452
81.9539 721.539
72.8805 722.512
63.7956 723.371
54.7007 724.115
45.5971 724.745
36.4863 725.261
27.3698 725.662
18.2489 725.949
9.12519 726.121
4.45634e-14 726.178
-9.12519 726.121
-18.2489 725.949
-27.3698 725.662
-36.4863 725.261
-45.5971 724.745
-54.7007 724.115
-63.7956 723.371
-72.8805 722.512
-81.9539 721.539
-91.0143 720.452
-100.06 719.252
-109.091 717.937
-118.104 716.51
-127.098 714.969
-136.072 713.316
-145.025 711.55
-153.955 709.671
-162.861 707.68
-171.74 705.578
-180.593 703.364
-189.417 701.039
-198.212 698.604
-206.975 696.058
-215.705 693.402
-224.401 690.637
-233.062 687.762
-241.686 684.779
-250.272 681.688
-258.819 678.489
-267.324 675.184
-275.787 671.771
-284.207 668.252
-292.582 664.628
-300.911 660.899
-309.192 657.066
-317.424 653.129
-325.606 649.088
-333.737 644.945
-341.815 640.701
-349.839 636.355
-357.808 631.909
-365.72 627.362
-373.575 622.717
-381.37 617.974
-389.106 613.133
-396.78 608.195
-404.391 603.161
-411.938 598.032
-419.421 592.808
-426.837 587.491
-434.186 582.081
-441.466 576.579
-448.676 570.986
-455.816 565.302
-462.883 559.53
-469.878 553.669
-476.798 547.721
-483.643 541.686
-490.412 535.566
-497.103 529.361
-503.716 523.073
-510.249 516.702
-516.702 510.249
-523.073 503.716
-529.361 497.103
-535.566 490.412
-541.686 483.643
-547.721 476.798
-553.669 469.878
-559.53 462.883
-565.302 455.816
-570.986 448.676
-576.579 441.466
-582.081 434.186
-587.491 426.837
-592.808 419.421
-598.032 411.938
-603.161 404.391
-608.195 396.78
-613.133 389.106
-617.974 381.37
-622.717 373.575
-627.362 365.72
-631.909 357.808
-636.355 349.839
-640.701 341.815
-644.945 333.737
-649.088 325.606
-653.129 317.424
-657.066 309.192
-660.899 300.911
-664.628 292.582
-668.252 284.207
-671.771 275.787
-675.184 267.324
-678.489 258.819
-681.688 250.272
-684.779 241.686
-687.762 233.062
-690.637 224.401
-693.402 215.705
-696.058 206.975
-698.604 198.212
-701.039 189.417
-703.364 180.593
-705.578 171.74
-707.68 162.861
-709.671 153.955
-711.55 145.025
-713.316 136.072
-714.969 127.098
-716.51 118.104
-717.937 109.091
-719.252 100.06
-720.452 91.0143
-721.539 81.9539
-722.512 72.8805
-723.371 63.7956
-724.115 54.7007
-724.745 45.5971
-725.261 36.4863
-725.662 27.3698
-725.949 18.2489
-726.121 9.12519
-726.178 8.90751e-14
-726.121 -9.12519
-725.949 -18.2489
-725.662 -27.3698
-725.261 -36.4863
-724.745 -45.5971
-724.115 -54.7007
-723.371 -63.7956
-722.512 -72.8805
-721.539 -81.9539
-720.452 -91.0143
-719.252 -100.06
-717.937 -109.091
-716.51 -118.104
-714.969 -127.098
-713.316 -136.072
-711.55 -145.025
-709.671 -153.955
-707.68 -162.861
-705.578 -171.74
-703.364 -180.593
-701.039 -189.417
-698.604 -198.212
-696.058 -206.975
-693.402 -215.705
-690.637 -224.401
-687.762 -233.062
-684.779 -241.686
-681.688 -250.272
-678.489 -258.819
-675.184 -267.324
-671.771 -275.787
-668.252 -284.207
-664.628 -292.582
-660.899 -300.911
-657.066 -309.192
-653.129 -317.424
-649.088 -325.606
-644.945 -333.737
-640.701 -341.815
-636.355 -349.839
-631.909 -357.808
-627.362 -365.72
-622.717 -373.575
-617.974 -381.37
-613.133 -389.106
-608.195 -396.78
-603.161 -404.391
-598.032 -411.938
-592.808 -419.421
-587.491 -426.837
-582.081 -434.186
-576.579 -441.466
-570.986 -448.676
-565.302 -455.816
-559.53 -462.883
-553.669 -469.878
-547.721 -476.798
-541.686 -483.643
-535.566 -490.412
-529.361 -497.103
-523.073 -503.716
-516.702 -510.249
-510.249 -516.702
-503.716 -523.073
-497.103 -529.361
-490.412 -535.566
-483.643 -541.686
-476.798 -547.721
-469.878 -553.669
-462.883 -559.53
-455.816 -565.302
-448.676 -570.986
-441.466 -576.579
-434.186 -582.081
-426.837 -587.491
-419.421 -592.808
-411.938 -598.032
-404.391 -603.161
-396.78 -608.195
-389.106 -613.133
-381.37 -617.974
-373.575 -622.717
-365.72 -627.362
-357.808 -631.909
-349.839 -636.355
-341.815 -640.701
-333.737 -644.945
-325.606 -649.088
-317.424 -653.129
-309.192 -657.066
-300.911 -660.899
-292.582 -664.628
-284.207 -668.252
-275.787 -671.771
-267.324 -675.184
-258.819 -678.489
-250.272 -681.688
-241.686 -684.779
-233.062 -687.762
-224.401 -690.637
-215.705 -693.402
-206.975 -696.058
-198.212 -698.604
-189.417 -701.039
-180.593 -703.364
-171.74 -705.578
-162.861 -707.68
-153.955 -709.671
-145.025 -711.55
-136.072 -713.316
-127.098 -714.969
-118.104 -716.51
-109.091 -717.937
-100.06 -719.252
-91.0143 -720.452
-81.9539 -721.539
-72.8805 -722.512
-63.7956 -723.371
-54.7007 -724.115
-45.5971 -724.745
-36.4863 -725.261
-27.3698 -725.662
-18.2489 -725.949
-9.12519 -726.121
-1.38607e-13 -726.178
9.12519 -726.121
18.2489 -725.949
27.3698 -725.662
36.4863 -725.261
45.5971 -724.745
54.7007 -724.115
63.7956 -723.371
72.8805 -722.512
81.9539 -721.539
91.0143 -720.452
100.06 -719.252
109.091 -717.937
118.104 -716.51
127.098 -714.969
136.072 -713.316
145.025 -711.55
153.955 -709.671
162.861 -707.68
171.74 -705.578
180.593 -703.364
189.417 -701.039
198.212 -698.604
206.975 -696.058
215.705 -693.402
224.401 -690.637
233.062 -687.762
241.686 -684.779
250.272 -681.688
258.819 -678.489
267.324 -675.184
275.787 -671.771
284.207 -668.252
292.582 -664.628
300.911 -660.899
309.192 -657.066
317.424 -653.129
325.606 -649.088
333.737 -644.945
341.815 -640.701
349.839 -636.355
357.808 -631.909
365.72 -627.362
373.575 -622.717
381.37 -617.974
389.106 -613.133
396.78 -608.195
404.391 -603.161
411.938 -598.032
419.421 -592.808
426.837 -587.491
434.186 -582.081
441.466 -576.579
448.676 -570.986
455.816 -565.302
462.883 -559.53
469.878 -553.669
476.798 -547.721
483.643 -541.686
490.412 -535.566
497.103 -529.361
503.716 -523.073
510.249 -516.702
516.702 -510.249
523.073 -503.716
529.361 -497.103
535.566 -490.412
541.686 -483.643
547.721 -476.798
553.669 -469.878
559.53 -462.883
565.302 -455.816
570.986 -448.676
576.579 -441.466
582.081 -434.186
587.491 -426.837
592.808 -419.421
598.032 -411.938
603.161 -404.391
608.195 -396.78
613.133 -389.106
617.974 -381.37
622.717 -373.575
627.362 -365.72
631.909 -357.808
636.355 -349.839
640.701 -341.815
644.945 -333.737
649.088 -325.606
653.129 -317.424
657.066 -309.192
660.899 -300.911
664.628 -292.582
668.252 -284.207
671.771 -275.787
675.184 -267.324
678.489 -258.819
681.688 -250.272
684.779 -241.686
687.762 -233.062
690.637 -224.401
693.402 -215.705
696.058 -206.975
698.604 -198.212
701.039 -189.417
703.364 -180.593
705.578 -171.74
707.68 -162.861
709.671 -153.955
711.55 -145.025
713.316 -136.072
714.969 -127.098
716.51 -118.104
717.937 -109.091
719.252 -100.06
720.452 -91.0143
721.539 -81.9539
722.512 -72.8805
723.371 -63.7956
724.115 -54.7007
724.745 -45.5971
725.261 -36.4863
725.662 -27.3698
725.949 -18.2489
726.121 -9.12519
