725.722 8.76259
725.52 17.5671
725.173 25.9047
724.684 33.1615
724.203 42.0291
723.616 50.9893
722.918 59.7093
722.118 68.3635
721.241 76.484
720.211 85.7509
719.253 92.721
718.117 101.022
716.938 109.011
715.682 117.016
714.224 125.644
712.988 132.825
711.3 141.623
709.744 149.529
707.939 158.003
705.92 166.813
704.408 173.828
702.127 182.778
700.338 190.183
697.992 198.738
695.894 206.497
687.173 234.392
684.374 241.934
681.419 249.862
678.358 257.842
675.243 265.654
671.857 274.097
669.099 280.134
665.539 288.483
661.772 297.075
658.408 304.251
654.879 311.657
651.273 319.037
647.887 325.778
643.704 333.97
640.27 340.512
636.172 348.126
632.23 355.291
628.346 362.221
624.027 369.669
619.478 377.274
615.404 384.056
610.571 391.704
606.338 398.429
601.945 405.241
597.494 412.007
592.037 419.733
587.453 426.376
582.7 433.084
564.786 456.001
559.196 462.758
554.087 468.578
548.486 475.017
543.794 480.06
537.271 487.441
531.924 493.116
525.675 499.774
520.398 505.137
514.83 510.749
508.97 516.566
502.298 523.061
497.236 527.877
489.94 534.643
483.862 540.164
478.271 545.185
472.369 550.393
465.51 556.216
459.571 561.261
451.968 567.338
446.179 572.083
438.991 577.623
432.557 582.591
425.677 587.717
418.545 592.868
398.116 606.596
391.22 610.948
383.756 615.631
377.032 619.65
369.782 623.951
363.038 627.822
354.863 632.493
347.183 636.725
340.077 640.512
332.844 644.284
325.722 647.915
316.746 652.347
310.175 655.517
302.423 659.146
294.899 662.583
286.961 666.082
279.28 669.386
271.853 672.519
263.803 675.757
254.872 679.137
247.37 682.008
223.358 690.768
215.665 693.034
207.695 695.349
198.791 697.969
190.94 700.029
184.016 701.675
174.529 704.158
166.668 705.967
158.058 707.922
148.057 710.176
142.062 711.191
133.154 712.91
125.032 714.347
117.382 715.618
108.873 716.959
100.369 718.201
92.8233 719.243
84.0587 720.329
75.9289 721.27
67.6044 722.139
59.703 722.917
51.2592 723.619
42.7733 724.227
34.641 724.764
25.6915 725.155
17.5571 725.519
8.18742 725.654
-0.398443 725.77
-8.87324 725.807
-37.9599 725.062
-45.7962 724.412
-54.058 723.726
-63.605 723.01
-71.3447 722.114
-79.3422 721.161
-88.4157 720.107
-95.8326 719.011
-103.92 717.82
-110.811 716.69
-121.403 715.04
-128.945 713.656
-136.091 712.294
-144.754 710.584
-152.503 708.974
-161.211 707.05
-168.958 705.276
-176.989 703.345
-185.185 701.273
-192.945 699.26
-202.181 696.606
-210.018 694.365
-218.477 691.776
-225.453 689.744
-234.066 686.875
-243.435 683.508
-250.224 681.318
-258.926 678.031
-282.094 668.484
-290.308 664.938
-296.787 661.874
-305.844 657.812
-313.552 654.119
-321.183 650.355
-328.092 646.806
-335.57 642.923
-343.138 638.894
-350.807 634.703
-357.78 630.778
-365.511 626.328
-371.981 622.52
-380.275 617.479
-386.406 613.718
-393.723 609.073
-400.321 604.844
-406.922 600.537
-414.672 595.181
-421.278 590.646
-428.578 585.385
-434.796 580.993
-456.087 564.737
-462.516 559.345
-468.868 553.899
-475.166 548.385
-481.445 542.778
-487.631 537.128
-493.74 531.427
-499.787 525.665
-505.743 519.867
-511.611 514.033
-517.405 508.154
-523.104 502.254
-528.772 496.271
-534.354 490.261
-539.899 484.172
-545.365 478.049
-550.79 471.85
-556.154 465.596
-561.465 459.275
-566.717 452.896
-571.901 446.47
-577.047 439.95
-582.128 433.374
-587.164 426.705
-592.164 419.917
-608.096 396.366
-613.23 388.462
-617.146 381.829
-622.121 373.758
-626.314 366.498
-630.126 359.618
-634.353 352.021
-638.47 344.407
-642.337 337.003
-645.62 330.422
-649.136 323.348
-652.989 315.471
-656.724 307.599
-660.315 299.791
-663.768 292.056
-666.865 284.943
-669.939 277.734
-673.522 268.886
-676.17 262.445
-679.47 253.744
-682.096 247.033
-685 239.044
-688.093 229.796
-690.656 222.404
-693.075 215.534
-695.678 207.151
-698.212 198.503
-700.594 190.211
-707.897 161.374
-709.645 153.04
-711.216 144.921
-712.603 137.103
-714.535 127.298
-716.044 118.421
-717.066 110.859
-718.009 103.439
-719.359 93.9293
-720.311 85.706
-721.151 77.6356
-721.879 69.8168
-722.735 60.4717
-723.271 52.8933
-723.862 43.9919
-724.279 36.1301
-724.636 28.2093
-724.928 20.2823
-725.131 11.4377
-725.276 3.69745
-725.3 -4.90218
-725.191 -13.9022
-724.88 -23.8558
-724.804 -30.5627
-724.611 -38.1026
-724.116 -46.9851
-723.363 -56.6197
-723.013 -63.7907
-722.366 -72.0362
-721.68 -80.1261
-720.836 -88.4719
-716.152 -118.5
-714.602 -127.66
-712.998 -135.428
-711.298 -143.594
-709.444 -152.451
-707.674 -159.632
-705.725 -167.757
-703.61 -176.324
-701.297 -185.381
-699.242 -192.575
-697.198 -199.579
-694.376 -209.309
-692.075 -216.646
-689.273 -225.41
-686.974 -232.282
-684.028 -240.82
-681.346 -248.362
-678.22 -256.786
-676.027 -262.861
-672.176 -272.374
-669.028 -280.128
-665.705 -288.027
-662.841 -294.905
-658.644 -303.974
-656.071 -310.091
-651.412 -319.425
-649.059 -325.039
-644.422 -333.871
-640.761 -341.146
-627.568 -364.319
-623.229 -371.534
-618.845 -378.638
-614.402 -385.666
-609.892 -392.641
-605.542 -399.17
-601.076 -405.774
-595.98 -413.216
-591.61 -419.389
-586.421 -426.611
-581.481 -433.32
-576.338 -440.146
-571.405 -446.568
-566.006 -453.411
-561.04 -459.624
-555.488 -466.353
-549.735 -473.142
-544.531 -479.241
-539.265 -485.304
-533.012 -492.142
-527.602 -498.099
-512.929 -512.85
-506.137 -519.602
-500.976 -524.405
-494.023 -530.992
-488.746 -535.753
-480.889 -542.882
-475.011 -547.972
-468.949 -553.148
-462.474 -558.572
-455.911 -563.949
-448.27 -570.034
-442.597 -574.495
-436.437 -579.261
-429.681 -584.339
-423.279 -589.096
-415.753 -594.422
-395.867 -608.537
-388.61 -613.097
-381.474 -617.433
-374.008 -621.921
-367.159 -625.816
-359.622 -630.123
-352.444 -634.064
-345.102 -638.016
-338.01 -641.716
-330.418 -645.623
-322.782 -649.445
-315.507 -652.972
-308.711 -656.188
-300.399 -660.034
-292.865 -663.416
-285.305 -666.719
-277.746 -669.935
-269.761 -673.212
-262.518 -676.148
-254.474 -679.253
-247.162 -682.062
-238.991 -685.013
-231.098 -687.801
-223.131 -690.515
-215.098 -693.149
-207.516 -695.628
-199.418 -698.1
-172.27 -704.992
-164.74 -706.614
-155.381 -708.788
-147.812 -710.252
-140.262 -711.659
-131.411 -713.338
-123.298 -714.728
-114.32 -716.218
-107.901 -717.115
-98.1676 -718.529
-89.258 -719.687
-81.6655 -720.566
-72.6488 -721.532
-64.8612 -722.284
-56.8649 -722.985
-48.7395 -723.619
-40.2211 -724.174
-32.0972 -724.645
-22.6665 -724.979
-14.126 -725.237
-5.75511 -725.414
2.99317 -725.464
10.9528 -725.508
19.5773 -725.384
45.3574 -724.376
54.2896 -723.738
61.6181 -722.936
71.1551 -722.111
79.6519 -721.16
87.92 -720.119
95.7071 -719.019
104.334 -717.789
110.906 -716.679
120.351 -715.17
129.665 -713.554
135.25 -712.458
144.53 -710.631
153.235 -708.806
161.407 -707
169.409 -705.151
177.842 -703.088
186.335 -700.901
194.133 -698.84
202.736 -696.404
210.366 -694.228
218.323 -691.842
226.584 -689.228
233.914 -686.949
242.513 -683.962
250.371 -681.238
274.917 -671.635
283.7 -668.027
291.651 -664.53
298.995 -661.122
306.078 -657.729
313.176 -654.265
321.654 -650.165
328.295 -646.716
335.953 -642.744
343.285 -638.821
350.426 -634.903
356.988 -631.225
364.981 -626.637
370.959 -623.171
378.776 -618.45
386.243 -613.831
393.227 -609.432
399.823 -605.229
407.653 -599.954
414.423 -595.389
421.419 -590.524
427.933 -585.972
434.435 -581.344
441.467 -576.079
461.102 -560.24
466.71 -555.356
473.196 -549.78
480.021 -543.825
486.792 -537.768
493.225 -531.836
498.678 -526.6
505.509 -520.069
511.649 -513.998
516.905 -508.637
522.53 -502.839
528.21 -496.872
533.277 -491.489
540.52 -483.453
545.262 -478.176
550.685 -471.986
556.622 -464.962
561.956 -458.577
566.839 -452.713
572.196 -446.004
577.49 -439.212
582.711 -432.352
597.209 -412.321
601.37 -405.915
606.031 -398.808
611.203 -390.899
615.187 -384.35
619.539 -377.19
624.159 -369.478
628.295 -362.3
632.446 -354.939
636.559 -347.463
640.103 -340.818
643.708 -333.963
647.646 -326.277
651.646 -318.218
655.31 -310.645
658.526 -303.949
662.154 -296.022
665.383 -288.941
669.022 -280.369
672.272 -272.661
675.95 -263.155
678.409 -257.626
681.63 -248.92
690.54 -223.807
693.146 -215.428
695.508 -207.337
697.6 -199.658
699.8 -191.518
701.918 -183.342
703.972 -175.068
705.88 -166.946
707.589 -159.2
709.433 -150.672
711.085 -142.498
712.637 -134.384
714.101 -126.29
715.484 -118.183
716.785 -110.085
718.054 -101.553
719.156 -93.7691
720.239 -85.2964
721.189 -77.8375
722.103 -69.3137
722.922 -60.7983
723.666 -52.859
724.302 -44.2848
724.854 -35.85
725.372 -27.9371
725.751 -19.4771
