724.729 8.8795
724.525 17.6661
724.176 25.9795
723.684 33.1962
723.203 42.047
722.616 50.9917
721.918 59.6926
721.119 68.3271
720.243 76.428
719.212 85.6935
718.258 92.621
717.125 100.899
715.95 108.861
714.698 116.839
713.243 125.45
712.013 132.6
710.331 141.376
708.78 149.263
706.98 157.719
704.965 166.516
703.461 173.506
701.187 182.437
699.411 189.809
697.068 198.355
694.985 206.081
686.188 234.221
683.395 241.733
680.445 249.639
677.388 257.597
674.279 265.386
670.895 273.823
668.149 279.821
664.593 288.158
660.829 296.742
657.476 303.89
653.955 311.273
650.36 318.629
646.989 325.339
642.81 333.521
639.394 340.03
635.305 347.627
631.376 354.77
627.508 361.675
623.2 369.107
618.66 376.699
614.603 383.457
609.779 391.095
605.564 397.796
601.183 404.592
596.746 411.343
591.296 419.062
586.733 425.682
582 432.37
563.926 455.49
558.341 462.239
553.251 468.031
547.661 474.453
542.995 479.458
536.472 486.839
531.145 492.489
524.903 499.138
519.649 504.473
514.102 510.064
508.259 515.863
501.593 522.351
496.563 527.137
489.267 533.904
483.207 539.408
477.644 544.407
471.766 549.596
464.918 555.41
459.004 560.436
451.404 566.512
445.646 571.237
438.469 576.77
432.059 581.724
425.19 586.844
418.068 591.99
397.488 605.818
390.608 610.157
383.152 614.833
376.453 618.834
369.222 623.122
362.505 626.976
354.337 631.643
346.671 635.866
339.59 639.638
332.38 643.398
325.283 647.016
316.306 651.449
309.77 654.603
302.036 658.224
294.536 661.651
286.614 665.144
278.956 668.441
271.555 671.565
263.523 674.797
254.596 678.176
247.115 681.041
222.91 689.874
215.244 692.127
207.299 694.43
198.406 697.046
190.582 699.095
183.692 700.729
174.199 703.213
166.364 705.014
157.77 706.964
147.765 709.22
141.825 710.219
132.929 711.936
124.831 713.368
117.213 714.632
108.723 715.971
100.238 717.209
92.726 718.248
83.9775 719.332
75.8734 720.272
67.5719 721.139
59.7001 721.917
51.2779 722.619
42.8129 723.228
34.7072 723.766
25.7641 724.158
17.6497 724.523
8.2905 724.659
-0.273252 724.778
-8.72453 724.818
-38.0645 724.067
-45.868 723.414
-54.1032 722.727
-63.6422 722.011
-71.3572 721.114
-79.335 720.161
-88.3966 719.107
-95.7777 718.012
-103.839 716.823
-110.687 715.698
-121.29 714.047
-128.799 712.666
-135.907 711.312
-144.554 709.605
-152.274 708.001
-160.967 706.08
-168.686 704.314
-176.694 702.39
-184.868 700.324
-192.601 698.321
-201.833 695.669
-209.646 693.437
-218.089 690.855
-225.036 688.835
-233.644 685.968
-243.01 682.603
-249.759 680.433
-258.451 677.151
-281.794 667.53
-290.001 663.986
-296.448 660.933
-305.505 656.872
-313.194 653.186
-320.805 649.43
-327.685 645.893
-335.143 642.019
-342.692 637.999
-350.346 633.816
-357.294 629.904
-365.011 625.462
-371.451 621.672
-379.742 616.633
-385.84 612.894
-393.141 608.259
-399.714 604.05
-406.291 599.762
-414.034 594.411
-420.618 589.894
-427.907 584.644
-434.099 580.276
-455.569 563.881
-461.986 558.497
-468.324 553.06
-474.608 547.556
-480.873 541.958
-487.039 536.322
-493.128 530.636
-499.156 524.89
-505.092 519.107
-510.941 513.29
-516.717 507.428
-522.398 501.546
-528.049 495.581
-533.614 489.589
-539.141 483.519
-544.591 477.415
-550.001 471.236
-555.349 465.002
-560.646 458.701
-565.884 452.343
-571.055 445.938
-576.188 439.438
-581.257 432.883
-586.281 426.235
-591.271 419.467
-607.339 395.712
-612.462 387.821
-616.36 381.21
-621.325 373.152
-625.509 365.905
-629.307 359.044
-633.528 351.456
-637.638 343.852
-641.496 336.462
-644.758 329.915
-648.259 322.868
-652.103 315.007
-655.83 307.151
-659.412 299.363
-662.852 291.654
-665.94 284.563
-669.003 277.382
-672.584 268.54
-675.218 262.14
-678.515 253.448
-681.13 246.775
-684.028 238.807
-687.12 229.562
-689.677 222.2
-692.088 215.37
-694.689 207.004
-697.22 198.37
-699.601 190.097
-706.971 160.998
-708.709 152.686
-710.271 144.592
-711.648 136.805
-713.581 127
-715.09 118.122
-716.102 110.593
-717.036 103.209
-718.385 93.7047
-719.332 85.5052
-720.167 77.4614
-720.89 69.6729
-721.744 60.3436
-722.276 52.7916
-722.865 43.9132
-723.281 36.0736
-723.636 28.1824
-723.928 20.2771
-724.131 11.4421
-724.277 3.73545
-724.302 -4.84296
-724.194 -13.8276
-723.884 -23.7719
-723.812 -30.4387
-723.624 -37.9427
-723.131 -46.8088
-722.381 -56.4299
-722.039 -63.5679
-721.396 -71.7954
-720.714 -79.8656
-719.877 -88.1889
-715.153 -118.476
-713.603 -127.626
-712 -135.364
-710.301 -143.506
-708.449 -152.35
-706.684 -159.494
-704.738 -167.596
-702.626 -176.146
-700.314 -185.196
-698.266 -192.355
-696.232 -199.32
-693.409 -209.053
-691.116 -216.365
-688.314 -225.125
-686.027 -231.958
-683.087 -240.481
-680.416 -247.995
-677.295 -256.404
-675.124 -262.431
-671.272 -271.947
-668.135 -279.678
-664.818 -287.565
-661.969 -294.417
-657.771 -303.486
-655.219 -309.567
-650.56 -318.902
-648.235 -324.473
-643.597 -333.306
-639.951 -340.558
-626.652 -363.918
-622.323 -371.112
-617.949 -378.194
-613.517 -385.201
-609.018 -392.154
-604.684 -398.657
-600.229 -405.242
-595.141 -412.672
-590.785 -418.823
-585.607 -426.031
-580.681 -432.72
-575.551 -439.529
-570.636 -445.928
-565.249 -452.758
-560.303 -458.947
-554.764 -465.664
-549.022 -472.44
-543.839 -478.519
-538.595 -484.561
-532.351 -491.392
-526.957 -497.335
-512.174 -512.194
-505.39 -518.936
-500.254 -523.714
-493.304 -530.296
-488.052 -535.034
-480.199 -542.158
-474.344 -547.227
-468.298 -552.389
-461.84 -557.799
-455.3 -563.157
-447.661 -569.241
-442.013 -573.683
-435.873 -578.435
-429.135 -583.501
-422.745 -588.251
-415.237 -593.565
-395.204 -607.789
-387.962 -612.335
-380.845 -616.656
-373.394 -621.132
-366.563 -625.013
-359.047 -629.305
-351.89 -633.231
-344.569 -637.171
-337.494 -640.86
-329.927 -644.752
-322.311 -648.563
-315.061 -652.077
-308.298 -655.277
-299.992 -659.121
-292.474 -662.496
-284.93 -665.792
-277.395 -668.998
-269.428 -672.269
-262.215 -675.195
-254.189 -678.294
-246.907 -681.095
-238.746 -684.043
-230.87 -686.827
-222.927 -689.536
-214.916 -692.166
-207.364 -694.64
-199.29 -697.109
-171.909 -704.06
-164.41 -705.67
-155.056 -707.842
-147.518 -709.296
-140.001 -710.693
-131.17 -712.368
-123.075 -713.753
-114.108 -715.241
-107.74 -716.128
-98.0077 -717.541
-89.1123 -718.697
-81.5542 -719.573
-72.5509 -720.536
-64.7955 -721.286
-56.8286 -721.986
-48.7311 -722.619
-40.2192 -723.174
-32.1077 -723.645
-22.6943 -723.979
-14.1756 -724.239
-5.82056 -724.416
2.90125 -724.469
10.8391 -724.515
19.4441 -724.393
45.4315 -723.378
54.3415 -722.74
61.6322 -721.936
71.1636 -721.111
79.64 -720.16
87.8843 -719.12
95.6404 -718.021
104.249 -716.792
110.772 -715.688
120.212 -714.179
129.517 -712.565
135.048 -711.479
144.311 -709.655
153.008 -707.832
161.166 -706.03
169.157 -704.183
177.571 -702.125
186.046 -699.943
193.817 -697.891
202.412 -695.458
210.013 -693.292
217.94 -690.919
226.184 -688.312
233.489 -686.044
242.078 -683.062
249.907 -680.353
274.644 -670.673
283.418 -667.068
291.358 -663.574
298.683 -660.172
305.737 -656.789
312.807 -653.336
321.277 -649.239
327.886 -645.804
335.526 -641.84
342.837 -637.928
349.954 -634.022
356.485 -630.361
364.468 -625.778
370.409 -622.336
378.223 -617.617
385.682 -613.003
392.651 -608.615
399.221 -604.431
407.043 -599.161
413.791 -594.614
420.771 -589.762
427.263 -585.23
433.743 -580.622
440.763 -575.369
460.55 -559.406
466.127 -554.544
472.596 -548.98
479.409 -543.034
486.169 -536.986
492.588 -531.066
498.025 -525.842
504.846 -519.321
510.971 -513.263
516.207 -507.921
521.807 -502.148
527.476 -496.194
532.522 -490.833
539.763 -482.8
544.484 -477.548
549.891 -471.377
555.827 -464.356
561.15 -457.985
566.012 -452.151
571.357 -445.46
576.64 -438.685
581.85 -431.844
596.46 -411.659
600.604 -405.272
605.251 -398.183
610.413 -390.286
614.381 -383.758
618.714 -376.625
623.325 -368.926
627.451 -361.763
631.595 -354.414
635.697 -346.955
639.228 -340.334
642.817 -333.508
646.747 -325.839
650.74 -317.793
654.396 -310.239
657.598 -303.578
661.219 -295.667
664.437 -288.617
668.073 -280.053
671.316 -272.368
674.993 -262.866
677.439 -257.385
680.659 -248.681
689.643 -223.366
692.241 -215.003
694.593 -206.934
696.673 -199.282
698.865 -191.165
700.974 -183.009
703.022 -174.756
704.922 -166.657
706.623 -158.941
708.462 -150.433
710.111 -142.275
711.659 -134.177
713.119 -126.1
714.498 -118.019
715.795 -109.946
717.061 -101.434
718.16 -93.6792
719.241 -85.2275
720.19 -77.804
721.103 -69.3006
721.922 -60.8056
722.666 -52.8955
723.304 -44.3411
723.857 -35.9286
724.377 -28.0375
724.758 -19.5921
