723.736 8.99629
723.53 17.7651
723.179 26.0543
722.685 33.239
722.203 42.073
721.616 50.9941
720.918 59.6758
720.12 68.2906
719.244 76.3719
718.214 85.6361
717.263 92.5211
716.132 100.776
714.961 108.71
713.713 116.67
712.261 125.264
711.039 132.376
709.36 141.138
707.816 148.997
706.021 157.435
704.008 166.227
702.514 173.185
700.244 182.104
698.481 189.442
696.144 197.973
694.073 205.671
685.203 234.049
682.415 241.533
679.47 249.416
676.419 257.352
673.316 265.117
669.933 273.549
667.199 279.508
663.647 287.833
659.888 296.402
656.546 303.522
653.032 310.888
649.447 318.221
646.09 324.9
641.921 333.065
638.518 339.547
634.438 347.129
630.522 354.25
626.67 361.13
622.373 368.545
617.842 376.124
613.803 382.858
608.986 390.485
604.79 397.163
600.421 403.944
595.998 410.679
590.555 418.39
586.013 424.988
581.3 431.656
563.067 454.979
557.487 461.719
552.414 467.483
546.836 473.888
542.196 478.857
535.674 486.236
530.366 491.862
524.132 498.502
518.901 503.81
513.374 509.379
507.548 515.159
500.889 521.641
495.89 526.398
488.593 533.165
482.553 538.652
477.017 543.628
471.163 548.798
464.326 554.604
458.438 559.612
450.84 565.686
445.113 570.391
437.947 575.917
431.561 580.857
424.703 585.971
417.59 591.111
396.861 605.04
389.997 609.366
382.548 614.036
375.875 618.018
368.663 622.294
361.972 626.13
353.811 630.792
346.159 635.007
339.102 638.765
331.915 642.513
324.845 646.118
315.866 650.551
309.365 653.688
301.65 657.302
294.172 660.719
286.268 664.206
278.631 667.495
271.257 670.61
263.243 673.837
254.321 677.215
246.86 680.074
222.461 688.98
214.824 691.22
206.903 693.512
198.021 696.123
190.225 698.161
183.367 699.783
173.87 702.269
166.061 704.061
157.483 706.006
147.473 708.263
141.588 709.248
132.704 710.962
124.63 712.388
117.044 713.647
108.573 714.982
100.099 716.219
92.6209 717.253
83.8962 718.335
75.8178 719.273
67.5393 720.14
59.6895 720.917
51.2966 721.619
42.8523 722.228
34.7733 722.769
25.8365 723.16
17.7422 723.528
8.39347 723.664
-0.14817 723.786
-8.57594 723.829
-38.1689 723.073
-45.9397 722.417
-54.1482 721.728
-63.6792 721.011
-71.3696 720.114
-79.3276 719.161
-88.3774 718.107
-95.7227 717.014
-103.758 715.827
-110.563 714.706
-121.17 713.054
-128.653 711.677
-135.723 710.329
-144.354 708.625
-152.044 707.028
-160.723 705.11
-168.414 703.352
-176.398 701.435
-184.551 699.376
-192.258 697.382
-201.486 694.731
-209.274 692.509
-217.702 689.932
-224.619 687.926
-233.221 685.062
-242.585 681.698
-249.295 679.547
-257.976 676.271
-281.494 666.576
-289.693 663.035
-296.109 659.993
-305.166 655.931
-312.836 652.252
-320.427 648.504
-327.277 644.979
-334.715 641.115
-342.246 637.104
-349.885 632.929
-356.807 629.03
-364.511 624.596
-370.921 620.824
-379.209 615.787
-385.273 612.07
-392.559 607.446
-399.107 603.255
-405.659 598.986
-413.397 593.64
-419.959 589.143
-427.236 583.902
-433.402 579.559
-455.051 563.025
-461.456 557.649
-467.78 552.221
-474.049 546.726
-480.294 541.142
-486.447 535.517
-492.516 529.846
-498.524 524.114
-504.441 518.348
-510.266 512.553
-516.023 506.708
-521.692 500.838
-527.325 494.89
-532.873 488.917
-538.378 482.872
-543.818 476.782
-549.211 470.622
-554.545 464.408
-559.827 458.128
-565.051 451.79
-570.209 445.405
-575.329 438.926
-580.386 432.392
-585.399 425.764
-590.378 419.017
-606.582 395.059
-611.694 387.181
-615.575 380.591
-620.53 372.547
-624.704 365.312
-628.488 358.47
-632.703 350.891
-636.806 343.297
-640.65 335.928
-643.896 329.407
-647.382 322.388
-651.218 314.543
-654.932 306.711
-658.505 298.941
-661.936 291.252
-665.012 284.191
-668.066 277.031
-671.643 268.202
-674.266 261.836
-677.557 253.16
-680.163 246.518
-683.057 238.57
-686.146 229.336
-688.698 221.997
-691.102 215.205
-693.7 206.856
-696.229 198.237
-698.607 189.983
-706.042 160.629
-707.774 152.332
-709.324 144.271
-710.694 136.507
-712.626 126.703
-714.133 117.831
-715.136 110.335
-716.062 102.979
-717.409 93.4875
-718.35 85.3119
-719.182 77.2873
-719.9 69.5291
-720.752 60.2155
-721.28 52.6977
-721.868 43.8345
-722.282 36.017
-722.636 28.1555
-722.928 20.2719
-723.131 11.4465
-723.277 3.77339
-723.304 -4.7838
-723.196 -13.7531
-722.887 -23.688
-722.819 -30.3148
-722.637 -37.7829
-722.147 -46.6325
-721.399 -56.2401
-721.064 -63.3453
-720.425 -71.5547
-719.749 -79.6052
-718.92 -87.898
-714.153 -118.46
-712.604 -127.591
-711.002 -135.3
-709.305 -143.419
-707.454 -152.249
-705.692 -159.364
-703.75 -167.443
-701.641 -175.969
-699.332 -185.01
-697.291 -192.134
-695.264 -199.069
-692.443 -208.797
-690.156 -216.085
-687.355 -224.841
-685.081 -231.634
-682.146 -240.143
-679.485 -247.629
-676.371 -256.023
-674.221 -262.002
-670.367 -271.52
-667.242 -279.228
-663.932 -287.103
-661.096 -293.929
-656.898 -302.998
-654.367 -309.044
-649.708 -318.378
-647.41 -323.908
-642.772 -332.741
-639.142 -339.971
-625.733 -363.524
-621.417 -370.689
-617.053 -377.75
-612.632 -384.736
-608.141 -391.675
-603.822 -398.15
-599.381 -404.711
-594.297 -412.136
-589.957 -418.264
-584.788 -425.457
-579.881 -432.119
-574.76 -438.918
-569.866 -445.289
-564.492 -452.104
-559.561 -458.277
-554.039 -464.974
-548.309 -471.739
-543.148 -477.797
-537.924 -483.819
-531.689 -490.642
-526.312 -496.571
-511.419 -511.539
-504.644 -518.271
-499.525 -523.029
-492.591 -529.595
-487.357 -534.315
-479.502 -541.441
-473.671 -546.488
-467.653 -551.625
-461.206 -557.025
-454.682 -562.371
-447.051 -568.448
-441.436 -572.866
-435.308 -577.61
-428.583 -582.667
-422.212 -587.405
-414.721 -592.709
-394.541 -607.041
-387.315 -611.573
-380.217 -615.878
-372.779 -620.343
-365.966 -624.211
-358.472 -628.487
-351.337 -632.399
-344.035 -636.325
-336.978 -640.003
-329.443 -643.877
-321.84 -647.681
-314.615 -651.182
-307.879 -654.37
-299.585 -658.207
-292.083 -661.575
-284.556 -664.865
-277.044 -668.062
-269.095 -671.326
-261.912 -674.242
-253.905 -677.336
-246.652 -680.128
-238.502 -683.073
-230.641 -685.854
-222.723 -688.557
-214.734 -691.183
-207.212 -693.651
-199.161 -696.117
-171.549 -703.127
-164.081 -704.726
-154.739 -706.894
-147.232 -708.338
-139.739 -709.728
-130.93 -711.397
-122.851 -712.778
-113.904 -714.262
-107.578 -715.142
-97.8477 -716.554
-88.9743 -717.707
-81.4507 -718.578
-72.461 -719.541
-64.7297 -720.288
-56.7923 -720.987
-48.7227 -721.619
-40.2172 -722.174
-32.1182 -722.645
-22.722 -722.98
-14.225 -723.24
-5.88593 -723.418
2.80942 -723.473
10.7172 -723.522
19.3027 -723.403
45.4982 -722.381
54.3933 -721.741
61.6461 -720.936
71.1721 -720.111
79.6279 -719.16
87.8485 -718.121
95.5737 -717.023
104.164 -715.796
110.639 -714.697
120.072 -713.189
129.369 -711.576
134.846 -710.499
144.093 -708.679
152.782 -706.858
160.932 -705.058
168.906 -703.215
177.3 -701.163
185.765 -698.984
193.5 -696.942
202.08 -694.514
209.653 -692.359
217.565 -689.992
225.783 -687.396
233.065 -685.138
241.635 -682.165
249.441 -679.467
274.37 -669.712
283.135 -666.108
291.065 -662.618
298.371 -659.222
305.396 -655.849
312.438 -652.407
320.901 -648.313
327.476 -644.891
335.099 -640.935
342.389 -637.034
349.482 -633.14
355.982 -629.497
363.956 -624.92
369.865 -621.496
377.67 -616.784
385.121 -612.175
392.075 -607.797
398.618 -603.633
406.433 -598.369
413.154 -593.843
420.117 -589.006
426.593 -584.488
433.051 -579.9
440.059 -574.659
459.999 -558.571
465.545 -553.731
471.996 -548.18
478.792 -542.247
485.54 -536.209
491.95 -530.296
497.367 -525.09
504.182 -518.574
510.293 -512.528
515.508 -507.205
521.09 -501.451
526.736 -495.521
531.762 -490.182
539.006 -482.146
543.705 -476.92
549.097 -470.769
555.031 -463.751
560.348 -457.388
565.19 -451.582
570.522 -444.909
575.79 -438.159
580.989 -431.335
595.71 -410.997
599.837 -404.63
604.471 -397.557
609.622 -389.673
613.575 -383.166
617.894 -376.053
622.496 -368.367
626.608 -361.226
630.744 -353.889
634.839 -346.441
638.352 -339.85
641.927 -333.053
645.848 -325.401
649.835 -317.368
653.482 -309.834
656.669 -303.207
660.284 -295.313
663.491 -288.293
667.124 -279.738
670.36 -272.075
674.036 -262.576
676.468 -257.144
679.688 -248.442
688.745 -222.925
691.335 -214.579
693.678 -206.531
695.75 -198.899
697.932 -190.803
700.031 -182.677
702.074 -174.437
703.964 -166.369
705.659 -158.675
707.493 -150.185
709.136 -142.052
710.68 -133.971
712.137 -125.911
713.511 -117.855
714.804 -109.807
716.068 -101.314
717.164 -93.5894
718.243 -85.1585
719.19 -77.7704
720.104 -69.2875
720.922 -60.8127
721.667 -52.9319
722.306 -44.3974
722.86 -36.0071
723.382 -28.1376
723.764 -19.707
