722.178 3.99472e-15
722.121 9.07492
721.95 18.1484
721.665 27.219
721.266 36.2854
720.753 45.346
720.127 54.3994
719.386 63.4442
718.532 72.4791
717.565 81.5024
716.484 90.5129
715.29 99.5092
713.983 108.49
712.563 117.453
711.031 126.398
709.387 135.323
707.63 144.226
705.762 153.107
703.782 161.963
701.691 170.794
699.49 179.598
697.178 188.374
694.756 197.12
692.224 205.835
689.582 214.517
686.832 223.165
683.974 231.779
681.007 240.355
677.933 248.894
674.752 257.393
671.464 265.852
668.071 274.268
664.572 282.642
660.967 290.97
657.259 299.253
653.447 307.489
649.531 315.676
645.513 323.813
641.393 331.899
637.172 339.932
632.85 347.912
628.428 355.837
623.907 363.706
619.287 371.517
614.57 379.27
609.755 386.963
604.845 394.594
599.838 402.164
594.737 409.669
589.543 417.11
584.255 424.486
578.874 431.794
573.403 439.034
567.84 446.205
562.189 453.305
556.448 460.334
550.619 467.29
544.704 474.172
538.703 480.979
532.616 487.711
526.445 494.365
520.192 500.941
513.856 507.439
507.439 513.856
500.941 520.192
494.365 526.445
487.711 532.616
480.979 538.703
474.172 544.704
467.29 550.619
460.334 556.448
453.305 562.189
446.205 567.84
439.034 573.403
431.794 578.874
424.486 584.255
417.11 589.543
409.669 594.737
402.164 599.838
394.594 604.845
386.963 609.755
379.27 614.57
371.517 619.287
363.706 623.907
355.837 628.428
347.912 632.85
339.932 637.172
331.899 641.393
323.813 645.513
315.676 649.531
307.489 653.447
299.253 657.259
290.97 660.967
282.642 664.572
274.268 668.071
265.852 671.464
257.393 674.752
248.894 677.933
240.355 681.007
231.779 683.974
223.165 686.832
214.517 689.582
205.835 692.224
197.12 694.756
188.374 697.178
179.598 699.49
170.794 701.691
161.963 703.782
153.107 705.762
144.226 707.63
135.323 709.387
126.398 711.031
117.453 712.563
108.49 713.983
99.5092 715.29
90.5129 716.484
81.5024 717.565
72.4791 718.532
63.4442 719.386
54.3994 720.127
45.346 720.753
36.2854 721.266
27.219 721.665
18.1484 721.95
9.07492 722.121
4.40948e-14 722.178
-9.07492 722.121
-18.1484 721.95
-27.219 721.665
-36.2854 721.266
-45.346 720.753
-54.3994 720.127
-63.4442 719.386
-72.4791 718.532
-81.5024 717.565
-90.5129 716.484
-99.5092 715.29
-108.49 713.983
-117.453 712.563
-126.398 711.031
-135.323 709.387
-144.226 707.63
-153.107 705.762
-161.963 703.782
-170.794 701.691
-179.598 699.49
-188.374 697.178
-197.12 694.756
-205.835 692.224
-214.517 689.582
-223.165 686.832
-231.779 683.974
-240.355 681.007
-248.894 677.933
-257.393 674.752
-265.852 671.464
-274.268 668.071
-282.642 664.572
-290.97 660.967
-299.253 657.259
-307.489 653.447
-315.676 649.531
-323.813 645.513
-331.899 641.393
-339.932 637.172
-347.912 632.85
-355.837 628.428
-363.706 623.907
-371.517 619.287
-379.27 614.57
-386.963 609.755
-394.594 604.845
-402.164 599.838
-409.669 594.737
-417.11 589.543
-424.486 584.255
-431.794 578.874
-439.034 573.403
-446.205 567.84
-453.305 562.189
-460.334 556.448
-467.29 550.619
-474.172 544.704
-480.979 538.703
-487.711 532.616
-494.365 526.445
-500.941 520.192
-507.439 513.856
-513.856 507.439
-520.192 500.941
-526.445 494.365
-532.616 487.711
-538.703 480.979
-544.704 474.172
-550.619 467.29
-556.448 460.334
-562.189 453.305
-567.84 446.205
-573.403 439.034
-578.874 431.794
-584.255 424.486
-589.543 417.11
-594.737 409.669
-599.838 402.164
-604.845 394.594
-609.755 386.963
-614.57 379.27
-619.287 371.517
-623.907 363.706
-628.428 355.837
-632.85 347.912
-637.172 339.932
-641.393 331.899
-645.513 323.813
-649.531 315.676
-653.447 307.489
-657.259 299.253
-660.967 290.97
-664.572 282.642
-668.071 274.268
-671.464 265.852
-674.752 257.393
-677.933 248.894
-681.007 240.355
-683.974 231.779
-686.832 223.165
-689.582 214.517
-692.224 205.835
-694.756 197.12
-697.178 188.374
-699.49 179.598
-701.691 170.794
-703.782 161.963
-705.762 153.107
-707.63 144.226
-709.387 135.323
-711.031 126.398
-712.563 117.453
-713.983 108.49
-715.29 99.5092
-716.484 90.5129
-717.565 81.5024
-718.532 72.4791
-719.386 63.4442
-720.127 54.3994
-720.753 45.346
-721.266 36.2854
-721.665 27.219
-721.95 18.1484
-722.121 9.07492
-722.178 8.87312e-14
-722.121 -9.07492
-721.95 -18.1484
-721.665 -27.219
-721.266 -36.2854
-720.753 -45.346
-720.127 -54.3994
-719.386 -63.4442
-718.532 -72.4791
-717.565 -81.5024
-716.484 -90.5129
-715.29 -99.5092
-713.983 -108.49
-712.563 -117.453
-711.031 -126.398
-709.387 -135.323
-707.63 -144.226
-705.762 -153.107
-703.782 -161.963
-701.691 -170.794
-699.49 -179.598
-697.178 -188.374
-694.756 -197.12
-692.224 -205.835
-689.582 -214.517
-686.832 -223.165
-683.974 -231.779
-681.007 -240.355
-677.933 -248.894
-674.752 -257.393
-671.464 -265.852
-668.071 -274.268
-664.572 -282.642
-660.967 -290.97
-657.259 -299.253
-653.447 -307.489
-649.531 -315.676
-645.513 -323.813
-641.393 -331.899
-637.172 -339.932
-632.85 -347.912
-628.428 -355.837
-623.907 -363.706
-619.287 -371.517
-614.57 -379.27
-609.755 -386.963
-604.845 -394.594
-599.838 -402.164
-594.737 -409.669
-589.543 -417.11
-584.255 -424.486
-578.874 -431.794
-573.403 -439.034
-567.84 -446.205
-562.189 -453.305
-556.448 -460.334
-550.619 -467.29
-544.704 -474.172
-538.703 -480.979
-532.616 -487.711
-526.445 -494.365
-520.192 -500.941
-513.856 -507.439
-507.439 -513.856
-500.941 -520.192
-494.365 -526.445
-487.711 -532.616
-480.979 -538.703
-474.172 -544.704
-467.29 -550.619
-460.334 -556.448
-453.305 -562.189
-446.205 -567.84
-439.034 -573.403
-431.794 -578.874
-424.486 -584.255
-417.11 -589.543
-409.669 -594.737
-402.164 -599.838
-394.594 -604.845
-386.963 -609.755
-379.27 -614.57
-371.517 -619.287
-363.706 -623.907
-355.837 -628.428
-347.912 -632.85
-339.932 -637.172
-331.899 -641.393
-323.813 -645.513
-315.676 -649.531
-307.489 -653.447
-299.253 -657.259
-290.97 -660.967
-282.642 -664.572
-274.268 -668.071
-265.852 -671.464
-257.393 -674.752
-248.894 -677.933
-240.355 -681.007
-231.779 -683.974
-223.165 -686.832
-214.517 -689.582
-205.835 -692.224
-197.12 -694.756
-188.374 -697.178
-179.598 -699.49
-170.794 -701.691
-161.963 -703.782
-153.107 -705.762
-144.226 -707.63
-135.323 -709.387
-126.398 -711.031
-117.453 -712.563
-108.49 -713.983
-99.5092 -715.29
-90.5129 -716.484
-81.5024 -717.565
-72.4791 -718.532
-63.4442 -719.386
-54.3994 -720.127
-45.346 -720.753
-36.2854 -721.266
-27.219 -721.665
-18.1484 -721.95
-9.07492 -722.121
-1.38145e-13 -722.178
9.07492 -722.121
18.1484 -721.95
27.219 -721.665
36.2854 -721.266
45.346 -720.753
54.3994 -720.127
63.4442 -719.386
72.4791 -718.532
81.5024 -717.565
90.5129 -716.484
99.5092 -715.29
108.49 -713.983
117.453 -712.563
126.398 -711.031
135.323 -709.387
144.226 -707.63
153.107 -705.762
161.963 -703.782
170.794 -701.691
179.598 -699.49
188.374 -697.178
197.12 -694.756
205.835 -692.224
214.517 -689.582
223.165 -686.832
231.779 -683.974
240.355 -681.007
248.894 -677.933
257.393 -674.752
265.852 -671.464
274.268 -668.071
282.642 -664.572
290.97 -660.967
299.253 -657.259
307.489 -653.447
315.676 -649.531
323.813 -645.513
331.899 -641.393
339.932 -637.172
347.912 -632.85
355.837 -628.428
363.706 -623.907
371.517 -619.287
379.27 -614.57
386.963 -609.755
394.594 -604.845
402.164 -599.838
409.669 -594.737
417.11 -589.543
424.486 -584.255
431.794 -578.874
439.034 -573.403
446.205 -567.84
453.305 -562.189
460.334 -556.448
467.29 -550.619
474.172 -544.704
480.979 -538.703
487.711 -532.616
494.365 -526.445
500.941 -520.192
507.439 -513.856
513.856 -507.439
520.192 -500.941
526.445 -494.365
532.616 -487.711
538.703 -480.979
544.704 -474.172
550.619 -467.29
556.448 -460.334
562.189 -453.305
567.84 -446.205
573.403 -439.034
578.874 -431.794
584.255 -424.486
589.543 -417.11
594.737 -409.669
599.838 -402.164
604.845 -394.594
609.755 -386.963
614.57 -379.27
619.287 -371.517
623.907 -363.706
628.428 -355.837
632.85 -347.912
637.172 -339.932
641.393 -331.899
645.513 -323.813
649.531 -315.676
653.447 -307.489
657.259 -299.253
660.967 -290.97
664.572 -282.642
668.071 -274.268
671.464 -265.852
674.752 -257.393
677.933 -248.894
681.007 -240.355
683.974 -231.779
686.832 -223.165
689.582 -214.517
692.224 -205.835
694.756 -197.12
697.178 -188.374
699.49 -179.598
701.691 -170.794
703.782 -161.963
705.762 -153.107
707.63 -144.226
709.387 -135.323
711.031 -126.398
712.563 -117.453
713.983 -108.49
715.29 -99.5092
716.484 -90.5129
717.565 -81.5024
718.532 -72.4791
719.386 -63.4442
720.127 -54.3994
720.753 -45.346
721.266 -36.2854
721.665 -27.219
721.95 -18.1484
722.121 -9.07492
