721.178 4.05649e-15
721.121 9.06236
720.951 18.1233
720.666 27.1813
720.267 36.2351
719.755 45.2832
719.129 54.3241
718.39 63.3564
717.537 72.3787
716.571 81.3896
715.492 90.3876
714.299 99.3714
712.994 108.339
711.577 117.29
710.046 126.223
708.404 135.135
706.65 144.027
704.785 152.895
702.808 161.739
700.72 170.558
698.521 179.35
696.212 188.113
693.794 196.847
691.265 205.55
688.628 214.22
685.881 222.856
683.027 231.458
680.064 240.022
676.995 248.549
673.818 257.037
670.535 265.483
667.146 273.888
663.651 282.25
660.052 290.567
656.349 298.839
652.542 307.063
648.632 315.238
644.619 323.364
640.505 331.439
636.289 339.461
631.973 347.43
627.558 355.344
623.043 363.202
618.43 371.003
613.719 378.745
608.911 386.427
604.007 394.048
599.008 401.607
593.914 409.102
588.726 416.533
583.446 423.898
578.073 431.196
572.609 438.426
567.054 445.587
561.41 452.677
555.677 459.696
549.857 466.643
543.95 473.515
537.957 480.313
531.878 487.035
525.716 493.681
519.471 500.248
513.144 506.736
506.736 513.144
500.248 519.471
493.681 525.716
487.035 531.878
480.313 537.957
473.515 543.95
466.643 549.857
459.696 555.677
452.677 561.41
445.587 567.054
438.426 572.609
431.196 578.073
423.898 583.446
416.533 588.726
409.102 593.914
401.607 599.008
394.048 604.007
386.427 608.911
378.745 613.719
371.003 618.43
363.202 623.043
355.344 627.558
347.43 631.973
339.461 636.289
331.439 640.505
323.364 644.619
315.238 648.632
307.063 652.542
298.839 656.349
290.567 660.052
282.25 663.651
273.888 667.146
265.483 670.535
257.037 673.818
248.549 676.995
240.022 680.064
231.458 683.027
222.856 685.881
214.22 688.628
205.55 691.265
196.847 693.794
188.113 696.212
179.35 698.521
170.558 700.72
161.739 702.808
152.895 704.785
144.027 706.65
135.135 708.404
126.223 710.046
117.29 711.577
108.339 712.994
99.3714 714.299
90.3876 715.492
81.3896 716.571
72.3787 717.537
63.3564 718.39
54.3241 719.129
45.2832 719.755
36.2351 720.267
27.1813 720.666
18.1233 720.951
9.06236 721.121
4.40781e-14 721.178
-9.06236 721.121
-18.1233 720.951
-27.1813 720.666
-36.2351 720.267
-45.2832 719.755
-54.3241 719.129
-63.3564 718.39
-72.3787 717.537
-81.3896 716.571
-90.3876 715.492
-99.3714 714.299
-108.339 712.994
-117.29 711.577
-126.223 710.046
-135.135 708.404
-144.027 706.65
-152.895 704.785
-161.739 702.808
-170.558 700.72
-179.35 698.521
-188.113 696.212
-196.847 693.794
-205.55 691.265
-214.22 688.628
-222.856 685.881
-231.458 683.027
-240.022 680.064
-248.549 676.995
-257.037 673.818
-265.483 670.535
-273.888 667.146
-282.25 663.651
-290.567 660.052
-298.839 656.349
-307.063 652.542
-315.238 648.632
-323.364 644.619
-331.439 640.505
-339.461 636.289
-347.43 631.973
-355.344 627.558
-363.202 623.043
-371.003 618.43
-378.745 613.719
-386.427 608.911
-394.048 604.007
-401.607 599.008
-409.102 593.914
-416.533 588.726
-423.898 583.446
-431.196 578.073
-438.426 572.609
-445.587 567.054
-452.677 561.41
-459.696 555.677
-466.643 549.857
-473.515 543.95
-480.313 537.957
-487.035 531.878
-493.681 525.716
-500.248 519.471
-506.736 513.144
-513.144 506.736
-519.471 500.248
-525.716 493.681
-531.878 487.035
-537.957 480.313
-543.95 473.515
-549.857 466.643
-555.677 459.696
-561.41 452.677
-567.054 445.587
-572.609 438.426
-578.073 431.196
-583.446 423.898
-588.726 416.533
-593.914 409.102
-599.008 401.607
-604.007 394.048
-608.911 386.427
-613.719 378.745
-618.43 371.003
-623.043 363.202
-627.558 355.344
-631.973 347.43
-636.289 339.461
-640.505 331.439
-644.619 323.364
-648.632 315.238
-652.542 307.063
-656.349 298.839
-660.052 290.567
-663.651 282.25
-667.146 273.888
-670.535 265.483
-673.818 257.037
-676.995 248.549
-680.064 240.022
-683.027 231.458
-685.881 222.856
-688.628 214.22
-691.265 205.55
-693.794 196.847
-696.212 188.113
-698.521 179.35
-700.72 170.558
-702.808 161.739
-704.785 152.895
-706.65 144.027
-708.404 135.135
-710.046 126.223
-711.577 117.29
-712.994 108.339
-714.299 99.3714
-715.492 90.3876
-716.571 81.3896
-717.537 72.3787
-718.39 63.3564
-719.129 54.3241
-719.755 45.2832
-720.267 36.2351
-720.666 27.1813
-720.951 18.1233
-721.121 9.06236
-721.178 8.8563e-14
-721.121 -9.06236
-720.951 -18.1233
-720.666 -27.1813
-720.267 -36.2351
-719.755 -45.2832
-719.129 -54.3241
-718.39 -63.3564
-717.537 -72.3787
-716.571 -81.3896
-715.492 -90.3876
-714.299 -99.3714
-712.994 -108.339
-711.577 -117.29
-710.046 -126.223
-708.404 -135.135
-706.65 -144.027
-704.785 -152.895
-702.808 -161.739
-700.72 -170.558
-698.521 -179.35
-696.212 -188.113
-693.794 -196.847
-691.265 -205.55
-688.628 -214.22
-685.881 -222.856
-683.027 -231.458
-680.064 -240.022
-676.995 -248.549
-673.818 -257.037
-670.535 -265.483
-667.146 -273.888
-663.651 -282.25
-660.052 -290.567
-656.349 -298.839
-652.542 -307.063
-648.632 -315.238
-644.619 -323.364
-640.505 -331.439
-636.289 -339.461
-631.973 -347.43
-627.558 -355.344
-623.043 -363.202
-618.43 -371.003
-613.719 -378.745
-608.911 -386.427
-604.007 -394.048
-599.008 -401.607
-593.914 -409.102
-588.726 -416.533
-583.446 -423.898
-578.073 -431.196
-572.609 -438.426
-567.054 -445.587
-561.41 -452.677
-555.677 -459.696
-549.857 -466.643
-543.95 -473.515
-537.957 -480.313
-531.878 -487.035
-525.716 -493.681
-519.471 -500.248
-513.144 -506.736
-506.736 -513.144
-500.248 -519.471
-493.681 -525.716
-487.035 -531.878
-480.313 -537.957
-473.515 -543.95
-466.643 -549.857
-459.696 -555.677
-452.677 -561.41
-445.587 -567.054
-438.426 -572.609
-431.196 -578.073
-423.898 -583.446
-416.533 -588.726
-409.102 -593.914
-401.607 -599.008
-394.048 -604.007
-386.427 -608.911
-378.745 -613.719
-371.003 -618.43
-363.202 -623.043
-355.344 -627.558
-347.43 -631.973
-339.461 -636.289
-331.439 -640.505
-323.364 -644.619
-315.238 -648.632
-307.063 -652.542
-298.839 -656.349
-290.567 -660.052
-282.25 -663.651
-273.888 -667.146
-265.483 -670.535
-257.037 -673.818
-248.549 -676.995
-240.022 -680.064
-231.458 -683.027
-222.856 -685.881
-214.22 -688.628
-205.55 -691.265
-196.847 -693.794
-188.113 -696.212
-179.35 -698.521
-170.558 -700.72
-161.739 -702.808
-152.895 -704.785
-144.027 -706.65
-135.135 -708.404
-126.223 -710.046
-117.29 -711.577
-108.339 -712.994
-99.3714 -714.299
-90.3876 -715.492
-81.3896 -716.571
-72.3787 -717.537
-63.3564 -718.39
-54.3241 -719.129
-45.2832 -719.755
-36.2351 -720.267
-27.1813 -720.666
-18.1233 -720.951
-9.06236 -721.121
-1.38048e-13 -721.178
9.06236 -721.121
18.1233 -720.951
27.1813 -720.666
36.2351 -720.267
45.2832 -719.755
54.3241 -719.129
63.3564 -718.39
72.3787 -717.537
81.3896 -716.571
90.3876 -715.492
99.3714 -714.299
108.339 -712.994
117.29 -711.577
126.223 -710.046
135.135 -708.404
144.027 -706.65
152.895 -704.785
161.739 -702.808
170.558 -700.72
179.35 -698.521
188.113 -696.212
196.847 -693.794
205.55 -691.265
214.22 -688.628
222.856 -685.881
231.458 -683.027
240.022 -680.064
248.549 -676.995
257.037 -673.818
265.483 -670.535
273.888 -667.146
282.25 -663.651
290.567 -660.052
298.839 -656.349
307.063 -652.542
315.238 -648.632
323.364 -644.619
331.439 -640.505
339.461 -636.289
347.43 -631.973
355.344 -627.558
363.202 -623.043
371.003 -618.43
378.745 -613.719
386.427 -608.911
394.048 -604.007
401.607 -599.008
409.102 -593.914
416.533 -588.726
423.898 -583.446
431.196 -578.073
438.426 -572.609
445.587 -567.054
452.677 -561.41
459.696 -555.677
466.643 -549.857
473.515 -543.95
480.313 -537.957
487.035 -531.878
493.681 -525.716
500.248 -519.471
506.736 -513.144
513.144 -506.736
519.471 -500.248
525.716 -493.681
531.878 -487.035
537.957 -480.313
543.95 -473.515
549.857 -466.643
555.677 -459.696
561.41 -452.677
567.054 -445.587
572.609 -438.426
578.073 -431.196
583.446 -423.898
588.726 -416.533
593.914 -409.102
599.008 -401.607
604.007 -394.048
608.911 -386.427
613.719 -378.745
618.43 -371.003
623.043 -363.202
627.558 -355.344
631.973 -347.43
636.289 -339.461
640.505 -331.439
644.619 -323.364
648.632 -315.238
652.542 -307.063
656.349 -298.839
660.052 -290.567
663.651 -282.25
667.146 -273.888
670.535 -265.483
673.818 -257.037
676.995 -248.549
680.064 -240.022
683.027 -231.458
685.881 -222.856
688.628 -214.22
691.265 -205.55
693.794 -196.847
696.212 -188.113
698.521 -179.35
700.72 -170.558
702.808 -161.739
704.785 -152.895
706.65 -144.027
708.404 -135.135
710.046 -126.223
711.577 -117.29
712.994 -108.339
714.299 -99.3714
715.492 -90.3876
716.571 -81.3896
717.537 -72.3787
718.39 -63.3564
719.129 -54.3241
719.755 -45.2832
720.267 -36.2351
720.666 -27.1813
720.951 -18.1233
721.121 -9.06236
