720.757 9.35642
720.545 18.0633
720.187 26.2808
719.688 33.3594
719.204 42.1431
718.616 51.0102
717.919 59.6186
717.122 68.1743
716.25 76.1881
715.22 85.4404
714.277 92.2295
713.154 100.415
711.994 108.268
710.757 116.154
709.317 124.689
708.117 131.694
706.447 140.422
704.924 148.2
703.144 156.583
701.136 165.36
699.673 172.222
697.415 181.105
695.689 188.342
693.372 196.825
691.337 204.441
682.251 233.513
679.479 240.916
676.547 248.739
673.516 256.596
670.432 264.29
667.054 272.706
664.357 278.547
660.815 286.844
657.067 295.382
653.756 302.418
650.265 309.729
646.714 316.984
643.399 323.575
639.244 331.71
635.89 338.1
631.842 345.626
627.961 352.687
624.156 359.493
619.892 366.859
615.393 374.392
611.396 381.066
606.609 388.655
602.462 395.27
598.127 402.012
593.749 408.694
588.327 416.381
583.847 422.912
579.184 429.529
560.493 453.437
554.932 460.146
549.912 465.828
544.373 472.175
539.794 477.059
533.289 484.417
528.039 489.968
521.833 496.574
516.661 501.814
511.189 507.323
505.421 513.044
498.787 519.5
493.864 524.185
486.591 530.931
480.602 536.373
475.135 541.291
469.346 546.411
462.557 552.181
456.732 557.145
449.148 563.209
443.512 567.854
436.379 573.359
430.066 578.256
423.242 583.351
416.158 588.475
394.978 602.704
388.162 606.992
380.737 611.644
374.126 615.581
366.97 619.817
360.352 623.605
352.225 628.245
344.618 632.433
337.626 636.154
330.501 639.867
323.507 643.433
314.539 647.86
308.128 650.955
300.483 654.538
293.074 657.928
285.213 661.398
277.649 664.66
270.347 667.752
262.394 670.96
253.495 674.331
246.094 677.174
221.117 686.298
213.563 688.498
205.715 690.757
196.867 693.354
189.153 695.359
182.395 696.945
172.889 699.434
165.135 701.208
156.612 703.135
146.611 705.39
140.86 706.338
132.021 708.041
124.019 709.451
116.52 710.693
108.115 712.017
99.6989 713.246
92.3134 714.269
83.6451 715.346
75.6438 716.278
67.4346 717.142
59.6656 717.917
51.3377 718.619
42.9561 719.23
34.9489 719.774
26.0386 720.167
18.0045 720.539
8.68724 720.679
0.219264 720.809
-8.14502 720.861
-38.4675 720.087
-46.147 719.424
-54.2754 718.73
-63.7679 718.013
-71.384 717.114
-79.2827 716.161
-88.3051 715.108
-95.5587 714.018
-103.516 712.836
-110.207 711.727
-120.808 710.076
-128.216 708.709
-135.162 707.381
-143.761 705.684
-151.348 704.11
-159.975 702.205
-167.606 700.463
-175.517 698.567
-183.585 696.536
-191.235 694.562
-200.441 691.919
-208.15 689.728
-216.541 687.166
-223.383 685.193
-231.955 682.342
-241.311 678.982
-247.903 676.89
-256.552 673.631
-280.595 663.714
-288.771 660.18
-295.093 657.17
-304.148 653.109
-311.761 649.452
-319.293 645.727
-326.055 642.239
-333.432 638.403
-340.908 634.419
-348.5 630.267
-355.347 626.41
-363.005 622.001
-369.331 618.28
-377.603 613.253
-383.58 609.593
-390.814 605.006
-397.293 600.866
-403.772 596.654
-411.484 591.329
-417.98 586.888
-425.224 581.677
-431.312 577.407
-453.491 560.463
-459.864 555.106
-466.146 549.705
-472.374 544.237
-478.559 538.695
-484.652 533.113
-490.662 527.487
-496.612 521.803
-502.478 516.08
-508.246 510.334
-513.948 504.542
-519.574 498.713
-525.148 492.826
-530.645 486.908
-536.1 480.92
-541.491 474.888
-546.843 468.78
-552.136 462.62
-557.365 456.413
-562.551 450.131
-567.669 443.807
-572.756 437.384
-577.765 430.933
-582.752 424.353
-587.699 417.667
-604.297 393.116
-609.39 385.259
-613.205 378.752
-618.142 370.73
-622.287 363.534
-626.031 356.748
-630.237 349.182
-634.315 341.625
-638.118 334.319
-641.311 327.885
-644.751 320.947
-648.56 313.151
-652.249 305.368
-655.792 297.662
-659.196 290.033
-662.23 283.066
-665.257 275.978
-668.825 267.172
-671.408 260.922
-674.689 252.281
-677.264 245.748
-680.142 237.862
-683.225 228.651
-685.759 221.396
-688.144 214.705
-690.732 206.416
-693.255 197.847
-695.626 189.652
-703.254 159.521
-704.961 151.291
-706.483 143.307
-707.823 135.636
-709.762 125.811
-711.263 116.957
-712.237 109.562
-713.137 102.312
-714.48 92.8364
-715.407 84.7325
-716.224 76.788
-716.928 69.1208
-717.777 59.8315
-718.293 52.4162
-718.877 43.5987
-719.286 35.8711
-719.638 28.0747
-719.928 20.2483
-720.131 11.4835
-720.28 3.89535
-720.311 -4.58242
-720.207 -13.5056
-719.898 -23.4365
-719.846 -29.9193
-719.678 -37.2879
-719.198 -46.0802
-718.454 -55.6714
-718.144 -62.6539
-717.519 -70.8091
-716.859 -78.8008
-716.048 -87.0329
-711.153 -118.405
-709.605 -127.499
-708.008 -135.117
-706.316 -143.166
-704.469 -151.949
-702.72 -158.959
-700.787 -166.968
-698.687 -175.446
-696.385 -184.446
-694.363 -191.48
-692.363 -198.308
-689.538 -208.045
-687.272 -215.259
-684.477 -223.995
-682.238 -230.678
-679.317 -239.143
-676.688 -246.544
-673.595 -254.886
-671.502 -260.734
-667.652 -270.245
-664.558 -277.887
-661.275 -285.71
-658.477 -292.466
-654.268 -301.555
-651.81 -307.474
-647.14 -316.826
-644.935 -322.212
-640.297 -331.046
-636.713 -338.211
-622.982 -362.328
-618.691 -369.436
-614.357 -376.433
-609.969 -383.354
-605.512 -390.229
-601.239 -396.624
-596.84 -403.118
-591.765 -410.526
-587.47 -416.585
-582.33 -423.736
-577.468 -430.337
-572.386 -437.084
-567.544 -443.39
-562.207 -450.161
-557.335 -456.266
-551.851 -462.922
-546.166 -469.64
-541.061 -475.642
-535.896 -481.609
-529.693 -488.402
-524.376 -494.279
-509.153 -509.573
-502.389 -516.292
-497.357 -520.955
-490.434 -527.51
-485.29 -532.14
-477.413 -539.288
-471.652 -544.269
-465.699 -549.348
-459.303 -554.706
-452.83 -560.011
-445.204 -566.085
-439.686 -570.43
-433.616 -575.133
-426.927 -580.166
-420.625 -584.859
-413.167 -590.143
-392.544 -604.802
-385.372 -609.287
-378.323 -613.551
-370.935 -617.976
-364.189 -621.794
-356.74 -626.038
-349.681 -629.896
-342.433 -633.788
-335.443 -637.425
-327.971 -641.263
-320.425 -645.036
-313.277 -648.497
-306.634 -651.64
-298.386 -655.457
-290.925 -658.808
-283.446 -662.078
-275.998 -665.25
-268.097 -668.497
-261.003 -671.383
-253.051 -674.46
-245.865 -677.233
-237.754 -680.168
-229.95 -682.934
-222.11 -685.62
-214.184 -688.234
-206.742 -690.688
-198.766 -693.143
-170.488 -700.321
-163.107 -701.888
-153.787 -704.049
-146.374 -705.463
-138.978 -706.826
-130.209 -708.485
-122.203 -709.849
-113.293 -711.325
-107.108 -712.179
-97.3914 -713.589
-88.5607 -714.735
-81.1404 -715.594
-72.1913 -716.553
-64.5566 -717.293
-56.7074 -717.988
-48.697 -718.619
-40.2109 -719.174
-32.1656 -719.646
-22.7895 -719.98
-14.3654 -720.243
-6.09869 -720.426
2.54194 -720.485
10.3594 -720.544
18.8865 -720.432
45.6978 -719.387
54.5479 -718.745
61.6873 -717.937
71.1967 -717.112
79.5911 -716.16
87.7405 -715.123
95.373 -714.03
103.909 -712.807
110.247 -711.723
119.654 -710.219
128.924 -708.609
134.233 -707.563
143.438 -705.751
152.102 -703.936
160.232 -702.141
168.153 -700.311
176.488 -698.275
184.897 -696.112
192.551 -694.097
201.085 -691.684
208.572 -689.561
216.416 -687.22
224.58 -684.647
231.771 -682.431
240.307 -679.475
248.046 -676.811
273.563 -666.822
282.304 -663.226
290.184 -659.75
297.435 -656.372
304.388 -653.023
311.345 -649.613
319.786 -645.527
326.269 -642.145
333.832 -638.216
341.058 -634.345
348.087 -630.484
354.494 -626.892
362.433 -622.335
368.235 -618.978
376.031 -614.271
383.458 -609.678
390.339 -605.35
396.815 -601.235
404.597 -595.997
411.253 -591.523
418.166 -586.727
424.575 -582.269
430.975 -577.735
437.945 -572.53
458.333 -556.076
463.791 -551.297
470.19 -545.784
476.938 -539.889
483.651 -533.878
490.037 -527.985
495.391 -522.832
502.208 -516.314
508.27 -510.312
513.414 -505.058
518.938 -499.361
524.531 -493.486
529.483 -488.232
536.752 -480.166
541.37 -475.037
546.731 -468.925
552.657 -461.916
557.944 -455.594
562.722 -449.876
568.018 -443.257
573.252 -436.56
578.418 -429.789
593.468 -409.004
597.537 -402.704
602.129 -395.682
607.257 -387.828
611.152 -381.397
615.424 -374.351
620 -366.703
624.065 -359.634
628.182 -352.328
632.254 -344.918
635.719 -338.414
639.248 -331.702
643.148 -324.094
647.113 -316.108
650.733 -308.633
653.88 -302.101
657.473 -294.265
660.65 -287.328
664.275 -278.798
667.489 -271.202
671.162 -261.717
673.557 -256.421
676.775 -247.724
686.064 -221.58
688.629 -213.284
690.939 -205.307
692.978 -197.751
695.135 -189.719
697.21 -181.657
699.229 -173.485
701.096 -165.489
702.766 -157.883
704.585 -149.45
706.208 -141.399
707.745 -133.353
709.191 -125.344
710.551 -117.37
711.832 -109.398
713.089 -100.963
714.176 -93.3277
715.251 -84.9513
716.192 -77.6692
717.104 -69.2475
717.922 -60.8336
718.669 -53.0405
719.31 -44.5654
719.869 -36.2419
720.397 -28.4374
720.784 -20.0509
