719.764 9.47385
719.55 18.1628
719.19 26.356
718.688 33.3944
718.204 42.1613
717.616 51.0129
716.919 59.6022
716.123 68.1381
715.252 76.1241
714.223 85.375
713.282 92.1297
712.162 100.292
711.005 108.118
709.773 115.977
708.336 124.494
707.145 131.462
705.478 140.175
703.962 147.927
702.186 156.299
700.179 165.072
698.726 171.901
696.472 180.772
694.759 187.976
692.448 196.443
690.424 204.032
681.266 233.342
678.499 240.716
675.572 248.516
672.546 256.351
669.469 264.023
666.094 272.425
663.41 278.227
659.869 286.519
656.124 295.049
652.824 302.058
649.342 309.345
645.801 316.576
642.5 323.136
638.35 331.261
635.014 337.618
630.975 345.127
627.107 352.167
623.317 358.948
619.065 366.296
614.575 373.817
610.596 380.467
605.816 388.045
601.683 394.643
597.36 401.37
592.996 408.036
587.581 415.716
583.122 422.223
578.478 428.821
559.638 452.919
554.082 459.62
549.074 465.281
543.547 471.611
538.995 476.458
532.49 483.815
527.26 489.341
521.062 495.938
515.913 501.151
510.461 506.638
504.71 512.341
498.083 518.79
493.191 523.445
485.918 530.191
479.947 535.617
474.508 540.512
468.743 545.613
461.965 551.375
456.166 556.32
448.585 562.383
442.979 567.008
435.864 572.502
429.567 577.389
422.754 582.478
415.688 587.593
394.35 601.925
387.551 606.201
380.14 610.843
373.547 614.765
366.41 618.988
359.813 622.763
351.699 627.395
344.106 631.574
337.138 635.281
330.037 638.981
323.061 642.538
314.099 646.962
307.723 650.041
300.097 653.616
292.71 656.996
284.867 660.46
277.325 663.714
270.049 666.797
262.114 670
253.213 673.371
245.832 676.209
220.676 685.4
213.143 687.59
205.319 689.839
196.489 692.428
188.803 694.422
182.071 695.999
172.567 698.487
164.831 700.255
156.324 702.178
146.318 704.434
140.623 705.366
131.795 707.066
123.818 708.472
116.35 709.707
107.965 711.029
99.5681 712.254
92.2163 713.274
83.564 714.349
75.5885 715.28
67.4024 716.142
59.663 716.917
51.3568 717.62
42.996 718.231
35.0072 718.775
26.1034 719.169
18.0892 719.543
8.78254 719.683
0.336754 719.816
-8.00397 719.871
-38.5644 719.092
-46.211 718.426
-54.3127 717.731
-63.7972 717.013
-71.3886 716.114
-79.2676 715.161
-88.2864 714.108
-95.5042 713.02
-103.435 711.84
-110.083 710.735
-120.696 709.082
-128.07 707.72
-134.978 706.399
-143.561 704.704
-151.119 703.136
-159.731 701.235
-167.334 699.5
-175.221 697.612
-183.268 695.587
-190.891 693.623
-200.093 690.981
-207.777 688.8
-216.161 686.241
-222.973 684.28
-231.54 681.432
-240.893 678.073
-247.445 676
-256.084 672.747
-280.303 662.758
-288.463 659.228
-294.754 656.229
-303.808 652.168
-311.402 648.518
-318.915 644.801
-325.655 641.323
-333.012 637.496
-340.462 633.524
-348.039 629.38
-354.861 625.536
-362.506 621.135
-368.801 617.433
-377.063 612.411
-383.013 608.769
-390.232 604.193
-396.692 600.066
-403.147 595.874
-410.846 590.559
-417.326 586.131
-424.559 580.93
-430.621 576.685
-452.967 559.612
-459.333 554.259
-465.609 548.862
-471.815 543.408
-477.98 537.88
-484.06 532.307
-490.05 526.696
-495.974 521.032
-501.827 515.32
-507.577 509.592
-513.26 503.816
-518.868 498.005
-524.425 492.136
-529.904 486.236
-535.343 480.267
-540.718 474.254
-546.053 468.167
-551.331 462.026
-556.546 455.84
-561.718 449.578
-566.823 443.275
-571.896 436.873
-576.893 430.442
-581.869 423.883
-586.806 417.217
-603.535 392.468
-608.622 384.619
-612.414 378.139
-617.346 370.125
-621.482 362.942
-625.212 356.174
-629.416 348.611
-633.487 341.064
-637.277 333.778
-640.45 327.378
-643.873 320.466
-647.675 312.686
-651.355 304.921
-654.888 297.233
-658.283 289.624
-661.305 282.687
-664.321 275.627
-667.887 266.826
-670.455 260.618
-673.734 251.986
-676.298 245.491
-679.17 237.625
-682.253 228.418
-684.779 221.193
-687.157 214.541
-689.743 206.269
-692.264 197.715
-694.632 189.539
-702.324 159.152
-704.023 150.944
-705.536 142.986
-706.866 135.345
-708.807 125.514
-710.307 116.666
-711.271 109.304
-712.162 102.09
-713.504 92.6196
-714.426 84.5396
-715.238 76.6218
-715.938 68.9767
-716.785 59.7037
-717.298 52.3224
-717.88 43.5201
-718.287 35.8145
-718.638 28.0399
-718.928 20.2352
-719.131 11.4879
-719.281 3.93346
-719.312 -4.52304
-719.209 -13.4308
-718.901 -23.3528
-718.854 -29.7876
-718.691 -37.1277
-718.215 -45.8963
-717.472 -55.4821
-717.171 -62.4237
-716.55 -70.5609
-715.895 -78.533
-715.089 -86.7493
-710.154 -118.381
-708.606 -127.465
-707.01 -135.054
-705.32 -143.079
-703.474 -151.849
-701.73 -158.821
-699.8 -166.807
-697.703 -175.269
-695.402 -184.26
-693.388 -191.259
-691.397 -198.049
-688.57 -207.796
-686.31 -214.986
-683.518 -223.71
-681.289 -230.362
-678.374 -238.813
-675.755 -246.185
-672.67 -254.504
-670.595 -260.312
-666.748 -269.818
-663.662 -277.444
-660.391 -285.241
-657.603 -291.979
-653.396 -301.067
-650.958 -306.951
-646.289 -316.302
-644.11 -321.646
-639.477 -330.474
-635.908 -337.617
-622.066 -361.926
-617.784 -369.014
-613.461 -375.989
-609.084 -382.889
-604.639 -389.742
-600.381 -396.111
-595.992 -402.587
-590.922 -409.989
-586.642 -416.025
-581.511 -423.162
-576.669 -429.736
-571.594 -436.472
-566.77 -442.758
-561.445 -449.513
-556.593 -455.596
-551.121 -462.238
-545.453 -468.939
-540.363 -474.925
-535.22 -480.872
-529.032 -487.652
-523.737 -493.51
-508.397 -508.917
-501.638 -515.632
-496.635 -520.264
-489.716 -526.815
-484.601 -531.416
-476.717 -538.57
-470.979 -543.529
-465.048 -548.589
-458.669 -553.932
-452.212 -559.225
-444.588 -565.297
-439.102 -569.618
-433.051 -574.308
-426.375 -579.332
-420.098 -584.009
-412.651 -589.286
-391.88 -604.054
-384.725 -608.525
-377.694 -612.774
-370.321 -617.187
-363.598 -620.987
-356.165 -625.22
-349.128 -629.064
-341.899 -632.943
-334.934 -636.565
-327.48 -640.392
-319.953 -644.154
-312.831 -647.602
-306.222 -650.729
-297.986 -654.541
-290.541 -657.884
-283.079 -661.148
-275.648 -664.313
-267.764 -667.554
-260.7 -670.43
-252.766 -673.501
-245.603 -676.268
-237.502 -679.2
-229.722 -681.961
-221.906 -684.641
-214.002 -687.25
-206.591 -689.7
-198.638 -692.151
-170.126 -699.389
-162.785 -700.942
-153.47 -703.101
-146.089 -704.505
-138.717 -705.861
-129.968 -707.514
-121.98 -708.875
-113.089 -710.346
-106.946 -711.192
-97.2393 -712.601
-88.4149 -713.746
-81.0369 -714.6
-72.0935 -715.557
-64.4988 -716.294
-56.6712 -716.989
-48.6806 -717.619
-40.2087 -718.174
-32.184 -718.646
-22.8093 -718.981
-14.407 -719.244
-6.16441 -719.428
2.45796 -719.488
10.2453 -719.55
18.7528 -719.441
45.7641 -718.39
54.5992 -717.746
61.7092 -716.937
71.2047 -716.112
79.5786 -715.161
87.6968 -714.123
95.306 -713.032
103.816 -711.811
110.122 -710.731
119.514 -709.228
128.776 -707.62
134.031 -706.583
143.228 -704.774
151.876 -702.962
159.998 -701.168
167.902 -699.343
176.217 -697.312
184.608 -695.155
192.234 -693.148
200.753 -690.741
208.212 -688.628
216.033 -686.297
224.18 -683.731
231.34 -681.529
239.864 -678.579
247.582 -675.926
273.297 -665.858
282.022 -662.266
289.883 -658.797
297.115 -655.424
304.055 -652.08
310.976 -648.683
319.41 -644.601
325.867 -641.229
333.405 -637.312
340.61 -633.451
347.622 -629.599
353.998 -626.023
361.92 -621.477
367.692 -618.138
375.485 -613.433
382.903 -608.846
389.763 -604.533
396.212 -600.437
403.986 -595.204
410.621 -590.747
417.518 -585.965
423.904 -581.527
430.282 -577.013
437.24 -571.82
457.782 -555.242
463.209 -550.484
469.59 -544.984
476.326 -539.097
483.028 -533.095
489.399 -527.215
494.733 -522.08
501.551 -515.561
507.598 -509.572
512.716 -504.342
518.22 -498.664
523.796 -492.808
528.724 -487.581
536.001 -479.506
540.592 -474.409
545.942 -468.31
551.866 -461.304
557.138 -455.002
561.895 -449.314
567.179 -442.713
572.401 -436.033
577.557 -429.281
592.719 -408.341
596.766 -402.068
601.344 -395.062
606.467 -387.215
610.341 -380.812
614.599 -373.785
619.166 -366.15
623.217 -359.104
627.327 -351.81
631.393 -344.411
634.84 -337.937
638.354 -331.254
642.245 -323.663
646.204 -315.69
649.815 -308.236
652.952 -301.73
656.535 -293.919
659.704 -287.004
663.324 -278.49
666.531 -270.916
670.204 -261.428
672.586 -256.179
675.804 -247.484
685.167 -221.139
687.724 -212.859
690.024 -204.904
692.051 -197.375
694.2 -189.365
696.267 -181.324
698.279 -173.173
700.139 -165.201
701.8 -157.624
703.614 -149.21
705.231 -141.183
706.764 -133.154
708.208 -125.163
709.563 -117.214
710.842 -109.259
712.096 -100.843
713.18 -93.238
714.253 -84.8904
715.193 -77.6359
716.104 -69.2264
716.922 -60.8404
717.669 -53.069
718.312 -44.6139
718.872 -36.3199
719.402 -28.537
719.79 -20.1582
