718.771 9.59115
718.555 18.2621
718.193 26.4312
717.689 33.4294
717.205 42.1794
716.616 51.0155
715.919 59.5856
715.123 68.1018
714.254 76.0602
713.225 85.3096
712.287 92.0298
711.169 100.169
710.017 107.967
708.789 115.8
707.355 124.3
706.172 131.23
704.508 139.929
703 147.653
701.227 156.015
699.221 164.783
697.779 171.58
695.532 180.431
693.828 187.61
691.524 196.061
689.509 203.629
680.28 233.171
677.52 240.516
674.597 248.294
671.576 256.107
668.505 263.755
665.135 272.143
662.463 277.907
658.924 286.194
655.181 294.717
651.891 301.697
648.419 308.961
644.888 316.169
641.602 322.697
637.457 330.812
634.138 337.135
630.108 344.628
626.253 351.646
622.479 358.402
618.238 365.734
613.757 373.242
609.796 379.867
605.024 387.436
600.904 394.016
596.593 400.728
592.242 407.378
586.835 415.05
582.396 421.535
577.772 428.112
558.783 452.401
553.232 459.094
548.237 464.734
542.722 471.046
538.196 475.857
531.692 483.213
526.481 488.714
520.29 495.302
515.164 500.488
509.732 505.952
503.999 511.638
497.379 518.08
492.518 522.706
485.245 529.452
479.293 534.861
473.881 539.733
468.14 544.815
461.374 550.569
455.599 555.496
448.021 561.557
442.446 566.162
435.342 571.649
429.062 576.526
422.26 581.608
415.211 586.714
393.729 601.142
386.945 605.405
379.542 610.041
372.968 613.95
365.851 618.159
359.279 621.917
351.172 626.545
343.594 630.715
336.651 634.407
329.573 638.095
322.622 641.639
313.659 646.064
307.319 649.126
299.71 652.693
292.347 656.064
284.52 659.522
277 662.768
269.75 665.843
261.834 669.04
252.93 672.412
245.569 675.244
220.235 684.503
212.722 686.683
204.93 688.918
196.111 691.502
188.453 693.485
181.754 695.051
172.245 697.541
164.527 699.302
156.037 701.22
146.026 703.477
140.385 704.395
131.57 706.092
123.617 707.492
116.181 708.722
107.815 710.04
99.4374 711.263
92.119 712.278
83.4829 713.353
75.5331 714.281
67.37 715.143
59.6603 715.917
51.3758 716.62
43.0359 717.232
35.0655 717.777
26.168 718.171
18.1739 718.546
8.87774 718.688
0.45414 718.823
-7.86304 718.881
-38.6611 718.097
-46.275 717.428
-54.3499 716.732
-63.8263 716.014
-71.3931 715.114
-79.2523 714.161
-88.2676 713.108
-95.4495 712.021
-103.355 710.843
-109.959 709.742
-120.583 708.088
-127.925 706.73
-134.794 705.416
-143.361 703.724
-150.89 702.163
-159.487 700.265
-167.062 698.538
-174.926 696.657
-182.951 694.639
-190.547 692.684
-199.745 690.044
-207.405 687.872
-215.781 685.316
-222.564 683.368
-231.125 680.523
-240.475 677.165
-246.988 675.111
-255.615 671.864
-280.011 661.801
-288.148 658.279
-294.415 655.289
-303.47 651.227
-311.044 647.584
-318.537 643.875
-325.248 640.409
-332.585 636.592
-340.016 632.629
-347.578 628.493
-354.374 624.662
-362.006 620.269
-368.271 616.585
-376.53 611.565
-382.447 607.945
-389.65 603.38
-396.091 599.266
-402.515 595.098
-410.209 589.789
-416.666 585.38
-423.888 580.189
-429.923 575.968
-452.442 558.76
-458.802 553.411
-465.071 548.019
-471.263 542.574
-477.408 537.059
-483.468 531.501
-489.439 525.905
-495.343 520.257
-501.177 514.561
-506.907 508.849
-512.572 503.09
-518.163 497.296
-523.701 491.446
-529.163 485.565
-534.585 479.615
-539.944 473.621
-545.264 467.553
-550.526 461.433
-555.727 455.266
-560.885 449.024
-565.976 442.743
-571.037 436.361
-576.022 429.951
-580.986 423.413
-585.912 416.768
-602.773 391.821
-607.854 383.979
-611.62 377.532
-616.55 369.519
-620.671 362.356
-624.393 355.601
-628.596 348.039
-632.66 340.503
-636.436 333.237
-639.588 326.87
-642.996 319.986
-646.789 312.222
-650.461 304.473
-653.985 296.804
-657.371 289.215
-660.38 282.307
-663.385 275.275
-666.949 266.48
-669.503 260.313
-672.778 251.69
-675.331 245.233
-678.198 237.389
-681.281 228.184
-683.8 220.99
-686.171 214.377
-688.754 206.122
-691.272 197.582
-693.638 189.425
-701.395 158.783
-703.085 150.598
-704.589 142.665
-705.909 135.055
-707.852 125.217
-709.35 116.375
-710.305 109.047
-711.189 101.86
-712.528 92.4028
-713.446 84.3386
-714.253 76.4474
-714.949 68.8327
-715.794 59.5678
-716.303 52.2206
-716.884 43.4335
-717.289 35.758
-717.639 28.005
-717.928 20.2221
-718.131 11.4924
-718.281 3.97152
-718.314 -4.46373
-718.212 -13.3561
-717.905 -23.269
-717.862 -29.6635
-717.704 -36.9676
-717.231 -45.7197
-716.489 -55.3
-716.196 -62.2007
-715.582 -70.3129
-714.932 -78.2653
-714.13 -86.4658
-709.154 -118.357
-707.606 -127.432
-706.012 -134.99
-704.323 -142.992
-702.479 -151.748
-700.739 -158.683
-698.814 -166.645
-696.719 -175.092
-694.42 -184.075
-692.412 -191.038
-690.431 -197.79
-687.601 -207.548
-685.348 -214.713
-682.56 -223.426
-680.343 -230.038
-677.433 -238.474
-674.825 -245.818
-671.746 -254.122
-669.689 -259.89
-665.844 -269.391
-662.769 -276.994
-659.508 -284.772
-656.734 -291.484
-652.523 -300.579
-650.11 -306.421
-645.437 -315.778
-643.281 -321.087
-638.656 -329.902
-635.099 -337.03
-621.15 -361.525
-616.878 -368.591
-612.565 -375.546
-608.198 -382.424
-603.765 -389.256
-599.523 -395.598
-595.145 -402.055
-590.078 -409.453
-585.813 -415.465
-580.692 -422.589
-575.869 -429.136
-570.803 -435.861
-565.995 -442.125
-560.683 -448.865
-555.857 -454.919
-550.397 -461.548
-544.74 -468.237
-539.671 -474.203
-534.544 -480.135
-528.37 -486.902
-523.098 -492.74
-507.642 -508.262
-500.886 -514.973
-495.912 -519.573
-488.997 -526.119
-483.912 -530.691
-476.021 -537.852
-470.307 -542.789
-464.396 -547.83
-458.035 -553.159
-451.595 -558.438
-443.973 -564.509
-438.519 -568.806
-432.487 -573.482
-425.823 -578.498
-419.571 -583.159
-412.135 -588.429
-391.216 -603.306
-384.077 -607.763
-377.065 -611.996
-369.707 -616.398
-363.008 -620.18
-355.59 -624.402
-348.574 -628.231
-341.365 -632.097
-334.425 -635.704
-326.989 -639.52
-319.482 -643.272
-312.385 -646.707
-305.809 -649.818
-297.586 -653.624
-290.157 -656.961
-282.712 -660.217
-275.297 -663.377
-267.431 -666.611
-260.397 -669.476
-252.482 -672.542
-245.34 -675.304
-237.25 -678.233
-229.494 -680.987
-221.702 -683.662
-213.821 -686.267
-206.44 -688.711
-198.51 -691.159
-169.765 -698.456
-162.455 -699.998
-153.146 -702.155
-145.795 -703.549
-138.455 -704.896
-129.728 -706.544
-121.756 -707.9
-112.877 -709.368
-106.784 -710.205
-97.0793 -711.614
-88.2691 -712.757
-80.9256 -713.606
-71.9956 -714.562
-64.441 -715.296
-56.635 -715.989
-48.6642 -716.619
-40.2064 -717.174
-32.2023 -717.646
-22.829 -717.981
-14.4485 -718.245
-6.23007 -718.43
2.37406 -718.492
10.1312 -718.557
18.6192 -718.45
45.8303 -717.392
54.6431 -716.747
61.7309 -715.937
71.2052 -715.112
79.5585 -714.161
87.653 -713.124
95.2395 -712.034
103.731 -710.815
109.996 -709.738
119.382 -708.237
128.628 -706.631
133.829 -705.604
143.017 -703.796
151.649 -701.988
159.765 -700.196
167.651 -698.375
175.947 -696.35
184.319 -694.197
191.918 -692.2
200.422 -689.797
207.852 -687.695
215.65 -685.373
223.779 -682.815
230.909 -680.627
239.422 -677.682
247.117 -675.04
273.03 -664.894
281.741 -661.307
289.583 -657.843
296.796 -654.477
303.714 -651.14
310.607 -647.754
319.034 -643.674
325.458 -640.317
332.978 -636.407
340.161 -632.557
347.15 -628.717
353.495 -625.159
361.408 -620.618
367.149 -617.299
374.939 -612.596
382.349 -608.014
389.187 -603.716
395.61 -599.639
403.376 -594.412
409.989 -589.972
416.87 -585.204
423.233 -580.785
429.59 -576.291
436.535 -571.111
457.231 -554.407
462.627 -549.671
468.99 -544.184
475.715 -538.306
482.405 -532.313
488.761 -526.444
494.074 -521.327
500.893 -514.808
506.926 -508.831
512.018 -503.626
517.503 -497.968
523.062 -492.13
527.964 -486.931
535.244 -478.852
539.814 -473.781
545.153 -467.696
551.075 -460.693
556.331 -454.411
561.068 -448.752
566.34 -442.169
571.551 -435.507
576.695 -428.772
591.97 -407.679
595.994 -401.431
600.559 -394.443
605.676 -386.602
609.53 -380.226
613.774 -373.22
618.333 -365.598
622.37 -358.573
626.471 -351.292
630.531 -343.904
633.96 -337.46
637.464 -330.799
641.343 -323.232
645.299 -315.265
648.901 -307.83
652.023 -301.36
655.6 -293.564
658.758 -286.681
662.373 -278.182
665.573 -270.631
669.247 -261.139
671.616 -255.938
674.834 -247.244
684.269 -220.697
686.819 -212.434
689.109 -204.5
691.125 -196.999
693.265 -189.011
695.324 -180.991
697.329 -172.861
699.181 -164.913
700.834 -157.365
702.643 -148.97
704.255 -140.968
705.784 -132.956
707.224 -124.981
708.575 -117.058
709.852 -109.12
711.103 -100.723
712.184 -93.1482
713.255 -84.8216
714.193 -77.6026
715.104 -69.2136
715.922 -60.8479
716.67 -53.1058
717.313 -44.6706
717.875 -36.3905
718.406 -28.6294
718.796 -20.2654
