717.178 4.30857e-15
717.122 9.01209
716.952 18.0228
716.669 27.0306
716.273 36.0341
715.763 45.032
715.141 54.0228
714.405 63.005
713.557 71.9772
712.597 80.9382
711.523 89.8863
710.337 98.8202
709.04 107.739
707.63 116.64
706.108 125.523
704.475 134.386
702.731 143.228
700.876 152.047
698.91 160.842
696.833 169.612
694.647 178.355
692.351 187.07
689.945 195.755
687.431 204.41
684.808 213.032
682.077 221.62
679.238 230.174
676.292 238.691
673.24 247.17
670.08 255.611
666.816 264.011
663.445 272.369
659.97 280.685
656.391 288.956
652.708 297.181
648.922 305.36
645.034 313.49
641.044 321.571
636.952 329.601
632.76 337.579
628.468 345.503
624.077 353.373
619.587 361.188
615 368.945
610.315 376.644
605.534 384.283
600.657 391.862
595.685 399.379
590.62 406.833
585.461 414.223
580.209 421.547
574.866 428.805
569.433 435.994
563.909 443.116
558.296 450.167
552.595 457.147
546.807 464.055
540.933 470.889
534.973 477.649
528.928 484.334
522.801 490.942
516.59 497.473
510.298 503.925
503.925 510.298
497.473 516.59
490.942 522.801
484.334 528.928
477.649 534.973
470.889 540.933
464.055 546.807
457.147 552.595
450.167 558.296
443.116 563.909
435.994 569.433
428.805 574.866
421.547 580.209
414.223 585.461
406.833 590.62
399.379 595.685
391.862 600.657
384.283 605.534
376.644 610.315
368.945 615
361.188 619.587
353.373 624.077
345.503 628.468
337.579 632.76
329.601 636.952
321.571 641.044
313.49 645.034
305.36 648.922
297.181 652.708
288.956 656.391
280.685 659.97
272.369 663.445
264.011 666.816
255.611 670.08
247.17 673.24
238.691 676.292
230.174 679.238
221.62 682.077
213.032 684.808
204.41 687.431
195.755 689.945
187.07 692.351
178.355 694.647
169.612 696.833
160.842 698.91
152.047 700.876
143.228 702.731
134.386 704.475
125.523 706.108
116.64 707.63
107.739 709.04
98.8202 710.337
89.8863 711.523
80.9382 712.597
71.9772 713.557
63.005 714.405
54.0228 715.141
45.032 715.763
36.0341 716.273
27.0306 716.669
18.0228 716.952
9.01209 717.122
4.37968e-14 717.178
-9.01209 717.122
-18.0228 716.952
-27.0306 716.669
-36.0341 716.273
-45.032 715.763
-54.0228 715.141
-63.005 714.405
-71.9772 713.557
-80.9382 712.597
-89.8863 711.523
-98.8202 710.337
-107.739 709.04
-116.64 707.63
-125.523 706.108
-134.386 704.475
-143.228 702.731
-152.047 700.876
-160.842 698.91
-169.612 696.833
-178.355 694.647
-187.07 692.351
-195.755 689.945
-204.41 687.431
-213.032 684.808
-221.62 682.077
-230.174 679.238
-238.691 676.292
-247.17 673.24
-255.611 670.08
-264.011 666.816
-272.369 663.445
-280.685 659.97
-288.956 656.391
-297.181 652.708
-305.36 648.922
-313.49 645.034
-321.571 641.044
-329.601 636.952
-337.579 632.76
-345.503 628.468
-353.373 624.077
-361.188 619.587
-368.945 615
-376.644 610.315
-384.283 605.534
-391.862 600.657
-399.379 595.685
-406.833 590.62
-414.223 585.461
-421.547 580.209
-428.805 574.866
-435.994 569.433
-443.116 563.909
-450.167 558.296
-457.147 552.595
-464.055 546.807
-470.889 540.933
-477.649 534.973
-484.334 528.928
-490.942 522.801
-497.473 516.59
-503.925 510.298
-510.298 503.925
-516.59 497.473
-522.801 490.942
-528.928 484.334
-534.973 477.649
-540.933 470.889
-546.807 464.055
-552.595 457.147
-558.296 450.167
-563.909 443.116
-569.433 435.994
-574.866 428.805
-580.209 421.547
-585.461 414.223
-590.62 406.833
-595.685 399.379
-600.657 391.862
-605.534 384.283
-610.315 376.644
-615 368.945
-619.587 361.188
-624.077 353.373
-628.468 345.503
-632.76 337.579
-636.952 329.601
-641.044 321.571
-645.034 313.49
-648.922 305.36
-652.708 297.181
-656.391 288.956
-659.97 280.685
-663.445 272.369
-666.816 264.011
-670.08 255.611
-673.24 247.17
-676.292 238.691
-679.238 230.174
-682.077 221.62
-684.808 213.032
-687.431 204.41
-689.945 195.755
-692.351 187.07
-694.647 178.355
-696.833 169.612
-698.91 160.842
-700.876 152.047
-702.731 143.228
-704.475 134.386
-706.108 125.523
-707.63 116.64
-709.04 107.739
-710.337 98.8202
-711.523 89.8863
-712.597 80.9382
-713.557 71.9772
-714.405 63.005
-715.141 54.0228
-715.763 45.032
-716.273 36.0341
-716.669 27.0306
-716.952 18.0228
-717.122 9.01209
-717.178 8.80151e-14
-717.122 -9.01209
-716.952 -18.0228
-716.669 -27.0306
-716.273 -36.0341
-715.763 -45.032
-715.141 -54.0228
-714.405 -63.005
-713.557 -71.9772
-712.597 -80.9382
-711.523 -89.8863
-710.337 -98.8202
-709.04 -107.739
-707.63 -116.64
-706.108 -125.523
-704.475 -134.386
-702.731 -143.228
-700.876 -152.047
-698.91 -160.842
-696.833 -169.612
-694.647 -178.355
-692.351 -187.07
-689.945 -195.755
-687.431 -204.41
-684.808 -213.032
-682.077 -221.62
-679.238 -230.174
-676.292 -238.691
-673.24 -247.17
-670.08 -255.611
-666.816 -264.011
-663.445 -272.369
-659.97 -280.685
-656.391 -288.956
-652.708 -297.181
-648.922 -305.36
-645.034 -313.49
-641.044 -321.571
-636.952 -329.601
-632.76 -337.579
-628.468 -345.503
-624.077 -353.373
-619.587 -361.188
-615 -368.945
-610.315 -376.644
-605.534 -384.283
-600.657 -391.862
-595.685 -399.379
-590.62 -406.833
-585.461 -414.223
-580.209 -421.547
-574.866 -428.805
-569.433 -435.994
-563.909 -443.116
-558.296 -450.167
-552.595 -457.147
-546.807 -464.055
-540.933 -470.889
-534.973 -477.649
-528.928 -484.334
-522.801 -490.942
-516.59 -497.473
-510.298 -503.925
-503.925 -510.298
-497.473 -516.59
-490.942 -522.801
-484.334 -528.928
-477.649 -534.973
-470.889 -540.933
-464.055 -546.807
-457.147 -552.595
-450.167 -558.296
-443.116 -563.909
-435.994 -569.433
-428.805 -574.866
-421.547 -580.209
-414.223 -585.461
-406.833 -590.62
-399.379 -595.685
-391.862 -600.657
-384.283 -605.534
-376.644 -610.315
-368.945 -615
-361.188 -619.587
-353.373 -624.077
-345.503 -628.468
-337.579 -632.76
-329.601 -636.952
-321.571 -641.044
-313.49 -645.034
-305.36 -648.922
-297.181 -652.708
-288.956 -656.391
-280.685 -659.97
-272.369 -663.445
-264.011 -666.816
-255.611 -670.08
-247.17 -673.24
-238.691 -676.292
-230.174 -679.238
-221.62 -682.077
-213.032 -684.808
-204.41 -687.431
-195.755 -689.945
-187.07 -692.351
-178.355 -694.647
-169.612 -696.833
-160.842 -698.91
-152.047 -700.876
-143.228 -702.731
-134.386 -704.475
-125.523 -706.108
-116.64 -707.63
-107.739 -709.04
-98.8202 -710.337
-89.8863 -711.523
-80.9382 -712.597
-71.9772 -713.557
-63.005 -714.405
-54.0228 -715.141
-45.032 -715.763
-36.0341 -716.273
-27.0306 -716.669
-18.0228 -716.952
-9.01209 -717.122
-1.37634e-13 -717.178
9.01209 -717.122
18.0228 -716.952
27.0306 -716.669
36.0341 -716.273
45.032 -715.763
54.0228 -715.141
63.005 -714.405
71.9772 -713.557
80.9382 -712.597
89.8863 -711.523
98.8202 -710.337
107.739 -709.04
116.64 -707.63
125.523 -706.108
134.386 -704.475
143.228 -702.731
152.047 -700.876
160.842 -698.91
169.612 -696.833
178.355 -694.647
187.07 -692.351
195.755 -689.945
204.41 -687.431
213.032 -684.808
221.62 -682.077
230.174 -679.238
238.691 -676.292
247.17 -673.24
255.611 -670.08
264.011 -666.816
272.369 -663.445
280.685 -659.97
288.956 -656.391
297.181 -652.708
305.36 -648.922
313.49 -645.034
321.571 -641.044
329.601 -636.952
337.579 -632.76
345.503 -628.468
353.373 -624.077
361.188 -619.587
368.945 -615
376.644 -610.315
384.283 -605.534
391.862 -600.657
399.379 -595.685
406.833 -590.62
414.223 -585.461
421.547 -580.209
428.805 -574.866
435.994 -569.433
443.116 -563.909
450.167 -558.296
457.147 -552.595
464.055 -546.807
470.889 -540.933
477.649 -534.973
484.334 -528.928
490.942 -522.801
497.473 -516.59
503.925 -510.298
510.298 -503.925
516.59 -497.473
522.801 -490.942
528.928 -484.334
534.973 -477.649
540.933 -470.889
546.807 -464.055
552.595 -457.147
558.296 -450.167
563.909 -443.116
569.433 -435.994
574.866 -428.805
580.209 -421.547
585.461 -414.223
590.62 -406.833
595.685 -399.379
600.657 -391.862
605.534 -384.283
610.315 -376.644
615 -368.945
619.587 -361.188
624.077 -353.373
628.468 -345.503
632.76 -337.579
636.952 -329.601
641.044 -321.571
645.034 -313.49
648.922 -305.36
652.708 -297.181
656.391 -288.956
659.97 -280.685
663.445 -272.369
666.816 -264.011
670.08 -255.611
673.24 -247.17
676.292 -238.691
679.238 -230.174
682.077 -221.62
684.808 -213.032
687.431 -204.41
689.945 -195.755
692.351 -187.07
694.647 -178.355
696.833 -169.612
698.91 -160.842
700.876 -152.047
702.731 -143.228
704.475 -134.386
706.108 -125.523
707.63 -116.64
709.04 -107.739
710.337 -98.8202
711.523 -89.8863
712.597 -80.9382
713.557 -71.9772
714.405 -63.005
715.141 -54.0228
715.763 -45.032
716.273 -36.0341
716.669 -27.0306
716.952 -18.0228
717.122 -9.01209
