788.178 4.29357e-16
788.116 9.90428
787.929 19.807
787.618 29.7066
787.183 39.6015
786.623 49.4901
785.939 59.371
785.131 69.2424
784.199 79.1029
783.143 88.951
781.963 98.7849
780.66 108.603
779.234 118.405
777.684 128.187
776.012 137.949
774.218 147.69
772.301 157.407
770.262 167.099
768.101 176.765
765.819 186.403
763.416 196.012
760.893 205.59
758.249 215.135
755.486 224.646
752.604 234.122
749.602 243.561
746.482 252.961
743.245 262.321
739.89 271.64
736.418 280.916
732.83 290.148
729.126 299.334
725.307 308.472
721.373 317.562
717.326 326.602
713.165 335.59
708.892 344.525
704.506 353.406
700.01 362.231
695.403 370.999
690.686 379.708
685.86 388.357
680.926 396.945
675.884 405.47
670.735 413.931
665.481 422.327
660.121 430.656
654.658 438.917
649.091 447.109
643.421 455.23
637.65 463.28
631.778 471.256
625.806 479.157
619.736 486.984
613.567 494.733
607.302 502.404
600.941 509.995
594.485 517.507
587.935 524.936
581.292 532.283
574.557 539.545
567.732 546.723
560.817 553.813
553.813 560.817
546.723 567.732
539.545 574.557
532.283 581.292
524.936 587.935
517.507 594.485
509.995 600.941
502.404 607.302
494.733 613.567
486.984 619.736
479.157 625.806
471.256 631.778
463.28 637.65
455.23 643.421
447.109 649.091
438.917 654.658
430.656 660.121
422.327 665.481
413.931 670.735
405.47 675.884
396.945 680.926
388.357 685.86
379.708 690.686
370.999 695.403
362.231 700.01
353.406 704.506
344.525 708.892
335.59 713.165
326.602 717.326
317.562 721.373
308.472 725.307
299.334 729.126
290.148 732.83
280.916 736.418
271.64 739.89
262.321 743.245
252.961 746.482
243.561 749.602
234.122 752.604
224.646 755.486
215.135 758.249
205.59 760.893
196.012 763.416
186.403 765.819
176.765 768.101
167.099 770.262
157.407 772.301
147.69 774.218
137.949 776.012
128.187 777.684
118.405 779.234
108.603 780.66
98.7849 781.963
88.951 783.143
79.1029 784.199
69.2424 785.131
59.371 785.939
49.4901 786.623
39.6015 787.183
29.7066 787.618
19.807 787.929
9.90428 788.116
4.80707e-14 788.178
-9.90428 788.116
-19.807 787.929
-29.7066 787.618
-39.6015 787.183
-49.4901 786.623
-59.371 785.939
-69.2424 785.131
-79.1029 784.199
-88.951 783.143
-98.7849 781.963
-108.603 780.66
-118.405 779.234
-128.187 777.684
-137.949 776.012
-147.69 774.218
-157.407 772.301
-167.099 770.262
-176.765 768.101
-186.403 765.819
-196.012 763.416
-205.59 760.893
-215.135 758.249
-224.646 755.486
-234.122 752.604
-243.561 749.602
-252.961 746.482
-262.321 743.245
-271.64 739.89
-280.916 736.418
-290.148 732.83
-299.334 729.126
-308.472 725.307
-317.562 721.373
-326.602 717.326
-335.59 713.165
-344.525 708.892
-353.406 704.506
-362.231 700.01
-370.999 695.403
-379.708 690.686
-388.357 685.86
-396.945 680.926
-405.47 675.884
-413.931 670.735
-422.327 665.481
-430.656 660.121
-438.917 654.658
-447.109 649.091
-455.23 643.421
-463.28 637.65
-471.256 631.778
-479.157 625.806
-486.984 619.736
-494.733 613.567
-502.404 607.302
-509.995 600.941
-517.507 594.485
-524.936 587.935
-532.283 581.292
-539.545 574.557
-546.723 567.732
-553.813 560.817
-560.817 553.813
-567.732 546.723
-574.557 539.545
-581.292 532.283
-587.935 524.936
-594.485 517.507
-600.941 509.995
-607.302 502.404
-613.567 494.733
-619.736 486.984
-625.806 479.157
-631.778 471.256
-637.65 463.28
-643.421 455.23
-649.091 447.109
-654.658 438.917
-660.121 430.656
-665.481 422.327
-670.735 413.931
-675.884 405.47
-680.926 396.945
-685.86 388.357
-690.686 379.708
-695.403 370.999
-700.01 362.231
-704.506 353.406
-708.892 344.525
-713.165 335.59
-717.326 326.602
-721.373 317.562
-725.307 308.472
-729.126 299.334
-732.83 290.148
-736.418 280.916
-739.89 271.64
-743.245 262.321
-746.482 252.961
-749.602 243.561
-752.604 234.122
-755.486 224.646
-758.249 215.135
-760.893 205.59
-763.416 196.012
-765.819 186.403
-768.101 176.765
-770.262 167.099
-772.301 157.407
-774.218 147.69
-776.012 137.949
-777.684 128.187
-779.234 118.405
-780.66 108.603
-781.963 98.7849
-783.143 88.951
-784.199 79.1029
-785.131 69.2424
-785.939 59.371
-786.623 49.4901
-787.183 39.6015
-787.618 29.7066
-787.929 19.807
-788.116 9.90428
-788.178 9.65144e-14
-788.116 -9.90428
-787.929 -19.807
-787.618 -29.7066
-787.183 -39.6015
-786.623 -49.4901
-785.939 -59.371
-785.131 -69.2424
-784.199 -79.1029
-783.143 -88.951
-781.963 -98.7849
-780.66 -108.603
-779.234 -118.405
-777.684 -128.187
-776.012 -137.949
-774.218 -147.69
-772.301 -157.407
-770.262 -167.099
-768.101 -176.765
-765.819 -186.403
-763.416 -196.012
-760.893 -205.59
-758.249 -215.135
-755.486 -224.646
-752.604 -234.122
-749.602 -243.561
-746.482 -252.961
-743.245 -262.321
-739.89 -271.64
-736.418 -280.916
-732.83 -290.148
-729.126 -299.334
-725.307 -308.472
-721.373 -317.562
-717.326 -326.602
-713.165 -335.59
-708.892 -344.525
-704.506 -353.406
-700.01 -362.231
-695.403 -370.999
-690.686 -379.708
-685.86 -388.357
-680.926 -396.945
-675.884 -405.47
-670.735 -413.931
-665.481 -422.327
-660.121 -430.656
-654.658 -438.917
-649.091 -447.109
-643.421 -455.23
-637.65 -463.28
-631.778 -471.256
-625.806 -479.157
-619.736 -486.984
-613.567 -494.733
-607.302 -502.404
-600.941 -509.995
-594.485 -517.507
-587.935 -524.936
-581.292 -532.283
-574.557 -539.545
-567.732 -546.723
-560.817 -553.813
-553.813 -560.817
-546.723 -567.732
-539.545 -574.557
-532.283 -581.292
-524.936 -587.935
-517.507 -594.485
-509.995 -600.941
-502.404 -607.302
-494.733 -613.567
-486.984 -619.736
-479.157 -625.806
-471.256 -631.778
-463.28 -637.65
-455.23 -643.421
-447.109 -649.091
-438.917 -654.658
-430.656 -660.121
-422.327 -665.481
-413.931 -670.735
-405.47 -675.884
-396.945 -680.926
-388.357 -685.86
-379.708 -690.686
-370.999 -695.403
-362.231 -700.01
-353.406 -704.506
-344.525 -708.892
-335.59 -713.165
-326.602 -717.326
-317.562 -721.373
-308.472 -725.307
-299.334 -729.126
-290.148 -732.83
-280.916 -736.418
-271.64 -739.89
-262.321 -743.245
-252.961 -746.482
-243.561 -749.602
-234.122 -752.604
-224.646 -755.486
-215.135 -758.249
-205.59 -760.893
-196.012 -763.416
-186.403 -765.819
-176.765 -768.101
-167.099 -770.262
-157.407 -772.301
-147.69 -774.218
-137.949 -776.012
-128.187 -777.684
-118.405 -779.234
-108.603 -780.66
-98.7849 -781.963
-88.951 -783.143
-79.1029 -784.199
-69.2424 -785.131
-59.371 -785.939
-49.4901 -786.623
-39.6015 -787.183
-29.7066 -787.618
-19.807 -787.929
-9.90428 -788.116
-1.45482e-13 -788.178
9.90428 -788.116
19.807 -787.929
29.7066 -787.618
39.6015 -787.183
49.4901 -786.623
59.371 -785.939
69.2424 -785.131
79.1029 -784.199
88.951 -783.143
98.7849 -781.963
108.603 -780.66
118.405 -779.234
128.187 -777.684
137.949 -776.012
147.69 -774.218
157.407 -772.301
167.099 -770.262
176.765 -768.101
186.403 -765.819
196.012 -763.416
205.59 -760.893
215.135 -758.249
224.646 -755.486
234.122 -752.604
243.561 -749.602
252.961 -746.482
262.321 -743.245
271.64 -739.89
280.916 -736.418
290.148 -732.83
299.334 -729.126
308.472 -725.307
317.562 -721.373
326.602 -717.326
335.59 -713.165
344.525 -708.892
353.406 -704.506
362.231 -700.01
370.999 -695.403
379.708 -690.686
388.357 -685.86
396.945 -680.926
405.47 -675.884
413.931 -670.735
422.327 -665.481
430.656 -660.121
438.917 -654.658
447.109 -649.091
455.23 -643.421
463.28 -637.65
471.256 -631.778
479.157 -625.806
486.984 -619.736
494.733 -613.567
502.404 -607.302
509.995 -600.941
517.507 -594.485
524.936 -587.935
532.283 -581.292
539.545 -574.557
546.723 -567.732
553.813 -560.817
560.817 -553.813
567.732 -546.723
574.557 -539.545
581.292 -532.283
587.935 -524.936
594.485 -517.507
600.941 -509.995
607.302 -502.404
613.567 -494.733
619.736 -486.984
625.806 -479.157
631.778 -471.256
637.65 -463.28
643.421 -455.23
649.091 -447.109
654.658 -438.917
660.121 -430.656
665.481 -422.327
670.735 -413.931
675.884 -405.47
680.926 -396.945
685.86 -388.357
690.686 -379.708
695.403 -370.999
700.01 -362.231
704.506 -353.406
708.892 -344.525
713.165 -335.59
717.326 -326.602
721.373 -317.562
725.307 -308.472
729.126 -299.334
732.83 -290.148
736.418 -280.916
739.89 -271.64
743.245 -262.321
746.482 -252.961
749.602 -243.561
752.604 -234.122
755.486 -224.646
758.249 -215.135
760.893 -205.59
763.416 -196.012
765.819 -186.403
768.101 -176.765
770.262 -167.099
772.301 -157.407
774.218 -147.69
776.012 -137.949
777.684 -128.187
779.234 -118.405
780.66 -108.603
781.963 -98.7849
783.143 -88.951
784.199 -79.1029
785.131 -69.2424
785.939 -59.371
786.623 -49.4901
787.183 -39.6015
787.618 -29.7066
787.929 -19.807
788.116 -9.90428
