716.785 9.82538
716.565 18.4605
716.199 26.5811
715.69 33.499
715.205 42.2155
714.616 51.0205
713.919 59.5523
713.125 68.0291
712.258 75.932
711.229 85.1785
710.297 91.8299
709.185 99.9231
708.039 107.667
706.82 115.446
705.391 123.919
704.223 130.781
702.566 139.452
701.072 147.121
699.304 155.463
697.302 164.22
695.885 170.938
693.649 179.757
691.968 186.875
689.682 195.281
687.685 202.808
678.31 232.829
675.56 240.115
672.648 247.848
669.637 255.618
666.579 263.218
663.218 271.573
660.568 277.266
657.032 285.544
653.297 294.045
650.028 300.969
646.575 308.185
643.065 315.346
639.805 321.818
635.674 329.906
632.386 336.171
628.375 343.631
624.546 350.605
620.803 357.311
616.584 364.61
612.12 372.091
608.195 378.669
603.439 386.216
599.346 392.763
595.06 399.444
590.736 406.063
585.348 413.712
580.945 420.159
576.361 426.696
557.072 451.365
551.531 458.04
546.563 463.64
541.071 469.917
536.597 474.655
530.095 482.008
524.923 487.46
518.748 494.029
513.668 499.161
508.276 504.582
502.577 510.232
495.97 516.661
491.172 521.227
483.898 527.973
477.984 533.349
472.626 538.176
466.933 543.22
460.19 548.957
454.467 553.848
446.894 559.905
441.38 564.469
434.298 569.943
428.051 574.8
421.272 579.869
414.257 584.956
392.479 599.58
385.735 603.813
378.348 608.437
371.811 612.319
364.731 616.502
358.213 620.225
350.12 624.845
342.571 628.996
335.676 632.661
328.644 636.324
321.744 639.842
312.779 644.268
306.509 647.298
298.937 650.849
291.62 654.201
283.827 657.645
276.351 660.876
269.154 663.934
261.274 667.12
252.364 670.494
245.044 673.314
219.337 682.716
211.88 684.869
204.137 687.082
195.341 689.656
187.737 691.618
181.12 693.153
171.601 695.647
163.92 697.396
155.461 699.305
145.441 701.565
139.91 702.452
131.12 704.143
123.215 705.533
115.834 706.752
107.515 708.062
99.1759 709.28
91.9167 710.289
83.3127 711.36
75.4143 712.285
67.2974 713.144
59.6547 713.917
51.406 714.62
43.1153 715.233
35.1816 715.78
26.297 716.175
18.3512 716.554
9.06784 716.697
0.705042 716.838
-7.58153 716.9
-38.8542 716.106
-46.4108 715.433
-54.424 714.733
-63.8771 714.014
-71.4019 713.114
-79.2216 712.162
-88.2295 711.109
-95.34 710.024
-103.193 708.85
-109.711 707.758
-120.358 706.101
-127.625 704.753
-134.426 703.45
-142.96 701.765
-150.431 700.216
-159 698.325
-166.518 696.613
-174.334 694.746
-182.317 692.742
-189.86 690.805
-199.049 688.169
-206.66 686.015
-215.022 683.466
-221.745 681.544
-230.295 678.703
-239.632 675.351
-246.073 673.332
-254.665 670.104
-279.412 659.893
-287.518 656.381
-293.729 653.41
-302.792 649.346
-310.328 645.717
-317.782 642.023
-324.434 638.583
-331.73 634.783
-339.125 630.839
-346.655 626.718
-353.401 622.915
-361.007 618.536
-367.211 614.889
-375.464 609.873
-381.313 606.297
-388.486 601.754
-394.877 597.677
-401.252 593.548
-408.933 588.248
-415.346 583.877
-422.546 578.706
-428.529 574.534
-451.393 557.058
-457.74 551.717
-463.995 546.333
-470.159 540.906
-476.264 535.419
-482.284 529.889
-488.215 524.323
-494.08 518.706
-499.876 513.042
-505.568 507.363
-511.197 501.639
-516.75 495.88
-522.254 490.065
-527.681 484.221
-533.07 478.309
-538.396 472.354
-543.685 466.325
-548.917 460.245
-554.089 454.119
-559.219 447.918
-564.284 441.677
-569.319 435.337
-574.28 428.969
-579.221 422.473
-584.126 415.868
-601.244 390.531
-606.308 382.71
-610.04 376.306
-614.949 368.321
-619.051 361.183
-622.755 354.454
-626.954 346.897
-631.004 339.38
-634.753 332.156
-637.864 325.856
-641.246 319.018
-645.017 311.294
-648.672 303.579
-652.175 295.953
-655.545 288.397
-658.527 281.555
-661.512 274.573
-665.069 265.796
-667.6 259.697
-670.868 251.099
-673.399 244.719
-676.255 236.916
-679.336 227.717
-681.842 220.583
-684.198 214.049
-686.776 205.828
-689.29 197.316
-691.651 189.198
-699.535 158.046
-701.209 149.904
-702.695 142.023
-703.998 134.466
-705.942 124.624
-707.434 115.8
-708.375 108.523
-709.243 101.399
-710.576 91.9688
-711.487 83.9369
-712.282 76.1065
-712.969 68.5525
-713.811 59.3115
-714.313 52.0249
-714.891 43.2684
-715.292 35.6448
-715.64 27.9353
-715.928 20.1957
-716.131 11.5012
-716.283 4.04747
-716.318 -4.34529
-716.218 -13.2068
-715.911 -23.117
-715.877 -29.4154
-715.729 -36.6477
-715.262 -45.3669
-714.522 -54.9362
-714.247 -61.7549
-713.644 -69.8172
-713.004 -77.7305
-712.212 -85.8995
-707.155 -118.31
-705.607 -127.364
-704.016 -134.863
-702.331 -142.818
-700.489 -151.547
-698.758 -158.407
-696.84 -166.323
-694.751 -174.737
-692.456 -183.696
-690.462 -190.597
-688.499 -197.272
-685.664 -207.051
-683.424 -214.167
-680.642 -222.857
-678.451 -229.39
-675.551 -237.798
-672.964 -245.085
-669.897 -253.359
-667.883 -259.031
-664.035 -268.536
-660.982 -276.095
-657.741 -283.835
-654.996 -290.495
-650.777 -299.603
-648.406 -305.374
-643.726 -314.743
-641.632 -319.956
-637.006 -328.771
-633.48 -335.855
-619.318 -360.722
-615.065 -367.746
-610.773 -374.658
-606.428 -381.493
-602.018 -388.282
-597.806 -394.571
-593.446 -401
-588.391 -408.379
-584.16 -414.34
-579.064 -421.428
-574.265 -427.941
-569.23 -434.626
-564.457 -440.846
-559.17 -447.558
-554.383 -453.567
-548.949 -460.169
-543.315 -466.834
-538.288 -472.759
-533.203 -478.651
-527.048 -485.402
-521.82 -491.202
-506.137 -506.945
-499.393 -513.642
-494.461 -518.196
-487.57 -524.717
-482.528 -529.247
-474.64 -536.405
-468.967 -541.305
-463.094 -546.312
-456.78 -551.602
-450.36 -556.865
-442.754 -562.923
-437.345 -567.186
-431.351 -571.835
-424.705 -576.84
-418.511 -581.463
-411.097 -586.72
-389.889 -601.81
-382.782 -606.239
-375.807 -610.441
-368.478 -614.82
-361.828 -618.565
-354.44 -622.765
-347.466 -626.566
-340.298 -630.406
-333.413 -633.979
-326.008 -637.778
-318.539 -641.508
-311.493 -644.916
-304.984 -647.996
-296.787 -651.791
-289.39 -655.114
-281.977 -658.357
-274.595 -661.504
-266.766 -664.725
-259.791 -667.571
-251.913 -670.625
-244.815 -673.374
-236.745 -676.297
-229.038 -679.04
-221.294 -681.704
-213.458 -684.3
-206.13 -686.736
-198.253 -689.176
-169.043 -696.591
-161.796 -698.109
-152.503 -700.261
-145.215 -701.635
-137.94 -702.963
-129.232 -704.606
-121.316 -705.949
-112.461 -707.412
-106.46 -708.231
-96.7594 -709.639
-87.9855 -710.777
-80.7108 -711.617
-71.808 -712.571
-64.3097 -713.3
-56.5625 -713.991
-48.6311 -714.62
-40.2017 -715.174
-32.2388 -715.646
-22.8684 -715.981
-14.5314 -716.247
-6.36114 -716.435
2.20649 -716.499
9.90343 -716.57
18.3524 -716.468
45.9646 -715.396
54.7472 -714.75
61.7593 -713.937
71.2226 -713.112
79.5348 -712.161
87.5818 -711.126
95.1063 -710.039
103.561 -708.822
109.738 -707.755
119.103 -706.257
128.332 -704.653
133.417 -703.647
142.58 -701.845
151.196 -700.04
159.298 -698.251
167.156 -696.437
175.42 -694.42
183.741 -692.283
191.299 -690.297
199.759 -687.911
207.146 -685.824
214.899 -683.519
222.985 -680.979
230.06 -678.816
238.544 -675.885
246.201 -673.263
272.483 -662.971
281.177 -659.388
288.981 -655.936
296.156 -652.582
303.033 -649.26
309.869 -645.895
318.281 -641.821
324.639 -638.492
332.124 -634.599
339.265 -630.77
346.206 -626.954
352.489 -623.431
360.383 -618.9
366.069 -615.615
373.846 -610.921
381.24 -606.35
388.034 -602.081
394.404 -598.043
402.157 -592.827
408.726 -588.421
415.573 -583.681
421.892 -579.301
428.206 -574.847
435.127 -569.691
456.129 -552.738
461.462 -548.045
467.791 -542.584
474.485 -536.729
481.147 -530.759
487.473 -524.914
492.745 -519.832
499.565 -513.312
505.57 -507.361
510.61 -502.205
516.068 -496.574
521.587 -490.779
526.45 -485.624
533.731 -477.545
538.262 -472.519
543.581 -466.46
549.493 -459.469
554.719 -453.227
559.418 -447.621
564.667 -441.074
569.854 -434.448
574.973 -427.755
590.471 -406.354
594.451 -400.159
598.988 -393.205
604.096 -385.377
607.908 -379.056
612.124 -372.089
616.666 -364.493
620.674 -357.512
624.761 -350.255
628.808 -342.889
632.21 -336.493
635.683 -329.888
639.545 -322.356
643.489 -314.415
647.072 -307.02
650.166 -300.618
653.729 -292.856
656.866 -286.033
660.472 -277.559
663.66 -270.044
667.337 -260.547
669.677 -255.447
672.896 -246.75
682.475 -219.815
685.008 -211.585
687.278 -203.694
689.271 -196.248
691.394 -188.303
693.438 -180.326
695.429 -172.237
697.266 -164.336
698.902 -156.847
700.701 -148.491
702.302 -140.538
703.824 -132.559
705.257 -124.619
706.603 -116.729
707.871 -108.842
709.118 -100.484
710.192 -92.9686
711.26 -84.6839
712.194 -77.5357
713.104 -69.1877
713.922 -60.8627
714.671 -53.1791
715.316 -44.7837
715.88 -36.5313
716.414 -28.8137
716.808 -20.4876
