715.178 4.40817e-15
715.122 8.98696
714.952 17.9725
714.67 26.9552
714.275 35.9336
713.767 44.9064
713.146 53.8721
712.413 62.8293
711.567 71.7765
710.609 80.7124
709.539 89.6356
708.357 98.5446
707.062 107.438
705.656 116.315
704.139 125.173
702.511 134.011
700.771 142.828
698.921 151.623
696.961 160.394
694.89 169.139
692.71 177.858
690.42 186.548
688.021 195.209
685.514 203.84
682.898 212.438
680.175 221.002
677.344 229.532
674.406 238.025
671.362 246.481
668.212 254.898
664.956 263.275
661.595 271.61
658.13 279.902
654.561 288.15
650.888 296.352
647.113 304.508
643.235 312.616
639.256 320.674
635.176 328.682
630.996 336.637
626.716 344.54
622.337 352.388
617.859 360.18
613.284 367.916
608.613 375.594
603.845 383.212
598.982 390.769
594.024 398.265
588.973 405.698
583.828 413.067
578.591 420.371
573.263 427.609
567.845 434.779
562.336 441.88
556.739 448.911
551.054 455.872
545.282 462.76
539.424 469.576
533.481 476.317
527.453 482.983
521.343 489.573
515.149 496.086
508.875 502.52
502.52 508.875
496.086 515.149
489.573 521.343
482.983 527.453
476.317 533.481
469.576 539.424
462.76 545.282
455.872 551.054
448.911 556.739
441.88 562.336
434.779 567.845
427.609 573.263
420.371 578.591
413.067 583.828
405.698 588.973
398.265 594.024
390.769 598.982
383.212 603.845
375.594 608.613
367.916 613.284
360.18 617.859
352.388 622.337
344.54 626.716
336.637 630.996
328.682 635.176
320.674 639.256
312.616 643.235
304.508 647.113
296.352 650.888
288.15 654.561
279.902 658.13
271.61 661.595
263.275 664.956
254.898 668.212
246.481 671.362
238.025 674.406
229.532 677.344
221.002 680.175
212.438 682.898
203.84 685.514
195.209 688.021
186.548 690.42
177.858 692.71
169.139 694.89
160.394 696.961
151.623 698.921
142.828 700.771
134.011 702.511
125.173 704.139
116.315 705.656
107.438 707.062
98.5446 708.357
89.6356 709.539
80.7124 710.609
71.7765 711.567
62.8293 712.413
53.8721 713.146
44.9064 713.767
35.9336 714.275
26.9552 714.67
17.9725 714.952
8.98696 715.122
4.35628e-14 715.178
-8.98696 715.122
-17.9725 714.952
-26.9552 714.67
-35.9336 714.275
-44.9064 713.767
-53.8721 713.146
-62.8293 712.413
-71.7765 711.567
-80.7124 710.609
-89.6356 709.539
-98.5446 708.357
-107.438 707.062
-116.315 705.656
-125.173 704.139
-134.011 702.511
-142.828 700.771
-151.623 698.921
-160.394 696.961
-169.139 694.89
-177.858 692.71
-186.548 690.42
-195.209 688.021
-203.84 685.514
-212.438 682.898
-221.002 680.175
-229.532 677.344
-238.025 674.406
-246.481 671.362
-254.898 668.212
-263.275 664.956
-271.61 661.595
-279.902 658.13
-288.15 654.561
-296.352 650.888
-304.508 647.113
-312.616 643.235
-320.674 639.256
-328.682 635.176
-336.637 630.996
-344.54 626.716
-352.388 622.337
-360.18 617.859
-367.916 613.284
-375.594 608.613
-383.212 603.845
-390.769 598.982
-398.265 594.024
-405.698 588.973
-413.067 583.828
-420.371 578.591
-427.609 573.263
-434.779 567.845
-441.88 562.336
-448.911 556.739
-455.872 551.054
-462.76 545.282
-469.576 539.424
-476.317 533.481
-482.983 527.453
-489.573 521.343
-496.086 515.149
-502.52 508.875
-508.875 502.52
-515.149 496.086
-521.343 489.573
-527.453 482.983
-533.481 476.317
-539.424 469.576
-545.282 462.76
-551.054 455.872
-556.739 448.911
-562.336 441.88
-567.845 434.779
-573.263 427.609
-578.591 420.371
-583.828 413.067
-588.973 405.698
-594.024 398.265
-598.982 390.769
-603.845 383.212
-608.613 375.594
-613.284 367.916
-617.859 360.18
-622.337 352.388
-626.716 344.54
-630.996 336.637
-635.176 328.682
-639.256 320.674
-643.235 312.616
-647.113 304.508
-650.888 296.352
-654.561 288.15
-658.13 279.902
-661.595 271.61
-664.956 263.275
-668.212 254.898
-671.362 246.481
-674.406 238.025
-677.344 229.532
-680.175 221.002
-682.898 212.438
-685.514 203.84
-688.021 195.209
-690.42 186.548
-692.71 177.858
-694.89 169.139
-696.961 160.394
-698.921 151.623
-700.771 142.828
-702.511 134.011
-704.139 125.173
-705.656 116.315
-707.062 107.438
-708.357 98.5446
-709.539 89.6356
-710.609 80.7124
-711.567 71.7765
-712.413 62.8293
-713.146 53.8721
-713.767 44.9064
-714.275 35.9336
-714.67 26.9552
-714.952 17.9725
-715.122 8.98696
-715.178 8.78816e-14
-715.122 -8.98696
-714.952 -17.9725
-714.67 -26.9552
-714.275 -35.9336
-713.767 -44.9064
-713.146 -53.8721
-712.413 -62.8293
-711.567 -71.7765
-710.609 -80.7124
-709.539 -89.6356
-708.357 -98.5446
-707.062 -107.438
-705.656 -116.315
-704.139 -125.173
-702.511 -134.011
-700.771 -142.828
-698.921 -151.623
-696.961 -160.394
-694.89 -169.139
-692.71 -177.858
-690.42 -186.548
-688.021 -195.209
-685.514 -203.84
-682.898 -212.438
-680.175 -221.002
-677.344 -229.532
-674.406 -238.025
-671.362 -246.481
-668.212 -254.898
-664.956 -263.275
-661.595 -271.61
-658.13 -279.902
-654.561 -288.15
-650.888 -296.352
-647.113 -304.508
-643.235 -312.616
-639.256 -320.674
-635.176 -328.682
-630.996 -336.637
-626.716 -344.54
-622.337 -352.388
-617.859 -360.18
-613.284 -367.916
-608.613 -375.594
-603.845 -383.212
-598.982 -390.769
-594.024 -398.265
-588.973 -405.698
-583.828 -413.067
-578.591 -420.371
-573.263 -427.609
-567.845 -434.779
-562.336 -441.88
-556.739 -448.911
-551.054 -455.872
-545.282 -462.76
-539.424 -469.576
-533.481 -476.317
-527.453 -482.983
-521.343 -489.573
-515.149 -496.086
-508.875 -502.52
-502.52 -508.875
-496.086 -515.149
-489.573 -521.343
-482.983 -527.453
-476.317 -533.481
-469.576 -539.424
-462.76 -545.282
-455.872 -551.054
-448.911 -556.739
-441.88 -562.336
-434.779 -567.845
-427.609 -573.263
-420.371 -578.591
-413.067 -583.828
-405.698 -588.973
-398.265 -594.024
-390.769 -598.982
-383.212 -603.845
-375.594 -608.613
-367.916 -613.284
-360.18 -617.859
-352.388 -622.337
-344.54 -626.716
-336.637 -630.996
-328.682 -635.176
-320.674 -639.256
-312.616 -643.235
-304.508 -647.113
-296.352 -650.888
-288.15 -654.561
-279.902 -658.13
-271.61 -661.595
-263.275 -664.956
-254.898 -668.212
-246.481 -671.362
-238.025 -674.406
-229.532 -677.344
-221.002 -680.175
-212.438 -682.898
-203.84 -685.514
-195.209 -688.021
-186.548 -690.42
-177.858 -692.71
-169.139 -694.89
-160.394 -696.961
-151.623 -698.921
-142.828 -700.771
-134.011 -702.511
-125.173 -704.139
-116.315 -705.656
-107.438 -707.062
-98.5446 -708.357
-89.6356 -709.539
-80.7124 -710.609
-71.7765 -711.567
-62.8293 -712.413
-53.8721 -713.146
-44.9064 -713.767
-35.9336 -714.275
-26.9552 -714.67
-17.9725 -714.952
-8.98696 -715.122
-1.37352e-13 -715.178
8.98696 -715.122
17.9725 -714.952
26.9552 -714.67
35.9336 -714.275
44.9064 -713.767
53.8721 -713.146
62.8293 -712.413
71.7765 -711.567
80.7124 -710.609
89.6356 -709.539
98.5446 -708.357
107.438 -707.062
116.315 -705.656
125.173 -704.139
134.011 -702.511
142.828 -700.771
151.623 -698.921
160.394 -696.961
169.139 -694.89
177.858 -692.71
186.548 -690.42
195.209 -688.021
203.84 -685.514
212.438 -682.898
221.002 -680.175
229.532 -677.344
238.025 -674.406
246.481 -671.362
254.898 -668.212
263.275 -664.956
271.61 -661.595
279.902 -658.13
288.15 -654.561
296.352 -650.888
304.508 -647.113
312.616 -643.235
320.674 -639.256
328.682 -635.176
336.637 -630.996
344.54 -626.716
352.388 -622.337
360.18 -617.859
367.916 -613.284
375.594 -608.613
383.212 -603.845
390.769 -598.982
398.265 -594.024
405.698 -588.973
413.067 -583.828
420.371 -578.591
427.609 -573.263
434.779 -567.845
441.88 -562.336
448.911 -556.739
455.872 -551.054
462.76 -545.282
469.576 -539.424
476.317 -533.481
482.983 -527.453
489.573 -521.343
496.086 -515.149
502.52 -508.875
508.875 -502.52
515.149 -496.086
521.343 -489.573
527.453 -482.983
533.481 -476.317
539.424 -469.576
545.282 -462.76
551.054 -455.872
556.739 -448.911
562.336 -441.88
567.845 -434.779
573.263 -427.609
578.591 -420.371
583.828 -413.067
588.973 -405.698
594.024 -398.265
598.982 -390.769
603.845 -383.212
608.613 -375.594
613.284 -367.916
617.859 -360.18
622.337 -352.388
626.716 -344.54
630.996 -336.637
635.176 -328.682
639.256 -320.674
643.235 -312.616
647.113 -304.508
650.888 -296.352
654.561 -288.15
658.13 -279.902
661.595 -271.61
664.956 -263.275
668.212 -254.898
671.362 -246.481
674.406 -238.025
677.344 -229.532
680.175 -221.002
682.898 -212.438
685.514 -203.84
688.021 -195.209
690.42 -186.548
692.71 -177.858
694.89 -169.139
696.961 -160.394
698.921 -151.623
700.771 -142.828
702.511 -134.011
704.139 -125.173
705.656 -116.315
707.062 -107.438
708.357 -98.5446
709.539 -89.6356
710.609 -80.7124
711.567 -71.7765
712.413 -62.8293
713.146 -53.8721
713.767 -44.9064
714.275 -35.9336
714.67 -26.9552
714.952 -17.9725
715.122 -8.98696
