714.178 4.45142e-15
714.122 8.97439
713.953 17.9474
713.671 26.9175
713.276 35.8834
712.769 44.8436
712.149 53.7968
711.417 62.7414
710.572 71.6762
709.616 80.5996
708.547 89.5103
707.366 98.4068
706.074 107.288
704.67 116.152
703.155 124.998
701.528 133.824
699.791 142.629
697.944 151.411
695.986 160.169
693.918 168.902
691.741 177.609
689.455 186.287
687.059 194.936
684.556 203.555
681.944 212.141
679.224 220.693
676.397 229.211
673.463 237.693
670.423 246.137
667.277 254.542
664.026 262.907
660.67 271.23
657.21 279.511
653.645 287.747
649.978 295.938
646.208 304.082
642.336 312.179
638.362 320.226
634.288 328.222
630.113 336.167
625.839 344.058
621.466 351.895
616.995 359.677
612.427 367.402
607.762 375.068
603.001 382.676
598.144 390.223
593.194 397.709
588.149 405.131
583.012 412.49
577.782 419.783
572.462 427.011
567.051 434.171
561.55 441.262
555.961 448.284
550.284 455.234
544.52 462.113
538.67 468.919
532.735 475.651
526.716 482.308
520.614 488.889
514.429 495.392
508.163 501.817
501.817 508.163
495.392 514.429
488.889 520.614
482.308 526.716
475.651 532.735
468.919 538.67
462.113 544.52
455.234 550.284
448.284 555.961
441.262 561.55
434.171 567.051
427.011 572.462
419.783 577.782
412.49 583.012
405.131 588.149
397.709 593.194
390.223 598.144
382.676 603.001
375.068 607.762
367.402 612.427
359.677 616.995
351.895 621.466
344.058 625.839
336.167 630.113
328.222 634.288
320.226 638.362
312.179 642.336
304.082 646.208
295.938 649.978
287.747 653.645
279.511 657.21
271.23 660.67
262.907 664.026
254.542 667.277
246.137 670.423
237.693 673.463
229.211 676.397
220.693 679.224
212.141 681.944
203.555 684.556
194.936 687.059
186.287 689.455
177.609 691.741
168.902 693.918
160.169 695.986
151.411 697.944
142.629 699.791
133.824 701.528
124.998 703.155
116.152 704.67
107.288 706.074
98.4068 707.366
89.5103 708.547
80.5996 709.616
71.6762 710.572
62.7414 711.417
53.7968 712.149
44.8436 712.769
35.8834 713.276
26.9175 713.671
17.9474 713.953
8.97439 714.122
4.34609e-14 714.178
-8.97439 714.122
-17.9474 713.953
-26.9175 713.671
-35.8834 713.276
-44.8436 712.769
-53.7968 712.149
-62.7414 711.417
-71.6762 710.572
-80.5996 709.616
-89.5103 708.547
-98.4068 707.366
-107.288 706.074
-116.152 704.67
-124.998 703.155
-133.824 701.528
-142.629 699.791
-151.411 697.944
-160.169 695.986
-168.902 693.918
-177.609 691.741
-186.287 689.455
-194.936 687.059
-203.555 684.556
-212.141 681.944
-220.693 679.224
-229.211 676.397
-237.693 673.463
-246.137 670.423
-254.542 667.277
-262.907 664.026
-271.23 660.67
-279.511 657.21
-287.747 653.645
-295.938 649.978
-304.082 646.208
-312.179 642.336
-320.226 638.362
-328.222 634.288
-336.167 630.113
-344.058 625.839
-351.895 621.466
-359.677 616.995
-367.402 612.427
-375.068 607.762
-382.676 603.001
-390.223 598.144
-397.709 593.194
-405.131 588.149
-412.49 583.012
-419.783 577.782
-427.011 572.462
-434.171 567.051
-441.262 561.55
-448.284 555.961
-455.234 550.284
-462.113 544.52
-468.919 538.67
-475.651 532.735
-482.308 526.716
-488.889 520.614
-495.392 514.429
-501.817 508.163
-508.163 501.817
-514.429 495.392
-520.614 488.889
-526.716 482.308
-532.735 475.651
-538.67 468.919
-544.52 462.113
-550.284 455.234
-555.961 448.284
-561.55 441.262
-567.051 434.171
-572.462 427.011
-577.782 419.783
-583.012 412.49
-588.149 405.131
-593.194 397.709
-598.144 390.223
-603.001 382.676
-607.762 375.068
-612.427 367.402
-616.995 359.677
-621.466 351.895
-625.839 344.058
-630.113 336.167
-634.288 328.222
-638.362 320.226
-642.336 312.179
-646.208 304.082
-649.978 295.938
-653.645 287.747
-657.21 279.511
-660.67 271.23
-664.026 262.907
-667.277 254.542
-670.423 246.137
-673.463 237.693
-676.397 229.211
-679.224 220.693
-681.944 212.141
-684.556 203.555
-687.059 194.936
-689.455 186.287
-691.741 177.609
-693.918 168.902
-695.986 160.169
-697.944 151.411
-699.791 142.629
-701.528 133.824
-703.155 124.998
-704.67 116.152
-706.074 107.288
-707.366 98.4068
-708.547 89.5103
-709.616 80.5996
-710.572 71.6762
-711.417 62.7414
-712.149 53.7968
-712.769 44.8436
-713.276 35.8834
-713.671 26.9175
-713.953 17.9474
-714.122 8.97439
-714.178 8.77349e-14
-714.122 -8.97439
-713.953 -17.9474
-713.671 -26.9175
-713.276 -35.8834
-712.769 -44.8436
-712.149 -53.7968
-711.417 -62.7414
-710.572 -71.6762
-709.616 -80.5996
-708.547 -89.5103
-707.366 -98.4068
-706.074 -107.288
-704.67 -116.152
-703.155 -124.998
-701.528 -133.824
-699.791 -142.629
-697.944 -151.411
-695.986 -160.169
-693.918 -168.902
-691.741 -177.609
-689.455 -186.287
-687.059 -194.936
-684.556 -203.555
-681.944 -212.141
-679.224 -220.693
-676.397 -229.211
-673.463 -237.693
-670.423 -246.137
-667.277 -254.542
-664.026 -262.907
-660.67 -271.23
-657.21 -279.511
-653.645 -287.747
-649.978 -295.938
-646.208 -304.082
-642.336 -312.179
-638.362 -320.226
-634.288 -328.222
-630.113 -336.167
-625.839 -344.058
-621.466 -351.895
-616.995 -359.677
-612.427 -367.402
-607.762 -375.068
-603.001 -382.676
-598.144 -390.223
-593.194 -397.709
-588.149 -405.131
-583.012 -412.49
-577.782 -419.783
-572.462 -427.011
-567.051 -434.171
-561.55 -441.262
-555.961 -448.284
-550.284 -455.234
-544.52 -462.113
-538.67 -468.919
-532.735 -475.651
-526.716 -482.308
-520.614 -488.889
-514.429 -495.392
-508.163 -501.817
-501.817 -508.163
-495.392 -514.429
-488.889 -520.614
-482.308 -526.716
-475.651 -532.735
-468.919 -538.67
-462.113 -544.52
-455.234 -550.284
-448.284 -555.961
-441.262 -561.55
-434.171 -567.051
-427.011 -572.462
-419.783 -577.782
-412.49 -583.012
-405.131 -588.149
-397.709 -593.194
-390.223 -598.144
-382.676 -603.001
-375.068 -607.762
-367.402 -612.427
-359.677 -616.995
-351.895 -621.466
-344.058 -625.839
-336.167 -630.113
-328.222 -634.288
-320.226 -638.362
-312.179 -642.336
-304.082 -646.208
-295.938 -649.978
-287.747 -653.645
-279.511 -657.21
-271.23 -660.67
-262.907 -664.026
-254.542 -667.277
-246.137 -670.423
-237.693 -673.463
-229.211 -676.397
-220.693 -679.224
-212.141 -681.944
-203.555 -684.556
-194.936 -687.059
-186.287 -689.455
-177.609 -691.741
-168.902 -693.918
-160.169 -695.986
-151.411 -697.944
-142.629 -699.791
-133.824 -701.528
-124.998 -703.155
-116.152 -704.67
-107.288 -706.074
-98.4068 -707.366
-89.5103 -708.547
-80.5996 -709.616
-71.6762 -710.572
-62.7414 -711.417
-53.7968 -712.149
-44.8436 -712.769
-35.8834 -713.276
-26.9175 -713.671
-17.9474 -713.953
-8.97439 -714.122
-1.37303e-13 -714.178
8.97439 -714.122
17.9474 -713.953
26.9175 -713.671
35.8834 -713.276
44.8436 -712.769
53.7968 -712.149
62.7414 -711.417
71.6762 -710.572
80.5996 -709.616
89.5103 -708.547
98.4068 -707.366
107.288 -706.074
116.152 -704.67
124.998 -703.155
133.824 -701.528
142.629 -699.791
151.411 -697.944
160.169 -695.986
168.902 -693.918
177.609 -691.741
186.287 -689.455
194.936 -687.059
203.555 -684.556
212.141 -681.944
220.693 -679.224
229.211 -676.397
237.693 -673.463
246.137 -670.423
254.542 -667.277
262.907 -664.026
271.23 -660.67
279.511 -657.21
287.747 -653.645
295.938 -649.978
304.082 -646.208
312.179 -642.336
320.226 -638.362
328.222 -634.288
336.167 -630.113
344.058 -625.839
351.895 -621.466
359.677 -616.995
367.402 -612.427
375.068 -607.762
382.676 -603.001
390.223 -598.144
397.709 -593.194
405.131 -588.149
412.49 -583.012
419.783 -577.782
427.011 -572.462
434.171 -567.051
441.262 -561.55
448.284 -555.961
455.234 -550.284
462.113 -544.52
468.919 -538.67
475.651 -532.735
482.308 -526.716
488.889 -520.614
495.392 -514.429
501.817 -508.163
508.163 -501.817
514.429 -495.392
520.614 -488.889
526.716 -482.308
532.735 -475.651
538.67 -468.919
544.52 -462.113
550.284 -455.234
555.961 -448.284
561.55 -441.262
567.051 -434.171
572.462 -427.011
577.782 -419.783
583.012 -412.49
588.149 -405.131
593.194 -397.709
598.144 -390.223
603.001 -382.676
607.762 -375.068
612.427 -367.402
616.995 -359.677
621.466 -351.895
625.839 -344.058
630.113 -336.167
634.288 -328.222
638.362 -320.226
642.336 -312.179
646.208 -304.082
649.978 -295.938
653.645 -287.747
657.21 -279.511
660.67 -271.23
664.026 -262.907
667.277 -254.542
670.423 -246.137
673.463 -237.693
676.397 -229.211
679.224 -220.693
681.944 -212.141
684.556 -203.555
687.059 -194.936
689.455 -186.287
691.741 -177.609
693.918 -168.902
695.986 -160.169
697.944 -151.411
699.791 -142.629
701.528 -133.824
703.155 -124.998
704.67 -116.152
706.074 -107.288
707.366 -98.4068
708.547 -89.5103
709.616 -80.5996
710.572 -71.6762
711.417 -62.7414
712.149 -53.7968
712.769 -44.8436
713.276 -35.8834
713.671 -26.9175
713.953 -17.9474
714.122 -8.97439
