713.806 10.1781
713.578 18.7438
713.206 26.7906
712.693 33.6201
712.205 42.2703
711.616 51.0287
710.92 59.4872
710.127 67.9042
709.266 75.7163
708.237 84.9582
707.314 91.5142
706.206 99.5622
705.072 107.224
703.866 114.923
702.447 123.344
701.3 130.107
699.653 138.736
698.18 146.324
696.421 154.635
694.423 163.376
693.044 169.974
690.82 178.758
689.177 185.775
686.91 194.133
684.949 201.578
675.358 232.294
672.623 239.506
669.728 247.157
666.734 254.862
663.695 262.392
660.346 270.707
657.732 276.289
654.203 284.547
650.476 293.025
647.239 299.865
643.815 307.01
640.328 314.117
637.113 320.494
633.001 328.545
629.758 334.723
625.779 342.128
621.98 349.049
618.285 355.681
614.098 362.93
609.671 370.359
605.789 376.877
601.051 384.399
596.998 390.895
592.754 397.524
588.471 404.095
583.125 411.698
578.78 418.082
574.243 424.57
554.515 449.797
548.989 456.447
544.065 461.979
538.599 468.217
534.2 472.852
527.714 480.183
522.596 485.567
516.448 492.101
511.428 497.165
506.096 502.521
500.45 508.116
493.874 514.514
489.152 519.008
481.89 525.744
476.033 531.07
470.744 535.839
465.123 540.828
458.414 546.539
452.761 551.38
445.209 557.422
439.78 561.932
432.732 567.385
426.535 572.212
419.789 577.262
412.825 582.32
390.596 597.245
383.919 601.425
376.556 606.03
370.075 609.872
363.038 614.026
356.593 617.7
348.527 622.302
341.029 626.423
334.2 630.05
327.237 633.674
320.406 637.157
311.452 641.578
305.272 644.564
297.763 648.088
290.514 651.413
282.773 654.837
275.363 658.044
268.244 661.075
260.419 664.244
251.515 667.617
244.255 670.42
217.993 680.034
210.619 682.147
202.949 684.327
194.186 686.887
186.665 688.816
180.17 690.308
170.644 692.804
163.017 694.535
154.582 696.436
144.579 698.691
139.182 699.542
130.436 701.222
122.603 702.596
115.31 703.798
107.065 705.096
98.7758 706.307
91.6092 707.305
83.0618 708.37
75.2407 709.29
67.1931 710.146
59.6312 710.917
51.4477 711.62
43.2112 712.235
35.3327 712.784
26.4749 713.181
18.6142 713.566
9.36963 713.712
1.06621 713.86
-7.14258 713.933
-39.137 713.12
-46.6188 712.44
-54.5447 711.736
-63.9496 711.015
-71.392 710.114
-79.1523 709.162
-88.1493 708.11
-95.1765 707.029
-102.944 705.86
-109.347 704.78
-120.004 703.122
-127.173 701.787
-133.881 700.5
-142.352 698.827
-149.743 697.296
-158.267 695.416
-165.701 693.727
-173.438 691.883
-181.373 689.894
-188.837 687.985
-198.004 685.357
-205.558 683.225
-213.89 680.688
-220.524 678.803
-229.042 675.977
-238.357 672.635
-244.687 670.672
-253.24 667.464
-278.514 657.031
-286.573 653.534
-292.69 650.596
-301.775 646.523
-309.253 642.916
-316.648 639.245
-323.212 635.843
-330.447 632.071
-337.787 628.153
-345.271 624.057
-351.941 620.294
-359.507 615.938
-365.621 612.345
-373.857 607.339
-379.613 603.825
-386.746 599.309
-393.057 595.293
-399.365 591.216
-407.02 585.937
-413.367 581.623
-420.533 576.481
-426.438 572.383
-449.818 554.504
-456.146 549.175
-462.381 543.804
-468.485 538.417
-474.535 532.967
-480.489 527.485
-486.361 521.965
-492.174 516.389
-497.906 510.779
-503.549 505.145
-509.121 499.472
-514.632 493.755
-520.088 487.989
-525.448 482.218
-530.802 476.345
-536.075 470.454
-541.317 464.484
-546.503 458.464
-551.636 452.392
-556.72 446.258
-561.753 440.066
-566.741 433.803
-571.674 427.483
-576.578 421.054
-581.45 414.512
-598.959 388.587
-604.004 380.789
-607.67 374.466
-612.562 366.504
-616.62 359.425
-620.297 352.734
-624.491 345.183
-628.518 337.702
-632.221 330.547
-635.279 324.333
-638.619 317.57
-642.36 309.901
-645.989 302.236
-649.465 294.667
-652.805 287.177
-655.752 280.416
-658.701 273.527
-662.254 264.759
-664.745 258.776
-667.999 250.22
-670.501 243.941
-673.342 236.2
-676.417 227.025
-678.904 219.974
-681.241 213.541
-683.808 205.388
-686.316 196.926
-688.67 188.86
-696.745 156.946
-698.395 148.862
-699.854 141.059
-701.127 133.594
-703.07 123.756
-704.557 114.95
-705.476 107.749
-706.318 100.732
-707.647 91.3174
-708.543 83.3573
-709.324 75.607
-709.997 68.144
-710.835 58.9276
-711.326 51.7433
-711.9 43.0326
-712.297 35.4752
-712.642 27.8306
-712.928 20.164
-713.131 11.5223
-713.285 4.16909
-713.322 -4.17574
-713.227 -12.9671
-712.921 -22.865
-712.903 -29.0277
-712.769 -36.1607
-712.312 -44.8223
-711.576 -54.3669
-711.324 -61.0792
-710.74 -69.0668
-710.118 -76.9133
-709.337 -85.0431
-704.155 -118.248
-702.609 -127.257
-701.021 -134.681
-699.342 -142.558
-697.505 -151.239
-695.786 -158.002
-693.878 -165.848
-691.797 -174.214
-689.511 -183.123
-687.537 -189.927
-685.595 -196.518
-682.756 -206.314
-680.533 -213.363
-677.764 -222.011
-675.607 -228.434
-672.725 -236.791
-670.17 -243.993
-667.124 -252.215
-665.167 -257.757
-661.323 -267.254
-658.302 -274.746
-655.091 -282.429
-652.388 -289.012
-648.158 -298.139
-645.85 -303.804
-641.158 -313.191
-639.158 -318.26
-634.532 -327.076
-631.052 -334.094
-616.567 -359.527
-612.342 -366.487
-608.084 -373.327
-603.772 -380.098
-599.393 -386.83
-595.219 -393.052
-590.892 -399.427
-585.847 -406.789
-581.673 -412.661
-576.606 -419.707
-571.852 -426.159
-566.861 -432.786
-562.135 -438.947
-556.889 -445.608
-552.162 -451.55
-546.761 -458.117
-541.166 -464.741
-536.207 -470.598
-531.181 -476.435
-525.052 -483.162
-519.89 -488.905
-503.887 -504.961
-497.138 -511.663
-492.293 -516.123
-485.414 -522.632
-480.461 -527.073
-472.551 -534.252
-466.948 -539.086
-461.14 -544.036
-454.877 -549.283
-448.508 -554.505
-440.907 -560.559
-435.575 -564.764
-429.639 -569.373
-423.036 -574.347
-416.911 -578.926
-409.529 -584.162
-387.904 -599.56
-380.84 -603.953
-373.926 -608.104
-366.654 -612.439
-360.057 -616.143
-352.713 -620.312
-345.811 -624.064
-338.71 -627.861
-331.892 -631.393
-324.536 -635.164
-317.139 -638.855
-310.17 -642.224
-303.747 -645.263
-295.594 -649.038
-288.253 -652.338
-280.89 -655.561
-273.557 -658.69
-265.776 -661.893
-258.875 -664.714
-251.043 -667.754
-244.004 -670.485
-235.966 -673.4
-228.338 -676.123
-220.665 -678.771
-212.899 -681.353
-205.653 -683.774
-197.846 -686.204
-167.981 -693.785
-160.829 -695.27
-151.551 -697.416
-144.357 -698.76
-137.179 -700.062
-128.511 -701.694
-120.668 -703.02
-111.85 -704.475
-105.99 -705.268
-96.3032 -706.674
-87.5721 -707.806
-80.4006 -708.633
-71.5386 -709.583
-64.1369 -710.305
-56.4534 -710.993
-48.5812 -711.62
-40.2023 -712.174
-32.3092 -712.647
-22.9516 -712.982
-14.6562 -713.249
-6.56676 -713.442
1.94605 -713.51
9.56065 -713.589
17.9509 -713.495
46.1651 -712.403
54.9025 -711.754
61.8013 -710.938
71.2477 -710.112
79.4983 -709.161
87.4741 -708.128
94.9059 -707.045
103.306 -705.833
109.338 -704.782
118.684 -703.286
127.887 -701.686
132.788 -700.713
141.926 -698.917
150.517 -697.118
158.597 -695.334
166.419 -693.529
174.624 -691.528
182.881 -689.408
190.357 -687.449
198.771 -685.078
206.073 -683.022
213.757 -680.745
221.79 -678.228
228.773 -676.106
237.223 -673.191
244.812 -670.603
271.669 -660.083
280.33 -656.51
288.07 -653.077
295.196 -649.739
302.002 -646.442
308.777 -643.101
317.152 -639.042
323.425 -635.749
330.866 -631.876
337.934 -628.081
344.811 -624.298
351.001 -620.826
358.866 -616.312
364.459 -613.084
372.227 -608.395
379.583 -603.849
386.318 -599.62
392.608 -595.64
400.32 -590.455
406.831 -586.096
413.628 -581.397
419.886 -577.071
426.147 -572.666
433.024 -567.551
454.457 -550.248
459.695 -545.62
465.972 -540.197
472.632 -534.37
479.259 -528.428
485.542 -522.619
490.751 -517.591
497.573 -511.068
503.553 -505.14
508.515 -500.057
513.916 -494.484
519.382 -488.744
524.171 -483.673
531.477 -475.565
535.943 -470.616
541.23 -464.597
547.129 -457.621
552.314 -451.434
556.951 -445.915
562.163 -439.422
567.316 -432.849
572.402 -426.21
588.229 -404.361
592.147 -398.239
596.648 -391.328
601.726 -383.538
605.481 -377.293
609.659 -370.38
614.161 -362.842
618.131 -355.921
622.182 -348.722
626.21 -341.388
629.576 -335.056
633.008 -328.53
636.841 -321.056
640.766 -313.155
644.323 -305.82
647.377 -299.512
650.918 -291.809
654.028 -285.06
657.623 -276.62
660.79 -269.173
664.472 -259.657
666.772 -254.699
669.989 -246.009
679.786 -218.484
682.292 -210.311
684.539 -202.471
686.497 -195.107
688.594 -187.226
690.612 -179.32
692.581 -171.293
694.396 -163.464
696.008 -156.056
697.789 -147.771
699.375 -139.876
700.884 -131.965
702.306 -124.083
703.642 -116.245
704.899 -108.433
706.138 -100.132
707.205 -92.6911
708.267 -84.477
709.196 -77.427
710.105 -69.1481
710.922 -60.8766
711.673 -53.2882
712.321 -44.9524
712.887 -36.7418
713.427 -29.0893
713.828 -20.8324
