712.813 10.2958
712.583 18.8436
712.209 26.866
711.693 33.6553
711.206 42.2887
710.616 51.0316
709.92 59.4708
709.128 67.8681
708.268 75.6524
707.24 84.8847
706.32 91.4063
705.214 99.4393
704.084 107.074
702.882 114.746
701.466 123.149
700.327 129.875
698.684 138.489
697.216 146.058
695.46 154.359
693.464 163.095
692.097 169.653
689.877 178.425
688.247 185.409
685.986 193.751
684.037 201.168
674.374 232.115
671.645 239.298
668.755 246.927
665.766 254.61
662.734 262.116
659.388 270.418
656.787 275.962
653.26 284.214
649.533 292.692
646.306 299.504
642.892 306.626
639.415 313.709
636.215 320.054
632.107 328.096
628.882 334.241
624.912 341.629
621.127 348.529
617.447 355.135
613.271 362.368
608.853 369.784
604.988 376.277
600.254 383.796
596.214 390.274
591.983 396.889
587.718 403.437
582.379 411.032
578.055 417.394
573.538 423.862
553.663 449.272
548.143 455.914
543.232 461.425
537.778 467.646
533.4 472.251
526.916 479.581
521.817 484.94
515.677 491.465
510.679 496.502
505.368 501.835
499.738 507.413
493.17 513.804
488.479 518.269
481.217 525.005
475.379 530.313
470.117 535.06
464.52 540.03
457.823 545.732
452.188 550.56
444.652 556.592
439.24 561.09
432.209 566.532
426.029 571.349
419.295 576.392
412.347 581.441
389.969 596.466
383.314 600.628
375.965 605.223
369.503 609.052
362.472 613.201
356.053 616.858
348 621.452
340.517 625.564
333.712 629.177
326.766 632.792
319.967 636.258
311.013 640.68
304.868 643.65
297.377 647.166
290.151 650.481
282.427 653.899
275.039 657.098
267.947 660.12
260.131 663.287
251.224 666.66
243.985 669.457
217.545 679.14
210.198 681.24
202.553 683.409
193.808 685.961
186.315 687.879
179.854 689.359
170.329 691.855
162.722 693.58
154.294 695.479
144.286 697.735
138.944 698.57
130.211 700.248
122.402 701.616
115.141 702.813
106.915 704.108
98.6451 705.316
91.512 706.309
82.9808 707.374
75.1854 708.291
67.1609 709.146
59.6287 709.917
51.467 710.62
43.243 711.235
35.3829 711.786
26.5316 712.182
18.6992 712.569
9.46516 712.717
1.18399 712.867
-7.00122 712.943
-39.2342 712.124
-46.6832 711.442
-54.5823 710.736
-63.9791 710.016
-71.3885 709.114
-79.1291 708.163
-88.1224 707.11
-95.1221 706.03
-102.863 704.863
-109.223 703.788
-119.892 702.128
-127.027 700.798
-133.697 699.517
-142.152 697.848
-149.514 696.323
-158.023 694.446
-165.429 692.764
-173.142 690.928
-181.056 688.946
-188.493 687.046
-197.655 684.419
-205.193 682.294
-213.518 679.76
-220.122 677.888
-228.626 675.068
-237.933 671.73
-244.229 669.783
-252.765 666.584
-278.214 656.077
-286.258 652.585
-292.343 649.657
-301.436 645.583
-308.888 641.985
-316.27 638.32
-322.812 634.926
-330.027 631.164
-337.341 627.258
-344.803 623.173
-351.455 619.42
-359.008 615.072
-365.091 611.497
-373.317 606.497
-379.053 602.997
-386.171 598.492
-392.456 594.493
-398.74 590.435
-406.382 585.167
-412.713 580.866
-419.862 575.74
-425.747 571.66
-449.293 553.653
-455.615 548.328
-461.842 542.961
-467.926 537.588
-473.956 532.152
-479.89 526.684
-485.75 521.173
-491.543 515.614
-497.249 510.025
-502.879 504.402
-508.434 498.746
-513.927 493.047
-519.365 487.299
-524.707 481.547
-530.045 475.692
-535.301 469.82
-540.527 463.87
-545.699 457.87
-550.816 451.818
-555.887 445.706
-560.906 439.534
-565.882 433.291
-570.803 426.992
-575.695 420.585
-580.557 414.063
-598.197 387.939
-603.231 380.154
-606.88 373.853
-611.762 365.904
-615.81 358.839
-619.477 352.161
-623.67 344.612
-627.691 337.14
-631.38 330.006
-634.418 323.826
-637.742 317.09
-641.475 309.437
-645.095 301.788
-648.561 294.238
-651.892 286.768
-654.826 280.036
-657.764 273.176
-661.316 264.414
-663.793 258.471
-667.044 249.925
-669.535 243.684
-672.37 235.963
-675.445 226.792
-677.925 219.772
-680.255 213.378
-682.819 205.242
-685.324 196.794
-687.677 188.747
-695.815 156.576
-697.458 148.515
-698.907 140.737
-700.171 133.303
-702.113 123.467
-703.598 114.667
-704.51 107.491
-705.343 100.51
-706.671 91.1005
-707.562 83.1643
-708.338 75.4407
-709.007 67.9998
-709.843 58.7997
-710.33 51.6495
-710.903 42.9541
-711.298 35.4186
-711.643 27.7878
-711.929 20.1509
-712.131 11.5269
-712.286 4.20721
-712.324 -4.11632
-712.231 -12.8846
-711.925 -22.7811
-711.911 -28.896
-711.783 -35.9932
-711.328 -44.6455
-710.595 -54.1774
-710.349 -60.8558
-709.773 -68.8116
-709.156 -76.6386
-708.38 -84.7526
-703.155 -118.225
-701.61 -127.224
-700.023 -134.618
-698.346 -142.471
-696.51 -151.139
-694.795 -157.864
-692.891 -165.688
-690.812 -174.038
-688.528 -182.938
-686.562 -189.707
-684.627 -196.267
-681.785 -206.073
-679.569 -213.098
-676.805 -221.726
-674.659 -228.118
-671.781 -236.46
-669.236 -243.633
-666.197 -251.84
-664.26 -257.335
-660.415 -266.834
-657.409 -274.296
-654.204 -281.967
-651.519 -288.518
-647.289 -297.644
-644.997 -303.281
-640.307 -312.667
-638.329 -317.7
-633.711 -326.504
-630.238 -333.513
-615.651 -359.126
-611.436 -366.065
-607.188 -372.884
-602.887 -379.633
-598.519 -386.344
-594.357 -392.546
-590.041 -398.902
-584.999 -406.259
-580.845 -412.101
-575.787 -419.133
-571.048 -425.565
-566.069 -432.174
-561.361 -438.315
-556.127 -444.961
-551.42 -450.88
-546.031 -457.433
-540.448 -464.045
-535.509 -469.881
-530.511 -475.693
-524.384 -482.418
-519.245 -488.141
-503.137 -504.3
-496.386 -511.004
-491.57 -515.432
-484.695 -521.937
-479.772 -526.348
-471.854 -533.535
-466.275 -538.346
-460.489 -543.277
-454.243 -548.509
-447.89 -553.718
-440.292 -559.771
-434.985 -563.956
-429.068 -568.552
-422.483 -573.513
-416.377 -578.08
-409.006 -583.31
-387.24 -598.813
-380.192 -603.191
-373.297 -607.327
-366.039 -611.65
-359.466 -615.336
-352.138 -619.494
-345.257 -623.231
-338.176 -627.015
-331.382 -630.533
-324.045 -634.292
-316.667 -637.973
-309.724 -641.329
-303.334 -644.352
-295.195 -648.122
-287.877 -651.411
-280.53 -654.628
-273.213 -657.75
-265.443 -660.95
-258.573 -663.761
-250.751 -666.797
-243.734 -669.523
-235.706 -672.435
-228.11 -675.149
-220.462 -677.792
-212.71 -680.371
-205.494 -682.786
-197.709 -685.213
-167.627 -692.85
-160.499 -694.326
-151.234 -696.467
-144.071 -697.802
-136.925 -699.094
-128.27 -700.723
-120.453 -702.043
-111.646 -703.496
-105.828 -704.282
-96.1511 -705.686
-87.4344 -706.815
-80.2892 -707.64
-71.4488 -708.587
-64.0713 -709.308
-56.4169 -709.993
-48.5567 -710.62
-40.2078 -711.174
-32.3353 -711.647
-22.9792 -711.983
-14.6979 -712.25
-6.63262 -712.444
1.86191 -712.514
9.44629 -712.596
17.817 -712.504
46.2317 -711.405
54.954 -710.755
61.8151 -709.938
71.2559 -709.112
79.4785 -708.161
87.4305 -707.129
94.8313 -706.048
103.22 -704.836
109.205 -703.791
118.545 -702.296
127.731 -700.699
132.586 -699.734
141.707 -697.941
150.291 -696.144
158.364 -694.362
166.167 -692.561
174.353 -690.565
182.592 -688.451
190.04 -686.501
198.439 -684.134
205.713 -682.089
213.374 -679.821
221.389 -677.311
228.342 -675.204
236.78 -672.295
244.347 -669.718
271.403 -659.119
280.041 -655.553
287.761 -652.126
294.869 -648.794
301.654 -645.505
308.408 -642.172
316.776 -638.115
323.016 -634.836
330.439 -630.971
337.486 -627.187
344.339 -623.417
350.505 -619.957
358.36 -615.449
363.923 -612.24
371.688 -607.553
379.028 -603.017
385.742 -598.803
392.006 -594.842
399.709 -589.663
406.199 -585.321
412.98 -580.635
419.215 -576.329
425.455 -571.944
432.319 -566.842
453.899 -549.418
459.113 -544.807
465.373 -539.397
472.014 -533.584
478.629 -527.65
484.898 -521.854
490.087 -516.844
496.909 -510.321
502.881 -504.4
507.817 -499.341
513.199 -493.787
518.647 -488.066
523.411 -483.023
530.725 -474.905
535.169 -469.982
540.446 -463.976
546.343 -457.003
551.513 -450.836
556.128 -445.346
561.328 -438.871
566.47 -432.316
571.545 -425.694
587.48 -403.699
591.375 -397.602
595.863 -390.709
600.936 -382.925
604.67 -376.707
608.834 -369.815
613.327 -362.289
617.283 -355.39
621.323 -348.21
625.344 -340.887
628.697 -334.58
632.114 -328.082
635.939 -320.626
639.858 -312.737
643.406 -305.422
646.448 -299.141
649.983 -291.455
653.082 -284.737
656.672 -276.312
659.832 -268.887
663.517 -259.361
665.805 -254.443
669.02 -245.761
678.892 -218.036
681.387 -209.886
683.624 -202.067
685.57 -194.731
687.659 -186.872
689.669 -178.987
691.631 -170.981
693.438 -163.175
695.042 -155.797
696.818 -147.531
698.399 -139.661
699.902 -131.774
701.321 -123.909
702.654 -116.089
703.908 -108.302
705.146 -100.013
706.21 -92.5932
707.269 -84.4084
708.197 -77.3855
709.105 -69.1272
709.922 -60.876
710.674 -53.3169
711.322 -45.0011
711.889 -36.8043
712.431 -29.1736
712.835 -20.9471
