711.82 10.4134
711.588 18.9432
711.212 26.9413
710.694 33.6904
710.206 42.307
709.616 51.0343
708.92 59.4544
708.129 67.8319
707.27 75.5885
706.242 84.8111
705.326 91.2984
704.222 99.3163
703.095 106.924
701.898 114.569
700.485 122.955
699.354 129.643
697.715 138.243
696.25 145.8
694.499 154.083
692.504 162.814
691.147 169.339
688.934 178.092
687.316 185.042
685.062 193.369
683.125 200.759
673.39 231.936
670.665 239.098
667.782 246.696
664.799 254.357
661.772 261.841
658.431 270.128
655.842 275.634
652.317 283.882
648.59 292.36
645.373 299.144
641.968 306.242
638.502 313.302
635.317 319.615
631.214 327.646
628.006 333.759
624.045 341.13
620.273 348.008
616.609 354.59
612.444 361.806
608.035 369.208
604.188 375.677
599.457 383.192
595.43 389.653
591.211 396.253
586.965 402.779
581.633 410.366
577.329 416.705
572.832 423.153
552.812 448.747
547.298 455.381
542.399 460.872
536.952 467.082
532.601 471.65
526.117 478.979
521.038 484.314
514.905 490.829
509.931 495.839
504.639 501.15
499.027 506.71
492.465 513.095
487.806 517.529
480.544 524.265
474.724 529.557
469.49 534.281
463.917 539.232
457.231 544.926
451.622 549.736
444.089 555.766
438.707 560.244
431.681 565.683
425.517 570.49
418.794 575.527
411.87 580.562
389.347 595.683
382.715 599.828
375.375 604.417
368.931 608.232
361.912 612.373
355.519 616.013
347.474 620.602
340.005 624.705
333.224 628.303
326.302 631.907
319.528 635.36
310.573 639.782
304.463 642.735
296.991 646.243
289.788 649.549
282.081 652.96
274.715 656.152
267.649 659.166
259.844 662.329
250.934 665.703
243.714 668.494
217.103 678.243
209.785 680.329
202.163 682.488
193.43 685.036
185.965 686.943
179.545 688.408
170.015 690.905
162.426 692.625
154.006 694.521
143.994 696.779
138.707 697.599
129.986 699.274
122.201 700.637
114.971 701.827
106.765 703.119
98.5143 704.324
91.4149 705.314
82.8998 706.377
75.1301 707.293
67.1287 708.147
59.6262 708.917
51.4863 709.621
43.2747 710.236
35.433 710.787
26.5881 711.184
18.7841 711.573
9.5606 711.721
1.30167 711.874
-6.85999 711.953
-39.3313 711.129
-46.7474 710.444
-54.6197 709.737
-64.0085 709.016
-71.385 708.114
-79.1057 707.163
-88.0953 706.11
-95.0676 705.032
-102.783 703.866
-109.1 702.795
-119.779 701.135
-126.881 699.809
-133.513 698.534
-141.951 696.868
-149.285 695.349
-157.779 693.477
-165.157 691.802
-172.846 689.973
-180.738 687.998
-188.15 686.107
-197.307 683.482
-204.828 681.363
-213.145 678.832
-219.719 676.972
-228.211 674.158
-237.515 670.821
-243.772 668.894
-252.297 665.7
-277.907 655.125
-285.942 651.636
-291.997 648.719
-301.089 644.644
-308.53 641.051
-315.892 637.394
-322.405 634.013
-329.6 630.26
-336.895 626.363
-344.341 622.286
-350.968 618.547
-358.508 614.206
-364.561 610.649
-372.784 605.651
-378.487 602.173
-385.595 597.674
-391.849 593.698
-398.108 589.66
-405.744 584.397
-412.059 580.11
-419.191 574.999
-425.049 570.944
-448.768 552.802
-455.083 547.481
-461.304 542.119
-467.374 536.754
-473.385 531.331
-479.298 525.878
-485.138 520.382
-490.912 514.838
-496.599 509.265
-502.21 503.659
-507.746 498.02
-513.221 492.339
-518.641 486.609
-523.966 480.875
-529.287 475.039
-534.527 469.187
-539.737 463.256
-544.894 457.276
-549.997 451.245
-555.053 445.153
-560.06 439.002
-565.022 432.78
-569.931 426.501
-574.812 420.115
-579.664 413.613
-597.436 387.291
-602.458 379.519
-606.086 373.246
-610.961 365.305
-614.999 358.254
-618.658 351.588
-622.849 344.041
-626.863 336.578
-630.539 329.466
-633.556 323.318
-636.865 316.609
-640.589 308.973
-644.201 301.341
-647.658 293.809
-650.98 286.359
-653.901 279.656
-656.828 272.825
-660.378 264.068
-662.84 258.167
-666.089 249.63
-668.568 243.427
-671.399 235.727
-674.472 226.558
-676.946 219.569
-679.268 213.214
-681.83 205.095
-684.333 196.662
-686.683 188.634
-694.886 156.207
-696.52 148.168
-697.96 140.416
-699.214 133.013
-701.156 123.178
-702.639 114.384
-703.544 107.233
-704.37 100.279
-705.695 90.8836
-706.581 82.9714
-707.354 75.2662
-708.017 67.8556
-708.853 58.6637
-709.336 51.5476
-709.907 42.8676
-710.301 35.3541
-710.644 27.745
-710.929 20.1378
-711.131 11.5313
-711.287 4.24528
-711.326 -4.05695
-711.234 -12.8098
-710.928 -22.6972
-710.919 -28.7717
-710.796 -35.833
-710.344 -44.4688
-709.613 -53.9879
-709.374 -60.6325
-708.804 -68.5634
-708.195 -76.364
-707.423 -84.4622
-702.156 -118.202
-700.61 -127.19
-699.025 -134.554
-697.35 -142.385
-695.515 -151.039
-693.805 -157.727
-691.904 -165.527
-689.828 -173.861
-687.546 -182.752
-685.587 -189.486
-683.659 -196.016
-680.815 -205.833
-678.605 -212.833
-675.847 -221.442
-673.71 -227.802
-670.837 -236.129
-668.306 -243.267
-665.273 -251.459
-663.354 -256.913
-659.508 -266.414
-656.516 -273.846
-653.321 -281.498
-650.649 -288.025
-646.42 -297.149
-644.145 -302.758
-639.455 -312.143
-637.499 -317.141
-632.887 -325.938
-629.429 -332.925
-614.735 -358.725
-610.529 -365.643
-606.292 -372.44
-602.002 -379.168
-597.646 -385.857
-593.495 -392.039
-589.189 -398.378
-584.151 -405.729
-580.016 -411.542
-574.973 -418.553
-570.243 -424.97
-565.278 -431.563
-560.586 -437.682
-555.365 -444.313
-550.678 -450.21
-545.307 -456.743
-539.736 -463.343
-534.812 -469.165
-529.841 -474.95
-523.723 -481.667
-518.6 -487.377
-502.387 -503.638
-495.635 -510.344
-490.847 -514.741
-483.976 -521.242
-479.082 -525.624
-471.164 -532.811
-465.602 -537.606
-459.838 -542.518
-453.609 -547.736
-447.273 -552.932
-439.676 -558.982
-434.395 -563.149
-428.497 -567.731
-421.931 -572.68
-415.85 -577.23
-408.491 -582.453
-386.576 -598.065
-379.544 -602.429
-372.668 -606.55
-365.425 -610.861
-358.876 -614.529
-351.563 -618.676
-344.703 -622.399
-337.642 -626.17
-330.873 -629.672
-323.554 -633.421
-316.196 -637.091
-309.278 -640.434
-302.922 -643.441
-294.795 -647.205
-287.501 -650.485
-280.17 -653.695
-272.87 -656.811
-265.11 -660.007
-258.27 -662.808
-250.459 -665.841
-243.463 -668.56
-235.455 -671.467
-227.883 -674.175
-220.258 -676.813
-212.529 -679.387
-205.335 -681.799
-197.573 -684.222
-167.274 -691.915
-160.168 -693.382
-150.917 -695.519
-143.785 -696.844
-136.663 -698.129
-128.022 -699.755
-120.237 -701.067
-111.442 -702.517
-105.666 -703.295
-95.9911 -704.699
-87.2966 -705.825
-80.1779 -706.646
-71.359 -707.591
-64.0058 -708.31
-56.3804 -708.994
-48.5322 -709.621
-40.2056 -710.174
-32.3613 -710.648
-23.0068 -710.983
-14.7395 -711.251
-6.6984 -711.446
1.77786 -711.517
9.33202 -711.603
17.6832 -711.513
46.2909 -710.407
54.9982 -709.756
61.8371 -708.938
71.2565 -708.112
79.4585 -707.162
87.3868 -706.13
94.7566 -705.051
103.127 -703.841
109.08 -702.799
118.413 -701.304
127.575 -699.711
132.384 -698.755
141.497 -696.963
150.065 -695.17
158.131 -693.389
165.916 -691.593
174.082 -689.602
182.303 -687.494
189.724 -685.552
198.108 -683.191
205.353 -681.156
212.998 -678.895
220.988 -676.395
227.91 -674.302
236.338 -671.398
243.883 -668.833
271.13 -658.157
279.759 -654.593
287.461 -651.172
294.542 -647.849
301.306 -644.568
308.039 -641.242
316.4 -637.189
322.606 -633.924
330.012 -630.067
337.038 -626.293
343.867 -622.535
350.002 -619.093
357.855 -614.587
363.387 -611.396
371.148 -606.711
378.474 -602.184
385.166 -597.986
391.403 -594.044
399.099 -588.871
405.568 -584.545
412.332 -579.874
418.544 -575.588
424.762 -571.223
431.614 -566.133
453.349 -548.583
458.531 -543.994
464.773 -538.597
471.402 -532.792
478 -526.873
484.248 -521.094
489.422 -516.096
496.245 -509.573
502.203 -503.665
507.119 -498.626
512.482 -493.091
517.913 -487.388
522.651 -482.373
529.974 -474.246
534.396 -469.348
539.662 -463.355
545.557 -456.385
550.706 -450.244
555.306 -444.777
560.493 -438.32
565.624 -431.783
570.688 -425.179
586.731 -403.036
590.604 -396.966
595.078 -390.089
600.145 -382.312
603.86 -376.122
608.009 -369.249
612.494 -361.737
616.436 -354.86
620.464 -347.699
624.479 -340.387
627.818 -334.103
631.224 -327.627
635.04 -320.188
638.949 -312.319
642.491 -305.017
645.519 -298.77
649.048 -291.101
652.136 -284.413
655.722 -275.997
658.873 -268.602
662.562 -259.064
664.839 -254.186
668.051 -245.514
677.995 -217.594
680.482 -209.461
682.709 -201.664
684.643 -194.355
686.724 -186.518
688.726 -178.654
690.681 -170.669
692.481 -162.887
694.077 -155.538
695.847 -147.291
697.422 -139.446
698.92 -131.584
700.336 -123.736
701.667 -115.932
702.918 -108.163
704.153 -99.8932
705.214 -92.5036
706.271 -84.3397
707.198 -77.3522
708.105 -69.1145
708.922 -60.8837
709.674 -53.3455
710.323 -45.0496
710.891 -36.8668
711.434 -29.2579
711.84 -21.0545
