710.827 10.5308
710.593 19.0426
710.214 27.0166
709.694 33.7254
709.206 42.3252
708.616 51.0369
707.921 59.4378
707.129 67.7956
706.272 75.5245
705.245 84.7374
704.331 91.1905
703.229 99.1933
702.106 106.774
700.914 114.392
699.504 122.761
698.38 129.418
696.744 138.004
695.284 145.542
693.535 153.814
691.542 162.54
690.198 169.026
687.989 177.766
686.383 184.683
684.138 192.986
682.212 200.349
672.405 231.765
669.685 238.898
666.807 246.474
663.829 254.113
660.809 261.573
657.472 269.847
654.898 275.306
651.373 283.549
647.647 292.027
644.44 298.783
641.045 305.858
637.589 312.894
634.418 319.176
630.32 327.197
627.13 333.276
623.178 340.631
619.419 347.487
615.77 354.044
611.617 361.244
607.217 368.633
603.388 375.078
598.659 382.589
594.646 389.033
590.439 395.617
586.212 402.121
580.887 409.7
576.604 416.017
572.126 422.444
551.961 448.222
546.452 454.847
541.567 460.318
536.127 466.518
531.801 471.05
525.319 478.377
520.258 483.687
514.134 490.193
509.182 495.176
503.911 500.465
498.316 506.007
491.761 512.385
487.133 516.79
479.871 523.526
474.07 528.801
468.863 533.502
463.314 538.435
456.639 544.12
451.056 548.912
443.525 554.94
438.174 559.398
431.152 564.835
425.005 569.631
418.293 574.661
411.386 579.687
388.725 594.9
382.117 599.027
374.784 603.61
368.359 607.412
361.352 611.544
354.986 615.167
346.947 619.752
339.494 623.846
332.737 627.43
325.838 631.021
319.089 634.461
310.133 638.883
304.058 641.821
296.604 645.321
289.424 648.618
281.735 652.022
274.39 655.206
267.351 658.211
259.556 661.371
250.643 664.746
243.444 667.532
216.662 677.345
209.371 679.419
201.774 681.567
193.053 684.11
185.614 686.006
179.236 687.457
169.701 689.956
162.13 691.67
153.719 693.563
143.701 695.823
138.469 696.628
129.76 698.299
122 699.657
114.802 700.842
106.614 702.13
98.3836 703.333
91.3176 704.319
82.8187 705.38
75.0748 706.294
67.0964 707.147
59.6236 707.917
51.5054 708.621
43.3063 709.236
35.483 709.788
26.6446 710.185
18.8689 710.577
9.65593 710.726
1.41923 710.881
-6.71887 710.963
-39.4281 710.134
-46.8115 709.446
-54.6571 708.738
-64.0377 708.016
-71.3813 707.114
-79.0823 706.163
-88.0682 705.111
-95.013 704.033
-102.702 702.87
-108.976 701.803
-119.659 700.142
-126.736 698.819
-133.329 697.551
-141.751 695.888
-149.055 694.376
-157.535 692.507
-164.885 690.84
-172.55 689.017
-180.421 687.049
-187.806 685.168
-196.959 682.545
-204.463 680.432
-212.773 677.903
-219.317 676.056
-227.796 673.248
-237.097 669.913
-243.314 668.004
-251.828 664.817
-277.6 654.173
-285.62 650.689
-291.65 647.781
-300.743 643.706
-308.172 640.118
-315.515 636.468
-321.998 633.099
-329.173 629.356
-336.449 625.468
-343.88 621.399
-350.482 617.673
-358.008 613.339
-364.031 609.801
-372.251 604.805
-377.92 601.349
-385.013 596.861
-391.242 592.904
-397.476 588.885
-405.106 583.627
-411.399 579.358
-418.519 574.257
-424.352 570.227
-448.243 551.951
-454.551 546.635
-460.765 541.276
-466.823 535.92
-472.813 530.511
-478.707 525.072
-484.526 519.591
-490.28 514.063
-495.949 508.506
-501.541 502.916
-507.058 497.294
-512.515 491.631
-517.918 485.918
-523.226 480.203
-528.53 474.387
-533.753 468.553
-538.948 462.643
-544.089 456.682
-549.178 450.671
-554.22 444.6
-559.213 438.469
-564.163 432.268
-569.06 426.011
-573.93 419.645
-578.77 413.164
-596.669 386.649
-601.686 378.884
-605.291 372.639
-610.161 364.705
-614.189 357.668
-617.838 351.015
-622.028 343.471
-626.036 336.017
-629.698 328.925
-632.694 322.811
-635.988 316.129
-639.703 308.509
-643.306 300.894
-646.755 293.38
-650.067 285.95
-652.976 279.277
-655.892 272.473
-659.439 263.722
-661.89 257.855
-665.133 249.334
-667.602 243.17
-670.427 235.49
-673.5 226.325
-675.967 219.366
-678.282 213.049
-680.841 204.948
-683.342 196.529
-685.69 188.521
-693.956 155.838
-695.582 147.822
-697.013 140.095
-698.257 132.723
-700.198 122.889
-701.678 114.108
-702.578 106.976
-703.397 100.049
-704.72 90.6587
-705.6 82.7785
-706.368 75.0994
-707.028 67.7115
-707.861 58.5356
-708.341 51.4458
-708.911 42.781
-709.303 35.2896
-709.645 27.7021
-709.929 20.1246
-710.131 11.5358
-710.287 4.28329
-710.328 -3.99765
-710.236 -12.7351
-709.931 -22.621
-709.927 -28.6476
-709.809 -35.6729
-709.359 -44.2922
-708.629 -53.8058
-708.4 -60.4093
-707.835 -68.3153
-707.233 -76.0896
-706.466 -84.172
-701.156 -118.178
-699.611 -127.157
-698.027 -134.491
-696.354 -142.298
-694.52 -150.938
-692.814 -157.589
-690.917 -165.366
-688.844 -173.683
-686.563 -182.567
-684.611 -189.266
-682.692 -195.765
-679.844 -205.592
-677.643 -212.56
-674.888 -221.157
-672.761 -227.485
-669.896 -235.791
-667.376 -242.9
-664.348 -251.077
-662.447 -256.491
-658.604 -265.987
-655.623 -273.396
-652.438 -281.029
-649.779 -287.531
-645.551 -296.655
-643.292 -302.235
-638.6 -311.625
-636.675 -316.575
-632.062 -325.372
-628.62 -332.337
-613.819 -358.323
-609.623 -365.221
-605.396 -371.996
-601.116 -378.703
-596.772 -385.37
-592.632 -391.533
-588.338 -397.853
-583.307 -405.192
-579.187 -410.982
-574.158 -417.973
-569.439 -424.376
-564.486 -430.952
-559.812 -437.049
-554.609 -443.659
-549.936 -449.539
-544.583 -456.053
-539.023 -462.642
-534.114 -468.448
-529.171 -474.208
-523.062 -480.917
-517.961 -486.608
-501.637 -502.977
-494.888 -509.679
-490.125 -514.05
-483.257 -520.547
-478.393 -524.899
-470.473 -532.088
-464.935 -536.861
-459.187 -541.759
-452.975 -546.963
-446.662 -552.14
-439.06 -558.194
-433.805 -562.342
-427.919 -566.914
-421.379 -571.846
-415.317 -576.384
-407.975 -581.596
-385.913 -597.317
-378.896 -601.667
-372.039 -605.772
-364.81 -610.072
-358.286 -613.722
-350.988 -617.858
-344.15 -621.566
-337.108 -625.324
-330.364 -628.812
-323.064 -632.55
-315.725 -636.209
-308.832 -639.539
-302.509 -642.53
-294.395 -646.288
-287.124 -649.558
-279.81 -652.762
-272.526 -655.872
-264.778 -659.064
-257.967 -661.855
-250.166 -664.885
-243.193 -667.597
-235.203 -670.499
-227.655 -673.201
-220.054 -675.834
-212.348 -678.404
-205.184 -680.811
-197.437 -683.232
-166.912 -690.982
-159.839 -692.438
-150.607 -694.568
-143.499 -695.886
-136.402 -697.164
-127.774 -698.786
-120.021 -700.09
-111.231 -701.54
-105.504 -702.308
-95.8311 -703.712
-87.1668 -704.833
-80.0665 -705.652
-71.2692 -706.595
-63.9402 -707.312
-56.3361 -707.995
-48.5076 -708.621
-40.2033 -709.174
-32.3872 -709.648
-23.0343 -709.983
-14.7811 -710.252
-6.76411 -710.448
1.69389 -710.521
9.21785 -710.609
17.5494 -710.522
46.3584 -709.409
55.0422 -708.757
61.8516 -707.938
71.257 -707.112
79.4385 -706.162
87.3429 -705.131
94.6901 -704.053
103.034 -702.845
108.947 -701.808
118.282 -700.313
127.418 -698.723
132.183 -697.775
141.286 -695.986
149.846 -694.194
157.897 -692.417
165.665 -690.625
173.811 -688.64
182.022 -686.534
189.407 -684.604
197.776 -682.248
204.993 -680.224
212.623 -677.968
220.594 -675.476
227.486 -673.396
235.895 -670.501
243.424 -667.944
270.856 -657.195
279.477 -653.634
287.16 -650.219
294.215 -646.905
300.957 -643.63
307.67 -640.313
316.024 -636.262
322.197 -633.012
329.585 -629.163
336.589 -625.399
343.395 -621.654
349.499 -618.229
357.349 -613.724
362.85 -610.552
370.609 -605.869
377.919 -601.352
384.589 -597.169
390.8 -593.247
398.489 -588.078
404.936 -583.77
411.683 -579.113
417.873 -574.846
424.07 -570.501
430.91 -565.423
452.798 -547.748
457.949 -543.181
464.173 -537.797
470.785 -532.006
477.371 -526.096
483.598 -520.334
488.752 -515.355
495.575 -508.83
501.525 -502.93
506.415 -497.915
511.759 -492.4
517.183 -486.703
521.897 -481.716
529.222 -473.586
533.623 -468.714
538.878 -462.733
544.766 -455.774
549.9 -449.653
554.479 -444.215
559.658 -437.77
564.773 -431.257
569.827 -424.671
585.982 -402.373
589.832 -396.33
594.292 -389.47
599.355 -381.699
603.049 -375.537
607.184 -368.684
611.66 -361.184
615.588 -354.329
619.604 -347.188
623.613 -339.887
626.939 -333.627
630.333 -327.172
634.141 -319.75
638.044 -311.894
641.577 -304.612
644.591 -298.399
648.112 -290.747
651.189 -284.089
654.773 -275.682
657.917 -268.309
661.607 -258.768
663.872 -253.93
667.082 -245.266
677.098 -217.152
679.576 -209.036
681.794 -201.26
683.717 -193.979
685.788 -186.163
687.783 -178.321
689.731 -170.357
691.523 -162.599
693.111 -155.279
694.877 -147.051
696.446 -139.231
697.938 -131.393
699.351 -123.563
700.679 -115.776
701.927 -108.024
703.16 -99.7736
704.218 -92.4138
705.274 -84.271
706.198 -77.3189
707.105 -69.1017
707.922 -60.8913
708.675 -53.3824
709.325 -45.098
709.893 -36.9292
710.438 -29.342
710.846 -21.1618
