709.178 4.44035e-15
709.122 8.91156
708.954 17.8217
708.674 26.7291
708.283 35.6322
707.779 44.5297
707.163 53.4201
706.436 62.3022
705.598 71.1744
704.648 80.0353
703.586 88.8836
702.414 97.7179
701.13 106.537
699.736 115.339
698.232 124.123
696.617 132.887
694.892 141.63
693.057 150.351
691.113 159.048
689.06 167.72
686.898 176.365
684.628 184.983
682.249 193.572
679.763 202.129
677.169 210.655
674.469 219.148
671.662 227.606
668.748 236.028
665.73 244.413
662.606 252.76
659.377 261.066
656.045 269.331
652.608 277.554
649.069 285.733
645.427 293.866
641.684 301.953
637.839 309.993
633.893 317.984
629.847 325.924
625.702 333.813
621.458 341.649
617.115 349.432
612.676 357.159
608.139 364.829
603.507 372.442
598.779 379.997
593.957 387.491
589.041 394.924
584.031 402.295
578.93 409.602
573.737 416.845
568.454 424.021
563.081 431.131
557.619 438.173
552.069 445.145
546.431 452.047
540.708 458.878
534.899 465.636
529.005 472.321
523.028 478.931
516.969 485.466
510.828 491.924
504.606 498.304
498.304 504.606
491.924 510.828
485.466 516.969
478.931 523.028
472.321 529.005
465.636 534.899
458.878 540.708
452.047 546.431
445.145 552.069
438.173 557.619
431.131 563.081
424.021 568.454
416.845 573.737
409.602 578.93
402.295 584.031
394.924 589.041
387.491 593.957
379.997 598.779
372.442 603.507
364.829 608.139
357.159 612.676
349.432 617.115
341.649 621.458
333.813 625.702
325.924 629.847
317.984 633.893
309.993 637.839
301.953 641.684
293.866 645.427
285.733 649.069
277.554 652.608
269.331 656.045
261.066 659.377
252.76 662.606
244.413 665.73
236.028 668.748
227.606 671.662
219.148 674.469
210.655 677.169
202.129 679.763
193.572 682.249
184.983 684.628
176.365 686.898
167.72 689.06
159.048 691.113
150.351 693.057
141.63 694.892
132.887 696.617
124.123 698.232
115.339 699.736
106.537 701.13
97.7179 702.414
88.8836 703.586
80.0353 704.648
71.1744 705.598
62.3022 706.436
53.4201 707.163
44.5297 707.779
35.6322 708.283
26.7291 708.674
17.8217 708.954
8.91156 709.122
4.32383e-14 709.178
-8.91156 709.122
-17.8217 708.954
-26.7291 708.674
-35.6322 708.283
-44.5297 707.779
-53.4201 707.163
-62.3022 706.436
-71.1744 705.598
-80.0353 704.648
-88.8836 703.586
-97.7179 702.414
-106.537 701.13
-115.339 699.736
-124.123 698.232
-132.887 696.617
-141.63 694.892
-150.351 693.057
-159.048 691.113
-167.72 689.06
-176.365 686.898
-184.983 684.628
-193.572 682.249
-202.129 679.763
-210.655 677.169
-219.148 674.469
-227.606 671.662
-236.028 668.748
-244.413 665.73
-252.76 662.606
-261.066 659.377
-269.331 656.045
-277.554 652.608
-285.733 649.069
-293.866 645.427
-301.953 641.684
-309.993 637.839
-317.984 633.893
-325.924 629.847
-333.813 625.702
-341.649 621.458
-349.432 617.115
-357.159 612.676
-364.829 608.139
-372.442 603.507
-379.997 598.779
-387.491 593.957
-394.924 589.041
-402.295 584.031
-409.602 578.93
-416.845 573.737
-424.021 568.454
-431.131 563.081
-438.173 557.619
-445.145 552.069
-452.047 546.431
-458.878 540.708
-465.636 534.899
-472.321 529.005
-478.931 523.028
-485.466 516.969
-491.924 510.828
-498.304 504.606
-504.606 498.304
-510.828 491.924
-516.969 485.466
-523.028 478.931
-529.005 472.321
-534.899 465.636
-540.708 458.878
-546.431 452.047
-552.069 445.145
-557.619 438.173
-563.081 431.131
-568.454 424.021
-573.737 416.845
-578.93 409.602
-584.031 402.295
-589.041 394.924
-593.957 387.491
-598.779 379.997
-603.507 372.442
-608.139 364.829
-612.676 357.159
-617.115 349.432
-621.458 341.649
-625.702 333.813
-629.847 325.924
-633.893 317.984
-637.839 309.993
-641.684 301.953
-645.427 293.866
-649.069 285.733
-652.608 277.554
-656.045 269.331
-659.377 261.066
-662.606 252.76
-665.73 244.413
-668.748 236.028
-671.662 227.606
-674.469 219.148
-677.169 210.655
-679.763 202.129
-682.249 193.572
-684.628 184.983
-686.898 176.365
-689.06 167.72
-691.113 159.048
-693.057 150.351
-694.892 141.63
-696.617 132.887
-698.232 124.123
-699.736 115.339
-701.13 106.537
-702.414 97.7179
-703.586 88.8836
-704.648 80.0353
-705.598 71.1744
-706.436 62.3022
-707.163 53.4201
-707.779 44.5297
-708.283 35.6322
-708.674 26.7291
-708.954 17.8217
-709.122 8.91156
-709.178 8.6984e-14
-709.122 -8.91156
-708.954 -17.8217
-708.674 -26.7291
-708.283 -35.6322
-707.779 -44.5297
-707.163 -53.4201
-706.436 -62.3022
-705.598 -71.1744
-704.648 -80.0353
-703.586 -88.8836
-702.414 -97.7179
-701.13 -106.537
-699.736 -115.339
-698.232 -124.123
-696.617 -132.887
-694.892 -141.63
-693.057 -150.351
-691.113 -159.048
-689.06 -167.72
-686.898 -176.365
-684.628 -184.983
-682.249 -193.572
-679.763 -202.129
-677.169 -210.655
-674.469 -219.148
-671.662 -227.606
-668.748 -236.028
-665.73 -244.413
-662.606 -252.76
-659.377 -261.066
-656.045 -269.331
-652.608 -277.554
-649.069 -285.733
-645.427 -293.866
-641.684 -301.953
-637.839 -309.993
-633.893 -317.984
-629.847 -325.924
-625.702 -333.813
-621.458 -341.649
-617.115 -349.432
-612.676 -357.159
-608.139 -364.829
-603.507 -372.442
-598.779 -379.997
-593.957 -387.491
-589.041 -394.924
-584.031 -402.295
-578.93 -409.602
-573.737 -416.845
-568.454 -424.021
-563.081 -431.131
-557.619 -438.173
-552.069 -445.145
-546.431 -452.047
-540.708 -458.878
-534.899 -465.636
-529.005 -472.321
-523.028 -478.931
-516.969 -485.466
-510.828 -491.924
-504.606 -498.304
-498.304 -504.606
-491.924 -510.828
-485.466 -516.969
-478.931 -523.028
-472.321 -529.005
-465.636 -534.899
-458.878 -540.708
-452.047 -546.431
-445.145 -552.069
-438.173 -557.619
-431.131 -563.081
-424.021 -568.454
-416.845 -573.737
-409.602 -578.93
-402.295 -584.031
-394.924 -589.041
-387.491 -593.957
-379.997 -598.779
-372.442 -603.507
-364.829 -608.139
-357.159 -612.676
-349.432 -617.115
-341.649 -621.458
-333.813 -625.702
-325.924 -629.847
-317.984 -633.893
-309.993 -637.839
-301.953 -641.684
-293.866 -645.427
-285.733 -649.069
-277.554 -652.608
-269.331 -656.045
-261.066 -659.377
-252.76 -662.606
-244.413 -665.73
-236.028 -668.748
-227.606 -671.662
-219.148 -674.469
-210.655 -677.169
-202.129 -679.763
-193.572 -682.249
-184.983 -684.628
-176.365 -686.898
-167.72 -689.06
-159.048 -691.113
-150.351 -693.057
-141.63 -694.892
-132.887 -696.617
-124.123 -698.232
-115.339 -699.736
-106.537 -701.13
-97.7179 -702.414
-88.8836 -703.586
-80.0353 -704.648
-71.1744 -705.598
-62.3022 -706.436
-53.4201 -707.163
-44.5297 -707.779
-35.6322 -708.283
-26.7291 -708.674
-17.8217 -708.954
-8.91156 -709.122
-1.36785e-13 -709.178
8.91156 -709.122
17.8217 -708.954
26.7291 -708.674
35.6322 -708.283
44.5297 -707.779
53.4201 -707.163
62.3022 -706.436
71.1744 -705.598
80.0353 -704.648
88.8836 -703.586
97.7179 -702.414
106.537 -701.13
115.339 -699.736
124.123 -698.232
132.887 -696.617
141.63 -694.892
150.351 -693.057
159.048 -691.113
167.72 -689.06
176.365 -686.898
184.983 -684.628
193.572 -682.249
202.129 -679.763
210.655 -677.169
219.148 -674.469
227.606 -671.662
236.028 -668.748
244.413 -665.73
252.76 -662.606
261.066 -659.377
269.331 -656.045
277.554 -652.608
285.733 -649.069
293.866 -645.427
301.953 -641.684
309.993 -637.839
317.984 -633.893
325.924 -629.847
333.813 -625.702
341.649 -621.458
349.432 -617.115
357.159 -612.676
364.829 -608.139
372.442 -603.507
379.997 -598.779
387.491 -593.957
394.924 -589.041
402.295 -584.031
409.602 -578.93
416.845 -573.737
424.021 -568.454
431.131 -563.081
438.173 -557.619
445.145 -552.069
452.047 -546.431
458.878 -540.708
465.636 -534.899
472.321 -529.005
478.931 -523.028
485.466 -516.969
491.924 -510.828
498.304 -504.606
504.606 -498.304
510.828 -491.924
516.969 -485.466
523.028 -478.931
529.005 -472.321
534.899 -465.636
540.708 -458.878
546.431 -452.047
552.069 -445.145
557.619 -438.173
563.081 -431.131
568.454 -424.021
573.737 -416.845
578.93 -409.602
584.031 -402.295
589.041 -394.924
593.957 -387.491
598.779 -379.997
603.507 -372.442
608.139 -364.829
612.676 -357.159
617.115 -349.432
621.458 -341.649
625.702 -333.813
629.847 -325.924
633.893 -317.984
637.839 -309.993
641.684 -301.953
645.427 -293.866
649.069 -285.733
652.608 -277.554
656.045 -269.331
659.377 -261.066
662.606 -252.76
665.73 -244.413
668.748 -236.028
671.662 -227.606
674.469 -219.148
677.169 -210.655
679.763 -202.129
682.249 -193.572
684.628 -184.983
686.898 -176.365
689.06 -167.72
691.113 -159.048
693.057 -150.351
694.892 -141.63
696.617 -132.887
698.232 -124.123
699.736 -115.339
701.13 -106.537
702.414 -97.7179
703.586 -88.8836
704.648 -80.0353
705.598 -71.1744
706.436 -62.3022
707.163 -53.4201
707.779 -44.5297
708.283 -35.6322
708.674 -26.7291
708.954 -17.8217
709.122 -8.91156
