708.84 10.7582
708.603 19.2412
708.22 27.1666
707.696 33.7953
707.206 42.3614
706.616 51.0344
705.921 59.4046
705.131 67.7152
704.277 75.3886
703.252 84.5744
702.343 90.9745
701.244 98.9472
700.127 106.489
698.944 114.046
697.541 122.38
696.431 128.969
694.801 137.526
693.352 145.026
691.609 153.278
689.623 161.977
688.301 168.391
686.103 177.099
684.517 183.964
682.288 192.228
680.388 199.529
670.434 231.423
667.727 238.49
664.859 246.021
661.891 253.617
658.886 261.022
655.557 269.27
653.008 274.649
649.493 282.869
645.766 291.348
642.581 298.048
639.205 305.075
635.769 312.064
632.621 318.298
628.541 326.284
625.382 332.305
621.445 339.634
617.712 346.446
614.09 352.96
609.959 360.126
605.581 367.483
601.787 373.879
597.064 381.382
593.077 387.792
588.895 394.346
584.706 400.806
579.394 408.368
575.153 414.641
570.715 421.028
550.259 447.171
544.768 453.768
539.902 459.21
534.476 465.389
530.203 469.848
523.727 477.167
518.705 482.427
512.596 488.914
507.691 493.844
502.454 499.095
496.894 504.601
490.358 510.959
485.786 515.311
478.524 522.047
472.761 527.289
467.609 531.945
462.107 536.84
455.456 542.508
449.923 547.263
442.398 553.288
437.108 557.705
430.094 563.137
423.981 567.913
417.305 572.922
410.432 577.929
387.482 593.333
380.919 597.425
373.602 601.996
367.214 605.771
360.232 609.887
353.912 613.479
345.894 618.051
338.47 622.127
331.762 625.684
324.909 629.25
318.204 632.668
309.253 637.087
303.241 639.996
295.824 643.479
288.682 646.76
281.042 650.146
273.741 653.314
266.755 656.302
258.98 659.456
250.062 662.832
242.911 665.604
215.764 675.558
208.537 677.601
200.981 679.731
192.297 682.258
184.907 684.135
178.602 685.56
169.073 688.057
161.538 689.759
153.143 691.648
143.124 693.908
137.986 694.687
129.302 696.353
121.59 697.7
114.447 698.873
106.298 700.156
98.1222 701.35
91.1073 702.33
82.6407 703.388
74.9483 704.298
67.0162 705.149
59.6028 705.917
51.5358 706.621
43.3541 707.237
35.5752 707.79
26.7499 708.188
19.0309 708.583
9.84628 708.735
1.65403 708.895
-6.43701 708.983
-39.6215 708.143
-46.9392 707.45
-54.7242 706.739
-64.0812 706.017
-71.3662 705.114
-79.0277 704.164
-88.0061 703.112
-94.896 702.036
-102.526 700.877
-108.744 699.816
-119.418 698.157
-126.436 696.842
-132.952 695.587
-141.351 693.928
-148.605 692.427
-157.047 690.567
-164.341 688.915
-171.951 687.109
-179.787 685.152
-187.126 683.287
-196.263 680.67
-203.734 678.57
-212.029 676.047
-218.513 674.225
-226.965 671.429
-236.254 668.099
-242.4 666.226
-250.892 663.049
-277.002 652.265
-284.99 648.791
-290.942 645.911
-300.05 641.83
-307.456 638.25
-314.759 634.616
-321.184 631.272
-328.318 627.547
-335.558 623.678
-342.957 619.624
-349.508 615.926
-357.009 611.607
-362.971 608.105
-371.185 603.113
-376.786 599.701
-383.849 595.234
-390.028 591.314
-396.213 587.334
-403.83 582.087
-410.079 577.856
-417.177 572.775
-422.957 568.793
-447.199 550.245
-453.487 544.941
-459.687 539.592
-465.719 534.252
-471.669 528.871
-477.522 523.46
-483.303 518.009
-489.012 512.516
-494.642 506.992
-500.202 501.43
-505.682 495.843
-511.103 490.214
-516.465 484.544
-521.749 478.854
-527.014 473.081
-532.206 467.286
-537.369 461.415
-542.48 455.495
-547.54 449.524
-552.554 443.493
-557.52 437.404
-562.445 431.245
-567.318 425.029
-572.164 418.705
-576.984 412.265
-595.135 385.366
-600.14 377.616
-603.701 371.425
-608.56 363.507
-612.567 356.497
-616.199 349.869
-620.382 342.336
-624.376 334.901
-628.011 327.85
-630.971 321.796
-634.238 315.161
-637.936 307.573
-641.514 300.006
-644.948 292.523
-648.239 285.139
-651.126 278.517
-654.025 271.756
-657.56 263.038
-659.99 257.231
-663.223 248.743
-665.671 242.648
-668.485 235.01
-671.555 225.858
-674.01 218.952
-676.31 212.714
-678.863 204.647
-681.36 196.264
-683.703 188.294
-692.092 155.114
-693.703 147.136
-695.117 139.459
-696.343 132.142
-698.279 122.325
-699.755 113.556
-700.641 106.475
-701.447 99.6031
-702.77 90.2165
-703.637 82.3917
-704.396 74.7661
-705.047 67.4389
-705.877 58.2794
-706.35 51.2579
-706.918 42.6081
-707.307 35.1607
-707.646 27.6165
-707.929 20.0982
-708.131 11.5447
-708.289 4.35914
-708.331 -3.87924
-708.242 -12.5857
-707.937 -22.4688
-707.942 -28.3995
-707.835 -35.3532
-707.391 -43.9394
-706.663 -53.4418
-706.45 -59.9635
-705.898 -67.8195
-705.31 -75.5413
-704.552 -83.5922
-699.157 -118.124
-697.613 -127.075
-696.032 -134.349
-694.362 -142.116
-692.532 -150.722
-690.833 -157.314
-688.943 -165.044
-686.878 -173.314
-684.601 -182.18
-682.661 -188.824
-680.754 -195.27
-677.903 -205.11
-675.719 -212.014
-672.971 -220.588
-670.869 -226.838
-668.014 -235.114
-665.515 -242.167
-662.5 -250.314
-660.641 -255.632
-656.796 -265.132
-653.837 -272.497
-650.671 -280.091
-648.048 -286.529
-643.813 -295.665
-641.596 -301.175
-636.889 -310.59
-635.026 -315.444
-630.413 -324.241
-627.001 -331.162
-611.986 -357.522
-607.806 -364.384
-603.603 -371.109
-599.35 -377.766
-595.025 -384.397
-590.904 -390.527
-586.627 -396.818
-581.615 -404.125
-577.529 -409.863
-572.525 -416.819
-567.84 -423.175
-562.908 -429.723
-558.274 -435.771
-553.09 -442.358
-548.462 -448.187
-543.135 -454.674
-537.598 -461.238
-532.731 -467.004
-527.831 -472.724
-521.739 -479.417
-516.682 -485.07
-500.147 -501.642
-493.395 -508.348
-488.679 -512.668
-481.825 -519.151
-477.015 -523.45
-469.092 -530.641
-463.588 -535.382
-457.884 -540.241
-451.707 -545.416
-445.427 -550.567
-437.823 -556.623
-432.612 -560.736
-426.764 -565.282
-420.262 -570.187
-414.251 -574.692
-406.93 -579.891
-384.585 -595.82
-377.607 -600.139
-370.781 -604.217
-363.588 -608.489
-357.111 -612.103
-349.85 -616.213
-343.049 -619.896
-336.054 -623.625
-329.352 -627.086
-322.089 -630.803
-314.789 -634.442
-307.948 -637.745
-301.684 -640.709
-293.595 -644.455
-286.372 -647.705
-279.089 -650.897
-271.847 -653.991
-264.12 -657.175
-257.353 -659.951
-249.566 -662.977
-242.637 -665.676
-234.691 -668.566
-227.184 -671.258
-219.638 -673.877
-211.978 -676.438
-204.867 -678.836
-197.166 -681.25
-166.204 -689.112
-159.193 -690.545
-149.972 -692.672
-142.926 -693.97
-135.879 -695.234
-127.293 -696.845
-119.589 -698.138
-110.823 -699.582
-105.18 -700.334
-95.5269 -701.735
-86.8912 -702.852
-79.8598 -703.663
-71.0898 -704.603
-63.809 -705.316
-56.2473 -705.997
-48.4583 -706.622
-40.1986 -707.174
-32.4388 -707.649
-23.0891 -707.984
-14.864 -708.253
-6.88766 -708.452
1.52621 -708.528
8.99724 -708.621
17.2897 -708.539
46.4931 -707.414
55.1466 -706.76
61.8804 -705.938
71.2745 -705.112
79.4148 -704.162
87.2717 -703.132
94.5569 -702.058
102.864 -700.852
108.68 -699.825
118.002 -698.333
127.122 -696.745
131.763 -695.82
140.865 -694.031
149.409 -692.242
157.431 -690.472
165.163 -688.689
173.285 -686.71
181.459 -684.615
188.789 -682.702
197.128 -680.356
204.287 -678.352
211.871 -676.114
219.807 -673.637
226.637 -671.585
235.024 -668.701
242.508 -666.166
270.309 -655.272
278.914 -651.715
286.558 -648.311
293.56 -645.015
300.26 -641.756
306.932 -638.454
315.271 -634.409
321.386 -631.184
328.731 -627.354
335.7 -623.608
342.458 -619.887
348.507 -616.492
356.345 -611.994
361.791 -608.855
369.537 -604.181
376.817 -599.684
383.443 -595.53
389.6 -591.646
397.269 -586.494
403.673 -582.219
410.387 -577.59
416.532 -573.362
422.691 -569.052
429.506 -563.999
451.684 -546.087
456.778 -541.56
462.968 -536.201
469.549 -530.433
476.112 -524.542
482.31 -518.804
487.41 -513.871
494.235 -507.346
500.169 -501.46
505.019 -496.483
510.324 -491.006
515.714 -485.347
520.378 -480.416
527.72 -472.266
532.087 -467.433
537.321 -461.479
543.193 -454.538
548.288 -448.47
552.834 -443.078
557.989 -436.669
563.081 -430.191
568.112 -423.641
584.484 -401.048
588.289 -395.057
592.722 -388.232
597.77 -380.48
601.427 -374.366
605.534 -367.553
609.989 -360.086
613.889 -353.275
617.881 -346.172
621.877 -338.893
625.181 -332.673
628.553 -326.261
632.343 -318.873
636.234 -311.045
639.749 -303.802
642.734 -297.657
646.242 -290.039
649.297 -283.441
652.875 -275.051
656.005 -267.723
659.701 -258.16
661.939 -253.416
665.148 -244.757
675.303 -216.27
677.766 -208.187
679.964 -200.454
681.863 -193.228
683.918 -185.455
685.897 -177.656
687.831 -169.733
689.608 -162.022
691.179 -154.761
692.935 -146.572
694.493 -138.8
695.975 -131.012
697.381 -123.216
698.703 -115.464
699.947 -107.746
701.174 -99.5342
702.226 -92.2343
703.279 -84.1334
704.199 -77.252
705.105 -69.0758
705.922 -60.9063
706.676 -53.4558
707.327 -45.1945
707.897 -37.0536
708.445 -29.5099
708.858 -21.376
