707.178 4.43853e-15
707.123 8.88643
706.955 17.7715
706.676 26.6537
706.285 35.5317
705.783 44.4041
705.169 53.2695
704.444 62.1265
703.608 70.9736
702.66 79.8096
701.602 88.6329
700.433 97.4423
699.153 106.236
697.763 115.013
696.263 123.773
694.652 132.512
692.932 141.231
691.103 149.927
689.164 158.599
687.117 167.247
684.961 175.868
682.697 184.461
680.325 193.026
677.846 201.559
675.26 210.061
672.567 218.53
669.767 226.964
666.862 235.363
663.852 243.724
660.737 252.047
657.518 260.33
654.195 268.572
650.768 276.771
647.239 284.927
643.607 293.037
639.874 301.102
636.04 309.119
632.105 317.087
628.071 325.005
623.937 332.872
619.705 340.686
615.375 348.446
610.948 356.151
606.424 363.8
601.805 371.392
597.09 378.925
592.282 386.398
587.379 393.81
582.384 401.16
577.297 408.447
572.119 415.669
566.851 422.825
561.493 429.915
556.046 436.937
550.512 443.89
544.89 450.772
539.183 457.584
533.39 464.323
527.513 470.989
521.553 477.581
515.511 484.097
509.387 490.537
503.183 496.899
496.899 503.183
490.537 509.387
484.097 515.511
477.581 521.553
470.989 527.513
464.323 533.39
457.584 539.183
450.772 544.89
443.89 550.512
436.937 556.046
429.915 561.493
422.825 566.851
415.669 572.119
408.447 577.297
401.16 582.384
393.81 587.379
386.398 592.282
378.925 597.09
371.392 601.805
363.8 606.424
356.151 610.948
348.446 615.375
340.686 619.705
332.872 623.937
325.005 628.071
317.087 632.105
309.119 636.04
301.102 639.874
293.037 643.607
284.927 647.239
276.771 650.768
268.572 654.195
260.33 657.518
252.047 660.737
243.724 663.852
235.363 666.862
226.964 669.767
218.53 672.567
210.061 675.26
201.559 677.846
193.026 680.325
184.461 682.697
175.868 684.961
167.247 687.117
158.599 689.164
149.927 691.103
141.231 692.932
132.512 694.652
123.773 696.263
115.013 697.763
106.236 699.153
97.4423 700.433
88.6329 701.602
79.8096 702.66
70.9736 703.608
62.1265 704.444
53.2695 705.169
44.4041 705.783
35.5317 706.285
26.6537 706.676
17.7715 706.955
8.88643 707.123
4.30641e-14 707.178
-8.88643 707.123
-17.7715 706.955
-26.6537 706.676
-35.5317 706.285
-44.4041 705.783
-53.2695 705.169
-62.1265 704.444
-70.9736 703.608
-79.8096 702.66
-88.6329 701.602
-97.4423 700.433
-106.236 699.153
-115.013 697.763
-123.773 696.263
-132.512 694.652
-141.231 692.932
-149.927 691.103
-158.599 689.164
-167.247 687.117
-175.868 684.961
-184.461 682.697
-193.026 680.325
-201.559 677.846
-210.061 675.26
-218.53 672.567
-226.964 669.767
-235.363 666.862
-243.724 663.852
-252.047 660.737
-260.33 657.518
-268.572 654.195
-276.771 650.768
-284.927 647.239
-293.037 643.607
-301.102 639.874
-309.119 636.04
-317.087 632.105
-325.005 628.071
-332.872 623.937
-340.686 619.705
-348.446 615.375
-356.151 610.948
-363.8 606.424
-371.392 601.805
-378.925 597.09
-386.398 592.282
-393.81 587.379
-401.16 582.384
-408.447 577.297
-415.669 572.119
-422.825 566.851
-429.915 561.493
-436.937 556.046
-443.89 550.512
-450.772 544.89
-457.584 539.183
-464.323 533.39
-470.989 527.513
-477.581 521.553
-484.097 515.511
-490.537 509.387
-496.899 503.183
-503.183 496.899
-509.387 490.537
-515.511 484.097
-521.553 477.581
-527.513 470.989
-533.39 464.323
-539.183 457.584
-544.89 450.772
-550.512 443.89
-556.046 436.937
-561.493 429.915
-566.851 422.825
-572.119 415.669
-577.297 408.447
-582.384 401.16
-587.379 393.81
-592.282 386.398
-597.09 378.925
-601.805 371.392
-606.424 363.8
-610.948 356.151
-615.375 348.446
-619.705 340.686
-623.937 332.872
-628.071 325.005
-632.105 317.087
-636.04 309.119
-639.874 301.102
-643.607 293.037
-647.239 284.927
-650.768 276.771
-654.195 268.572
-657.518 260.33
-660.737 252.047
-663.852 243.724
-666.862 235.363
-669.767 226.964
-672.567 218.53
-675.26 210.061
-677.846 201.559
-680.325 193.026
-682.697 184.461
-684.961 175.868
-687.117 167.247
-689.164 158.599
-691.103 149.927
-692.932 141.231
-694.652 132.512
-696.263 123.773
-697.763 115.013
-699.153 106.236
-700.433 97.4423
-701.602 88.6329
-702.66 79.8096
-703.608 70.9736
-704.444 62.1265
-705.169 53.2695
-705.783 44.4041
-706.285 35.5317
-706.676 26.6537
-706.955 17.7715
-707.123 8.88643
-707.178 8.67569e-14
-707.123 -8.88643
-706.955 -17.7715
-706.676 -26.6537
-706.285 -35.5317
-705.783 -44.4041
-705.169 -53.2695
-704.444 -62.1265
-703.608 -70.9736
-702.66 -79.8096
-701.602 -88.6329
-700.433 -97.4423
-699.153 -106.236
-697.763 -115.013
-696.263 -123.773
-694.652 -132.512
-692.932 -141.231
-691.103 -149.927
-689.164 -158.599
-687.117 -167.247
-684.961 -175.868
-682.697 -184.461
-680.325 -193.026
-677.846 -201.559
-675.26 -210.061
-672.567 -218.53
-669.767 -226.964
-666.862 -235.363
-663.852 -243.724
-660.737 -252.047
-657.518 -260.33
-654.195 -268.572
-650.768 -276.771
-647.239 -284.927
-643.607 -293.037
-639.874 -301.102
-636.04 -309.119
-632.105 -317.087
-628.071 -325.005
-623.937 -332.872
-619.705 -340.686
-615.375 -348.446
-610.948 -356.151
-606.424 -363.8
-601.805 -371.392
-597.09 -378.925
-592.282 -386.398
-587.379 -393.81
-582.384 -401.16
-577.297 -408.447
-572.119 -415.669
-566.851 -422.825
-561.493 -429.915
-556.046 -436.937
-550.512 -443.89
-544.89 -450.772
-539.183 -457.584
-533.39 -464.323
-527.513 -470.989
-521.553 -477.581
-515.511 -484.097
-509.387 -490.537
-503.183 -496.899
-496.899 -503.183
-490.537 -509.387
-484.097 -515.511
-477.581 -521.553
-470.989 -527.513
-464.323 -533.39
-457.584 -539.183
-450.772 -544.89
-443.89 -550.512
-436.937 -556.046
-429.915 -561.493
-422.825 -566.851
-415.669 -572.119
-408.447 -577.297
-401.16 -582.384
-393.81 -587.379
-386.398 -592.282
-378.925 -597.09
-371.392 -601.805
-363.8 -606.424
-356.151 -610.948
-348.446 -615.375
-340.686 -619.705
-332.872 -623.937
-325.005 -628.071
-317.087 -632.105
-309.119 -636.04
-301.102 -639.874
-293.037 -643.607
-284.927 -647.239
-276.771 -650.768
-268.572 -654.195
-260.33 -657.518
-252.047 -660.737
-243.724 -663.852
-235.363 -666.862
-226.964 -669.767
-218.53 -672.567
-210.061 -675.26
-201.559 -677.846
-193.026 -680.325
-184.461 -682.697
-175.868 -684.961
-167.247 -687.117
-158.599 -689.164
-149.927 -691.103
-141.231 -692.932
-132.512 -694.652
-123.773 -696.263
-115.013 -697.763
-106.236 -699.153
-97.4423 -700.433
-88.6329 -701.602
-79.8096 -702.66
-70.9736 -703.608
-62.1265 -704.444
-53.2695 -705.169
-44.4041 -705.783
-35.5317 -706.285
-26.6537 -706.676
-17.7715 -706.955
-8.88643 -707.123
-1.36591e-13 -707.178
8.88643 -707.123
17.7715 -706.955
26.6537 -706.676
35.5317 -706.285
44.4041 -705.783
53.2695 -705.169
62.1265 -704.444
70.9736 -703.608
79.8096 -702.66
88.6329 -701.602
97.4423 -700.433
106.236 -699.153
115.013 -697.763
123.773 -696.263
132.512 -694.652
141.231 -692.932
149.927 -691.103
158.599 -689.164
167.247 -687.117
175.868 -684.961
184.461 -682.697
193.026 -680.325
201.559 -677.846
210.061 -675.26
218.53 -672.567
226.964 -669.767
235.363 -666.862
243.724 -663.852
252.047 -660.737
260.33 -657.518
268.572 -654.195
276.771 -650.768
284.927 -647.239
293.037 -643.607
301.102 -639.874
309.119 -636.04
317.087 -632.105
325.005 -628.071
332.872 -623.937
340.686 -619.705
348.446 -615.375
356.151 -610.948
363.8 -606.424
371.392 -601.805
378.925 -597.09
386.398 -592.282
393.81 -587.379
401.16 -582.384
408.447 -577.297
415.669 -572.119
422.825 -566.851
429.915 -561.493
436.937 -556.046
443.89 -550.512
450.772 -544.89
457.584 -539.183
464.323 -533.39
470.989 -527.513
477.581 -521.553
484.097 -515.511
490.537 -509.387
496.899 -503.183
503.183 -496.899
509.387 -490.537
515.511 -484.097
521.553 -477.581
527.513 -470.989
533.39 -464.323
539.183 -457.584
544.89 -450.772
550.512 -443.89
556.046 -436.937
561.493 -429.915
566.851 -422.825
572.119 -415.669
577.297 -408.447
582.384 -401.16
587.379 -393.81
592.282 -386.398
597.09 -378.925
601.805 -371.392
606.424 -363.8
610.948 -356.151
615.375 -348.446
619.705 -340.686
623.937 -332.872
628.071 -325.005
632.105 -317.087
636.04 -309.119
639.874 -301.102
643.607 -293.037
647.239 -284.927
650.768 -276.771
654.195 -268.572
657.518 -260.33
660.737 -252.047
663.852 -243.724
666.862 -235.363
669.767 -226.964
672.567 -218.53
675.26 -210.061
677.846 -201.559
680.325 -193.026
682.697 -184.461
684.961 -175.868
687.117 -167.247
689.164 -158.599
691.103 -149.927
692.932 -141.231
694.652 -132.512
696.263 -123.773
697.763 -115.013
699.153 -106.236
700.433 -97.4423
701.602 -88.6329
702.66 -79.8096
703.608 -70.9736
704.444 -62.1265
705.169 -53.2695
705.783 -44.4041
706.285 -35.5317
706.676 -26.6537
706.955 -17.7715
707.123 -8.88643
