787.178 5.78901e-16
787.116 9.89171
786.93 19.7819
786.619 29.6689
786.184 39.5512
785.625 49.4273
784.942 59.2956
784.135 69.1546
783.204 79.0026
782.149 88.8381
780.971 98.6596
779.67 108.466
778.245 118.254
776.698 128.024
775.028 137.774
773.235 147.503
771.321 157.207
769.284 166.887
767.126 176.541
764.847 186.167
762.448 195.763
759.928 205.329
757.287 214.862
754.528 224.361
751.649 233.825
748.651 243.251
745.535 252.64
742.302 261.988
738.951 271.295
735.484 280.56
731.9 289.78
728.201 298.954
724.387 308.081
720.458 317.159
716.416 326.187
712.26 335.164
707.992 344.088
703.613 352.958
699.122 361.771
694.521 370.528
689.81 379.226
684.99 387.864
680.062 396.441
675.026 404.956
669.884 413.406
664.637 421.791
659.284 430.11
653.827 438.36
648.267 446.542
642.605 454.653
636.841 462.692
630.976 470.658
625.012 478.55
618.949 486.366
612.789 494.105
606.531 501.766
600.178 509.348
593.73 516.85
587.189 524.27
580.554 531.607
573.828 538.861
567.012 546.029
560.105 553.111
553.111 560.105
546.029 567.012
538.861 573.828
531.607 580.554
524.27 587.189
516.85 593.73
509.348 600.178
501.766 606.531
494.105 612.789
486.366 618.949
478.55 625.012
470.658 630.976
462.692 636.841
454.653 642.605
446.542 648.267
438.36 653.827
430.11 659.284
421.791 664.637
413.406 669.884
404.956 675.026
396.441 680.062
387.864 684.99
379.226 689.81
370.528 694.521
361.771 699.122
352.958 703.613
344.088 707.992
335.164 712.26
326.187 716.416
317.159 720.458
308.081 724.387
298.954 728.201
289.78 731.9
280.56 735.484
271.295 738.951
261.988 742.302
252.64 745.535
243.251 748.651
233.825 751.649
224.361 754.528
214.862 757.287
205.329 759.928
195.763 762.448
186.167 764.847
176.541 767.126
166.887 769.284
157.207 771.321
147.503 773.235
137.774 775.028
128.024 776.698
118.254 778.245
108.466 779.67
98.6596 780.971
88.8381 782.149
79.0026 783.204
69.1546 784.135
59.2956 784.942
49.4273 785.625
39.5512 786.184
29.6689 786.619
19.7819 786.93
9.89171 787.116
4.80942e-14 787.178
-9.89171 787.116
-19.7819 786.93
-29.6689 786.619
-39.5512 786.184
-49.4273 785.625
-59.2956 784.942
-69.1546 784.135
-79.0026 783.204
-88.8381 782.149
-98.6596 780.971
-108.466 779.67
-118.254 778.245
-128.024 776.698
-137.774 775.028
-147.503 773.235
-157.207 771.321
-166.887 769.284
-176.541 767.126
-186.167 764.847
-195.763 762.448
-205.329 759.928
-214.862 757.287
-224.361 754.528
-233.825 751.649
-243.251 748.651
-252.64 745.535
-261.988 742.302
-271.295 738.951
-280.56 735.484
-289.78 731.9
-298.954 728.201
-308.081 724.387
-317.159 720.458
-326.187 716.416
-335.164 712.26
-344.088 707.992
-352.958 703.613
-361.771 699.122
-370.528 694.521
-379.226 689.81
-387.864 684.99
-396.441 680.062
-404.956 675.026
-413.406 669.884
-421.791 664.637
-430.11 659.284
-438.36 653.827
-446.542 648.267
-454.653 642.605
-462.692 636.841
-470.658 630.976
-478.55 625.012
-486.366 618.949
-494.105 612.789
-501.766 606.531
-509.348 600.178
-516.85 593.73
-524.27 587.189
-531.607 580.554
-538.861 573.828
-546.029 567.012
-553.111 560.105
-560.105 553.111
-567.012 546.029
-573.828 538.861
-580.554 531.607
-587.189 524.27
-593.73 516.85
-600.178 509.348
-606.531 501.766
-612.789 494.105
-618.949 486.366
-625.012 478.55
-630.976 470.658
-636.841 462.692
-642.605 454.653
-648.267 446.542
-653.827 438.36
-659.284 430.11
-664.637 421.791
-669.884 413.406
-675.026 404.956
-680.062 396.441
-684.99 387.864
-689.81 379.226
-694.521 370.528
-699.122 361.771
-703.613 352.958
-707.992 344.088
-712.26 335.164
-716.416 326.187
-720.458 317.159
-724.387 308.081
-728.201 298.954
-731.9 289.78
-735.484 280.56
-738.951 271.295
-742.302 261.988
-745.535 252.64
-748.651 243.251
-751.649 233.825
-754.528 224.361
-757.287 214.862
-759.928 205.329
-762.448 195.763
-764.847 186.167
-767.126 176.541
-769.284 166.887
-771.321 157.207
-773.235 147.503
-775.028 137.774
-776.698 128.024
-778.245 118.254
-779.67 108.466
-780.971 98.6596
-782.149 88.8381
-783.204 79.0026
-784.135 69.1546
-784.942 59.2956
-785.625 49.4273
-786.184 39.5512
-786.619 29.6689
-786.93 19.7819
-787.116 9.89171
-787.178 9.63259e-14
-787.116 -9.89171
-786.93 -19.7819
-786.619 -29.6689
-786.184 -39.5512
-785.625 -49.4273
-784.942 -59.2956
-784.135 -69.1546
-783.204 -79.0026
-782.149 -88.8381
-780.971 -98.6596
-779.67 -108.466
-778.245 -118.254
-776.698 -128.024
-775.028 -137.774
-773.235 -147.503
-771.321 -157.207
-769.284 -166.887
-767.126 -176.541
-764.847 -186.167
-762.448 -195.763
-759.928 -205.329
-757.287 -214.862
-754.528 -224.361
-751.649 -233.825
-748.651 -243.251
-745.535 -252.64
-742.302 -261.988
-738.951 -271.295
-735.484 -280.56
-731.9 -289.78
-728.201 -298.954
-724.387 -308.081
-720.458 -317.159
-716.416 -326.187
-712.26 -335.164
-707.992 -344.088
-703.613 -352.958
-699.122 -361.771
-694.521 -370.528
-689.81 -379.226
-684.99 -387.864
-680.062 -396.441
-675.026 -404.956
-669.884 -413.406
-664.637 -421.791
-659.284 -430.11
-653.827 -438.36
-648.267 -446.542
-642.605 -454.653
-636.841 -462.692
-630.976 -470.658
-625.012 -478.55
-618.949 -486.366
-612.789 -494.105
-606.531 -501.766
-600.178 -509.348
-593.73 -516.85
-587.189 -524.27
-580.554 -531.607
-573.828 -538.861
-567.012 -546.029
-560.105 -553.111
-553.111 -560.105
-546.029 -567.012
-538.861 -573.828
-531.607 -580.554
-524.27 -587.189
-516.85 -593.73
-509.348 -600.178
-501.766 -606.531
-494.105 -612.789
-486.366 -618.949
-478.55 -625.012
-470.658 -630.976
-462.692 -636.841
-454.653 -642.605
-446.542 -648.267
-438.36 -653.827
-430.11 -659.284
-421.791 -664.637
-413.406 -669.884
-404.956 -675.026
-396.441 -680.062
-387.864 -684.99
-379.226 -689.81
-370.528 -694.521
-361.771 -699.122
-352.958 -703.613
-344.088 -707.992
-335.164 -712.26
-326.187 -716.416
-317.159 -720.458
-308.081 -724.387
-298.954 -728.201
-289.78 -731.9
-280.56 -735.484
-271.295 -738.951
-261.988 -742.302
-252.64 -745.535
-243.251 -748.651
-233.825 -751.649
-224.361 -754.528
-214.862 -757.287
-205.329 -759.928
-195.763 -762.448
-186.167 -764.847
-176.541 -767.126
-166.887 -769.284
-157.207 -771.321
-147.503 -773.235
-137.774 -775.028
-128.024 -776.698
-118.254 -778.245
-108.466 -779.67
-98.6596 -780.971
-88.8381 -782.149
-79.0026 -783.204
-69.1546 -784.135
-59.2956 -784.942
-49.4273 -785.625
-39.5512 -786.184
-29.6689 -786.619
-19.7819 -786.93
-9.89171 -787.116
-1.45327e-13 -787.178
9.89171 -787.116
19.7819 -786.93
29.6689 -786.619
39.5512 -786.184
49.4273 -785.625
59.2956 -784.942
69.1546 -784.135
79.0026 -783.204
88.8381 -782.149
98.6596 -780.971
108.466 -779.67
118.254 -778.245
128.024 -776.698
137.774 -775.028
147.503 -773.235
157.207 -771.321
166.887 -769.284
176.541 -767.126
186.167 -764.847
195.763 -762.448
205.329 -759.928
214.862 -757.287
224.361 -754.528
233.825 -751.649
243.251 -748.651
252.64 -745.535
261.988 -742.302
271.295 -738.951
280.56 -735.484
289.78 -731.9
298.954 -728.201
308.081 -724.387
317.159 -720.458
326.187 -716.416
335.164 -712.26
344.088 -707.992
352.958 -703.613
361.771 -699.122
370.528 -694.521
379.226 -689.81
387.864 -684.99
396.441 -680.062
404.956 -675.026
413.406 -669.884
421.791 -664.637
430.11 -659.284
438.36 -653.827
446.542 -648.267
454.653 -642.605
462.692 -636.841
470.658 -630.976
478.55 -625.012
486.366 -618.949
494.105 -612.789
501.766 -606.531
509.348 -600.178
516.85 -593.73
524.27 -587.189
531.607 -580.554
538.861 -573.828
546.029 -567.012
553.111 -560.105
560.105 -553.111
567.012 -546.029
573.828 -538.861
580.554 -531.607
587.189 -524.27
593.73 -516.85
600.178 -509.348
606.531 -501.766
612.789 -494.105
618.949 -486.366
625.012 -478.55
630.976 -470.658
636.841 -462.692
642.605 -454.653
648.267 -446.542
653.827 -438.36
659.284 -430.11
664.637 -421.791
669.884 -413.406
675.026 -404.956
680.062 -396.441
684.99 -387.864
689.81 -379.226
694.521 -370.528
699.122 -361.771
703.613 -352.958
707.992 -344.088
712.26 -335.164
716.416 -326.187
720.458 -317.159
724.387 -308.081
728.201 -298.954
731.9 -289.78
735.484 -280.56
738.951 -271.295
742.302 -261.988
745.535 -252.64
748.651 -243.251
751.649 -233.825
754.528 -224.361
757.287 -214.862
759.928 -205.329
762.448 -195.763
764.847 -186.167
767.126 -176.541
769.284 -166.887
771.321 -157.207
773.235 -147.503
775.028 -137.774
776.698 -128.024
778.245 -118.254
779.67 -108.466
780.971 -98.6596
782.149 -88.8381
783.204 -79.0026
784.135 -69.1546
784.942 -59.2956
785.625 -49.4273
786.184 -39.5512
786.619 -29.6689
786.93 -19.7819
787.116 -9.89171
