706.852 10.9779
706.611 19.4248
706.225 27.3016
705.697 33.8656
705.206 42.3904
704.616 51.0239
703.921 59.3557
703.133 67.6268
702.282 75.2448
701.259 84.4111
700.357 90.7428
699.262 98.6852
698.149 106.189
696.976 113.692
695.578 121.999
694.482 128.52
692.859 137.049
691.419 144.51
689.682 152.741
687.704 161.414
686.407 167.748
684.218 176.432
682.656 183.23
680.44 191.462
678.564 198.708
668.465 231.074
665.77 238.075
662.913 245.561
659.956 253.113
656.963 260.472
653.642 268.692
651.124 273.979
647.612 282.189
643.885 290.668
640.718 297.32
637.364 304.292
633.946 311.242
630.824 317.42
626.757 325.379
623.63 331.34
619.711 338.636
616.005 345.404
612.409 351.876
608.3 359.008
603.946 366.332
600.177 372.693
595.464 380.182
591.499 386.564
587.341 393.086
583.189 399.502
577.908 407.03
573.701 413.265
569.298 419.616
548.561 446.115
543.085 452.688
538.241 458.095
532.833 464.248
528.608 468.64
522.139 475.95
517.151 481.168
511.063 487.63
506.199 492.512
501.002 497.719
495.472 503.195
488.955 509.534
484.434 513.838
477.19 520.557
471.465 525.766
466.361 530.382
460.888 535.254
454.266 540.9
448.784 545.619
441.278 551.631
436.036 556.018
429.036 561.44
422.956 566.196
416.317 571.184
409.478 576.172
386.226 591.776
379.708 595.833
372.421 600.382
366.07 604.131
359.112 608.23
352.832 611.796
344.828 616.36
337.439 620.413
330.78 623.942
323.966 627.486
317.312 630.878
308.374 635.291
302.424 638.17
295.037 641.641
287.941 644.903
280.335 648.275
273.086 651.425
266.144 654.398
258.39 657.545
249.474 660.921
242.385 663.674
214.867 673.771
207.695 675.787
200.188 677.895
191.527 680.412
184.192 682.268
177.968 683.663
168.452 686.156
160.954 687.846
152.583 689.728
142.546 691.993
137.503 692.746
128.851 694.404
121.187 695.741
114.108 696.902
105.998 698.178
97.8608 699.367
90.9132 700.339
82.479 701.395
74.8381 702.301
66.9523 703.15
59.5901 703.918
51.5584 704.621
43.4017 705.238
35.6596 705.792
26.8639 706.191
19.1851 706.589
10.0455 706.745
1.88946 706.909
-6.16157 707.002
-39.8002 706.151
-47.0521 705.453
-54.8002 704.74
-64.1242 704.017
-71.3434 703.114
-78.9652 702.165
-87.9361 701.113
-94.7711 700.04
-102.365 698.884
-108.505 697.831
-119.185 696.17
-126.145 694.863
-132.584 693.621
-140.951 691.969
-148.146 690.481
-156.559 688.628
-163.797 686.991
-171.358 685.199
-179.152 683.256
-186.446 681.406
-195.574 678.792
-203.019 676.702
-211.299 674.185
-217.724 672.388
-226.136 669.609
-235.403 666.289
-241.478 664.451
-249.963 661.279
-276.403 650.357
-284.361 646.893
-290.235 644.04
-299.357 639.954
-306.74 636.383
-314.003 632.764
-320.37 629.446
-327.463 625.739
-334.666 621.888
-342.028 617.854
-348.535 614.178
-356.002 609.879
-361.918 606.405
-370.112 601.426
-375.653 598.053
-382.685 593.608
-388.826 589.716
-394.957 585.778
-402.555 580.546
-408.759 576.353
-415.835 571.292
-421.568 567.354
-446.162 548.535
-452.423 543.248
-458.597 537.915
-464.602 532.593
-470.512 527.239
-476.326 521.858
-482.067 516.437
-487.737 510.975
-493.329 505.483
-498.851 499.955
-504.306 494.391
-509.685 488.803
-515.017 483.164
-520.273 477.505
-525.499 471.776
-530.668 466.007
-535.795 460.181
-540.88 454.294
-545.906 448.371
-550.897 442.374
-555.827 436.341
-560.735 430.208
-565.583 424.034
-570.406 417.751
-575.201 411.359
-593.607 384.075
-598.593 376.347
-602.122 370.199
-606.963 362.302
-610.951 355.319
-614.559 348.724
-618.73 341.207
-622.712 333.791
-626.329 326.768
-629.248 320.781
-632.484 314.2
-636.164 306.644
-639.726 299.11
-643.141 291.665
-646.414 284.322
-649.276 277.758
-652.152 271.054
-655.68 262.354
-658.085 256.622
-661.312 248.153
-663.738 242.134
-666.544 234.53
-669.61 225.392
-672.051 218.548
-674.339 212.379
-676.887 204.338
-679.378 195.992
-681.716 188.06
-690.228 154.39
-691.822 146.456
-693.223 138.815
-694.427 131.568
-696.36 121.762
-697.833 113.006
-698.705 105.975
-699.498 99.1577
-700.818 89.7821
-701.675 82.0052
-702.423 74.433
-703.065 67.1664
-703.894 58.0235
-704.358 51.0701
-704.926 42.4353
-705.311 35.0318
-705.648 27.5308
-705.929 20.0639
-706.131 11.5534
-706.29 4.42702
-706.335 -3.76108
-706.247 -12.4443
-705.944 -22.3004
-705.958 -28.1519
-705.86 -35.034
-705.422 -43.5871
-704.699 -53.0619
-704.5 -59.5183
-703.962 -67.3163
-703.386 -74.9937
-702.637 -83.0131
-697.157 -118.079
-695.614 -127.01
-694.036 -134.223
-692.369 -141.944
-690.542 -150.523
-688.852 -157.039
-686.969 -164.723
-684.91 -172.961
-682.637 -181.802
-680.706 -188.399
-678.814 -194.783
-675.96 -204.636
-673.793 -211.476
-671.053 -220.019
-668.974 -226.198
-666.132 -234.437
-663.651 -241.442
-660.651 -249.55
-658.828 -254.787
-654.987 -264.278
-652.051 -271.597
-648.905 -279.154
-646.317 -285.528
-642.075 -294.676
-639.9 -300.116
-635.177 -309.555
-633.372 -314.319
-628.763 -323.11
-625.382 -329.987
-610.154 -356.721
-605.993 -363.54
-601.81 -370.223
-597.579 -376.836
-593.27 -383.438
-589.171 -389.528
-584.915 -395.782
-579.919 -403.065
-575.872 -408.744
-570.887 -415.672
-566.231 -421.987
-561.326 -428.5
-556.725 -434.505
-551.567 -441.062
-546.978 -446.846
-541.682 -453.3
-536.162 -459.846
-531.336 -465.57
-526.484 -471.245
-520.416 -477.917
-515.398 -483.537
-498.658 -500.307
-491.903 -507.017
-487.233 -511.286
-480.387 -517.761
-475.637 -522.001
-467.699 -529.206
-462.242 -533.903
-456.582 -538.724
-450.439 -543.87
-444.192 -548.994
-436.579 -555.057
-431.419 -559.131
-425.609 -563.649
-419.144 -568.528
-413.184 -573
-405.886 -578.185
-383.264 -594.319
-376.323 -598.605
-369.535 -602.653
-362.371 -606.902
-355.944 -610.479
-348.713 -614.568
-341.941 -618.231
-335 -621.925
-328.347 -625.357
-321.122 -629.053
-313.846 -632.678
-307.07 -635.948
-300.859 -638.887
-292.811 -642.616
-285.634 -645.846
-278.384 -649.025
-271.175 -652.107
-263.47 -655.283
-256.732 -658.05
-248.966 -661.069
-242.08 -663.755
-234.172 -666.634
-226.713 -669.314
-219.215 -671.923
-211.6 -674.474
-204.55 -676.861
-196.895 -679.269
-165.495 -687.241
-158.548 -688.652
-149.337 -690.775
-142.354 -692.053
-135.371 -693.299
-126.811 -694.904
-119.157 -696.185
-110.415 -697.624
-104.872 -698.358
-95.2228 -699.758
-86.6158 -700.871
-79.6531 -701.673
-70.9104 -702.611
-63.6777 -703.321
-56.1584 -703.999
-48.4088 -704.622
-40.2018 -705.174
-32.4901 -705.649
-23.1437 -705.985
-14.9549 -706.256
-7.01159 -706.456
1.3657 -706.534
8.77611 -706.634
17.0293 -706.556
46.6272 -705.418
55.2505 -704.763
61.9087 -703.938
71.284 -703.112
79.3831 -702.162
87.1924 -701.133
94.4235 -700.062
102.694 -698.86
108.414 -697.843
117.723 -696.352
126.825 -694.767
131.344 -693.864
140.445 -692.075
148.972 -690.291
156.964 -688.527
164.661 -686.753
172.759 -684.781
180.888 -682.698
188.164 -680.802
196.472 -678.466
203.582 -676.481
211.12 -674.261
219.012 -671.802
225.789 -669.774
234.145 -666.904
241.584 -664.392
269.762 -653.348
278.342 -649.798
285.949 -646.407
292.89 -643.13
299.555 -639.884
306.187 -636.598
314.512 -632.559
320.574 -629.355
327.885 -625.542
334.811 -621.816
341.521 -618.12
347.515 -614.755
355.348 -610.26
360.732 -607.159
368.471 -602.488
375.721 -598.01
382.304 -593.886
388.401 -590.046
396.049 -584.909
402.422 -580.659
409.102 -576.057
415.202 -571.869
421.318 -567.598
428.107 -562.569
450.569 -544.427
455.6 -539.943
461.756 -534.61
468.314 -528.86
474.854 -522.987
481.022 -517.274
486.069 -512.387
492.895 -505.861
498.812 -499.99
503.623 -495.051
508.889 -489.613
514.244 -483.99
518.858 -479.115
526.227 -470.934
530.551 -466.152
535.763 -460.224
541.621 -453.302
546.684 -447.274
551.188 -441.941
556.319 -435.567
561.388 -429.126
566.398 -422.611
582.98 -399.729
586.751 -393.779
591.147 -386.999
596.18 -379.266
599.806 -373.195
603.88 -366.429
608.318 -358.988
612.189 -352.221
616.158 -345.157
620.137 -337.906
623.415 -331.734
626.765 -325.365
630.541 -318.005
634.416 -310.209
637.913 -303.007
640.873 -296.923
644.371 -289.331
647.408 -282.786
650.975 -274.428
654.093 -267.136
657.796 -257.551
660.006 -252.902
663.212 -244.255
673.505 -215.394
675.955 -207.338
678.13 -199.655
680.013 -192.469
682.048 -184.747
684.011 -176.99
685.926 -169.124
687.691 -161.453
689.245 -154.251
690.993 -146.092
692.541 -138.362
694.012 -130.631
695.409 -122.885
696.727 -115.159
697.965 -107.476
699.189 -99.2947
700.234 -92.0549
701.284 -83.9878
702.201 -77.1693
703.105 -69.042
703.922 -60.9133
704.677 -53.5139
705.329 -45.2831
705.9 -37.1701
706.453 -29.6867
706.87 -21.5991
