705.859 11.0959
705.616 19.5247
705.227 27.3772
704.697 33.9009
704.207 42.4089
703.616 51.0269
702.922 59.3394
702.134 67.5825
701.284 75.1728
700.262 84.3294
699.363 90.6269
698.27 98.5542
697.161 106.039
695.991 113.515
694.597 121.804
693.509 128.288
691.888 136.81
690.453 144.252
688.719 152.473
686.744 161.133
685.458 167.434
683.275 176.099
681.726 182.864
679.516 191.08
677.652 198.298
667.481 230.895
664.792 237.868
661.939 245.331
658.988 252.861
656.002 260.196
652.685 268.403
650.182 273.643
646.671 281.849
642.944 290.328
639.785 296.959
636.441 303.909
633.033 310.835
629.926 316.981
625.864 324.93
622.754 330.858
618.845 338.138
615.151 344.883
611.571 351.33
607.473 358.446
603.128 365.756
599.371 372.1
594.662 379.585
590.71 385.949
586.564 392.457
582.437 398.843
577.162 406.364
572.971 412.582
568.593 418.907
547.71 445.59
542.243 452.148
537.413 457.535
532.012 463.677
527.809 468.04
521.341 475.349
516.372 480.541
510.292 486.993
505.45 491.849
500.274 497.034
494.761 502.492
488.251 508.824
483.761 513.098
476.517 519.818
470.811 525.01
465.734 529.603
460.285 534.456
453.668 540.099
448.218 544.795
440.714 550.804
435.496 555.176
428.5 560.596
422.443 565.337
415.822 570.314
409.001 575.293
385.598 590.998
379.109 595.033
371.837 599.571
365.499 603.311
358.552 607.401
352.291 610.955
344.301 615.51
336.927 619.554
330.285 623.073
323.502 626.6
316.866 629.983
307.934 634.393
302.019 637.256
294.651 640.718
287.577 643.971
279.989 647.337
272.762 650.479
265.838 653.446
258.094 656.59
249.175 659.966
242.115 662.711
214.425 672.873
207.275 674.879
199.792 676.976
191.149 679.486
183.841 681.331
177.652 682.715
168.146 685.204
160.666 686.889
152.303 688.768
142.254 691.037
137.265 691.775
128.626 693.43
120.986 694.761
113.938 695.917
105.848 697.189
97.7302 698.376
90.816 699.344
82.3981 700.398
74.783 701.303
66.9203 702.151
59.5878 702.918
51.5695 703.621
43.4253 704.238
35.7017 704.793
26.9207 705.193
19.2703 705.593
10.1412 705.749
2.00755 705.916
-6.01989 706.012
-39.8893 705.155
-47.1167 704.455
-54.838 703.741
-64.1455 703.018
-71.3401 702.114
-78.9338 701.166
-87.901 700.114
-94.7085 699.042
-102.285 697.887
-108.381 696.838
-119.073 695.177
-126 693.874
-132.4 692.638
-140.75 690.989
-147.917 689.507
-156.315 687.658
-163.525 686.029
-171.062 684.244
-178.835 682.308
-186.102 680.467
-195.233 677.852
-202.662 675.768
-210.934 673.254
-217.329 671.469
-225.72 668.7
-234.978 665.384
-241.02 663.562
-249.494 660.395
-276.104 649.402
-284.046 645.944
-289.881 643.105
-299.003 639.019
-306.382 635.449
-313.618 631.841
-319.971 628.529
-327.043 624.832
-334.213 620.996
-341.559 616.97
-348.042 613.309
-355.502 609.013
-361.387 605.557
-369.571 600.584
-375.093 597.225
-382.096 592.8
-388.219 588.921
-394.332 584.998
-401.923 579.771
-408.105 575.597
-415.163 570.551
-420.877 566.632
-445.643 547.68
-451.89 542.401
-458.052 537.077
-464.044 531.763
-469.94 526.418
-475.728 521.056
-481.449 515.65
-487.106 510.199
-492.678 504.723
-498.176 499.217
-503.619 493.665
-508.979 488.095
-514.294 482.473
-519.532 476.833
-524.742 471.123
-529.895 465.374
-535.005 459.568
-540.076 453.701
-545.086 447.797
-550.063 441.821
-554.98 435.809
-559.875 429.697
-564.715 423.536
-569.527 417.274
-574.307 410.91
-592.841 383.433
-597.821 375.712
-601.327 369.592
-606.168 361.696
-610.145 354.728
-613.739 348.151
-617.905 340.643
-621.88 333.236
-625.488 326.227
-628.386 320.273
-631.607 313.719
-635.279 306.18
-638.831 298.663
-642.238 291.236
-645.501 283.913
-648.351 277.378
-651.216 270.703
-654.742 262.009
-657.132 256.318
-660.356 247.858
-662.772 241.878
-665.572 234.294
-668.637 225.159
-671.072 218.345
-673.352 212.215
-675.898 204.192
-678.387 195.86
-680.724 187.94
-689.295 154.028
-690.884 146.109
-692.276 138.494
-693.47 131.278
-695.403 121.473
-696.871 112.73
-697.736 105.725
-698.523 98.9351
-699.841 89.565
-700.694 81.812
-701.437 74.2666
-702.076 67.0221
-702.902 57.8956
-703.364 50.9682
-703.93 42.3489
-704.313 34.9674
-704.649 27.488
-704.929 20.0427
-705.131 11.558
-705.291 4.45701
-705.337 -3.7016
-705.25 -12.3693
-704.948 -22.2163
-704.965 -28.0274
-704.873 -34.8736
-704.439 -43.4029
-703.717 -52.8721
-703.527 -59.2877
-702.993 -67.0676
-702.427 -74.7121
-701.683 -82.7157
-696.157 -118.056
-694.614 -126.977
-693.038 -134.16
-691.373 -141.857
-689.547 -150.423
-687.862 -156.902
-685.982 -164.562
-683.926 -172.784
-681.654 -181.616
-679.729 -188.186
-677.844 -194.539
-674.987 -204.403
-672.829 -211.21
-670.093 -219.742
-668.025 -225.882
-665.188 -234.107
-662.718 -241.082
-659.724 -249.176
-657.921 -254.365
-654.083 -263.85
-651.157 -271.148
-648.021 -278.686
-645.448 -285.034
-641.206 -294.182
-639.051 -299.587
-634.326 -309.03
-632.543 -313.76
-627.934 -322.551
-624.569 -329.406
-609.238 -356.32
-605.086 -363.118
-600.914 -369.78
-596.693 -376.371
-592.392 -382.958
-588.305 -389.028
-584.06 -395.265
-579.071 -402.535
-575.043 -408.185
-570.068 -415.098
-565.427 -421.393
-560.534 -427.889
-555.951 -433.872
-550.805 -440.414
-546.236 -446.176
-540.952 -452.616
-535.444 -459.15
-530.645 -464.848
-525.808 -470.508
-519.749 -477.172
-514.753 -482.772
-497.913 -499.639
-491.156 -506.351
-486.51 -510.595
-479.668 -517.066
-474.947 -521.276
-467.003 -528.488
-461.569 -533.163
-455.93 -537.965
-449.805 -543.096
-443.575 -548.207
-435.957 -554.274
-430.823 -558.329
-425.031 -562.833
-418.586 -567.699
-412.65 -572.154
-405.363 -577.333
-382.6 -593.571
-375.681 -597.838
-368.906 -601.876
-361.763 -606.108
-355.353 -609.672
-348.137 -613.75
-341.387 -617.399
-334.466 -621.08
-327.838 -624.497
-320.631 -628.181
-313.374 -631.796
-306.624 -635.053
-300.446 -637.976
-292.411 -641.699
-285.257 -644.92
-278.032 -648.089
-270.839 -651.166
-263.145 -654.338
-256.422 -657.099
-248.666 -660.115
-241.802 -662.794
-233.912 -665.669
-226.477 -668.342
-219.003 -670.945
-211.411 -673.492
-204.391 -675.874
-196.759 -678.278
-165.141 -686.306
-158.225 -687.705
-149.02 -689.827
-142.068 -691.095
-135.117 -692.332
-126.571 -693.933
-118.941 -695.208
-110.211 -696.645
-104.71 -697.372
-95.0708 -698.77
-86.4781 -699.881
-79.5497 -700.679
-70.8207 -701.615
-63.612 -702.323
-56.1061 -703
-48.3839 -703.623
-40.2073 -704.174
-32.5238 -704.65
-23.1791 -704.986
-15.0044 -705.257
-7.07759 -705.458
1.28141 -705.538
8.66152 -705.64
16.8951 -705.565
46.6868 -704.42
55.295 -703.764
61.9228 -702.939
71.2849 -702.112
79.3634 -701.162
87.1489 -700.134
94.3489 -699.065
102.601 -697.864
108.281 -696.852
117.576 -695.363
126.669 -693.78
131.142 -692.885
140.234 -691.098
148.753 -689.315
156.723 -687.557
164.403 -685.787
172.488 -683.818
180.599 -681.741
187.847 -679.853
196.14 -677.523
203.221 -675.548
210.737 -673.337
218.611 -670.886
225.358 -668.872
233.702 -666.008
241.119 -663.507
269.488 -652.386
278.053 -648.841
285.64 -645.455
292.555 -642.188
299.199 -638.949
305.811 -635.671
314.136 -631.632
320.165 -628.443
327.458 -624.638
334.363 -620.922
341.049 -617.238
347.019 -613.887
354.849 -609.394
360.202 -606.311
367.932 -601.646
375.166 -597.178
381.727 -593.069
387.798 -589.248
395.439 -584.117
401.79 -579.884
408.454 -575.296
414.538 -571.122
420.632 -566.871
427.408 -561.854
450.012 -543.597
455.012 -539.135
461.15 -533.815
467.696 -528.074
474.224 -522.21
480.378 -516.509
485.399 -511.645
492.22 -505.124
498.134 -499.255
502.924 -494.335
508.172 -488.916
513.509 -483.312
518.099 -478.465
525.481 -470.269
529.783 -465.512
534.985 -459.597
540.835 -452.684
545.883 -446.676
550.366 -441.372
555.485 -435.017
560.542 -428.593
565.541 -422.096
582.226 -399.073
585.98 -393.142
590.362 -386.38
595.39 -378.653
598.995 -372.61
603.056 -365.863
607.484 -358.435
611.341 -351.69
615.299 -344.646
619.267 -337.413
622.532 -331.265
625.871 -324.917
629.642 -317.567
633.511 -309.784
636.996 -302.609
639.944 -296.553
643.436 -288.977
646.462 -282.462
650.026 -274.113
653.139 -266.836
656.843 -257.247
659.042 -252.637
662.245 -244
672.608 -214.951
675.05 -206.913
677.216 -199.251
679.086 -192.093
681.113 -184.392
683.068 -176.657
684.976 -168.811
686.733 -161.165
688.279 -153.992
690.022 -145.852
691.565 -138.146
693.03 -130.441
694.423 -122.719
695.738 -115.011
696.974 -107.345
698.195 -99.1831
699.238 -91.9653
700.286 -83.9193
701.202 -77.1279
702.106 -69.0211
702.922 -60.9128
703.678 -53.5427
704.33 -45.3236
704.902 -37.2245
705.456 -29.7714
705.876 -21.707
