704.866 11.2137
704.621 19.6245
704.23 27.4527
703.698 33.9363
703.207 42.4274
702.616 51.0297
701.922 59.3231
701.135 67.5464
700.287 75.1089
699.265 84.2476
698.37 90.5109
697.279 98.4232
696.172 105.888
695.007 113.337
693.616 121.61
692.537 128.055
690.917 136.572
689.485 144.002
687.753 152.212
685.785 160.852
684.508 167.121
682.33 175.773
680.793 182.504
678.592 190.697
676.74 197.888
666.497 230.717
663.814 237.66
660.966 245.101
658.02 252.609
655.041 259.921
651.727 268.114
649.237 273.315
645.731 281.509
642.004 289.987
638.852 296.599
635.517 303.525
632.119 310.427
629.027 316.542
624.97 324.481
621.878 330.375
617.978 337.639
614.297 344.363
610.733 350.784
606.646 357.883
602.31 365.181
598.566 371.507
593.86 378.988
589.921 385.335
585.793 391.821
581.684 398.185
576.416 405.698
572.246 411.893
567.887 418.198
546.858 445.066
541.402 451.607
536.585 456.974
531.191 463.106
527.009 467.439
520.542 474.747
515.593 479.914
509.52 486.357
504.702 491.186
499.545 496.349
494.05 501.789
487.546 508.114
483.087 512.359
475.844 519.078
470.156 524.253
465.107 528.824
459.682 533.659
453.076 539.293
447.652 543.97
440.151 549.978
434.956 554.334
427.964 559.751
421.924 564.483
415.322 569.449
408.517 574.418
384.977 590.215
378.51 594.232
371.252 598.759
364.933 602.486
357.999 606.568
351.758 610.109
343.774 614.659
336.416 618.695
329.798 622.2
323.038 625.714
316.427 629.084
307.494 633.495
301.614 636.341
294.264 639.796
287.214 643.039
279.642 646.399
272.438 649.533
265.532 652.493
257.799 655.634
248.877 659.012
241.845 661.748
213.983 671.976
206.861 673.969
199.403 676.055
190.771 678.56
183.491 680.394
177.342 681.764
167.839 684.252
160.378 685.931
152.022 687.808
141.961 690.081
137.028 690.803
128.401 692.456
120.785 693.782
113.769 694.931
105.698 696.201
97.5995 697.384
90.7188 698.349
82.3171 699.401
74.7278 700.305
66.8882 701.151
59.5854 701.918
51.5806 702.621
43.4488 703.238
35.7436 703.794
26.9775 704.195
19.3555 704.596
10.2369 704.754
2.12552 704.923
-5.87834 705.022
-39.9866 704.16
-47.1812 703.458
-54.8757 702.742
-64.175 702.018
-71.3367 701.114
-78.9024 700.166
-87.8657 699.114
-94.6459 698.044
-102.205 696.89
-108.257 695.846
-118.96 694.183
-125.854 692.884
-132.216 691.655
-140.55 690.009
-147.687 688.534
-156.071 686.688
-163.252 685.066
-170.766 683.289
-178.518 681.359
-185.758 679.528
-194.892 676.912
-202.304 674.834
-210.569 672.323
-216.926 670.554
-225.304 667.79
-234.56 664.476
-240.562 662.673
-249.025 659.512
-275.805 648.448
-283.73 644.995
-289.526 642.17
-298.649 638.084
-306.016 634.518
-313.241 630.915
-319.564 627.615
-326.616 623.928
-333.767 620.101
-341.098 616.083
-347.555 612.435
-355.003 608.146
-360.857 604.709
-369.038 599.738
-374.533 596.397
-381.514 591.987
-387.612 588.127
-393.7 584.223
-401.291 578.996
-407.445 574.846
-414.492 569.81
-420.179 565.916
-445.124 546.825
-451.358 541.555
-457.506 536.238
-463.486 530.934
-469.369 525.598
-475.136 520.25
-480.837 514.859
-486.475 509.424
-492.028 503.964
-497.507 498.474
-502.931 492.939
-508.273 487.387
-513.57 481.783
-518.791 476.162
-523.984 470.47
-529.121 464.741
-534.216 458.954
-539.271 453.107
-544.267 447.224
-549.23 441.268
-554.133 435.276
-559.016 429.186
-563.844 423.046
-568.644 416.805
-573.414 410.461
-592.075 382.79
-597.048 375.077
-600.532 368.984
-605.372 361.091
-609.339 354.136
-612.919 347.579
-617.079 340.079
-621.048 332.681
-624.647 325.686
-627.525 319.766
-630.73 313.239
-634.393 305.716
-637.937 298.215
-641.334 290.807
-644.588 283.504
-647.426 276.998
-650.279 270.352
-653.804 261.663
-656.18 256.013
-659.401 247.563
-661.805 241.621
-664.601 234.058
-667.665 224.926
-670.093 218.143
-672.366 212.051
-674.909 204.046
-677.396 195.728
-679.731 187.819
-688.366 153.659
-689.946 145.762
-691.329 138.172
-692.513 130.987
-694.446 121.184
-695.908 112.462
-696.768 105.475
-697.548 98.7126
-698.865 89.3481
-699.713 81.619
-700.451 74.1002
-701.086 66.8778
-701.911 57.7596
-702.369 50.8662
-702.934 42.2545
-703.316 34.8949
-703.65 27.4452
-703.93 20.0296
-704.131 11.5625
-704.291 4.49509
-704.338 -3.6422
-704.253 -12.2944
-703.951 -22.1322
-703.973 -27.9031
-703.886 -34.7133
-703.455 -43.2261
-702.736 -52.6824
-702.552 -59.0642
-702.025 -66.8191
-701.465 -74.4373
-700.728 -82.4185
-695.158 -118.033
-693.615 -126.944
-692.04 -134.097
-690.377 -141.771
-688.552 -150.323
-686.871 -156.764
-684.995 -164.401
-682.941 -172.607
-680.672 -181.431
-678.752 -187.973
-676.874 -194.296
-674.015 -204.17
-671.864 -210.945
-669.132 -219.465
-667.077 -225.565
-664.247 -233.768
-661.785 -240.723
-658.797 -248.802
-657.015 -253.943
-653.179 -263.422
-650.261 -270.705
-647.134 -278.224
-644.578 -284.54
-640.336 -293.688
-638.203 -299.057
-633.474 -308.506
-631.714 -313.2
-627.11 -321.985
-623.755 -328.825
-608.321 -355.919
-604.18 -362.696
-600.017 -369.336
-595.808 -375.906
-591.515 -382.479
-587.439 -388.528
-583.204 -394.747
-578.223 -402.005
-574.214 -407.625
-569.248 -414.524
-564.622 -420.799
-559.743 -427.277
-555.177 -433.239
-550.043 -439.766
-545.5 -445.5
-540.223 -451.932
-534.725 -458.455
-529.953 -464.125
-525.132 -469.771
-519.082 -476.428
-514.108 -482.008
-497.169 -498.972
-490.415 -505.68
-485.787 -509.904
-478.949 -516.371
-474.258 -520.552
-466.313 -527.765
-460.902 -532.418
-455.279 -537.206
-449.164 -542.328
-442.957 -547.42
-435.335 -553.491
-430.226 -557.526
-424.46 -562.012
-418.027 -566.87
-412.117 -571.309
-404.841 -576.48
-381.936 -592.824
-375.033 -597.076
-368.276 -601.099
-361.148 -605.319
-354.763 -608.865
-347.562 -612.932
-340.833 -616.566
-333.932 -620.234
-327.328 -623.636
-320.14 -627.31
-312.903 -630.914
-306.179 -634.158
-300.034 -637.065
-292.011 -640.782
-284.881 -643.993
-277.679 -647.153
-270.502 -650.224
-262.82 -653.392
-256.111 -656.149
-248.366 -659.161
-241.524 -661.834
-233.66 -664.701
-226.25 -667.368
-218.791 -669.968
-211.222 -672.51
-204.232 -674.887
-196.623 -677.287
-164.788 -685.371
-157.903 -686.758
-148.71 -688.876
-141.782 -690.137
-134.855 -691.367
-126.331 -692.962
-118.725 -694.232
-110.007 -695.666
-104.548 -696.385
-94.9188 -697.782
-86.3404 -698.89
-79.4463 -699.684
-70.731 -700.62
-63.5463 -701.325
-56.0538 -702.002
-48.3672 -702.623
-40.2052 -703.174
-32.5575 -703.651
-23.2144 -703.986
-15.0538 -704.258
-7.14351 -704.46
1.19721 -704.541
8.54704 -704.647
16.7611 -704.574
46.7463 -703.422
55.3393 -702.765
61.9292 -701.939
71.2857 -701.112
79.3435 -700.163
87.1052 -699.135
94.2743 -698.068
102.508 -696.868
108.156 -695.86
117.428 -694.374
126.513 -692.792
130.94 -691.905
140.024 -690.12
148.535 -688.339
156.482 -686.586
164.144 -684.821
172.217 -682.855
180.31 -680.784
187.538 -678.902
195.808 -676.58
202.861 -674.615
210.354 -672.413
218.217 -669.967
224.933 -667.967
233.259 -665.111
240.654 -662.622
269.215 -651.424
277.764 -647.883
285.332 -644.504
292.22 -641.246
298.843 -638.015
305.434 -634.745
313.76 -630.706
319.756 -627.531
327.031 -623.733
333.914 -620.028
340.577 -616.357
346.523 -613.019
354.351 -608.527
359.673 -605.462
367.392 -600.804
374.612 -596.346
381.151 -592.252
387.195 -588.45
394.828 -583.325
401.158 -579.109
407.805 -574.534
413.867 -570.38
419.939 -566.149
426.709 -561.139
449.454 -542.766
454.43 -538.322
460.55 -533.014
467.078 -527.288
473.589 -521.438
479.728 -515.749
484.728 -510.904
491.544 -504.387
497.45 -498.526
502.221 -493.625
507.455 -488.219
512.774 -482.634
517.344 -477.809
524.735 -469.603
529.015 -464.871
534.206 -458.969
540.048 -452.067
545.081 -446.078
549.543 -440.803
554.65 -434.466
559.696 -428.06
564.68 -421.588
581.477 -398.41
585.209 -392.505
589.577 -385.76
594.6 -378.04
598.185 -372.024
602.231 -365.298
606.651 -357.882
610.494 -351.159
614.439 -344.134
618.398 -336.92
621.649 -330.795
624.976 -324.469
628.743 -317.129
632.606 -309.36
636.081 -302.204
639.016 -296.182
642.501 -288.623
645.515 -282.139
649.077 -273.799
652.185 -266.535
655.891 -256.943
658.078 -252.373
661.278 -243.746
671.711 -214.509
674.145 -206.488
676.301 -198.848
678.159 -191.717
680.178 -184.038
682.125 -176.324
684.026 -168.499
685.776 -160.876
687.313 -153.733
689.052 -145.612
690.588 -137.931
692.048 -130.25
693.437 -122.554
694.749 -114.863
695.982 -107.214
697.202 -99.0635
698.242 -91.8757
699.289 -83.8507
700.202 -77.0947
701.106 -69.0086
701.922 -60.9207
702.678 -53.5714
703.331 -45.3639
703.903 -37.2789
704.46 -29.8558
704.882 -21.8147
