703.873 11.3315
703.626 19.7242
703.233 27.5281
702.699 33.9715
702.207 42.4458
701.616 51.0325
700.922 59.3066
700.135 67.5102
699.289 75.045
698.268 84.1739
697.377 90.395
696.287 98.2922
695.183 105.738
694.022 113.168
692.635 121.415
691.562 127.831
689.944 136.341
688.517 143.752
686.788 151.952
684.825 160.571
683.559 166.807
681.384 175.447
679.86 182.144
677.666 190.322
675.825 197.485
665.513 230.538
662.834 237.46
659.991 244.879
657.053 252.357
654.079 259.645
650.77 267.825
648.293 272.988
644.791 281.169
641.066 289.64
637.922 296.231
634.597 303.133
631.209 310.013
628.129 316.103
624.081 324.024
621.002 329.893
617.111 337.14
613.443 343.842
609.895 350.239
605.819 357.321
601.492 364.605
597.761 370.914
593.058 378.391
589.132 384.721
585.021 391.185
580.931 397.527
575.67 405.032
571.52 411.205
567.182 417.49
546.007 444.541
540.56 451.067
535.757 456.413
530.37 462.535
526.21 466.838
519.743 474.145
514.813 479.288
508.748 485.721
503.953 490.522
498.817 495.664
493.339 501.086
486.842 507.405
482.414 511.619
475.17 518.339
469.502 523.497
464.48 528.045
459.079 532.861
452.485 538.487
447.086 543.146
439.588 549.152
434.416 553.492
427.429 558.907
421.405 563.628
414.821 568.583
408.033 573.542
384.355 589.432
377.911 593.431
370.668 597.948
364.367 601.661
357.446 605.735
351.224 609.263
343.248 613.809
335.904 617.836
329.31 621.326
322.573 624.829
315.988 628.186
307.054 632.597
301.21 635.427
293.878 638.874
286.851 642.108
279.296 645.461
272.114 648.587
265.227 651.541
257.503 654.679
248.579 658.057
241.575 660.786
213.542 671.079
206.447 673.059
199.013 675.134
190.393 677.635
183.14 679.458
177.033 680.813
167.532 683.3
160.09 684.974
151.742 686.848
141.669 689.124
136.79 689.832
128.175 691.481
120.584 692.802
113.599 693.946
105.548 695.212
97.4688 696.393
90.6216 697.353
82.2361 698.405
74.6647 699.307
66.8483 700.152
59.5753 700.918
51.584 701.621
43.4723 702.238
35.778 702.794
27.0342 703.196
19.4405 703.6
10.3325 703.759
2.24338 703.93
-5.73692 704.032
-40.0838 703.165
-47.2456 702.46
-54.9133 701.742
-64.2044 701.019
-71.3333 700.115
-78.8709 699.166
-87.8304 698.115
-94.5832 697.046
-102.125 695.894
-108.134 694.854
-118.848 693.189
-125.701 691.896
-132.032 690.672
-140.35 689.03
-147.458 687.561
-155.827 685.719
-162.98 684.104
-170.47 682.334
-178.2 680.411
-185.415 678.589
-194.552 675.972
-201.947 673.9
-210.204 671.392
-216.524 669.638
-224.889 666.88
-234.142 663.567
-240.105 661.784
-248.557 658.628
-275.505 647.494
-283.408 644.048
-289.172 641.235
-298.295 637.149
-305.651 633.588
-312.863 629.989
-319.157 626.702
-326.189 623.023
-333.321 619.206
-340.637 615.195
-347.069 611.561
-354.503 607.28
-360.327 603.861
-368.505 598.892
-373.966 595.573
-380.932 591.174
-387.004 587.332
-393.068 583.447
-400.653 578.226
-406.785 574.095
-413.82 569.069
-419.481 565.199
-444.605 545.971
-450.825 540.708
-456.961 535.4
-462.927 530.104
-468.797 524.777
-474.544 519.444
-480.226 514.068
-485.844 508.648
-491.378 503.204
-496.838 497.731
-502.243 492.213
-507.567 486.678
-512.847 481.093
-518.05 475.49
-523.226 469.818
-528.347 464.107
-533.426 458.34
-538.466 452.513
-543.448 446.651
-548.397 440.715
-553.287 434.744
-558.156 428.674
-562.972 422.555
-567.762 416.335
-572.52 410.012
-591.308 382.148
-596.275 374.443
-599.738 368.377
-604.576 360.486
-608.533 353.544
-612.099 347.006
-616.253 339.515
-620.216 332.127
-623.806 325.146
-626.663 319.258
-629.853 312.758
-633.507 305.251
-637.043 297.768
-640.431 290.378
-643.676 283.095
-646.501 276.619
-649.343 270.001
-652.865 261.318
-655.227 255.709
-658.445 247.267
-660.841 241.356
-663.629 233.821
-666.693 224.693
-669.114 217.94
-671.379 211.887
-673.92 203.899
-676.405 195.596
-678.738 187.698
-687.437 153.29
-689.006 145.422
-690.383 137.851
-691.556 130.696
-693.486 120.901
-694.944 112.194
-695.798 105.233
-696.573 98.4902
-697.887 89.1385
-698.732 81.4254
-699.464 73.9415
-700.095 66.7413
-700.92 57.6314
-701.374 50.7643
-701.938 42.1602
-702.318 34.8225
-702.651 27.4023
-702.93 20.0164
-703.131 11.567
-703.292 4.53312
-703.34 -3.58285
-703.255 -12.2196
-702.954 -22.0558
-702.981 -27.7788
-702.899 -34.5532
-702.471 -43.0493
-701.752 -52.5001
-701.578 -58.8409
-701.056 -66.5708
-700.504 -74.1627
-699.773 -82.1215
-694.158 -118.01
-692.616 -126.903
-691.042 -134.034
-689.381 -141.684
-687.558 -150.215
-685.881 -156.627
-684.008 -164.24
-681.959 -172.422
-679.689 -181.245
-677.775 -187.76
-675.904 -194.052
-673.044 -203.929
-670.902 -210.672
-668.173 -219.181
-666.128 -225.249
-663.306 -233.43
-660.854 -240.357
-657.872 -248.42
-656.108 -253.521
-652.275 -262.995
-649.368 -270.255
-646.247 -277.762
-643.709 -284.046
-639.471 -293.186
-637.354 -298.528
-632.623 -307.981
-630.885 -312.641
-626.285 -321.419
-622.946 -328.237
-607.405 -355.518
-603.273 -362.274
-599.121 -368.893
-594.923 -375.441
-590.637 -381.999
-586.573 -388.029
-582.349 -394.229
-577.376 -401.475
-573.385 -407.066
-568.429 -413.951
-563.818 -420.204
-558.952 -426.666
-554.403 -432.606
-549.281 -439.119
-544.763 -444.823
-539.493 -451.248
-534.007 -457.759
-529.262 -463.403
-524.462 -469.028
-518.421 -475.677
-513.463 -481.244
-496.424 -498.304
-489.674 -505.008
-485.064 -509.213
-478.236 -515.67
-473.563 -519.833
-465.622 -527.042
-460.235 -531.673
-454.628 -536.447
-448.53 -541.555
-442.333 -546.639
-434.714 -552.708
-429.623 -556.728
-423.883 -561.195
-417.468 -566.04
-411.577 -570.467
-404.319 -575.627
-381.272 -592.076
-374.386 -596.314
-367.647 -600.321
-360.534 -604.53
-354.172 -608.058
-346.987 -612.114
-340.285 -615.729
-333.398 -619.388
-326.819 -622.775
-319.65 -626.439
-312.432 -630.032
-305.733 -633.263
-299.621 -636.154
-291.611 -639.866
-284.505 -643.067
-277.326 -646.218
-270.166 -649.282
-262.494 -652.446
-255.8 -655.198
-248.066 -658.207
-241.238 -660.876
-233.408 -663.733
-226.022 -666.394
-218.58 -668.991
-211.033 -671.528
-204.072 -673.899
-196.479 -676.298
-164.433 -684.436
-157.573 -685.815
-148.392 -687.928
-141.496 -689.178
-134.594 -690.402
-126.09 -691.992
-118.501 -693.257
-109.804 -694.687
-104.386 -695.398
-94.7588 -696.794
-86.2107 -697.899
-79.3429 -698.69
-70.6333 -699.624
-63.4806 -700.327
-56.0014 -701.003
-48.3504 -701.623
-40.203 -702.174
-32.5835 -702.651
-23.2497 -702.987
-15.1032 -703.259
-7.20935 -703.462
1.1131 -703.545
8.43265 -703.653
16.6271 -703.583
46.8057 -702.424
55.3835 -701.766
61.9356 -700.939
71.2863 -700.112
79.3236 -699.163
87.0615 -698.136
94.1996 -697.07
102.415 -695.873
108.031 -694.868
117.281 -693.385
126.357 -691.804
130.739 -690.926
139.821 -689.141
148.324 -687.361
156.241 -685.616
163.885 -683.855
171.947 -681.893
180.02 -679.827
187.229 -677.951
195.476 -675.636
202.508 -673.679
209.971 -671.49
217.823 -669.048
224.508 -667.061
232.823 -664.211
240.195 -661.733
268.942 -650.462
277.482 -646.924
285.023 -643.553
291.893 -640.301
298.487 -637.08
305.058 -633.818
313.383 -629.779
319.347 -626.618
326.604 -622.829
333.466 -619.135
340.105 -615.475
346.027 -612.15
353.852 -607.66
359.15 -604.61
366.853 -599.962
374.057 -595.514
380.575 -591.435
386.592 -587.652
394.218 -582.532
400.526 -578.334
407.157 -573.773
413.196 -569.638
419.247 -565.428
426.004 -560.43
448.89 -541.94
453.848 -537.508
459.944 -532.218
466.461 -526.501
472.954 -520.666
479.078 -514.989
484.057 -510.162
490.868 -503.65
496.766 -497.797
501.517 -492.915
506.737 -487.522
512.034 -481.962
516.59 -477.152
523.989 -468.937
528.247 -464.231
533.432 -458.336
539.257 -451.455
544.275 -445.487
548.721 -440.235
553.815 -433.915
558.854 -427.521
563.818 -421.08
580.729 -397.747
584.438 -391.869
588.792 -385.141
593.81 -377.427
597.374 -371.438
601.406 -364.733
605.817 -357.33
609.646 -350.629
613.58 -343.623
617.528 -336.427
620.766 -330.326
624.082 -324.021
627.844 -316.69
631.701 -308.935
635.167 -301.799
638.087 -295.811
641.566 -288.269
644.569 -281.815
648.128 -273.484
651.231 -266.235
654.938 -256.639
657.113 -252.108
660.311 -243.492
670.814 -214.068
673.239 -206.062
675.386 -198.444
677.233 -191.341
679.242 -183.684
681.182 -175.991
683.076 -168.187
684.818 -160.588
686.347 -153.474
688.081 -145.373
689.612 -137.716
691.067 -130.06
692.45 -122.388
693.76 -114.714
694.991 -107.083
696.209 -98.9439
697.246 -91.786
698.291 -83.7821
699.203 -77.0615
700.106 -68.9959
700.922 -60.9286
701.678 -53.6001
702.331 -45.4041
702.905 -37.3331
703.463 -29.9402
703.888 -21.9222
