702.178 4.80922e-15
702.123 8.8236
701.957 17.6458
701.679 26.4652
701.291 35.2805
700.793 44.0901
700.183 52.8929
699.463 61.6872
698.633 70.4718
697.692 79.2453
696.641 88.0063
695.481 96.7534
694.21 105.485
692.83 114.2
691.34 122.897
689.741 131.575
688.033 140.232
686.217 148.867
684.292 157.478
682.259 166.064
680.118 174.625
677.87 183.157
675.515 191.661
673.053 200.134
670.485 208.576
667.811 216.985
665.032 225.36
662.148 233.699
659.159 242.001
656.066 250.265
652.869 258.489
649.569 266.673
646.167 274.814
642.663 282.912
639.057 290.966
635.35 298.973
631.543 306.933
627.636 314.845
623.63 322.707
619.526 330.518
615.324 338.277
611.024 345.982
606.628 353.633
602.137 361.228
597.55 368.766
592.869 376.246
588.094 383.666
583.226 391.026
578.267 398.324
573.216 405.559
568.074 412.73
562.843 419.836
557.523 426.875
552.115 433.848
546.619 440.751
541.038 447.585
535.371 454.349
529.619 461.04
523.784 467.659
517.866 474.204
511.866 480.674
505.785 487.068
499.625 493.386
493.386 499.625
487.068 505.785
480.674 511.866
474.204 517.866
467.659 523.784
461.04 529.619
454.349 535.371
447.585 541.038
440.751 546.619
433.848 552.115
426.875 557.523
419.836 562.843
412.73 568.074
405.559 573.216
398.324 578.267
391.026 583.226
383.666 588.094
376.246 592.869
368.766 597.55
361.228 602.137
353.633 606.628
345.982 611.024
338.277 615.324
330.518 619.526
322.707 623.63
314.845 627.636
306.933 631.543
298.973 635.35
290.966 639.057
282.912 642.663
274.814 646.167
266.673 649.569
258.489 652.869
250.265 656.066
242.001 659.159
233.699 662.148
225.36 665.032
216.985 667.811
208.576 670.485
200.134 673.053
191.661 675.515
183.157 677.87
174.625 680.118
166.064 682.259
157.478 684.292
148.867 686.217
140.232 688.033
131.575 689.741
122.897 691.34
114.2 692.83
105.485 694.21
96.7534 695.481
88.0063 696.641
79.2453 697.692
70.4718 698.633
61.6872 699.463
52.8929 700.183
44.0901 700.793
35.2805 701.291
26.4652 701.679
17.6458 701.957
8.8236 702.123
4.28408e-14 702.178
-8.8236 702.123
-17.6458 701.957
-26.4652 701.679
-35.2805 701.291
-44.0901 700.793
-52.8929 700.183
-61.6872 699.463
-70.4718 698.633
-79.2453 697.692
-88.0063 696.641
-96.7534 695.481
-105.485 694.21
-114.2 692.83
-122.897 691.34
-131.575 689.741
-140.232 688.033
-148.867 686.217
-157.478 684.292
-166.064 682.259
-174.625 680.118
-183.157 677.87
-191.661 675.515
-200.134 673.053
-208.576 670.485
-216.985 667.811
-225.36 665.032
-233.699 662.148
-242.001 659.159
-250.265 656.066
-258.489 652.869
-266.673 649.569
-274.814 646.167
-282.912 642.663
-290.966 639.057
-298.973 635.35
-306.933 631.543
-314.845 627.636
-322.707 623.63
-330.518 619.526
-338.277 615.324
-345.982 611.024
-353.633 606.628
-361.228 602.137
-368.766 597.55
-376.246 592.869
-383.666 588.094
-391.026 583.226
-398.324 578.267
-405.559 573.216
-412.73 568.074
-419.836 562.843
-426.875 557.523
-433.848 552.115
-440.751 546.619
-447.585 541.038
-454.349 535.371
-461.04 529.619
-467.659 523.784
-474.204 517.866
-480.674 511.866
-487.068 505.785
-493.386 499.625
-499.625 493.386
-505.785 487.068
-511.866 480.674
-517.866 474.204
-523.784 467.659
-529.619 461.04
-535.371 454.349
-541.038 447.585
-546.619 440.751
-552.115 433.848
-557.523 426.875
-562.843 419.836
-568.074 412.73
-573.216 405.559
-578.267 398.324
-583.226 391.026
-588.094 383.666
-592.869 376.246
-597.55 368.766
-602.137 361.228
-606.628 353.633
-611.024 345.982
-615.324 338.277
-619.526 330.518
-623.63 322.707
-627.636 314.845
-631.543 306.933
-635.35 298.973
-639.057 290.966
-642.663 282.912
-646.167 274.814
-649.569 266.673
-652.869 258.489
-656.066 250.265
-659.159 242.001
-662.148 233.699
-665.032 225.36
-667.811 216.985
-670.485 208.576
-673.053 200.134
-675.515 191.661
-677.87 183.157
-680.118 174.625
-682.259 166.064
-684.292 157.478
-686.217 148.867
-688.033 140.232
-689.741 131.575
-691.34 122.897
-692.83 114.2
-694.21 105.485
-695.481 96.7534
-696.641 88.0063
-697.692 79.2453
-698.633 70.4718
-699.463 61.6872
-700.183 52.8929
-700.793 44.0901
-701.291 35.2805
-701.679 26.4652
-701.957 17.6458
-702.123 8.8236
-702.178 8.61008e-14
-702.123 -8.8236
-701.957 -17.6458
-701.679 -26.4652
-701.291 -35.2805
-700.793 -44.0901
-700.183 -52.8929
-699.463 -61.6872
-698.633 -70.4718
-697.692 -79.2453
-696.641 -88.0063
-695.481 -96.7534
-694.21 -105.485
-692.83 -114.2
-691.34 -122.897
-689.741 -131.575
-688.033 -140.232
-686.217 -148.867
-684.292 -157.478
-682.259 -166.064
-680.118 -174.625
-677.87 -183.157
-675.515 -191.661
-673.053 -200.134
-670.485 -208.576
-667.811 -216.985
-665.032 -225.36
-662.148 -233.699
-659.159 -242.001
-656.066 -250.265
-652.869 -258.489
-649.569 -266.673
-646.167 -274.814
-642.663 -282.912
-639.057 -290.966
-635.35 -298.973
-631.543 -306.933
-627.636 -314.845
-623.63 -322.707
-619.526 -330.518
-615.324 -338.277
-611.024 -345.982
-606.628 -353.633
-602.137 -361.228
-597.55 -368.766
-592.869 -376.246
-588.094 -383.666
-583.226 -391.026
-578.267 -398.324
-573.216 -405.559
-568.074 -412.73
-562.843 -419.836
-557.523 -426.875
-552.115 -433.848
-546.619 -440.751
-541.038 -447.585
-535.371 -454.349
-529.619 -461.04
-523.784 -467.659
-517.866 -474.204
-511.866 -480.674
-505.785 -487.068
-499.625 -493.386
-493.386 -499.625
-487.068 -505.785
-480.674 -511.866
-474.204 -517.866
-467.659 -523.784
-461.04 -529.619
-454.349 -535.371
-447.585 -541.038
-440.751 -546.619
-433.848 -552.115
-426.875 -557.523
-419.836 -562.843
-412.73 -568.074
-405.559 -573.216
-398.324 -578.267
-391.026 -583.226
-383.666 -588.094
-376.246 -592.869
-368.766 -597.55
-361.228 -602.137
-353.633 -606.628
-345.982 -611.024
-338.277 -615.324
-330.518 -619.526
-322.707 -623.63
-314.845 -627.636
-306.933 -631.543
-298.973 -635.35
-290.966 -639.057
-282.912 -642.663
-274.814 -646.167
-266.673 -649.569
-258.489 -652.869
-250.265 -656.066
-242.001 -659.159
-233.699 -662.148
-225.36 -665.032
-216.985 -667.811
-208.576 -670.485
-200.134 -673.053
-191.661 -675.515
-183.157 -677.87
-174.625 -680.118
-166.064 -682.259
-157.478 -684.292
-148.867 -686.217
-140.232 -688.033
-131.575 -689.741
-122.897 -691.34
-114.2 -692.83
-105.485 -694.21
-96.7534 -695.481
-88.0063 -696.641
-79.2453 -697.692
-70.4718 -698.633
-61.6872 -699.463
-52.8929 -700.183
-44.0901 -700.793
-35.2805 -701.291
-26.4652 -701.679
-17.6458 -701.957
-8.8236 -702.123
-1.36077e-13 -702.178
8.8236 -702.123
17.6458 -701.957
26.4652 -701.679
35.2805 -701.291
44.0901 -700.793
52.8929 -700.183
61.6872 -699.463
70.4718 -698.633
79.2453 -697.692
88.0063 -696.641
96.7534 -695.481
105.485 -694.21
114.2 -692.83
122.897 -691.34
131.575 -689.741
140.232 -688.033
148.867 -686.217
157.478 -684.292
166.064 -682.259
174.625 -680.118
183.157 -677.87
191.661 -675.515
200.134 -673.053
208.576 -670.485
216.985 -667.811
225.36 -665.032
233.699 -662.148
242.001 -659.159
250.265 -656.066
258.489 -652.869
266.673 -649.569
274.814 -646.167
282.912 -642.663
290.966 -639.057
298.973 -635.35
306.933 -631.543
314.845 -627.636
322.707 -623.63
330.518 -619.526
338.277 -615.324
345.982 -611.024
353.633 -606.628
361.228 -602.137
368.766 -597.55
376.246 -592.869
383.666 -588.094
391.026 -583.226
398.324 -578.267
405.559 -573.216
412.73 -568.074
419.836 -562.843
426.875 -557.523
433.848 -552.115
440.751 -546.619
447.585 -541.038
454.349 -535.371
461.04 -529.619
467.659 -523.784
474.204 -517.866
480.674 -511.866
487.068 -505.785
493.386 -499.625
499.625 -493.386
505.785 -487.068
511.866 -480.674
517.866 -474.204
523.784 -467.659
529.619 -461.04
535.371 -454.349
541.038 -447.585
546.619 -440.751
552.115 -433.848
557.523 -426.875
562.843 -419.836
568.074 -412.73
573.216 -405.559
578.267 -398.324
583.226 -391.026
588.094 -383.666
592.869 -376.246
597.55 -368.766
602.137 -361.228
606.628 -353.633
611.024 -345.982
615.324 -338.277
619.526 -330.518
623.63 -322.707
627.636 -314.845
631.543 -306.933
635.35 -298.973
639.057 -290.966
642.663 -282.912
646.167 -274.814
649.569 -266.673
652.869 -258.489
656.066 -250.265
659.159 -242.001
662.148 -233.699
665.032 -225.36
667.811 -216.985
670.485 -208.576
673.053 -200.134
675.515 -191.661
677.87 -183.157
680.118 -174.625
682.259 -166.064
684.292 -157.478
686.217 -148.867
688.033 -140.232
689.741 -131.575
691.34 -122.897
692.83 -114.2
694.21 -105.485
695.481 -96.7534
696.641 -88.0063
697.692 -79.2453
698.633 -70.4718
699.463 -61.6872
700.183 -52.8929
700.793 -44.0901
701.291 -35.2805
701.679 -26.4652
701.957 -17.6458
702.123 -8.8236
