701.178 4.96445e-15
701.123 8.81104
700.957 17.6207
700.68 26.4275
700.293 35.2302
699.795 44.0274
699.186 52.8175
698.467 61.5994
697.638 70.3715
696.699 79.1325
695.649 87.8809
694.49 96.6156
693.221 105.335
691.843 114.038
690.355 122.722
688.759 131.388
687.053 140.032
685.239 148.655
683.317 157.254
681.287 165.828
679.15 174.376
676.905 182.896
674.553 191.388
672.095 199.849
669.53 208.279
666.86 216.676
664.085 225.039
661.205 233.366
658.22 241.656
655.131 249.908
651.939 258.121
648.644 266.293
645.247 274.423
641.747 282.509
638.147 290.551
634.445 298.547
630.643 306.496
626.742 314.397
622.742 322.247
618.644 330.047
614.447 337.795
610.154 345.49
605.764 353.13
601.279 360.714
596.699 368.241
592.024 375.71
587.257 383.12
582.396 390.469
577.443 397.757
572.399 404.981
567.265 412.142
562.041 419.238
556.729 426.268
551.328 433.23
545.841 440.124
540.267 446.948
534.608 453.702
528.865 460.384
523.038 466.993
517.128 473.529
511.137 479.99
505.065 486.375
498.913 492.683
492.683 498.913
486.375 505.065
479.99 511.137
473.529 517.128
466.993 523.038
460.384 528.865
453.702 534.608
446.948 540.267
440.124 545.841
433.23 551.328
426.268 556.729
419.238 562.041
412.142 567.265
404.981 572.399
397.757 577.443
390.469 582.396
383.12 587.257
375.71 592.024
368.241 596.699
360.714 601.279
353.13 605.764
345.49 610.154
337.795 614.447
330.047 618.644
322.247 622.742
314.397 626.742
306.496 630.643
298.547 634.445
290.551 638.147
282.509 641.747
274.423 645.247
266.293 648.644
258.121 651.939
249.908 655.131
241.656 658.22
233.366 661.205
225.039 664.085
216.676 666.86
208.279 669.53
199.849 672.095
191.388 674.553
182.896 676.905
174.376 679.15
165.828 681.287
157.254 683.317
148.655 685.239
140.032 687.053
131.388 688.759
122.722 690.355
114.038 691.843
105.335 693.221
96.6156 694.49
87.8809 695.649
79.1325 696.699
70.3715 697.638
61.5994 698.467
52.8175 699.186
44.0274 699.795
35.2302 700.293
26.4275 700.68
17.6207 700.957
8.81104 701.123
4.25786e-14 701.178
-8.81104 701.123
-17.6207 700.957
-26.4275 700.68
-35.2302 700.293
-44.0274 699.795
-52.8175 699.186
-61.5994 698.467
-70.3715 697.638
-79.1325 696.699
-87.8809 695.649
-96.6156 694.49
-105.335 693.221
-114.038 691.843
-122.722 690.355
-131.388 688.759
-140.032 687.053
-148.655 685.239
-157.254 683.317
-165.828 681.287
-174.376 679.15
-182.896 676.905
-191.388 674.553
-199.849 672.095
-208.279 669.53
-216.676 666.86
-225.039 664.085
-233.366 661.205
-241.656 658.22
-249.908 655.131
-258.121 651.939
-266.293 648.644
-274.423 645.247
-282.509 641.747
-290.551 638.147
-298.547 634.445
-306.496 630.643
-314.397 626.742
-322.247 622.742
-330.047 618.644
-337.795 614.447
-345.49 610.154
-353.13 605.764
-360.714 601.279
-368.241 596.699
-375.71 592.024
-383.12 587.257
-390.469 582.396
-397.757 577.443
-404.981 572.399
-412.142 567.265
-419.238 562.041
-426.268 556.729
-433.23 551.328
-440.124 545.841
-446.948 540.267
-453.702 534.608
-460.384 528.865
-466.993 523.038
-473.529 517.128
-479.99 511.137
-486.375 505.065
-492.683 498.913
-498.913 492.683
-505.065 486.375
-511.137 479.99
-517.128 473.529
-523.038 466.993
-528.865 460.384
-534.608 453.702
-540.267 446.948
-545.841 440.124
-551.328 433.23
-556.729 426.268
-562.041 419.238
-567.265 412.142
-572.399 404.981
-577.443 397.757
-582.396 390.469
-587.257 383.12
-592.024 375.71
-596.699 368.241
-601.279 360.714
-605.764 353.13
-610.154 345.49
-614.447 337.795
-618.644 330.047
-622.742 322.247
-626.742 314.397
-630.643 306.496
-634.445 298.547
-638.147 290.551
-641.747 282.509
-645.247 274.423
-648.644 266.293
-651.939 258.121
-655.131 249.908
-658.22 241.656
-661.205 233.366
-664.085 225.039
-666.86 216.676
-669.53 208.279
-672.095 199.849
-674.553 191.388
-676.905 182.896
-679.15 174.376
-681.287 165.828
-683.317 157.254
-685.239 148.655
-687.053 140.032
-688.759 131.388
-690.355 122.722
-691.843 114.038
-693.221 105.335
-694.49 96.6156
-695.649 87.8809
-696.699 79.1325
-697.638 70.3715
-698.467 61.5994
-699.186 52.8175
-699.795 44.0274
-700.293 35.2302
-700.68 26.4275
-700.957 17.6207
-701.123 8.81104
-701.178 8.60775e-14
-701.123 -8.81104
-700.957 -17.6207
-700.68 -26.4275
-700.293 -35.2302
-699.795 -44.0274
-699.186 -52.8175
-698.467 -61.5994
-697.638 -70.3715
-696.699 -79.1325
-695.649 -87.8809
-694.49 -96.6156
-693.221 -105.335
-691.843 -114.038
-690.355 -122.722
-688.759 -131.388
-687.053 -140.032
-685.239 -148.655
-683.317 -157.254
-681.287 -165.828
-679.15 -174.376
-676.905 -182.896
-674.553 -191.388
-672.095 -199.849
-669.53 -208.279
-666.86 -216.676
-664.085 -225.039
-661.205 -233.366
-658.22 -241.656
-655.131 -249.908
-651.939 -258.121
-648.644 -266.293
-645.247 -274.423
-641.747 -282.509
-638.147 -290.551
-634.445 -298.547
-630.643 -306.496
-626.742 -314.397
-622.742 -322.247
-618.644 -330.047
-614.447 -337.795
-610.154 -345.49
-605.764 -353.13
-601.279 -360.714
-596.699 -368.241
-592.024 -375.71
-587.257 -383.12
-582.396 -390.469
-577.443 -397.757
-572.399 -404.981
-567.265 -412.142
-562.041 -419.238
-556.729 -426.268
-551.328 -433.23
-545.841 -440.124
-540.267 -446.948
-534.608 -453.702
-528.865 -460.384
-523.038 -466.993
-517.128 -473.529
-511.137 -479.99
-505.065 -486.375
-498.913 -492.683
-492.683 -498.913
-486.375 -505.065
-479.99 -511.137
-473.529 -517.128
-466.993 -523.038
-460.384 -528.865
-453.702 -534.608
-446.948 -540.267
-440.124 -545.841
-433.23 -551.328
-426.268 -556.729
-419.238 -562.041
-412.142 -567.265
-404.981 -572.399
-397.757 -577.443
-390.469 -582.396
-383.12 -587.257
-375.71 -592.024
-368.241 -596.699
-360.714 -601.279
-353.13 -605.764
-345.49 -610.154
-337.795 -614.447
-330.047 -618.644
-322.247 -622.742
-314.397 -626.742
-306.496 -630.643
-298.547 -634.445
-290.551 -638.147
-282.509 -641.747
-274.423 -645.247
-266.293 -648.644
-258.121 -651.939
-249.908 -655.131
-241.656 -658.22
-233.366 -661.205
-225.039 -664.085
-216.676 -666.86
-208.279 -669.53
-199.849 -672.095
-191.388 -674.553
-182.896 -676.905
-174.376 -679.15
-165.828 -681.287
-157.254 -683.317
-148.655 -685.239
-140.032 -687.053
-131.388 -688.759
-122.722 -690.355
-114.038 -691.843
-105.335 -693.221
-96.6156 -694.49
-87.8809 -695.649
-79.1325 -696.699
-70.3715 -697.638
-61.5994 -698.467
-52.8175 -699.186
-44.0274 -699.795
-35.2302 -700.293
-26.4275 -700.68
-17.6207 -700.957
-8.81104 -701.123
-1.35987e-13 -701.178
8.81104 -701.123
17.6207 -700.957
26.4275 -700.68
35.2302 -700.293
44.0274 -699.795
52.8175 -699.186
61.5994 -698.467
70.3715 -697.638
79.1325 -696.699
87.8809 -695.649
96.6156 -694.49
105.335 -693.221
114.038 -691.843
122.722 -690.355
131.388 -688.759
140.032 -687.053
148.655 -685.239
157.254 -683.317
165.828 -681.287
174.376 -679.15
182.896 -676.905
191.388 -674.553
199.849 -672.095
208.279 -669.53
216.676 -666.86
225.039 -664.085
233.366 -661.205
241.656 -658.22
249.908 -655.131
258.121 -651.939
266.293 -648.644
274.423 -645.247
282.509 -641.747
290.551 -638.147
298.547 -634.445
306.496 -630.643
314.397 -626.742
322.247 -622.742
330.047 -618.644
337.795 -614.447
345.49 -610.154
353.13 -605.764
360.714 -601.279
368.241 -596.699
375.71 -592.024
383.12 -587.257
390.469 -582.396
397.757 -577.443
404.981 -572.399
412.142 -567.265
419.238 -562.041
426.268 -556.729
433.23 -551.328
440.124 -545.841
446.948 -540.267
453.702 -534.608
460.384 -528.865
466.993 -523.038
473.529 -517.128
479.99 -511.137
486.375 -505.065
492.683 -498.913
498.913 -492.683
505.065 -486.375
511.137 -479.99
517.128 -473.529
523.038 -466.993
528.865 -460.384
534.608 -453.702
540.267 -446.948
545.841 -440.124
551.328 -433.23
556.729 -426.268
562.041 -419.238
567.265 -412.142
572.399 -404.981
577.443 -397.757
582.396 -390.469
587.257 -383.12
592.024 -375.71
596.699 -368.241
601.279 -360.714
605.764 -353.13
610.154 -345.49
614.447 -337.795
618.644 -330.047
622.742 -322.247
626.742 -314.397
630.643 -306.496
634.445 -298.547
638.147 -290.551
641.747 -282.509
645.247 -274.423
648.644 -266.293
651.939 -258.121
655.131 -249.908
658.22 -241.656
661.205 -233.366
664.085 -225.039
666.86 -216.676
669.53 -208.279
672.095 -199.849
674.553 -191.388
676.905 -182.896
679.15 -174.376
681.287 -165.828
683.317 -157.254
685.239 -148.655
687.053 -140.032
688.759 -131.388
690.355 -122.722
691.843 -114.038
693.221 -105.335
694.49 -96.6156
695.649 -87.8809
696.699 -79.1325
697.638 -70.3715
698.467 -61.5994
699.186 -52.8175
699.795 -44.0274
700.293 -35.2302
700.68 -26.4275
700.957 -17.6207
701.123 -8.81104
