700.178 5.15492e-15
700.123 8.79847
699.957 17.5955
699.681 26.3898
699.294 35.18
698.797 43.9646
698.189 52.7422
697.471 61.5115
696.643 70.2711
695.705 79.0196
694.657 87.7556
693.5 96.4778
692.233 105.185
690.856 113.875
689.371 122.547
687.776 131.2
686.073 139.833
684.262 148.443
682.343 157.03
680.315 165.591
678.181 174.127
675.939 182.636
673.591 191.115
671.136 199.564
668.575 207.982
665.909 216.367
663.138 224.718
660.262 233.033
657.281 241.312
654.197 249.552
651.009 257.753
647.719 265.913
644.326 274.031
640.832 282.106
637.236 290.137
633.54 298.121
629.744 306.059
625.848 313.948
621.854 321.788
617.761 329.577
613.571 337.313
609.284 344.997
604.9 352.626
600.422 360.199
595.848 367.716
591.18 375.174
586.419 382.573
581.565 389.912
576.62 397.189
571.583 404.404
566.456 411.555
561.24 418.64
555.935 425.66
550.542 432.612
545.062 439.496
539.497 446.31
533.846 453.055
528.11 459.727
522.292 466.327
516.391 472.853
510.408 479.305
504.345 485.681
498.202 491.98
491.98 498.202
485.681 504.345
479.305 510.408
472.853 516.391
466.327 522.292
459.727 528.11
453.055 533.846
446.31 539.497
439.496 545.062
432.612 550.542
425.66 555.935
418.64 561.24
411.555 566.456
404.404 571.583
397.189 576.62
389.912 581.565
382.573 586.419
375.174 591.18
367.716 595.848
360.199 600.422
352.626 604.9
344.997 609.284
337.313 613.571
329.577 617.761
321.788 621.854
313.948 625.848
306.059 629.744
298.121 633.54
290.137 637.236
282.106 640.832
274.031 644.326
265.913 647.719
257.753 651.009
249.552 654.197
241.312 657.281
233.033 660.262
224.718 663.138
216.367 665.909
207.982 668.575
199.564 671.136
191.115 673.591
182.636 675.939
174.127 678.181
165.591 680.315
157.03 682.343
148.443 684.262
139.833 686.073
131.2 687.776
122.547 689.371
113.875 690.856
105.185 692.233
96.4778 693.5
87.7556 694.657
79.0196 695.705
70.2711 696.643
61.5115 697.471
52.7422 698.189
43.9646 698.797
35.18 699.294
26.3898 699.681
17.5955 699.957
8.79847 700.123
4.25599e-14 700.178
-8.79847 700.123
-17.5955 699.957
-26.3898 699.681
-35.18 699.294
-43.9646 698.797
-52.7422 698.189
-61.5115 697.471
-70.2711 696.643
-79.0196 695.705
-87.7556 694.657
-96.4778 693.5
-105.185 692.233
-113.875 690.856
-122.547 689.371
-131.2 687.776
-139.833 686.073
-148.443 684.262
-157.03 682.343
-165.591 680.315
-174.127 678.181
-182.636 675.939
-191.115 673.591
-199.564 671.136
-207.982 668.575
-216.367 665.909
-224.718 663.138
-233.033 660.262
-241.312 657.281
-249.552 654.197
-257.753 651.009
-265.913 647.719
-274.031 644.326
-282.106 640.832
-290.137 637.236
-298.121 633.54
-306.059 629.744
-313.948 625.848
-321.788 621.854
-329.577 617.761
-337.313 613.571
-344.997 609.284
-352.626 604.9
-360.199 600.422
-367.716 595.848
-375.174 591.18
-382.573 586.419
-389.912 581.565
-397.189 576.62
-404.404 571.583
-411.555 566.456
-418.64 561.24
-425.66 555.935
-432.612 550.542
-439.496 545.062
-446.31 539.497
-453.055 533.846
-459.727 528.11
-466.327 522.292
-472.853 516.391
-479.305 510.408
-485.681 504.345
-491.98 498.202
-498.202 491.98
-504.345 485.681
-510.408 479.305
-516.391 472.853
-522.292 466.327
-528.11 459.727
-533.846 453.055
-539.497 446.31
-545.062 439.496
-550.542 432.612
-555.935 425.66
-561.24 418.64
-566.456 411.555
-571.583 404.404
-576.62 397.189
-581.565 389.912
-586.419 382.573
-591.18 375.174
-595.848 367.716
-600.422 360.199
-604.9 352.626
-609.284 344.997
-613.571 337.313
-617.761 329.577
-621.854 321.788
-625.848 313.948
-629.744 306.059
-633.54 298.121
-637.236 290.137
-640.832 282.106
-644.326 274.031
-647.719 265.913
-651.009 257.753
-654.197 249.552
-657.281 241.312
-660.262 233.033
-663.138 224.718
-665.909 216.367
-668.575 207.982
-671.136 199.564
-673.591 191.115
-675.939 182.636
-678.181 174.127
-680.315 165.591
-682.343 157.03
-684.262 148.443
-686.073 139.833
-687.776 131.2
-689.371 122.547
-690.856 113.875
-692.233 105.185
-693.5 96.4778
-694.657 87.7556
-695.705 79.0196
-696.643 70.2711
-697.471 61.5115
-698.189 52.7422
-698.797 43.9646
-699.294 35.18
-699.681 26.3898
-699.957 17.5955
-700.123 8.79847
-700.178 8.59989e-14
-700.123 -8.79847
-699.957 -17.5955
-699.681 -26.3898
-699.294 -35.18
-698.797 -43.9646
-698.189 -52.7422
-697.471 -61.5115
-696.643 -70.2711
-695.705 -79.0196
-694.657 -87.7556
-693.5 -96.4778
-692.233 -105.185
-690.856 -113.875
-689.371 -122.547
-687.776 -131.2
-686.073 -139.833
-684.262 -148.443
-682.343 -157.03
-680.315 -165.591
-678.181 -174.127
-675.939 -182.636
-673.591 -191.115
-671.136 -199.564
-668.575 -207.982
-665.909 -216.367
-663.138 -224.718
-660.262 -233.033
-657.281 -241.312
-654.197 -249.552
-651.009 -257.753
-647.719 -265.913
-644.326 -274.031
-640.832 -282.106
-637.236 -290.137
-633.54 -298.121
-629.744 -306.059
-625.848 -313.948
-621.854 -321.788
-617.761 -329.577
-613.571 -337.313
-609.284 -344.997
-604.9 -352.626
-600.422 -360.199
-595.848 -367.716
-591.18 -375.174
-586.419 -382.573
-581.565 -389.912
-576.62 -397.189
-571.583 -404.404
-566.456 -411.555
-561.24 -418.64
-555.935 -425.66
-550.542 -432.612
-545.062 -439.496
-539.497 -446.31
-533.846 -453.055
-528.11 -459.727
-522.292 -466.327
-516.391 -472.853
-510.408 -479.305
-504.345 -485.681
-498.202 -491.98
-491.98 -498.202
-485.681 -504.345
-479.305 -510.408
-472.853 -516.391
-466.327 -522.292
-459.727 -528.11
-453.055 -533.846
-446.31 -539.497
-439.496 -545.062
-432.612 -550.542
-425.66 -555.935
-418.64 -561.24
-411.555 -566.456
-404.404 -571.583
-397.189 -576.62
-389.912 -581.565
-382.573 -586.419
-375.174 -591.18
-367.716 -595.848
-360.199 -600.422
-352.626 -604.9
-344.997 -609.284
-337.313 -613.571
-329.577 -617.761
-321.788 -621.854
-313.948 -625.848
-306.059 -629.744
-298.121 -633.54
-290.137 -637.236
-282.106 -640.832
-274.031 -644.326
-265.913 -647.719
-257.753 -651.009
-249.552 -654.197
-241.312 -657.281
-233.033 -660.262
-224.718 -663.138
-216.367 -665.909
-207.982 -668.575
-199.564 -671.136
-191.115 -673.591
-182.636 -675.939
-174.127 -678.181
-165.591 -680.315
-157.03 -682.343
-148.443 -684.262
-139.833 -686.073
-131.2 -687.776
-122.547 -689.371
-113.875 -690.856
-105.185 -692.233
-96.4778 -693.5
-87.7556 -694.657
-79.0196 -695.705
-70.2711 -696.643
-61.5115 -697.471
-52.7422 -698.189
-43.9646 -698.797
-35.18 -699.294
-26.3898 -699.681
-17.5955 -699.957
-8.79847 -700.123
-1.3586e-13 -700.178
8.79847 -700.123
17.5955 -699.957
26.3898 -699.681
35.18 -699.294
43.9646 -698.797
52.7422 -698.189
61.5115 -697.471
70.2711 -696.643
79.0196 -695.705
87.7556 -694.657
96.4778 -693.5
105.185 -692.233
113.875 -690.856
122.547 -689.371
131.2 -687.776
139.833 -686.073
148.443 -684.262
157.03 -682.343
165.591 -680.315
174.127 -678.181
182.636 -675.939
191.115 -673.591
199.564 -671.136
207.982 -668.575
216.367 -665.909
224.718 -663.138
233.033 -660.262
241.312 -657.281
249.552 -654.197
257.753 -651.009
265.913 -647.719
274.031 -644.326
282.106 -640.832
290.137 -637.236
298.121 -633.54
306.059 -629.744
313.948 -625.848
321.788 -621.854
329.577 -617.761
337.313 -613.571
344.997 -609.284
352.626 -604.9
360.199 -600.422
367.716 -595.848
375.174 -591.18
382.573 -586.419
389.912 -581.565
397.189 -576.62
404.404 -571.583
411.555 -566.456
418.64 -561.24
425.66 -555.935
432.612 -550.542
439.496 -545.062
446.31 -539.497
453.055 -533.846
459.727 -528.11
466.327 -522.292
472.853 -516.391
479.305 -510.408
485.681 -504.345
491.98 -498.202
498.202 -491.98
504.345 -485.681
510.408 -479.305
516.391 -472.853
522.292 -466.327
528.11 -459.727
533.846 -453.055
539.497 -446.31
545.062 -439.496
550.542 -432.612
555.935 -425.66
561.24 -418.64
566.456 -411.555
571.583 -404.404
576.62 -397.189
581.565 -389.912
586.419 -382.573
591.18 -375.174
595.848 -367.716
600.422 -360.199
604.9 -352.626
609.284 -344.997
613.571 -337.313
617.761 -329.577
621.854 -321.788
625.848 -313.948
629.744 -306.059
633.54 -298.121
637.236 -290.137
640.832 -282.106
644.326 -274.031
647.719 -265.913
651.009 -257.753
654.197 -249.552
657.281 -241.312
660.262 -233.033
663.138 -224.718
665.909 -216.367
668.575 -207.982
671.136 -199.564
673.591 -191.115
675.939 -182.636
678.181 -174.127
680.315 -165.591
682.343 -157.03
684.262 -148.443
686.073 -139.833
687.776 -131.2
689.371 -122.547
690.856 -113.875
692.233 -105.185
693.5 -96.4778
694.657 -87.7556
695.705 -79.0196
696.643 -70.2711
697.471 -61.5115
698.189 -52.7422
698.797 -43.9646
699.294 -35.18
699.681 -26.3898
699.957 -17.5955
700.123 -8.79847
