699.899 11.7868
699.645 20.1072
699.243 27.8064
698.701 34.1048
698.207 42.4957
697.616 51.0275
696.923 59.2171
696.139 67.3415
695.298 74.7654
694.281 83.8474
693.407 89.9075
692.325 97.7441
691.231 105.121
690.081 112.484
688.707 120.661
687.664 126.933
686.052 135.418
684.644 142.751
682.93 150.894
680.985 159.452
679.766 165.537
677.608 174.128
676.127 180.706
673.971 188.789
672.167 195.866
661.579 229.818
658.92 236.639
656.097 243.967
653.184 251.343
650.234 258.545
646.943 266.663
644.524 271.647
641.04 279.778
637.316 288.249
634.203 294.76
630.91 301.583
627.566 308.361
624.542 314.333
620.514 322.213
617.498 327.964
613.648 335.138
610.025 341.765
606.53 348.076
602.507 355.078
598.207 362.323
594.526 368.562
589.843 376.01
585.965 382.277
581.919 388.659
577.903 394.913
572.681 402.374
568.609 408.462
564.354 414.661
542.618 442.416
537.203 448.892
532.454 454.158
527.104 460.226
523.021 464.423
516.568 471.712
511.706 476.769
505.682 483.152
500.969 487.858
495.908 492.918
490.5 498.268
484.036 504.554
479.715 508.667
472.49 515.37
466.897 520.461
461.965 524.934
456.653 529.68
450.118 535.262
444.809 539.858
437.334 545.847
432.243 550.134
425.285 555.53
419.342 560.201
412.831 565.113
406.126 570.026
381.862 586.304
375.509 590.233
368.332 594.701
362.106 598.362
355.233 602.403
349.09 605.88
341.134 610.413
333.842 614.408
327.346 617.842
320.702 621.293
314.211 624.602
305.303 629.001
299.568 631.779
292.318 635.19
285.375 638.39
277.89 641.716
270.795 644.81
263.981 647.74
256.306 650.862
247.394 654.237
240.494 656.934
211.761 667.497
204.77 669.427
197.442 671.456
188.874 673.934
181.739 675.711
175.765 677.019
166.307 679.493
158.945 681.141
150.638 683.004
140.529 685.29
135.823 685.951
127.273 687.584
119.778 688.884
112.905 690.007
104.94 691.259
96.9383 692.428
90.2172 693.374
81.9049 694.418
74.4285 695.314
66.7047 696.154
59.534 696.918
51.5966 697.621
43.535 698.239
35.9147 698.797
27.2376 699.202
19.7575 699.613
10.699 699.776
2.70647 699.957
-5.18671 700.07
-40.4499 699.181
-47.4801 698.467
-55.0406 697.744
-64.2916 697.019
-71.2961 696.115
-78.7215 695.169
-87.658 694.119
-94.3009 693.056
-101.779 691.909
-107.648 690.883
-118.383 689.216
-125.102 687.941
-131.304 686.739
-139.542 685.112
-146.549 683.665
-154.842 681.842
-161.899 680.253
-169.293 678.511
-176.938 676.615
-184.062 674.825
-193.211 672.203
-200.526 670.161
-208.76 667.662
-214.936 665.967
-223.235 663.238
-232.455 659.941
-238.282 658.223
-246.684 655.094
-274.293 643.682
-282.134 640.256
-287.757 637.493
-296.878 633.408
-304.188 629.865
-311.353 626.285
-317.529 623.048
-324.48 619.407
-331.531 615.629
-338.791 611.647
-345.116 608.071
-352.497 603.82
-358.214 600.465
-366.372 595.508
-371.706 592.273
-378.596 587.926
-384.576 584.154
-390.56 580.331
-398.101 575.146
-404.15 571.085
-411.135 566.105
-416.697 562.328
-442.542 542.544
-448.689 537.327
-454.772 532.053
-460.68 526.795
-466.497 521.505
-472.164 516.229
-477.761 510.918
-483.301 505.56
-488.77 500.171
-494.16 494.759
-499.48 489.321
-504.732 483.857
-509.952 478.332
-515.092 472.797
-520.217 467.183
-525.257 461.567
-530.283 455.867
-535.257 450.126
-540.18 444.344
-545.068 438.498
-549.913 432.595
-554.727 426.615
-559.498 420.573
-564.238 414.442
-568.954 408.201
-588.237 379.586
-593.174 371.916
-596.559 365.95
-601.392 358.065
-605.307 351.178
-608.811 344.73
-612.941 337.272
-616.875 329.928
-620.428 323.003
-623.221 317.22
-626.349 310.829
-629.965 303.394
-633.47 295.97
-636.814 288.67
-640.026 281.459
-642.803 275.092
-645.603 268.581
-649.109 259.943
-651.42 254.484
-654.626 246.08
-656.981 240.306
-659.746 232.861
-662.802 223.762
-665.198 217.123
-667.438 211.202
-669.965 203.299
-672.442 195.052
-674.77 187.198
-683.711 151.834
-685.244 144.062
-686.587 136.587
-687.727 129.54
-689.648 119.774
-691.09 111.123
-691.917 104.264
-692.668 97.6234
-693.983 88.2687
-694.807 80.6517
-695.52 73.2747
-696.133 66.1958
-696.953 57.1193
-697.395 50.357
-697.956 41.7832
-698.329 34.5332
-698.655 27.2309
-698.93 19.9557
-699.131 11.5847
-699.295 4.67686
-699.347 -3.35384
-699.267 -11.9208
-698.967 -21.7345
-699.012 -27.2827
-698.949 -33.9212
-698.533 -42.3437
-697.821 -51.7635
-697.68 -57.9409
-697.181 -65.579
-696.657 -73.0659
-695.953 -80.9353
-690.159 -117.905
-688.619 -126.749
-687.051 -133.768
-685.397 -141.324
-683.579 -149.801
-681.92 -156.07
-680.061 -163.59
-678.024 -171.7
-675.757 -180.51
-673.864 -186.923
-672.019 -193.101
-669.16 -202.973
-667.052 -209.588
-664.338 -218.043
-662.341 -223.962
-659.542 -232.076
-657.13 -238.898
-654.175 -246.893
-652.482 -251.832
-648.659 -261.285
-645.795 -268.456
-642.714 -275.886
-640.247 -282.042
-636.01 -291.181
-633.978 -296.384
-629.217 -305.884
-627.587 -310.378
-622.983 -319.163
-619.701 -325.898
-603.743 -353.909
-599.653 -360.573
-595.539 -367.113
-591.37 -373.603
-587.12 -380.094
-583.1 -386.043
-578.93 -392.152
-573.988 -399.348
-570.07 -404.828
-565.158 -411.65
-560.601 -417.828
-555.796 -424.208
-551.306 -430.074
-546.244 -436.515
-541.8 -442.136
-536.592 -448.494
-531.152 -454.958
-526.479 -460.53
-521.771 -466.07
-515.776 -472.677
-510.901 -478.172
-493.467 -495.611
-486.711 -502.322
-482.195 -506.426
-475.365 -512.884
-470.806 -516.935
-462.848 -524.16
-457.549 -528.71
-452.023 -533.412
-445.994 -538.462
-439.838 -543.512
-432.207 -549.59
-427.211 -553.537
-421.573 -557.93
-415.234 -562.722
-409.443 -567.083
-402.23 -572.216
-378.634 -589.069
-371.812 -593.252
-365.149 -597.198
-358.1 -601.356
-351.836 -604.812
-344.712 -608.824
-338.096 -612.382
-331.275 -615.998
-324.802 -619.321
-317.708 -622.942
-310.574 -626.49
-303.963 -629.675
-297.978 -632.507
-290.034 -636.19
-283.022 -639.352
-275.938 -642.466
-268.844 -645.507
-261.193 -648.664
-254.557 -651.397
-246.835 -654.401
-240.126 -657.033
-232.371 -659.87
-225.081 -662.507
-217.734 -665.081
-210.279 -667.6
-203.431 -669.951
-195.938 -672.334
-163.015 -680.696
-156.281 -682.029
-147.121 -684.135
-140.343 -685.348
-133.577 -686.533
-125.127 -688.109
-117.637 -689.352
-109.004 -690.768
-103.761 -691.447
-94.1506 -692.841
-85.66 -693.937
-78.9296 -694.711
-70.2427 -695.643
-63.186 -696.338
-55.7916 -697.008
-48.2517 -697.624
-40.1935 -698.174
-32.6867 -698.652
-23.39 -698.989
-15.308 -699.264
-7.47191 -699.471
0.791946 -699.558
8.0059 -699.676
16.1218 -699.615
47.0757 -698.433
55.5929 -697.771
61.9938 -696.939
71.314 -696.112
79.2528 -695.163
86.9114 -694.139
93.9256 -693.08
102.075 -691.887
107.499 -690.903
116.723 -689.424
125.763 -687.848
129.932 -687.008
139.011 -685.224
147.481 -683.451
155.307 -681.726
162.851 -679.991
170.864 -678.042
178.894 -675.988
185.992 -674.147
194.179 -671.852
201.096 -669.937
208.468 -667.783
216.249 -665.371
222.817 -663.436
231.08 -660.611
238.362 -658.178
267.842 -646.617
276.341 -643.09
283.799 -639.745
290.569 -636.526
297.048 -633.349
303.537 -630.119
311.857 -626.082
317.717 -622.965
324.905 -619.208
331.681 -615.555
338.245 -611.934
344.072 -608.661
351.885 -604.177
357.06 -601.199
364.722 -596.577
371.859 -592.172
378.282 -588.157
384.206 -584.442
391.796 -579.349
398.012 -575.223
404.581 -570.713
410.53 -566.656
416.495 -562.525
423.201 -557.576
446.662 -538.619
451.494 -534.274
457.521 -529.036
463.99 -523.355
470.437 -517.557
476.496 -511.933
481.375 -507.194
488.163 -500.703
494.023 -494.885
498.701 -490.074
503.868 -484.735
509.095 -479.249
513.572 -474.526
521.021 -466.256
525.196 -461.644
530.323 -455.82
536.112 -448.984
541.068 -443.096
545.43 -437.96
550.476 -431.713
555.473 -425.383
560.389 -419.021
577.723 -395.108
581.347 -389.33
585.642 -382.675
590.64 -374.988
594.117 -369.116
598.103 -362.477
602.47 -355.14
606.243 -348.527
610.13 -341.599
614.036 -334.475
617.223 -328.469
620.503 -322.236
624.242 -314.953
628.069 -307.257
631.5 -300.202
634.369 -294.335
637.822 -286.861
640.787 -280.513
644.334 -272.216
647.419 -265.024
651.137 -255.392
653.256 -251.049
656.443 -242.473
667.225 -212.301
669.615 -204.37
671.725 -196.832
673.523 -189.845
675.496 -182.281
677.405 -174.675
679.273 -166.946
680.984 -159.45
682.484 -152.439
684.196 -144.421
685.702 -136.87
687.137 -129.314
688.504 -121.734
689.802 -114.137
691.025 -106.558
692.236 -98.4816
693.263 -91.419
694.302 -83.4915
695.206 -76.9045
696.106 -68.9291
696.922 -60.9436
697.68 -53.6985
698.334 -45.5416
698.91 -37.5425
699.477 -30.2702
699.909 -22.3367
