698.178 5.28307e-15
698.123 8.77334
697.958 17.5453
697.682 26.3145
697.297 35.0795
696.801 43.839
696.195 52.5915
695.479 61.3358
694.653 70.0704
693.718 78.7939
692.673 87.5049
691.519 96.2022
690.255 104.884
688.883 113.55
687.401 122.197
685.812 130.826
684.114 139.433
682.307 148.019
680.394 156.581
678.372 165.118
676.244 173.63
674.009 182.114
671.667 190.569
669.219 198.994
666.666 207.388
664.007 215.749
661.244 224.076
658.376 232.367
655.404 240.622
652.328 248.839
649.15 257.017
645.869 265.154
642.486 273.249
639.002 281.301
635.416 289.308
631.731 297.27
627.945 305.185
624.061 313.051
620.078 320.869
615.997 328.635
611.818 336.35
607.543 344.012
603.173 351.619
598.707 359.171
594.146 366.666
589.491 374.103
584.744 381.481
579.904 388.798
574.973 396.055
569.95 403.249
564.838 410.379
559.637 417.444
554.347 424.444
548.97 431.376
543.506 438.241
537.956 445.036
532.321 451.76
526.602 458.414
520.8 464.995
514.916 471.503
508.95 477.936
502.904 484.294
496.779 490.575
490.575 496.779
484.294 502.904
477.936 508.95
471.503 514.916
464.995 520.8
458.414 526.602
451.76 532.321
445.036 537.956
438.241 543.506
431.376 548.97
424.444 554.347
417.444 559.637
410.379 564.838
403.249 569.95
396.055 574.973
388.798 579.904
381.481 584.744
374.103 589.491
366.666 594.146
359.171 598.707
351.619 603.173
344.012 607.543
336.35 611.818
328.635 615.997
320.869 620.078
313.051 624.061
305.185 627.945
297.27 631.731
289.308 635.416
281.301 639.002
273.249 642.486
265.154 645.869
257.017 649.15
248.839 652.328
240.622 655.404
232.367 658.376
224.076 661.244
215.749 664.007
207.388 666.666
198.994 669.219
190.569 671.667
182.114 674.009
173.63 676.244
165.118 678.372
156.581 680.394
148.019 682.307
139.433 684.114
130.826 685.812
122.197 687.401
113.55 688.883
104.884 690.255
96.2022 691.519
87.5049 692.673
78.7939 693.718
70.0704 694.653
61.3358 695.479
52.5915 696.195
43.839 696.801
35.0795 697.297
26.3145 697.682
17.5453 697.958
8.77334 698.123
4.23602e-14 698.178
-8.77334 698.123
-17.5453 697.958
-26.3145 697.682
-35.0795 697.297
-43.839 696.801
-52.5915 696.195
-61.3358 695.479
-70.0704 694.653
-78.7939 693.718
-87.5049 692.673
-96.2022 691.519
-104.884 690.255
-113.55 688.883
-122.197 687.401
-130.826 685.812
-139.433 684.114
-148.019 682.307
-156.581 680.394
-165.118 678.372
-173.63 676.244
-182.114 674.009
-190.569 671.667
-198.994 669.219
-207.388 666.666
-215.749 664.007
-224.076 661.244
-232.367 658.376
-240.622 655.404
-248.839 652.328
-257.017 649.15
-265.154 645.869
-273.249 642.486
-281.301 639.002
-289.308 635.416
-297.27 631.731
-305.185 627.945
-313.051 624.061
-320.869 620.078
-328.635 615.997
-336.35 611.818
-344.012 607.543
-351.619 603.173
-359.171 598.707
-366.666 594.146
-374.103 589.491
-381.481 584.744
-388.798 579.904
-396.055 574.973
-403.249 569.95
-410.379 564.838
-417.444 559.637
-424.444 554.347
-431.376 548.97
-438.241 543.506
-445.036 537.956
-451.76 532.321
-458.414 526.602
-464.995 520.8
-471.503 514.916
-477.936 508.95
-484.294 502.904
-490.575 496.779
-496.779 490.575
-502.904 484.294
-508.95 477.936
-514.916 471.503
-520.8 464.995
-526.602 458.414
-532.321 451.76
-537.956 445.036
-543.506 438.241
-548.97 431.376
-554.347 424.444
-559.637 417.444
-564.838 410.379
-569.95 403.249
-574.973 396.055
-579.904 388.798
-584.744 381.481
-589.491 374.103
-594.146 366.666
-598.707 359.171
-603.173 351.619
-607.543 344.012
-611.818 336.35
-615.997 328.635
-620.078 320.869
-624.061 313.051
-627.945 305.185
-631.731 297.27
-635.416 289.308
-639.002 281.301
-642.486 273.249
-645.869 265.154
-649.15 257.017
-652.328 248.839
-655.404 240.622
-658.376 232.367
-661.244 224.076
-664.007 215.749
-666.666 207.388
-669.219 198.994
-671.667 190.569
-674.009 182.114
-676.244 173.63
-678.372 165.118
-680.394 156.581
-682.307 148.019
-684.114 139.433
-685.812 130.826
-687.401 122.197
-688.883 113.55
-690.255 104.884
-691.519 96.2022
-692.673 87.5049
-693.718 78.7939
-694.653 70.0704
-695.479 61.3358
-696.195 52.5915
-696.801 43.839
-697.297 35.0795
-697.682 26.3145
-697.958 17.5453
-698.123 8.77334
-698.178 8.57625e-14
-698.123 -8.77334
-697.958 -17.5453
-697.682 -26.3145
-697.297 -35.0795
-696.801 -43.839
-696.195 -52.5915
-695.479 -61.3358
-694.653 -70.0704
-693.718 -78.7939
-692.673 -87.5049
-691.519 -96.2022
-690.255 -104.884
-688.883 -113.55
-687.401 -122.197
-685.812 -130.826
-684.114 -139.433
-682.307 -148.019
-680.394 -156.581
-678.372 -165.118
-676.244 -173.63
-674.009 -182.114
-671.667 -190.569
-669.219 -198.994
-666.666 -207.388
-664.007 -215.749
-661.244 -224.076
-658.376 -232.367
-655.404 -240.622
-652.328 -248.839
-649.15 -257.017
-645.869 -265.154
-642.486 -273.249
-639.002 -281.301
-635.416 -289.308
-631.731 -297.27
-627.945 -305.185
-624.061 -313.051
-620.078 -320.869
-615.997 -328.635
-611.818 -336.35
-607.543 -344.012
-603.173 -351.619
-598.707 -359.171
-594.146 -366.666
-589.491 -374.103
-584.744 -381.481
-579.904 -388.798
-574.973 -396.055
-569.95 -403.249
-564.838 -410.379
-559.637 -417.444
-554.347 -424.444
-548.97 -431.376
-543.506 -438.241
-537.956 -445.036
-532.321 -451.76
-526.602 -458.414
-520.8 -464.995
-514.916 -471.503
-508.95 -477.936
-502.904 -484.294
-496.779 -490.575
-490.575 -496.779
-484.294 -502.904
-477.936 -508.95
-471.503 -514.916
-464.995 -520.8
-458.414 -526.602
-451.76 -532.321
-445.036 -537.956
-438.241 -543.506
-431.376 -548.97
-424.444 -554.347
-417.444 -559.637
-410.379 -564.838
-403.249 -569.95
-396.055 -574.973
-388.798 -579.904
-381.481 -584.744
-374.103 -589.491
-366.666 -594.146
-359.171 -598.707
-351.619 -603.173
-344.012 -607.543
-336.35 -611.818
-328.635 -615.997
-320.869 -620.078
-313.051 -624.061
-305.185 -627.945
-297.27 -631.731
-289.308 -635.416
-281.301 -639.002
-273.249 -642.486
-265.154 -645.869
-257.017 -649.15
-248.839 -652.328
-240.622 -655.404
-232.367 -658.376
-224.076 -661.244
-215.749 -664.007
-207.388 -666.666
-198.994 -669.219
-190.569 -671.667
-182.114 -674.009
-173.63 -676.244
-165.118 -678.372
-156.581 -680.394
-148.019 -682.307
-139.433 -684.114
-130.826 -685.812
-122.197 -687.401
-113.55 -688.883
-104.884 -690.255
-96.2022 -691.519
-87.5049 -692.673
-78.7939 -693.718
-70.0704 -694.653
-61.3358 -695.479
-52.5915 -696.195
-43.839 -696.801
-35.0795 -697.297
-26.3145 -697.682
-17.5453 -697.958
-8.77334 -698.123
-1.35564e-13 -698.178
8.77334 -698.123
17.5453 -697.958
26.3145 -697.682
35.0795 -697.297
43.839 -696.801
52.5915 -696.195
61.3358 -695.479
70.0704 -694.653
78.7939 -693.718
87.5049 -692.673
96.2022 -691.519
104.884 -690.255
113.55 -688.883
122.197 -687.401
130.826 -685.812
139.433 -684.114
148.019 -682.307
156.581 -680.394
165.118 -678.372
173.63 -676.244
182.114 -674.009
190.569 -671.667
198.994 -669.219
207.388 -666.666
215.749 -664.007
224.076 -661.244
232.367 -658.376
240.622 -655.404
248.839 -652.328
257.017 -649.15
265.154 -645.869
273.249 -642.486
281.301 -639.002
289.308 -635.416
297.27 -631.731
305.185 -627.945
313.051 -624.061
320.869 -620.078
328.635 -615.997
336.35 -611.818
344.012 -607.543
351.619 -603.173
359.171 -598.707
366.666 -594.146
374.103 -589.491
381.481 -584.744
388.798 -579.904
396.055 -574.973
403.249 -569.95
410.379 -564.838
417.444 -559.637
424.444 -554.347
431.376 -548.97
438.241 -543.506
445.036 -537.956
451.76 -532.321
458.414 -526.602
464.995 -520.8
471.503 -514.916
477.936 -508.95
484.294 -502.904
490.575 -496.779
496.779 -490.575
502.904 -484.294
508.95 -477.936
514.916 -471.503
520.8 -464.995
526.602 -458.414
532.321 -451.76
537.956 -445.036
543.506 -438.241
548.97 -431.376
554.347 -424.444
559.637 -417.444
564.838 -410.379
569.95 -403.249
574.973 -396.055
579.904 -388.798
584.744 -381.481
589.491 -374.103
594.146 -366.666
598.707 -359.171
603.173 -351.619
607.543 -344.012
611.818 -336.35
615.997 -328.635
620.078 -320.869
624.061 -313.051
627.945 -305.185
631.731 -297.27
635.416 -289.308
639.002 -281.301
642.486 -273.249
645.869 -265.154
649.15 -257.017
652.328 -248.839
655.404 -240.622
658.376 -232.367
661.244 -224.076
664.007 -215.749
666.666 -207.388
669.219 -198.994
671.667 -190.569
674.009 -182.114
676.244 -173.63
678.372 -165.118
680.394 -156.581
682.307 -148.019
684.114 -139.433
685.812 -130.826
687.401 -122.197
688.883 -113.55
690.255 -104.884
691.519 -96.2022
692.673 -87.5049
693.718 -78.7939
694.653 -70.0704
695.479 -61.3358
696.195 -52.5915
696.801 -43.839
697.297 -35.0795
697.682 -26.3145
697.958 -17.5453
698.123 -8.77334
