697.911 12.0064
697.654 20.299
697.248 27.9496
696.702 34.1759
696.208 42.5247
695.616 51.0335
694.923 59.1764
694.14 67.2612
693.304 74.6215
692.288 83.6838
691.421 89.6677
690.345 97.4661
689.256 104.805
688.112 112.13
686.745 120.272
685.715 126.484
684.106 134.956
682.705 142.259
681.002 150.365
679.063 158.897
677.869 164.902
675.72 173.468
674.261 179.986
672.12 188.03
670.34 195.053
659.611 229.462
656.963 236.224
654.15 243.507
651.248 250.839
648.311 257.994
645.03 266.078
642.64 270.976
639.165 279.083
635.443 287.546
632.346 294.017
629.066 300.808
625.74 307.546
622.745 313.455
618.727 321.315
615.746 326.999
611.915 334.14
608.317 340.724
604.854 346.985
600.854 353.953
596.562 361.186
592.906 367.389
588.229 374.829
584.377 381.062
580.37 387.394
576.392 393.602
571.178 401.054
567.153 407.09
562.938 413.249
540.924 441.353
535.524 447.805
530.806 453.023
525.472 459.07
521.432 463.209
514.97 470.509
510.147 475.516
504.139 481.88
499.472 486.533
494.451 491.548
489.077 496.862
482.627 503.134
478.369 507.188
471.143 513.891
465.589 518.949
460.711 523.376
455.441 528.09
448.935 533.649
443.67 538.213
436.194 544.204
431.15 548.459
424.2 553.849
418.304 558.491
411.837 563.378
405.166 568.272
380.617 584.738
374.31 588.632
367.163 593.078
360.982 596.708
354.14 600.728
348.03 604.184
340.081 608.713
332.818 612.69
326.37 616.096
319.773 619.522
313.333 622.805
304.423 627.204
298.759 629.95
291.546 633.346
284.649 636.527
277.198 639.84
270.131 642.924
263.354 645.841
255.699 648.957
246.798 652.328
239.955 655.009
210.877 665.703
203.942 667.607
196.662 669.614
188.117 672.083
181.038 673.838
175.146 675.117
165.693 677.589
158.384 679.221
150.093 681.079
139.96 683.373
135.347 684.008
126.823 685.636
119.376 686.925
112.566 688.035
104.64 689.281
96.677 690.445
90.015 691.384
81.7432 692.425
74.3183 693.317
66.633 694.156
59.5051 694.918
51.5948 695.621
43.5659 696.239
35.9908 696.798
27.3433 697.204
19.9284 697.62
10.8827 697.784
2.93483 697.97
-4.90284 698.09
-40.6285 697.189
-47.6013 696.47
-55.1083 695.746
-64.3344 695.02
-71.2815 694.115
-78.6508 693.171
-87.5637 692.121
-94.1594 691.061
-101.603 689.916
-107.401 688.899
-118.15 687.23
-124.811 685.963
-130.936 684.773
-139.142 683.153
-146.09 681.719
-154.354 679.902
-161.355 678.328
-168.701 676.6
-176.304 674.719
-183.39 672.941
-192.545 670.317
-199.827 668.287
-208.037 665.797
-214.147 664.129
-222.411 661.416
-231.611 658.127
-237.381 656.438
-245.754 653.323
-273.695 641.774
-281.497 638.36
-287.05 635.623
-296.162 631.541
-303.442 628.009
-310.583 624.439
-316.723 621.218
-323.626 617.598
-330.64 613.838
-337.862 609.876
-344.143 606.323
-351.49 602.091
-357.161 598.765
-365.312 593.812
-370.572 590.625
-377.432 586.3
-383.361 582.565
-389.309 578.771
-396.825 573.606
-402.828 569.584
-409.791 564.623
-415.307 560.89
-441.517 540.826
-447.624 535.634
-453.667 530.385
-459.549 525.145
-465.34 519.873
-470.982 514.616
-476.538 509.335
-482.039 504.009
-487.47 498.651
-492.822 493.273
-498.105 487.869
-503.321 482.44
-508.505 476.952
-513.611 471.454
-518.702 465.877
-523.709 460.301
-528.704 454.639
-533.647 448.939
-538.541 443.197
-543.401 437.393
-548.22 431.531
-553.013 425.585
-557.759 419.585
-562.472 413.503
-567.174 407.289
-586.699 378.307
-591.624 370.653
-594.979 364.723
-599.804 356.849
-603.699 349.989
-607.171 343.584
-611.281 336.157
-615.201 328.832
-618.737 321.935
-621.498 316.205
-624.595 309.867
-628.193 302.465
-631.681 295.075
-635.007 287.812
-638.201 280.641
-640.953 274.333
-643.733 267.872
-647.232 259.252
-649.514 253.875
-652.715 245.489
-655.05 239.785
-657.802 232.39
-660.857 223.297
-663.239 216.719
-665.465 210.875
-667.986 203.007
-670.461 194.772
-672.786 186.94
-681.847 151.109
-683.363 143.383
-684.691 135.952
-685.814 128.958
-687.727 119.218
-689.161 110.596
-689.977 103.78
-690.714 97.1942
-692.029 87.8418
-692.844 80.2729
-693.548 72.9412
-694.152 65.9233
-694.97 56.8553
-695.407 50.1372
-695.967 41.5787
-696.333 34.3964
-696.657 27.1372
-696.93 19.9214
-697.131 11.5857
-697.296 4.74493
-697.35 -3.24306
-697.273 -11.763
-696.974 -21.5736
-697.027 -27.0336
-696.974 -33.6086
-696.564 -41.9978
-695.857 -51.3836
-695.731 -57.4933
-695.242 -65.0896
-694.732 -72.5238
-694.043 -80.3418
-688.16 -117.861
-686.62 -126.677
-685.055 -133.643
-683.404 -141.151
-681.59 -149.594
-679.939 -155.796
-678.087 -163.269
-676.056 -171.346
-673.789 -180.154
-671.906 -186.513
-670.075 -192.63
-667.217 -202.499
-665.124 -209.057
-662.416 -217.489
-660.444 -223.329
-657.655 -231.415
-655.263 -238.18
-652.321 -246.145
-650.669 -250.988
-646.844 -260.445
-644.005 -267.564
-640.944 -274.956
-638.508 -281.054
-634.283 -290.172
-632.289 -295.313
-627.522 -304.822
-625.937 -309.248
-621.329 -318.037
-618.074 -324.736
-601.911 -353.107
-597.84 -359.729
-593.746 -366.227
-589.592 -372.687
-585.358 -379.148
-581.36 -385.058
-577.219 -391.117
-572.292 -398.288
-568.412 -403.709
-563.519 -410.502
-558.992 -416.64
-554.213 -422.986
-549.758 -428.808
-544.726 -435.213
-540.316 -440.795
-535.133 -447.126
-529.727 -453.554
-525.084 -459.096
-520.419 -464.596
-514.441 -471.187
-509.612 -476.644
-491.989 -494.264
-485.234 -500.973
-480.76 -505.033
-473.932 -511.489
-469.421 -515.491
-461.466 -522.714
-456.209 -527.225
-450.727 -531.889
-444.72 -536.921
-438.584 -541.954
-430.951 -548.034
-426.012 -551.937
-420.411 -556.302
-414.11 -561.068
-408.37 -565.396
-401.185 -570.51
-377.305 -587.575
-370.522 -591.724
-363.896 -595.639
-356.877 -599.773
-350.661 -603.193
-343.574 -607.179
-336.988 -610.716
-330.207 -614.307
-323.784 -617.6
-316.733 -621.195
-309.639 -624.722
-303.072 -627.885
-297.153 -630.685
-289.242 -634.353
-282.276 -637.496
-275.241 -640.592
-268.187 -643.618
-260.542 -646.773
-253.935 -649.496
-246.219 -652.499
-239.57 -655.112
-231.844 -657.941
-224.61 -660.563
-217.31 -663.126
-209.895 -665.637
-203.113 -667.977
-195.667 -670.353
-162.313 -678.823
-155.635 -680.136
-146.486 -682.239
-139.771 -683.432
-133.069 -684.599
-124.646 -686.168
-117.205 -687.399
-108.604 -688.808
-103.453 -689.471
-93.8467 -690.864
-85.3848 -691.956
-78.7229 -692.722
-70.0475 -693.653
-63.0308 -694.344
-55.6947 -695.011
-48.1947 -695.625
-40.2048 -696.174
-32.7302 -696.653
-23.4762 -696.991
-15.4224 -697.268
-7.61932 -697.476
0.623157 -697.565
7.77637 -697.689
15.853 -697.633
47.1954 -696.436
55.6822 -695.773
62.0073 -694.939
71.3159 -694.112
79.2135 -693.164
86.8243 -692.141
93.7766 -691.085
101.897 -689.895
107.233 -688.921
116.428 -687.446
125.466 -685.871
129.545 -685.046
138.606 -683.265
147.052 -681.498
154.833 -679.783
162.326 -678.062
170.307 -676.121
178.316 -674.074
185.359 -672.25
193.523 -669.963
200.376 -668.071
207.709 -665.932
215.446 -663.539
221.975 -661.622
230.2 -658.815
237.437 -656.404
267.289 -644.695
275.763 -641.176
283.182 -637.842
289.899 -634.642
296.32 -631.485
302.769 -628.272
311.089 -624.235
316.899 -621.14
324.051 -617.399
330.784 -613.767
337.315 -610.163
343.094 -606.916
350.902 -602.435
356.021 -599.49
363.649 -594.889
370.756 -590.504
377.129 -586.523
383.006 -582.842
390.575 -577.765
396.754 -573.668
403.29 -569.185
409.2 -565.163
415.122 -561.071
421.796 -556.152
445.547 -536.958
450.317 -532.657
456.309 -527.445
462.749 -521.787
469.172 -516.007
475.203 -510.408
480.028 -505.716
486.805 -499.234
492.643 -493.437
497.287 -488.659
502.428 -483.348
507.631 -477.886
512.069 -473.207
519.539 -464.913
523.67 -460.351
528.765 -454.565
534.539 -447.748
539.465 -441.9
543.79 -436.816
548.806 -430.612
553.78 -424.318
558.674 -417.991
576.22 -393.788
579.8 -388.063
584.073 -381.436
589.05 -373.775
592.496 -367.944
596.453 -361.346
600.803 -354.035
604.548 -347.466
608.411 -340.576
612.297 -333.488
615.45 -327.545
618.708 -321.354
622.437 -314.091
626.259 -306.408
629.671 -299.392
632.512 -293.593
635.951 -286.154
638.894 -279.866
642.441 -271.57
645.517 -264.407
649.24 -254.761
651.33 -250.511
654.51 -241.957
665.428 -211.424
667.802 -203.527
669.892 -196.032
671.67 -189.093
673.626 -181.572
675.519 -174.008
677.374 -166.321
679.069 -158.873
680.552 -151.92
682.254 -143.941
683.747 -136.448
685.174 -128.933
686.532 -121.403
687.822 -113.856
689.041 -106.312
690.249 -98.2585
691.271 -91.2399
692.306 -83.3547
693.208 -76.8301
694.107 -68.896
694.922 -60.943
695.68 -53.7395
696.335 -45.6059
696.913 -37.6517
697.484 -30.4397
697.921 -22.5528
