100 602
20 25
62 64
21 28
54 58
17 20
18 19
23 26
78 86
89 94
53 64
67 74
39 45
88 98
83 85
51 60
58 65
4 5
52 63
85 87
94 98
56 58
53 62
57 59
81 86
54 61
95 98
32 35
55 56
35 46
59 61
33 34
88 93
60 62
8 12
61 63
79 85
90 95
10 14
39 42
11 15
76 87
48 50
69 73
0 14
90 99
3 11
1 15
4 12
80 85
2 12
57 60
6 14
47 49
82 87
58 59
7 15
20 21
16 29
40 42
72 74
17 24
41 43
79 82
40 48
54 64
43 45
44 46
76 78
24 28
45 47
0 5
4 11
2 7
5 10
70 72
19 27
93 96
20 28
16 20
30 36
41 44
31 33
63 65
18 22
42 43
74 75
36 37
77 81
89 91
67 71
65 75
91 93
68 73
66 73
93 95
92 99
51 57
20 27
59 64
81 83
21 26
54 56
55 61
78 84
89 92
43 49
39 47
0 9
83 87
3 4
71 72
51 62
4 7
52 57
94 96
56 60
5 6
53 60
81 84
6 21
28 34
58 62
32 37
55 58
59 63
16 24
88 95
8 14
79 87
9 15
90 93
10 12
44 49
76 81
55 65
90 97
3 13
68 69
1 13
4 14
80 87
2 10
5 15
60 64
6 12
82 85
19 20
7 9
97 98
20 23
77 98
40 44
21 22
30 35
18 29
42 46
40 50
51 64
43 47
77 86
26 28
0 7
1 6
56 65
2 5
5 8
96 97
6 7
19 29
52 53
84 85
16 22
73 75
17 23
22 28
31 35
35 36
18 20
23 25
37 38
78 83
77 79
42 51
67 73
39 48
91 95
68 75
66 71
51 59
52 60
21 24
54 62
95 97
22 23
55 63
88 90
52 64
8 9
39 41
76 84
92 94
12 13
0 11
3 6
71 74
1 10
80 82
52 59
91 96
56 62
46 49
53 58
57 63
6 11
58 60
61 65
33 38
16 26
34 37
17 27
79 81
9 13
90 91
76 83
24 25
45 50
0 2
3 15
68 71
1 3
4 8
28 29
2 8
5 13
57 64
30 31
82 83
19 22
93 99
7 11
16 17
40 46
30 33
17 28
41 47
22 27
31 36
18 27
42 44
41 49
77 84
25 29
1 4
66 74
2 3
92 96
89 98
96 99
51 52
52 55
84 87
20 24
53 54
21 29
17 21
35 38
23 27
78 81
42 49
89 95
53 65
67 75
39 50
88 97
66 69
70 71
51 61
58 64
52 62
56 57
53 63
81 87
54 60
95 99
32 34
55 57
33 35
88 92
60 61
8 11
9 10
90 94
62 63
39 43
11 12
76 86
48 49
12 15
69 74
13 14
0 13
90 98
3 8
1 8
80 84
2 15
91 98
53 56
57 61
6 9
82 86
54 55
86 87
7 12
33 36
16 28
40 41
72 73
34 35
17 25
79 83
44 45
76 77
24 27
45 48
25 26
0 4
27 28
4 10
2 6
5 11
70 75
19 24
93 97
16 19
17 18
41 45
22 25
31 38
18 25
23 28
77 82
67 68
68 72
69 70
66 72
92 98
89 96
51 54
20 26
62 65
59 65
21 27
54 59
78 87
89 93
39 44
88 99
66 67
0 8
83 84
3 5
71 73
51 63
4 6
52 56
85 86
94 99
56 59
5 7
46 50
53 61
57 58
81 85
32 36
55 59
59 60
88 94
60 63
34 38
8 13
61 62
79 84
90 92
10 15
11 14
44 48
76 80
69 72
49 50
0 15
90 96
3 10
1 14
4 13
80 86
2 13
6 15
47 48
82 84
19 21
7 14
97 99
20 22
40 43
21 23
30 34
72 75
41 42
18 28
40 49
54 65
51 65
43 44
44 47
76 79
24 29
77 87
45 46
0 6
1 7
56 64
2 4
5 9
70 73
19 26
20 29
16 21
30 37
31 32
63 64
35 37
18 23
36 38
78 82
77 80
42 50
89 90
67 70
39 49
91 92
68 74
66 70
93 94
68 80
51 56
81 82
21 25
54 57
55 60
88 89
78 85
43 48
39 46
92 93
94 95
0 10
83 86
3 7
71 75
1 11
80 81
52 58
94 97
91 97
56 61
46 48
53 59
6 10
58 63
32 38
59 62
16 25
34 36
8 15
79 86
9 14
10 13
44 50
76 82
14 15
55 64
0 1
3 12
68 70
1 12
4 15
2 11
5 14
60 65
57 65
6 13
47 50
19 23
7 8
40 45
30 32
17 29
22 26
31 37
18 26
42 47
43 46
41 50
77 85
26 29
1 5
89 99
96 98
51 53
19 28
52 54
84 86
53 55
16 23
73 74
17 22
22 29
31 34
18 21
23 24
78 80
77 78
42 48
67 72
91 94
88 96
66 68
51 58
52 61
46 47
98 99
54 63
95 96
32 33
55 62
88 91
52 65
8 10
9 11
43 50
39 40
11 13
76 85
92 95
12 14
69 75
13 15
0 12
3 9
1 9
80 83
2 14
91 99
56 63
53 57
57 62
6 8
58 61
7 13
61 64
33 37
16 27
17 26
79 80
9 12
10 11
24 26
45 49
25 27
0 3
3 14
27 29
1 2
4 9
2 9
5 12
70 74
19 25
93 98
7 10
16 18
40 47
30 38
17 19
41 46
22 24
18 24
42 45
23 29
41 48
78 79
77 83
25 28
67 69
64 65
26 27
69 71
66 75
92 97
89 97
51 55
