500 5502
21 22
14 16
8 11
7 13
13 19
10 24
9 11
19 22
0 19
10 22
23 24
4 15
1 19
5 23
15 17
5 9
4 19
17 24
8 20
3 12
5 10
11 16
1 9
0 20
12 19
6 10
16 18
14 24
12 16
1 23
4 18
9 10
3 5
3 13
7 15
8 22
0 15
9 14
5 19
20 21
2 20
14 15
0 8
4 14
11 18
3 17
0 11
4 13
6 7
15 24
1 21
10 13
10 12
19 20
2 6
4 20
10 21
7 24
7 23
9 24
6 8
15 22
6 22
1 13
18 23
8 24
9 19
2 8
11 12
2 24
10 17
2 7
7 16
11 19
12 22
1 18
8 12
0 1
3 15
8 18
14 23
14 19
0 10
4 11
3 11
0 24
8 21
10 14
6 14
5 13
3 18
6 16
13 14
0 12
3 21
6 11
16 19
4 10
19 24
18 21
8 17
13 23
12 14
1 20
18 19
15 20
3 4
0 5
9 12
1 2
9 15
1 7
6 19
6 12
16 21
6 23
3 10
5 12
14 18
16 17
13 18
2 18
4 22
5 14
16 23
1 17
7 17
17 21
2 9
1 12
1 10
6 18
2 21
18 24
11 23
13 17
11 24
9 16
7 18
4 24
1 4
10 20
15 18
4 8
13 15
4 16
9 17
17 23
0 17
9 21
13 24
2 11
13 16
0 6
17 20
7 8
3 20
3 23
10 23
6 24
5 16
8 10
20 23
22 23
2 5
18 22
20 24
11 21
6 15
8 13
1 16
5 11
2 23
2 13
11 22
5 15
15 23
11 15
2 3
9 23
22 24
12 17
8 14
0 2
1 22
2 10
1 3
21 23
12 15
14 21
0 22
2 12
0 7
16 20
14 22
14 17
12 23
5 7
3 24
1 15
1 14
0 13
4 7
9 18
6 20
17 18
2 22
4 5
14 20
1 8
0 21
12 20
0 18
10 11
0 16
8 15
1 6
0 9
4 23
7 19
3 22
8 19
2 17
5 22
12 13
16 22
6 13
2 14
21 24
7 21
1 24
7 22
12 18
17 22
13 22
9 22
7 20
8 23
6 21
10 18
20 22
7 14
1 5
12 24
4 12
2 4
9 13
11 14
2 16
19 21
17 19
11 20
13 20
5 6
5 21
3 6
12 21
15 21
7 10
5 17
18 20
0 14
5 8
10 16
7 9
6 17
10 19
3 16
19 23
9 20
5 20
0 4
5 24
7 12
10 15
11 17
4 17
8 16
2 15
7 11
16 24
34 49
26 35
30 43
35 44
29 48
33 38
31 33
31 39
36 49
27 32
35 38
47 51
44 48
41 46
32 41
32 44
45 52
30 51
36 52
29 38
39 40
34 39
26 36
27 48
39 43
30 35
30 40
25 42
39 51
29 45
26 40
26 34
36 38
28 36
36 48
36 47
29 37
25 33
25 31
36 41
39 47
33 37
28 41
26 43
36 40
27 29
30 31
33 41
36 39
29 50
39 49
41 51
29 51
30 52
38 48
35 43
40 46
25 26
35 42
33 44
43 47
25 30
42 46
30 39
32 33
33 40
48 52
27 41
38 41
31 37
28 33
47 50
25 40
34 44
31 32
32 49
28 31
39 46
40 44
26 38
28 50
32 37
29 52
36 46
26 47
35 47
30 49
38 46
33 45
35 51
25 36
26 29
39 50
27 51
31 38
27 35
29 41
28 52
26 41
28 34
33 34
36 37
25 44
25 46
35 40
32 47
42 49
38 51
38 42
48 49
49 50
37 42
40 51
31 49
37 43
46 47
34 40
38 52
47 52
25 35
31 50
27 30
26 46
30 34
30 44
30 45
29 47
27 42
26 48
40 49
30 47
39 42
27 38
28 51
27 39
30 33
44 49
48 50
43 52
26 49
46 50
28 45
26 42
38 44
33 47
27 34
28 29
32 45
28 39
35 39
31 34
30 46
38 40
27 28
38 49
39 45
40 50
36 50
45 47
35 37
41 44
30 50
42 47
25 28
44 52
45 46
43 48
44 45
26 37
33 39
31 36
28 49
25 34
25 39
33 48
31 40
28 42
26 32
34 41
30 37
41 43
43 46
30 48
31 43
31 48
26 45
38 39
37 51
34 47
35 52
40 41
37 41
37 50
46 52
25 27
27 40
32 34
44 51
29 34
28 37
27 45
44 47
29 39
33 50
29 49
26 51
30 32
29 44
46 49
32 39
37 40
43 45
33 46
32 35
37 47
26 33
29 32
34 43
37 45
27 49
29 43
33 51
46 51
41 52
29 36
35 48
35 41
29 35
34 37
34 42
40 48
36 45
26 39
43 44
34 36
49 51
37 48
51 52
34 38
27 52
30 41
25 49
30 38
32 51
39 52
27 36
28 44
34 45
25 48
32 36
38 45
26 30
41 47
30 42
33 36
31 47
42 48
25 45
40 42
36 43
38 47
37 52
33 35
25 47
48 51
45 51
43 50
45 49
35 46
27 33
27 37
27 46
39 41
50 51
26 27
29 30
46 48
29 42
25 43
41 50
34 35
26 31
34 51
31 35
42 52
42 51
40 47
36 51
49 52
37 38
47 48
33 42
33 43
26 28
32 48
28 48
29 40
25 41
38 43
28 38
50 52
32 40
42 44
35 36
33 49
47 49
41 45
33 52
27 44
25 37
27 50
28 40
31 52
26 44
32 52
41 48
25 51
36 44
34 48
25 29
42 43
28 46
34 52
27 31
34 50
34 46
45 50
41 49
35 45
37 44
36 42
38 50
35 49
25 32
41 42
35 50
32 42
28 35
30 36
44 50
37 49
40 45
44 46
25 38
28 30
31 41
25 52
40 52
40 43
28 43
29 31
32 50
31 46
70 77
58 73
55 66
59 62
72 77
60 68
59 74
60 62
54 63
56 67
64 73
74 75
71 75
62 70
55 69
58 69
55 71
55 68
62 76
65 68
62 73
60 77
56 62
56 65
64 66
55 76
57 71
66 72
64 72
59 64
65 71
57 61
55 72
53 64
60 69
63 65
61 62
62 69
61 75
59 73
53 66
56 59
57 63
75 77
60 66
57 74
58 60
56 74
54 55
72 76
61 65
58 59
58 63
63 64
61 72
61 77
54 69
54 68
57 69
54 59
53 55
68 71
67 69
67 77
70 71
60 73
60 74
56 60
55 75
74 76
60 70
70 75
63 67
60 65
63 75
53 60
56 77
66 69
53 73
57 70
68 76
67 70
53 59
59 67
65 75
61 68
72 74
59 60
54 64
56 57
67 68
70 76
58 68
76 77
67 74
68 75
54 61
64 76
62 75
58 72
53 76
55 61
61 73
53 58
55 59
60 64
69 72
59 76
59 69
73 77
54 70
65 66
54 72
63 74
58 61
60 67
75 76
53 67
70 74
54 73
53 72
66 76
57 68
69 74
58 75
53 65
60 72
72 73
54 71
64 69
59 71
66 70
61 71
74 77
56 76
53 74
64 77
61 63
54 66
67 71
57 65
69 76
56 72
55 64
54 75
67 76
62 68
55 63
62 77
60 61
62 65
53 61
63 77
54 76
65 73
59 66
58 76
65 69
70 72
60 71
57 58
59 61
69 75
55 70
59 65
55 58
66 67
58 64
54 58
61 66
61 76
53 69
58 70
58 77
57 77
55 65
59 70
58 71
55 74
57 75
54 77
60 76
56 61
64 70
53 57
58 74
66 68
69 71
58 67
63 71
71 76
67 72
54 57
57 73
56 63
56 69
72 75
70 73
56 68
53 62
69 70
55 60
63 73
68 69
54 67
53 77
64 68
63 69
64 65
66 74
67 75
58 62
62 66
58 66
61 74
56 71
54 62
64 67
63 72
61 70
68 70
65 77
64 74
71 74
68 73
73 76
55 56
57 59
65 70
53 63
53 75
59 77
62 67
56 58
55 73
61 69
60 75
66 73
69 73
55 57
56 70
53 71
54 65
59 72
56 64
53 70
59 63
54 56
55 77
66 71
68 72
54 74
53 68
56 75
57 67
66 75
57 60
94 95
87 97
88 89
82 91
83 86
87 95
81 88
79 81
86 87
83 89
90 95
91 97
80 92
78 83
85 96
84 88
91 96
80 91
92 96
87 90
79 97
87 92
83 90
78 84
91 98
89 93
86 92
80 90
87 94
81 94
78 88
86 98
84 90
89 92
82 85
88 94
91 95
79 96
78 89
78 91
85 97
80 87
78 95
85 88
86 94
81 92
92 94
80 85
81 98
85 95
79 91
88 95
87 93
83 95
79 88
90 93
83 93
83 97
81 87
84 95
89 90
88 90
90 96
86 91
79 82
93 98
89 98
85 94
80 84
82 90
80 82
85 91
79 80
89 91
89 96
82 93
84 92
83 87
82 88
78 80
79 98
80 89
93 95
94 97
82 96
95 98
87 96
80 95
81 95
78 85
78 87
81 86
78 79
86 96
83 98
94 98
82 94
79 90
79 95
84 98
82 86
92 98
86 97
79 86
82 84
80 93
84 94
89 95
90 91
81 82
80 83
82 87
91 92
87 89
79 84
80 88
90 98
85 90
78 81
88 97
84 93
82 83
95 96
84 91
86 89
81 97
88 91
95 97
86 88
78 93
87 88
85 98
79 87
93 96
86 90
83 84
82 92
81 83
78 98
81 93
85 93
96 98
79 83
84 87
80 94
90 92
88 96
79 85
84 97
83 94
91 94
78 86
78 94
81 91
80 86
82 89
94 96
78 82
86 95
85 86
78 96
80 81
84 86
92 93
81 96
78 92
89 94
79 92
80 97
101 103
108 123
123 126
114 122
121 122
109 118
100 116
103 111
117 124
104 121
101 108
104 109
110 117
114 123
112 126
104 119
108 119
104 123
108 115
100 119
102 112
117 127
100 124
103 120
108 113
102 116
99 105
122 125
106 123
113 121
114 118
109 125
113 127
106 120
113 125
107 115
119 126
101 102
104 106
99 103
100 117
117 118
122 127
106 110
109 115
104 111
107 122
111 125
105 121
105 119
103 105
113 118
113 122
105 108
122 124
102 118
107 127
105 110
111 126
113 114
122 126
99 112
107 110
116 121
105 109
105 107
111 122
106 125
111 115
109 126
108 124
102 123
99 115
115 116
99 109
113 119
115 123
103 112
103 113
106 122
101 123
113 116
99 123
119 122
111 112
100 111
101 127
108 110
100 113
99 116
101 126
118 119
110 123
108 126
99 108
99 125
121 125
106 108
114 117
107 117
123 127
108 116
111 123
115 127
112 127
126 127
106 107
111 116
125 127
116 118
99 107
106 127
101 110
120 123
102 113
103 121
100 101
99 119
114 120
107 113
100 107
107 111
102 114
100 104
109 113
109 117
101 120
121 124
122 123
104 118
100 103
119 123
117 122
121 127
118 123
107 112
103 117
112 122
112 113
116 122
101 121
115 118
105 116
114 115
113 120
108 112
100 102
109 120
107 109
115 125
110 121
99 111
105 114
111 121
103 124
110 125
104 113
100 105
108 117
108 109
99 104
105 126
105 115
111 114
105 111
114 124
99 113
108 125
107 119
113 117
101 122
117 121
108 114
118 125
114 116
106 126
116 127
112 116
103 126
112 115
116 125
101 104
100 125
100 123
108 120
118 126
100 121
109 111
109 112
103 107
101 118
102 125
103 115
105 112
108 127
110 112
109 116
99 101
102 119
112 120
100 122
114 119
109 110
99 120
104 110
100 109
124 127
106 117
107 118
104 127
108 111
103 104
105 122
101 115
101 106
105 118
102 121
106 113
101 112
112 121
102 105
111 127
106 115
100 112
115 126
116 124
114 125
104 115
114 121
102 120
105 120
102 106
117 125
104 124
109 122
118 121
108 118
99 110
101 107
112 124
113 124
99 126
102 127
109 119
101 114
116 123
104 120
124 126
102 108
104 112
120 127
110 116
116 117
111 119
103 109
102 103
110 113
101 125
99 106
106 109
99 117
107 114
105 124
120 122
101 124
110 111
119 121
116 126
99 127
111 120
100 120
103 122
123 125
105 113
112 119
106 111
113 123
110 119
103 127
111 117
99 122
110 114
101 119
112 123
113 115
119 125
109 114
111 113
109 121
102 126
110 126
107 121
102 115
99 118
112 118
107 125
106 116
112 114
100 110
102 111
117 119
101 117
111 124
108 122
103 119
118 127
100 114
119 124
103 118
106 114
112 117
104 116
106 112
100 106
118 124
103 123
121 126
110 124
99 124
102 109
114 127
102 122
116 119
110 118
107 126
102 124
115 124
107 124
115 121
115 122
103 114
99 100
119 120
121 123
105 106
103 116
120 121
108 121
100 126
110 122
110 120
132 153
135 141
136 141
153 154
142 147
133 142
144 149
128 135
139 145
131 152
128 140
134 143
140 144
136 140
141 145
128 142
132 147
130 146
129 145
130 136
150 152
129 151
130 137
129 137
150 153
134 142
131 137
128 131
136 147
148 149
142 152
131 134
130 138
134 138
146 148
149 152
149 151
135 138
134 137
136 151
131 142
137 148
148 155
143 155
138 152
142 143
131 132
130 134
142 155
131 149
134 135
132 152
139 150
132 154
132 141
144 146
146 152
139 143
130 150
134 144
129 140
136 154
138 155
134 154
138 140
132 146
139 151
128 154
139 149
136 142
151 153
134 146
133 144
138 145
129 147
142 153
128 149
131 145
133 139
131 139
133 148
128 145
129 153
143 146
131 141
133 138
143 144
138 149
134 151
139 144
131 147
139 152
135 152
149 154
142 148
150 154
133 152
141 155
136 152
140 143
143 147
131 143
136 143
144 151
131 151
131 148
153 155
140 149
130 141
135 142
138 154
145 152
135 145
133 143
133 149
128 134
130 131
152 154
135 150
138 144
128 133
141 154
135 144
148 153
137 140
135 155
137 142
147 148
138 150
140 148
130 132
148 152
128 132
145 151
129 139
129 149
151 155
128 146
144 145
141 153
129 144
146 150
137 143
147 152
135 151
134 147
133 145
130 142
141 148
130 140
139 141
128 141
133 151
141 150
134 150
135 148
141 151
131 144
140 147
137 138
148 154
132 149
138 146
130 133
132 137
139 140
143 152
135 139
129 136
148 150
131 135
137 151
132 140
131 136
130 147
128 147
140 146
128 148
137 144
132 151
143 150
129 142
136 149
141 144
131 140
131 150
141 142
132 155
135 136
146 155
128 150
145 153
151 154
128 151
134 136
136 146
133 141
138 148
133 146
140 142
132 135
136 150
130 154
128 130
128 153
138 153
145 146
152 153
140 150
134 149
131 154
146 149
130 155
145 147
129 146
132 143
130 149
133 150
143 149
151 152
129 143
144 152
136 153
149 150
144 150
129 135
134 145
138 143
147 151
132 142
134 152
138 139
129 130
141 149
134 140
144 155
146 147
144 154
132 148
128 136
136 144
138 142
147 154
139 155
135 140
129 152
128 139
128 152
132 144
148 151
132 139
130 144
128 155
137 146
128 129
142 146
129 148
142 154
133 147
128 137
139 154
132 145
138 141
149 155
142 144
132 133
130 135
128 144
135 146
140 151
144 153
150 155
142 145
146 154
133 154
129 155
129 132
135 137
145 154
143 154
134 148
135 143
138 151
140 145
146 151
136 148
130 153
133 135
130 139
136 145
134 155
137 155
131 133
143 151
131 155
139 142
137 152
140 153
129 133
132 136
131 138
137 154
130 151
136 138
133 153
135 153
130 143
133 137
131 146
139 146
142 149
128 138
129 150
143 145
135 147
129 141
137 139
145 148
134 141
152 155
132 134
154 155
144 148
141 147
139 147
129 134
133 136
134 153
165 172
158 174
163 177
169 172
163 175
169 177
156 172
159 172
158 166
171 175
171 177
156 168
162 168
165 176
156 173
173 177
167 174
158 160
160 172
169 170
175 176
161 174
164 175
162 166
167 176
164 173
169 174
163 176
160 165
167 175
168 176
172 177
169 171
166 172
167 172
165 171
166 173
158 159
159 168
157 169
162 163
156 158
156 175
164 167
157 159
161 175
159 160
161 167
165 173
156 164
157 166
156 165
168 172
161 176
159 174
174 176
165 167
157 175
168 169
168 173
164 171
157 163
165 169
156 159
157 174
157 176
162 164
163 165
166 167
162 169
168 170
165 170
159 170
164 165
159 177
175 177
164 177
166 176
158 165
176 177
157 160
158 167
165 174
159 176
166 170
160 162
160 161
166 175
161 165
161 169
160 168
163 174
158 172
162 170
159 169
168 174
174 175
158 173
158 163
156 161
164 166
161 172
170 174
161 163
159 166
163 171
170 172
170 176
159 173
171 174
174 177
172 175
171 173
172 173
156 166
168 177
163 166
160 170
171 172
157 172
162 167
161 164
169 173
156 160
167 171
156 162
157 173
163 173
160 176
162 171
168 171
170 177
158 162
161 171
173 176
158 161
160 167
160 169
157 165
156 170
156 177
158 168
164 168
159 175
170 175
163 172
170 171
169 176
161 170
157 171
159 167
166 174
160 171
156 167
164 170
162 173
172 176
167 170
167 169
163 168
156 163
166 171
162 177
162 176
170 173
157 170
165 175
169 175
165 168
164 172
159 163
160 166
171 176
162 175
157 168
161 168
160 163
158 177
168 175
161 173
157 177
167 168
172 174
160 164
159 162
160 177
163 169
166 177
167 177
165 166
161 162
163 170
165 177
162 174
166 168
156 171
159 165
157 162
159 164
160 175
160 174
167 173
181 183
192 201
182 193
187 200
178 182
198 200
183 202
179 187
178 183
188 195
187 193
181 202
191 194
186 198
180 185
179 190
183 198
194 195
180 193
185 193
184 191
180 184
190 201
189 192
179 195
181 199
193 195
181 182
186 190
182 185
191 199
189 200
197 200
180 186
186 194
188 199
182 201
185 195
186 202
185 188
189 190
182 195
181 197
184 186
184 188
194 196
184 201
188 194
192 193
194 200
183 189
181 191
181 185
190 200
197 198
182 192
193 200
179 188
183 185
192 202
179 198
185 196
189 193
182 183
183 188
198 201
191 192
178 180
182 188
187 202
195 200
199 202
195 202
195 198
188 202
179 202
186 192
195 199
180 190
180 191
187 198
186 189
196 199
190 192
179 191
185 199
184 197
196 201
188 189
197 199
194 198
182 186
179 200
180 202
191 195
199 200
179 182
192 197
178 184
196 197
179 199
201 202
184 194
181 192
187 189
180 200
188 191
194 199
178 197
178 199
181 198
193 194
186 195
186 193
191 196
195 201
181 196
179 196
194 202
193 196
192 200
191 200
182 198
178 196
183 190
181 184
178 179
179 201
182 190
189 202
188 190
186 199
182 189
181 187
179 189
193 201
188 201
185 200
183 201
198 199
184 192
185 202
188 198
179 194
180 197
183 196
180 181
178 194
180 183
185 192
186 201
185 189
192 198
178 181
190 196
185 197
183 191
183 200
183 195
189 201
180 198
193 197
196 198
194 197
185 187
180 199
180 192
181 190
179 185
187 194
187 192
184 189
187 188
185 186
179 186
189 191
178 191
200 202
184 198
192 195
189 197
180 194
182 200
196 202
178 195
188 193
191 198
183 187
178 201
179 183
189 195
190 197
191 202
179 197
187 199
178 202
178 192
186 197
182 199
195 197
178 198
181 200
184 202
200 201
194 201
178 188
193 199
183 197
184 185
180 187
182 187
183 199
190 198
180 182
187 196
193 202
183 193
183 184
184 190
184 200
184 187
189 198
178 189
180 189
190 194
188 192
179 181
188 197
192 199
199 201
186 188
179 193
187 197
178 186
196 200
184 195
181 189
190 193
181 186
191 193
187 191
180 201
182 202
178 193
193 198
182 184
189 199
181 188
186 191
190 195
184 193
192 196
192 194
190 191
191 197
197 202
181 201
195 196
178 185
178 200
180 196
185 201
180 188
187 190
182 196
183 186
181 194
182 197
179 184
187 195
179 192
184 196
187 201
182 191
186 196
190 202
184 199
189 196
181 195
181 193
188 200
185 190
186 187
183 194
183 192
186 200
190 199
198 202
180 195
182 194
179 180
185 194
185 191
178 190
185 198
191 201
189 194
197 201
188 196
178 187
226 227
203 229
224 230
203 222
204 205
225 228
211 228
207 216
213 222
208 224
216 218
214 217
209 223
219 228
208 229
210 218
204 227
209 220
207 224
222 230
221 223
210 217
212 214
207 226
207 208
218 226
229 230
209 224
220 228
219 227
214 230
217 223
206 211
208 223
215 224
205 215
210 215
215 226
228 230
210 230
217 220
219 230
205 216
209 222
211 227
222 229
223 228
219 225
206 215
226 229
215 223
204 206
220 226
212 227
204 214
208 214
207 212
204 207
207 211
210 220
204 218
205 209
203 204
205 213
207 221
207 225
219 226
225 226
221 222
212 224
204 215
206 221
203 226
222 226
204 219
212 215
210 216
207 228
216 228
206 217
203 227
204 230
205 229
210 223
218 222
213 229
217 229
205 206
209 230
206 220
205 226
208 209
208 222
211 224
206 229
205 207
204 223
215 229
211 214
221 230
212 213
205 208
217 228
225 227
220 222
218 221
212 217
207 230
216 220
219 224
207 213
216 225
211 222
203 217
205 227
206 227
204 225
203 208
214 221
220 229
213 226
208 217
213 227
212 223
210 221
213 215
224 229
203 210
217 230
211 217
213 228
217 226
203 223
204 209
210 228
217 218
204 228
203 219
203 218
207 218
213 214
206 210
205 218
205 225
208 228
222 227
209 214
209 221
211 223
206 225
215 225
227 228
210 219
216 217
215 228
204 229
223 227
209 211
207 214
203 214
219 222
206 214
223 230
214 222
209 216
216 229
220 230
220 223
214 215
205 224
212 225
214 219
212 226
209 213
209 217
206 230
209 212
207 209
203 221
208 227
208 211
219 223
210 212
210 222
225 230
218 229
212 222
224 225
203 213
208 213
204 213
218 225
215 222
224 226
221 224
208 221
220 227
206 216
210 214
225 229
213 221
227 229
210 229
218 227
211 219
215 227
208 216
216 219
209 215
221 228
220 224
203 220
204 208
212 216
211 218
203 212
208 225
215 221
209 225
204 220
211 215
207 222
213 220
204 212
212 229
210 224
217 224
208 212
207 210
226 228
218 230
218 224
211 212
226 230
206 212
205 219
214 229
223 224
204 211
209 219
222 224
206 222
209 227
215 218
209 226
211 221
207 223
209 218
211 213
208 226
223 225
219 221
204 226
204 224
205 214
222 223
217 219
205 228
212 218
203 216
203 207
214 228
213 225
207 220
206 223
224 228
216 222
209 228
211 229
211 216
216 227
224 227
212 230
214 223
217 221
211 220
203 209
206 209
221 227
204 210
206 219
203 215
207 227
213 218
203 211
216 230
207 215
212 219
227 230
206 213
204 217
215 219
215 220
205 222
208 215
216 224
228 229
210 213
208 220
211 225
203 206
209 229
203 205
214 227
205 212
216 223
206 218
204 221
214 218
206 224
220 221
216 226
206 208
215 217
210 227
206 226
213 216
218 223
203 224
205 211
208 230
222 225
217 227
214 220
218 228
214 224
211 226
207 219
212 228
204 216
207 229
205 223
214 226
205 217
206 228
215 230
210 225
213 219
222 228
217 225
211 230
205 221
208 219
213 224
234 241
252 257
233 247
231 234
249 258
248 254
249 260
238 240
231 249
243 245
237 255
233 240
254 258
248 249
231 240
236 246
238 260
254 255
236 256
247 258
244 255
243 255
237 244
234 258
242 257
245 258
240 256
240 261
248 256
249 255
235 243
236 247
238 248
236 253
236 255
246 251
246 247
238 259
246 253
239 248
241 255
239 243
255 257
240 254
250 256
231 250
233 252
239 261
244 251
233 249
235 249
239 242
247 256
258 259
232 234
240 250
231 260
249 261
238 245
236 261
239 256
245 249
248 258
244 257
254 260
236 237
234 235
256 258
234 252
232 240
252 261
237 248
242 259
239 249
232 243
258 260
231 261
238 244
240 255
244 259
231 246
235 258
252 256
232 242
241 257
231 256
236 239
244 258
236 254
236 243
246 258
253 258
245 260
251 256
236 260
232 233
240 257
241 258
233 245
246 256
244 252
250 251
239 244
253 255
241 243
259 260
250 258
249 253
255 256
233 244
236 244
260 261
248 257
242 260
246 252
251 261
251 257
244 246
242 253
233 258
241 246
248 251
244 254
231 237
242 249
244 256
245 247
248 259
240 258
232 256
235 253
238 251
231 244
246 254
243 254
231 251
243 260
247 257
241 260
237 259
240 259
257 260
233 235
235 246
246 257
232 235
246 255
232 237
231 242
248 260
235 259
250 259
234 261
240 242
247 254
251 255
237 247
238 242
247 250
238 256
234 244
245 259
237 251
241 250
253 260
251 260
237 238
242 256
246 261
243 249
240 251
241 256
232 239
235 237
234 240
233 254
255 258
236 252
249 257
256 259
236 238
244 261
240 252
236 240
242 245
232 244
234 248
235 257
231 236
250 261
243 244
235 256
258 261
247 249
245 251
240 246
242 247
249 250
248 253
238 239
253 257
234 250
236 259
233 253
240 244
241 254
233 260
232 236
231 259
245 248
248 255
254 261
237 258
236 250
237 256
235 251
245 255
249 251
255 260
245 253
247 260
231 258
233 241
231 233
237 239
246 250
238 254
233 239
254 256
255 261
237 249
236 248
233 259
241 249
235 254
235 245
237 240
243 261
249 256
234 242
238 261
257 259
253 254
235 238
242 251
236 257
243 257
239 257
243 250
246 259
242 248
243 246
249 254
235 261
252 254
239 246
237 246
231 255
244 248
241 259
242 255
231 241
246 260
247 252
247 259
237 245
239 260
253 259
240 241
235 239
232 261
256 260
247 261
233 237
237 252
241 251
250 254
243 247
236 258
232 238
235 252
233 261
240 247
242 261
245 252
235 248
254 257
239 259
233 243
231 245
246 248
234 245
242 258
238 255
239 252
242 250
237 243
252 259
240 249
240 253
241 248
232 255
257 261
254 259
232 248
251 254
231 235
234 239
241 252
243 252
232 253
235 244
250 260
243 259
244 245
239 258
231 239
231 247
250 255
236 249
232 245
251 258
248 250
232 251
233 255
234 247
242 246
243 258
235 236
235 247
245 254
237 254
252 255
239 241
252 260
238 246
232 247
231 248
245 261
237 250
243 251
245 257
244 253
239 254
241 245
250 257
244 260
240 260
234 260
233 246
251 252
249 252
245 246
246 249
233 248
236 251
239 251
241 244
237 242
238 252
234 254
231 238
232 249
248 261
244 249
232 250
232 252
233 251
240 243
244 247
234 255
253 256
235 250
243 256
238 243
247 255
237 253
253 261
244 250
256 261
247 251
237 257
231 257
239 245
237 261
247 253
232 241
236 242
234 259
243 253
238 247
239 253
235 260
235 240
232 260
245 250
235 242
242 244
243 248
245 256
234 238
238 258
257 258
232 259
242 254
259 261
233 242
234 246
241 242
231 243
239 255
239 247
238 250
240 248
234 237
233 238
236 241
251 259
234 236
239 250
265 274
264 275
275 290
263 275
265 281
262 272
262 274
277 285
271 276
274 279
288 290
265 275
263 268
266 267
282 286
264 272
281 285
275 281
274 284
268 271
278 279
265 284
281 287
279 280
272 288
269 277
267 268
266 288
285 290
264 284
262 264
267 276
267 278
269 280
273 276
278 289
268 283
273 280
269 290
265 266
270 271
265 272
278 284
277 286
276 286
266 290
270 282
278 283
280 290
262 290
262 271
263 274
268 276
264 266
279 283
273 288
267 289
264 287
264 280
265 278
268 280
269 271
269 281
274 289
285 288
262 273
280 282
281 286
269 288
262 276
277 287
262 280
275 279
273 290
271 277
262 289
270 279
271 288
266 271
281 290
271 287
277 282
275 286
279 284
266 274
278 286
271 286
276 282
263 280
266 276
287 290
279 287
268 279
284 290
274 277
272 278
272 287
267 288
263 265
263 286
269 273
274 286
270 286
275 283
270 272
267 272
262 282
263 271
272 282
263 273
262 283
282 289
266 287
272 274
282 284
270 278
268 275
266 269
277 279
264 282
275 282
271 281
263 281
265 267
273 284
274 280
273 286
265 273
282 290
264 283
262 270
272 286
264 289
262 281
263 269
267 270
277 284
267 282
273 282
265 283
266 280
286 289
286 287
271 279
283 287
265 289
268 288
265 270
277 280
266 272
263 289
276 280
268 284
285 286
264 277
265 290
276 289
284 287
269 283
276 288
284 285
273 281
276 278
267 277
266 277
275 280
264 269
264 290
265 286
269 279
275 288
279 288
267 280
263 287
270 285
266 289
262 263
264 265
264 274
273 278
262 266
271 278
266 286
283 288
267 284
275 278
266 282
262 286
287 289
268 277
273 289
266 285
270 287
262 277
267 285
263 272
274 276
265 277
270 283
263 266
269 287
281 288
278 282
270 280
262 265
262 267
282 288
281 283
263 279
271 283
264 281
274 290
279 282
269 272
270 277
277 278
263 282
264 271
263 277
264 270
272 276
284 288
271 284
266 278
272 279
270 276
283 285
281 289
273 285
271 275
266 284
265 288
263 290
279 290
267 287
263 270
263 264
273 279
276 285
280 287
285 289
274 282
269 276
270 284
284 286
287 288
265 280
264 285
278 280
262 269
286 290
283 284
272 284
264 286
264 267
274 285
270 275
263 278
265 268
274 283
279 289
266 283
284 289
277 289
272 283
269 274
263 284
282 285
263 285
266 270
280 284
266 268
271 285
268 278
266 275
277 283
272 290
262 288
274 281
267 271
276 284
274 278
267 286
268 273
277 290
270 274
264 279
272 280
285 287
275 289
277 288
278 285
279 286
283 286
265 276
279 281
265 279
280 281
269 275
275 284
267 269
269 284
271 280
265 287
264 273
275 287
282 287
269 286
270 290
273 275
262 284
268 274
268 281
270 288
289 290
270 281
280 288
269 282
283 289
272 285
271 274
278 288
266 281
268 289
280 283
268 286
267 279
273 277
268 272
271 290
286 288
275 285
267 281
262 285
276 290
271 282
270 289
263 288
274 288
276 283
301 303
294 305
304 310
295 306
310 311
293 305
307 311
294 297
298 300
293 300
303 308
292 311
291 294
301 309
298 302
297 299
303 311
294 299
295 311
298 301
302 308
292 297
295 296
300 304
291 311
302 309
292 309
303 305
293 294
293 302
302 304
308 311
294 301
307 308
303 309
300 310
293 296
298 299
303 307
296 302
293 308
294 304
295 310
301 311
305 311
299 311
294 307
300 309
293 306
295 305
291 298
293 298
296 298
294 298
293 304
304 309
295 308
302 305
301 302
291 302
291 306
297 306
298 308
302 306
302 303
301 305
300 302
296 301
291 303
297 308
298 305
307 309
293 295
296 308
305 310
291 299
291 310
292 299
297 305
300 308
300 307
304 308
296 300
299 302
305 307
291 301
308 310
299 305
291 297
297 303
292 308
293 307
303 306
306 309
292 301
298 310
294 300
295 300
296 305
297 302
306 307
297 298
296 311
295 298
292 300
298 303
305 309
301 304
291 295
309 310
293 297
294 310
294 295
303 310
294 296
295 309
292 295
296 309
302 307
298 304
295 304
292 298
291 296
297 300
299 301
298 311
296 297
293 303
296 307
293 310
300 306
291 308
301 308
300 311
293 301
297 309
299 307
294 306
294 311
291 293
291 292
294 309
300 305
291 300
297 310
309 311
299 300
292 306
304 305
297 311
299 310
291 307
296 303
305 308
295 303
301 306
299 306
307 310
299 309
296 306
293 299
302 311
295 302
292 305
294 308
292 304
299 303
297 304
298 306
292 296
298 309
292 294
291 304
304 306
296 299
308 309
293 309
294 302
295 301
298 307
292 302
306 311
292 310
295 307
292 293
304 307
293 311
295 297
292 303
306 310
302 310
306 308
294 303
300 303
296 304
291 305
291 309
295 299
292 307
318 322
323 325
322 326
322 325
317 325
320 323
317 320
323 326
315 320
317 323
320 325
322 323
314 326
323 327
318 325
312 323
320 324
317 324
312 316
312 325
314 321
321 323
314 317
315 319
315 318
321 326
314 315
316 323
321 327
313 314
317 318
316 327
324 326
318 326
314 325
315 316
315 324
320 327
314 316
319 322
319 326
313 321
318 327
319 327
314 319
317 326
316 325
319 324
325 326
316 326
318 320
318 323
318 324
313 320
321 322
321 324
313 324
313 319
313 315
320 326
313 317
315 322
314 320
315 321
317 321
314 327
312 315
316 324
313 325
313 327
319 320
317 322
322 324
313 326
318 319
315 325
322 327
319 325
317 327
320 321
324 327
312 321
312 327
315 326
313 318
312 324
312 319
323 324
313 323
312 318
315 327
319 321
312 326
313 316
317 319
312 314
316 320
315 323
332 350
334 354
343 351
336 348
329 351
329 352
352 354
332 335
343 354
342 349
328 335
333 351
346 349
331 345
334 342
332 354
331 354
329 346
329 340
336 351
334 335
345 347
329 330
328 354
334 351
344 347
340 346
342 348
333 337
339 345
331 332
339 347
349 354
331 339
332 338
335 340
338 343
335 349
330 346
346 353
329 333
331 337
328 350
349 351
347 348
336 354
330 352
330 353
333 336
344 352
328 337
342 354
331 352
339 348
334 343
341 354
333 353
330 334
345 348
343 352
330 342
342 343
344 350
328 339
329 344
341 352
340 341
345 354
328 349
340 347
333 343
347 353
336 343
331 353
344 348
344 351
337 349
333 354
334 341
328 341
344 346
331 334
336 353
339 354
328 347
338 342
337 343
338 340
336 350
335 346
343 353
332 340
330 343
336 337
351 354
344 345
329 336
330 332
341 343
337 353
335 336
333 340
333 338
341 348
340 354
335 353
334 349
331 347
338 347
336 352
329 345
339 353
329 349
328 333
330 331
338 346
346 348
330 336
334 337
350 351
328 342
330 349
334 344
329 331
333 346
345 349
343 347
341 342
341 344
347 350
329 335
334 340
330 341
333 345
328 329
342 347
347 349
331 333
340 345
345 352
330 337
330 347
339 343
341 351
336 346
338 339
329 343
337 354
337 348
328 330
339 352
330 333
334 336
335 347
330 348
342 350
346 354
334 350
335 345
329 353
338 352
330 344
340 353
338 348
341 349
328 353
345 346
335 341
337 338
331 351
331 344
343 344
330 351
339 349
348 351
347 352
336 345
338 350
338 353
337 351
334 345
342 344
348 354
350 354
330 350
338 344
348 350
342 346
352 353
346 351
330 340
333 349
341 347
344 353
336 349
349 350
337 350
343 350
329 339
334 348
334 352
331 335
329 342
346 350
342 351
335 352
337 344
339 340
332 348
335 343
330 354
341 350
329 354
328 338
332 342
339 350
332 353
348 352
342 352
340 344
340 342
335 350
329 347
332 333
332 334
334 346
340 343
339 341
328 334
332 352
353 354
344 354
328 351
341 346
332 343
337 345
331 341
335 348
341 353
348 349
345 353
343 348
336 339
334 339
349 353
347 351
335 351
346 352
331 348
347 354
338 354
338 345
337 340
329 332
331 343
332 347
340 352
329 350
332 344
328 340
328 346
339 342
337 352
348 353
343 346
335 344
340 349
335 342
351 353
331 350
345 350
345 351
333 342
337 347
333 344
350 352
351 352
333 341
330 345
332 336
336 340
335 337
337 346
328 348
332 349
343 349
331 336
335 354
339 351
349 352
331 346
328 344
334 338
329 337
332 346
337 341
331 338
339 346
337 339
343 345
328 343
336 344
342 353
328 336
336 342
337 342
336 347
328 345
335 338
341 345
346 347
331 340
333 335
331 342
340 348
350 353
328 331
333 347
332 337
331 349
332 339
330 339
332 341
338 341
333 348
344 349
333 334
333 350
333 352
335 339
338 351
334 353
329 341
329 338
333 339
330 335
342 345
329 348
336 341
328 332
339 344
332 351
368 374
361 367
357 367
365 372
358 374
375 376
357 374
364 377
361 370
355 358
355 360
358 361
367 375
368 373
358 360
360 362
359 369
372 377
365 371
363 378
362 378
357 360
366 378
365 366
368 369
362 376
370 376
358 368
367 373
366 376
359 378
360 372
355 359
366 377
359 362
355 356
369 371
361 368
364 371
366 375
355 369
356 369
355 372
364 367
363 374
356 363
355 366
365 375
363 365
362 371
371 378
363 368
362 370
360 377
370 374
361 374
357 377
358 366
360 368
359 376
373 375
371 377
365 369
357 371
360 361
368 375
356 366
362 366
370 371
360 371
355 377
375 377
369 375
359 370
355 378
357 370
368 372
360 374
358 376
368 371
366 374
357 366
376 378
355 376
366 369
357 369
365 367
370 373
356 361
355 361
365 378
362 363
361 369
364 374
364 375
374 375
357 358
357 361
355 374
361 363
365 376
364 373
366 368
371 375
361 366
359 361
357 368
356 377
366 373
359 373
358 372
355 368
358 377
363 367
361 372
357 359
365 373
367 376
360 376
362 374
356 371
357 363
367 372
371 373
356 370
371 376
357 378
364 365
365 377
366 367
367 371
367 374
355 367
361 371
356 368
358 362
356 374
367 377
364 366
357 375
363 377
364 372
355 365
369 377
365 370
358 364
360 370
358 371
373 377
357 362
372 378
364 369
361 378
357 365
358 363
357 364
358 359
367 370
360 363
357 373
360 375
361 375
355 363
358 375
361 364
367 369
362 373
356 359
373 378
364 376
377 378
360 373
362 365
363 366
356 364
366 371
374 378
363 370
370 378
355 371
363 364
358 369
362 367
362 375
367 368
369 370
371 374
362 377
360 378
360 364
367 378
359 360
369 372
365 368
365 374
356 378
368 377
361 376
368 370
359 377
356 358
355 364
361 362
356 375
366 370
360 366
361 373
363 371
366 372
358 373
356 365
359 366
355 357
359 367
356 362
359 372
362 369
374 376
369 373
355 373
356 360
368 376
360 367
359 365
369 376
362 372
356 372
372 373
357 372
358 370
373 376
364 378
373 374
362 368
359 375
374 377
359 371
358 365
375 378
371 372
355 375
381 387
388 402
380 399
381 391
391 395
381 392
385 394
399 402
391 397
382 386
389 398
386 389
385 392
379 388
395 397
382 402
384 403
386 403
382 391
387 395
386 388
379 398
384 393
380 390
387 390
381 388
380 404
388 389
382 388
379 393
387 401
394 404
383 390
389 404
388 403
392 398
379 386
387 389
381 386
389 399
397 400
379 387
392 402
395 400
384 392
383 400
381 398
382 387
398 401
380 396
380 403
382 390
386 392
388 398
383 384
401 404
384 404
381 402
392 393
386 390
391 401
395 399
385 387
392 400
396 399
390 399
400 401
381 397
394 403
389 395
389 400
392 404
382 399
380 393
387 388
383 395
389 403
403 404
386 387
393 402
384 397
384 389
395 404
400 403
387 394
379 384
381 382
385 402
382 401
380 401
397 402
381 403
385 398
389 393
391 392
386 399
381 394
387 397
386 400
380 383
382 389
379 383
382 395
401 402
379 402
382 384
385 393
379 380
391 402
384 402
385 396
379 381
379 396
401 403
390 391
384 390
391 394
386 401
383 388
389 392
385 404
380 389
400 404
394 397
382 400
381 400
383 393
386 402
398 400
382 385
384 387
389 390
380 385
380 398
396 398
386 397
389 402
382 404
388 390
395 396
382 397
392 394
398 404
394 400
379 390
380 381
395 402
380 384
389 391
398 403
394 398
391 399
380 394
399 403
395 401
392 396
390 401
386 396
388 392
389 401
395 403
388 404
379 403
383 394
388 397
386 391
398 399
385 390
383 404
381 404
383 385
387 400
379 394
399 404
380 402
384 401
394 396
390 394
383 389
392 399
388 401
383 398
400 402
388 391
382 394
390 396
392 401
384 388
393 395
379 392
397 399
384 395
387 393
388 394
393 399
385 397
380 391
381 395
393 394
381 390
383 392
390 400
379 391
393 400
382 398
379 400
387 392
385 388
379 395
380 397
383 402
393 397
392 403
383 387
383 401
386 394
384 386
384 391
396 402
389 397
396 397
387 391
389 396
387 399
382 393
390 395
379 382
397 398
402 403
381 393
380 395
385 399
391 398
390 397
383 403
394 401
399 401
382 392
380 387
397 404
380 392
383 396
391 396
380 382
392 397
386 393
379 404
397 403
385 386
384 385
381 399
388 399
384 396
399 400
383 399
381 396
385 391
396 404
379 385
393 398
388 395
380 400
385 401
384 398
393 396
396 400
384 400
394 395
384 399
396 403
385 400
387 403
386 395
382 403
394 402
391 403
393 404
379 401
386 404
390 402
383 391
382 383
389 394
396 401
391 404
383 386
388 396
385 389
405 408
409 420
408 424
406 423
422 423
421 423
406 410
423 427
427 428
419 425
408 413
413 423
413 418
406 427
405 424
421 426
409 418
416 424
413 422
416 425
407 413
420 422
415 425
415 428
422 425
415 417
412 413
414 420
417 426
412 427
407 411
411 412
417 418
405 421
421 428
424 426
418 422
406 416
420 427
420 424
417 423
410 426
415 420
410 417
411 415
417 419
414 416
416 421
413 425
407 427
405 418
416 420
411 418
413 426
412 414
422 427
416 418
411 424
407 419
405 422
411 428
409 427
409 419
408 410
414 425
406 421
407 425
406 414
410 427
414 415
419 424
407 412
415 423
410 411
408 416
425 426
414 419
406 412
413 424
421 425
413 414
409 412
408 414
408 427
406 413
409 423
419 423
408 421
409 415
419 420
416 427
410 422
412 428
412 421
406 418
413 416
409 424
413 428
410 413
420 423
425 428
407 426
408 419
407 421
406 415
406 422
406 425
410 424
406 417
407 423
412 425
405 406
412 416
405 426
407 414
411 422
418 427
414 423
424 425
420 421
415 424
415 416
417 428
407 410
407 428
409 428
411 423
413 427
413 421
406 419
410 412
423 424
407 424
415 421
425 427
410 418
417 427
419 422
410 414
422 426
408 415
405 413
421 424
420 425
424 428
407 422
406 420
413 420
417 422
420 426
405 416
415 422
421 427
408 417
413 419
419 421
420 428
418 423
405 410
408 425
412 424
406 424
410 421
409 411
410 419
408 409
408 412
421 422
405 415
422 428
416 422
407 416
410 428
418 428
408 418
406 411
405 417
405 428
417 420
415 427
409 421
423 428
405 423
423 425
419 427
407 418
411 416
417 424
411 427
426 428
408 428
412 420
417 425
412 419
409 416
409 410
405 409
414 427
407 408
409 414
412 417
412 415
407 420
411 414
411 421
406 407
418 419
407 415
414 426
411 417
405 420
415 418
413 415
405 425
423 426
407 417
411 420
406 409
408 423
416 428
413 417
411 419
419 426
409 417
408 422
412 426
415 419
411 426
414 421
406 428
411 413
424 427
410 416
408 426
414 418
416 417
408 420
426 427
409 426
409 413
406 426
405 412
417 421
411 425
408 411
414 428
412 418
405 427
410 415
405 419
407 409
409 422
418 426
414 424
418 420
415 426
412 422
414 422
406 408
410 425
416 423
429 447
429 437
442 447
432 450
434 443
435 443
430 432
438 449
432 440
447 450
438 444
436 441
446 447
437 443
435 449
442 443
440 444
446 450
436 443
435 447
437 450
442 449
432 436
433 449
438 445
434 437
429 432
431 444
431 440
430 443
437 438
441 447
438 441
440 441
431 434
433 438
433 435
438 446
435 446
436 445
439 445
444 450
448 449
430 436
429 448
431 443
435 438
439 442
430 441
430 435
436 446
436 444
429 435
437 447
434 439
442 444
437 439
433 444
432 446
440 443
443 448
430 434
440 450
431 438
433 442
432 433
430 438
432 445
430 431
433 445
434 450
433 448
440 447
445 446
434 435
436 439
441 445
436 438
429 443
433 434
431 447
435 436
441 450
433 436
433 440
430 444
439 441
434 447
429 440
434 438
431 441
435 440
439 449
437 444
447 449
430 450
430 440
438 439
437 445
429 430
446 448
429 442
434 446
442 450
430 445
432 437
443 446
435 439
436 440
438 448
433 443
445 448
442 446
440 445
437 440
435 441
432 444
434 444
437 441
429 438
430 447
438 442
432 448
434 445
437 449
434 440
431 439
433 447
439 444
429 431
429 450
440 442
432 447
436 442
431 433
436 448
444 448
429 441
434 449
437 446
443 444
441 443
435 448
441 442
440 448
444 446
431 442
429 434
439 448
432 441
433 437
432 439
433 441
433 446
429 433
432 449
429 436
436 450
429 449
442 445
434 441
438 440
431 435
438 450
435 450
437 442
438 443
429 439
431 449
443 445
439 450
440 449
443 449
442 448
435 437
431 446
429 444
445 449
439 447
434 436
436 437
436 447
436 449
443 450
430 446
449 450
444 445
430 448
444 449
437 448
445 447
434 448
448 450
441 449
432 438
438 447
431 448
445 450
462 467
458 470
454 465
467 468
461 464
453 456
453 462
470 471
459 463
459 472
453 470
467 472
458 463
454 458
456 461
457 468
465 470
452 459
457 466
454 464
451 472
460 473
452 468
461 463
455 456
456 470
463 473
459 470
454 455
459 465
454 470
457 472
458 465
461 466
453 454
457 469
452 465
456 459
455 459
459 468
456 469
466 467
456 457
463 469
464 465
456 463
464 472
454 459
453 473
451 459
451 452
453 466
451 460
455 469
454 471
454 456
458 467
454 466
470 473
459 473
460 470
463 465
463 467
456 468
455 471
452 462
453 463
453 468
463 468
460 462
464 466
459 469
460 461
458 464
464 469
471 473
462 469
469 472
471 472
452 473
457 463
453 455
451 464
452 466
456 467
451 453
451 458
466 469
453 472
451 467
455 464
458 466
463 470
458 473
460 467
464 471
467 471
469 470
468 470
457 471
469 471
458 469
454 468
452 471
458 460
451 471
464 470
468 469
462 470
466 471
455 467
451 466
454 460
465 472
453 464
451 462
461 465
457 461
452 467
467 473
455 458
457 459
456 466
465 473
458 462
451 470
459 462
461 473
459 464
455 465
463 472
457 460
465 469
452 453
453 459
455 463
460 465
465 467
461 472
453 467
457 464
452 472
453 469
464 468
472 473
458 468
464 473
452 460
460 468
455 473
454 463
451 463
460 466
455 457
451 456
452 463
457 465
465 468
451 468
461 468
458 461
466 472
457 470
454 472
451 469
469 473
456 472
453 471
452 464
460 472
452 458
451 461
463 464
455 470
460 463
456 462
460 464
461 470
462 465
455 461
451 473
465 466
464 467
458 472
451 454
456 465
454 469
457 473
454 457
457 458
461 462
470 472
461 467
454 473
459 466
455 466
461 469
452 454
456 460
467 470
453 461
459 467
454 462
458 459
451 455
454 461
459 461
468 473
453 458
455 468
454 467
459 460
456 464
452 455
462 472
455 472
452 461
452 456
460 469
462 468
451 457
459 471
456 471
474 487
477 488
474 475
474 495
489 491
488 489
480 493
482 489
483 488
475 482
495 498
483 486
485 493
475 479
484 486
476 491
480 481
492 497
478 491
490 496
476 489
482 490
475 498
484 494
481 488
480 487
495 496
490 492
491 498
476 477
480 498
483 487
475 495
486 490
492 498
487 491
477 497
476 497
483 496
492 499
480 496
489 497
481 498
478 493
476 484
480 490
479 483
474 491
482 487
479 499
483 489
479 498
476 498
483 498
485 488
487 489
483 490
485 498
477 486
493 498
479 492
480 488
476 493
494 498
484 496
478 494
491 496
474 479
485 496
474 477
486 496
476 485
474 490
486 495
474 497
478 480
474 494
487 495
484 495
494 497
483 497
477 487
490 491
481 490
487 497
475 487
477 494
481 483
488 497
485 491
482 483
485 497
487 490
478 492
488 498
475 478
488 499
474 485
480 483
481 493
478 489
480 489
475 480
480 494
477 495
479 486
486 489
492 493
478 482
474 484
485 495
477 496
475 490
480 497
486 492
477 492
488 493
476 480
478 487
484 497
496 498
474 489
475 497
485 486
495 499
493 496
478 499
481 485
475 494
474 493
484 498
477 478
481 499
498 499
486 488
474 480
492 494
486 487
479 487
479 484
476 494
474 498
479 494
480 485
475 499
488 491
476 487
489 496
474 496
475 477
494 495
487 494
483 494
479 493
482 494
491 494
485 489
486 491
480 482
484 492
493 499
481 495
483 492
479 496
474 486
489 494
479 497
486 493
487 498
476 492
478 485
478 486
493 495
488 494
481 487
495 497
479 488
483 491
477 481
476 478
479 480
474 499
481 492
476 483
496 499
474 483
485 487
476 486
488 490
477 479
482 497
492 495
480 486
490 498
482 486
479 485
475 485
485 490
476 482
477 484
478 495
486 494
482 495
477 485
477 499
490 497
491 493
489 493
475 486
474 482
483 493
480 495
497 498
474 488
489 499
478 481
488 492
487 499
481 484
488 496
487 492
485 492
490 495
491 495
489 498
488 495
482 499
480 484
494 499
484 490
484 489
490 493
483 484
484 485
477 483
482 484
481 482
486 498
477 491
482 492
474 481
475 488
493 497
480 499
476 490
478 484
487 493
484 488
479 491
489 492
477 493
487 496
476 481
475 489
479 489
475 476
478 488
484 491
478 496
482 493
474 476
484 499
483 485
491 497
476 496
493 494
481 491
478 498
485 499
475 493
475 484
479 482
481 497
491 492
497 499
481 496
494 496
477 482
476 495
484 487
481 486
475 496
486 499
477 480
484 493
480 492
474 492
481 489
496 497
482 485
489 495
479 481
482 498
476 488
490 499
476 499
481 494
491 499
487 488
483 499
482 488
486 497
476 479
477 498
479 495
485 494
477 490
475 491
480 491
475 492
482 496
478 490
475 483
478 483
483 495
489 490
475 481
