80 322
6 9
14 17
39 46
54 55
65 67
25 31
15 20
26 28
17 20
40 41
13 17
72 73
18 19
34 35
75 78
2 5
6 7
38 40
44 45
26 32
52 53
6 10
14 18
39 45
28 35
76 77
25 26
49 53
58 63
12 17
29 34
59 62
0 4
31 35
13 20
12 28
27 28
18 20
25 60
75 77
37 41
28 31
36 39
4 5
29 30
37 38
77 79
65 68
67 73
14 15
48 53
64 69
28 32
65 73
16 19
32 35
48 56
51 55
55 56
59 61
0 1
17 18
33 34
41 45
36 41
50 55
60 62
66 71
68 70
37 44
61 63
25 33
39 42
65 71
27 34
15 16
7 8
21 24
48 50
64 66
67 68
69 73
49 51
22 23
30 32
40 45
68 72
69 70
50 56
66 72
36 46
8 9
42 47
74 79
37 47
76 78
43 46
51 54
38 44
39 41
65 66
27 33
25 30
58 59
12 13
26 29
40 42
13 16
1 5
41 43
43 45
51 53
38 41
44 46
26 33
52 54
6 11
14 19
39 44
45 47
53 55
58 60
49 52
12 18
29 33
26 30
0 5
49 57
31 34
13 19
50 51
27 31
66 67
23 24
75 76
37 40
3 5
71 73
38 39
70 72
52 56
77 78
38 42
5 7
26 34
67 72
48 54
64 70
65 72
28 33
16 20
48 57
49 55
64 73
59 60
0 2
41 44
31 33
50 52
36 42
60 63
1 3
42 43
66 68
68 71
37 43
28 29
36 37
61 62
74 75
25 32
30 31
46 47
65 70
7 11
15 19
48 51
64 67
67 71
69 72
16 17
32 33
30 33
12 20
40 46
49 50
50 57
41 47
66 73
68 73
36 47
8 10
42 44
74 76
37 46
9 11
51 57
38 45
25 35
39 40
27 32
25 29
12 14
54 56
40 43
13 15
21 23
30 34
1 4
41 42
36 44
2 3
2 14
43 44
51 52
38 46
53 57
44 47
52 55
76 79
6 8
14 16
39 47
45 46
53 54
58 61
17 70
12 19
29 32
26 31
49 56
13 18
27 30
75 79
3 4
2 4
71 72
70 73
10 11
52 57
38 43
26 35
48 55
64 71
28 34
25 27
49 54
58 62
12 16
29 35
59 63
0 3
50 53
31 32
66 69
36 43
27 29
1 2
52 77
37 42
28 30
36 38
70 71
29 31
37 39
56 57
65 69
7 10
15 18
48 52
64 68
67 70
22 38
16 18
32 34
40 47
55 57
1 24
17 19
33 35
22 24
41 46
36 40
50 54
60 61
8 11
42 45
66 70
37 45
68 69
74 77
9 10
51 56
62 63
78 79
25 34
14 20
39 43
19 20
27 35
25 28
7 9
15 17
48 49
12 15
54 57
26 27
64 65
67 69
40 44
13 14
21 22
30 35
69 71
36 45
42 46
74 78
20 51
43 47
64 72
38 47
53 56
