500 2374
254 256
95 101
215 218
438 447
78 86
336 337
445 455
174 176
302 304
468 469
472 475
398 402
202 204
225 232
317 322
162 164
293 297
116 118
389 395
138 141
85 87
381 385
95 98
192 200
33 34
489 493
491 497
148 152
78 89
61 63
79 85
160 171
468 476
252 257
112 121
203 207
278 288
49 51
286 288
325 326
388 393
378 384
413 415
72 74
490 492
291 296
41 43
403 409
79 82
103 104
160 162
468 475
423 428
226 232
136 139
45 47
318 322
49 52
0 5
391 393
85 89
70 72
440 443
166 170
294 298
192 198
193 200
320 326
267 276
491 495
41 44
469 476
470 474
474 476
112 119
226 227
354 355
318 325
300 304
432 435
91 93
229 231
347 356
80 89
171 178
466 468
104 111
267 269
54 56
492 494
224 238
424 427
405 407
426 435
456 465
246 249
300 303
271 277
283 286
71 72
143 144
383 385
348 357
4 7
194 200
493 497
58 62
224 229
243 246
61 67
371 374
37 42
404 405
133 140
378 383
161 168
253 258
271 274
50 54
322 326
146 152
442 444
80 87
194 195
124 128
270 276
19 20
93 101
97 98
242 247
244 247
370 375
154 155
405 409
30 35
197 199
185 186
42 46
227 230
251 252
379 380
434 436
164 170
189 190
207 212
234 239
397 401
163 169
1 6
110 111
146 147
418 419
177 178
340 346
217 222
426 428
248 249
268 273
185 195
23 25
135 142
228 231
252 253
184 186
312 314
169 170
477 481
284 288
235 236
363 364
240 241
256 257
372 376
173 174
373 374
218 223
167 170
295 298
27 34
263 264
176 178
304 306
380 383
456 461
458 465
494 499
406 410
412 418
144 149
38 44
280 287
134 142
65 66
338 343
411 417
236 237
165 167
168 170
296 298
83 89
373 383
195 198
328 336
219 220
245 250
118 120
172 174
282 289
457 458
155 159
182 185
38 39
367 375
333 334
478 483
467 475
216 217
347 350
115 119
443 444
373 376
191 193
319 321
68 71
126 128
220 221
2 8
292 293
30 31
430 431
87 90
125 131
495 497
208 209
480 481
102 104
233 239
31 36
290 299
74 76
40 52
189 194
488 496
165 169
348 351
114 118
201 208
329 336
2 3
119 120
427 428
123 125
52 55
20 24
106 110
269 274
147 151
259 260
479 481
309 316
281 283
12 16
292 299
419 421
257 258
153 158
359 365
380 387
56 57
204 209
349 354
81 87
301 308
32 34
107 109
273 275
437 442
60 61
477 478
190 194
279 285
413 417
489 496
145 150
39 43
422 433
151 152
281 284
463 465
448 449
12 15
69 74
487 495
328 332
202 208
366 370
429 434
359 362
416 420
307 311
91 98
368 370
6 9
82 86
482 486
412 413
273 276
40 41
478 479
190 197
279 282
214 223
422 424
44 45
360 362
201 203
329 331
366 373
278 284
27 28
139 141
339 341
293 294
205 207
350 354
428 434
439 440
488 492
215 220
490 496
449 455
15 16
201 204
329 332
203 208
497 499
150 151
278 279
339 346
344 346
162 170
92 98
96 101
369 374
350 357
280 289
431 433
254 257
454 455
95 100
489 491
399 402
438 444
424 432
78 87
174 177
302 305
450 454
468 470
472 476
202 205
317 321
282 286
66 67
49 57
446 447
162 165
0 8
293 296
3 5
116 119
389 394
84 88
85 86
381 384
279 289
29 36
489 492
415 417
491 496
129 131
330 331
438 439
260 264
61 62
79 84
252 258
473 475
112 122
203 206
278 289
49 50
286 289
3 10
349 351
120 121
393 395
388 394
378 385
124 125
413 414
72 75
490 493
291 299
129 132
41 42
403 408
103 107
160 163
473 476
112 113
384 385
423 431
136 140
45 46
318 323
0 6
391 392
85 88
70 73
440 444
166 171
294 299
192 199
320 327
104 105
466 474
491 494
492 496
224 232
79 90
469 475
108 109
470 475
37 39
300 305
432 436
91 92
183 185
311 313
117 122
229 230
80 90
466 469
267 268
73 77
54 57
492 495
424 428
405 406
426 432
88 89
113 119
342 343
92 93
164 165
271 276
71 75
143 147
383 384
80 81
390 391
46 48
105 111
340 341
270 274
493 496
58 63
224 230
243 249
61 66
371 377
34 36
471 473
37 41
404 406
133 139
378 380
253 257
206 212
229 232
50 55
322 327
235 241
143 152
442 445
124 129
270 277
19 23
93 100
131 132
242 244
370 372
405 408
30 32
196 200
197 198
181 188
42 47
247 250
251 255
379 383
144 152
164 171
234 236
362 364
397 400
163 168
1 5
51 53
217 221
313 319
426 429
62 66
245 247
248 250
268 274
379 391
23 24
135 137
265 269
412 420
252 254
180 184
184 187
38 42
312 315
477 480
280 281
209 213
284 289
235 239
256 258
372 377
218 220
98 99
407 410
172 176
176 179
304 307
197 200
272 273
456 462
494 496
412 419
144 150
38 45
210 212
338 340
11 13
411 416
467 469
236 238
165 166
168 171
149 151
296 299
83 88
328 337
219 223
245 249
118 121
172 175
427 433
381 383
155 158
367 374
478 480
189 200
467 474
216 218
237 241
115 118
443 447
191 192
319 320
486 499
126 129
220 222
2 9
292 294
125 130
495 496
208 210
480 482
102 105
233 238
452 453
18 24
74 77
290 296
437 439
186 188
189 193
369 375
488 497
165 168
114 119
462 464
69 71
427 431
123 124
178 180
20 25
458 459
106 111
269 273
18 19
290 291
147 150
259 263
479 480
251 257
309 315
39 45
281 282
12 17
123 132
487 497
419 420
153 157
137 142
359 364
204 210
349 353
81 86
481 486
28 32
301 307
32 35
107 108
273 274
437 441
60 62
190 195
279 284
413 416
251 262
145 149
39 42
463 464
448 450
69 73
487 494
328 333
202 209
366 371
278 282
429 433
416 421
91 101
368 371
96 104
205 213
82 87
283 289
428 436
412 414
40 42
214 220
422 425
44 46
360 363
201 202
329 330
278 285
27 31
139 140
339 340
92 100
205 206
350 355
389 391
428 435
439 443
425 435
315 316
63 65
214 215
215 223
488 493
490 497
438 442
174 175
302 303
449 454
203 211
497 498
317 327
162 171
92 99
369 373
431 432
21 26
425 436
388 389
489 490
382 383
438 445
424 433
78 84
450 455
361 365
468 471
398 400
317 320
282 287
49 56
0 9
3 4
389 393
84 89
138 139
374 375
21 35
279 288
29 35
358 364
415 416
491 499
291 293
129 130
260 265
79 87
103 109
285 287
473 474
225 231
423 433
441 447
349 350
117 119
120 122
393 394
388 395
7 9
192 193
320 321
267 273
358 359
124 126
72 76
291 298
408 409
103 106
160 164
112 114
384 386
423 430
226 230
136 141
318 320
342 346
0 7
350 351
391 395
400 401
347 353
440 445
166 168
294 296
425 431
460 461
390 394
466 475
104 106
73 75
492 497
469 474
108 110
470 472
37 38
300 306
91 95
183 184
311 312
117 121
234 240
71 77
143 149
58 66
80 91
281 289
193 199
321 327
267 271
73 76
255 257
22 23
424 429
426 433
88 90
37 47
113 118
175 177
303 305
92 94
164 166
276 277
206 210
71 74
143 146
1 10
383 387
80 82
194 198
105 110
340 342
270 275
493 495
58 60
224 231
242 250
243 248
61 65
371 376
154 158
471 472
37 40
404 407
133 138
261 266
378 381
253 256
206 213
50 52
322 324
287 289
235 240
1 3
146 150
4 8
124 130
217 219
19 22
93 99
242 245
370 373
355 357
30 33
268 276
379 385
181 187
221 223
42 44
227 232
409 410
233 241
251 254
161 167
379 382
38 48
477 486
332 341
209 211
134 146
122 129
234 237
362 365
397 399
163 171
1 4
173 179
51 52
217 220
128 129
401 402
131 140
244 248
62 67
245 246
268 275
135 136
412 421
252 255
180 185
184 188
38 43
312 316
280 282
209 212
338 346
235 238
236 240
396 397
218 221
245 255
27 36
172 177
263 266
304 308
272 274
456 463
55 57
494 497
406 408
228 232
144 151
134 140
210 213
338 341
11 12
411 419
467 468
323 325
236 239
149 150
195 200
219 222
94 100
245 248
427 432
86 87
381 382
367 369
352 353
478 481
189 199
134 135
262 263
212 213
216 219
237 240
115 121
443 446
191 195
319 323
220 223
2 6
292 295
125 129
495 499
208 211
480 483
102 110
233 237
452 454
18 25
290 297
437 438
189 192
488 498
114 116
149 152
351 353
462 465
191 200
68 72
69 70
153 155
119 122
427 430
123 127
430 436
20 26
59 65
204 212
314 315
157 159
106 108
269 272
437 447
259 262
479 483
251 256
145 147
309 314
39 44
285 289
306 307
487 496
153 156
335 337
137 141
52 56
204 211
349 352
81 85
481 485
28 33
301 306
32 36
107 111
414 420
437 440
60 63
298 299
190 192
279 287
284 285
214 218
145 148
44 48
448 451
69 72
487 489
328 334
366 368
278 283
429 432
91 100
368 372
205 212
82 84
482 484
211 213
283 288
412 415
40 43
21 23
439 445
214 221
422 430
44 47
360 364
27 30
339 343
127 129
92 101
369 371
350 352
389 390
439 442
425 434
63 64
411 413
488 494
215 222
326 327
148 149
438 443
78 82
449 453
361 363
310 316
203 210
317 326
324 325
162 168
382 386
369 372
318 319
431 435
21 25
388 390
358 362
330 334
424 434
78 85
450 452
361 364
398 401
202 203
310 311
282 284
13 17
162 163
0 10
3 7
389 392
483 485
84 90
29 34
358 365
415 419
491 498
291 292
274 276
331 333
403 405
260 266
79 86
103 108
285 286
469 471
225 230
423 432
498 499
0 1
441 446
116 120
117 118
417 421
7 8
192 194
320 322
267 272
124 127
72 77
490 491
403 410
22 26
408 410
264 265
160 165
112 115
384 387
423 425
226 231
136 142
318 321
300 308
391 394
400 402
347 352
440 446
166 169
294 297
425 430
460 462
390 395
466 472
104 107
16 23
73 74
492 498
451 453
469 473
108 111
470 473
474 475
42 48
133 135
261 263
300 307
91 94
183 187
311 315
187 188
117 120
234 241
71 76
143 148
58 67
461 465
281 288
46 47
193 198
267 270
321 326
466 467
255 256
239 241
224 225
424 430
37 46
113 117
175 176
303 304
343 345
92 95
164 167
206 211
254 255
1 9
383 386
348 352
80 83
194 199
105 109
340 343
124 132
270 272
493 494
58 61
61 64
154 159
471 475
130 132
133 137
261 265
246 247
50 53
322 325
287 288
163 165
1 2
146 151
4 9
442 443
372 373
29 31
124 131
217 218
345 346
19 25
93 98
355 356
268 277
379 384
181 186
221 222
42 45
265 266
233 240
161 166
434 435
477 485
207 209
64 65
209 210
11 17
230 231
397 398
163 170
173 178
51 55
396 407
128 130
244 249
62 64
426 427
156 157
356 357
86 90
272 284
456 457
222 223
494 495
23 26
135 139
144 145
180 186
38 40
332 333
280 283
134 138
262 266
236 241
83 85
341 346
396 398
94 98
172 178
272 275
55 56
59 61
406 409
253 255
134 141
11 15
411 418
467 471
323 324
83 90
191 197
319 325
94 101
427 435
198 199
457 463
20 21
233 235
182 188
40 48
367 368
352 354
43 45
189 198
478 486
467 476
216 220
237 239
309 311
114 122
115 120
190 191
462 463
191 194
319 322
2 7
5 10
334 336
430 434
125 128
458 462
495 498
208 212
81 90
480 484
102 111
233 236
31 33
452 455
18 22
74 75
182 183
290 294
367 377
479 485
488 499
114 117
351 352
123 129
68 73
201 213
93 95
153 154
407 419
137 139
123 126
359 369
459 461
59 64
204 213
81 83
481 483
157 158
106 109
269 271
414 418
147 152
437 446
259 265
386 387
479 482
413 421
145 146
309 313
39 47
445 447
285 288
487 499
202 212
335 336
137 140
52 57
81 84
82 90
392 393
28 34
301 305
481 484
107 110
414 421
190 193
279 286
284 286
214 219
422 436
448 452
487 488
328 335
366 369
150 152
278 280
444 445
429 431
368 373
369 377
60 64
205 211
82 85
482 485
211 212
40 44
21 22
439 444
190 200
422 431
449 451
360 365
310 314
366 376
139 142
339 342
127 128
96 97
369 370
350 353
6 7
84 85
428 429
425 433
63 67
411 412
488 495
215 217
148 150
438 440
78 83
260 261
449 452
361 362
398 399
203 213
317 325
324 326
162 169
382 387
138 142
431 434
21 24
95 97
388 391
358 363
415 421
330 335
424 435
78 90
302 308
450 453
160 168
282 285
13 16
3 6
483 484
375 377
417 419
29 33
214 231
415 418
291 295
274 277
331 332
403 404
79 81
103 111
468 472
469 470
24 25
225 229
353 357
423 435
49 55
0 2
441 445
116 121
28 29
484 485
417 420
57 64
460 464
192 195
320 323
267 275
288 289
16 17
238 240
41 47
264 266
160 166
112 116
113 122
423 424
226 228
354 356
318 326
342 344
70 76
347 355
440 447
425 429
460 463
390 392
466 473
104 108
125 127
492 499
426 436
451 452
469 472
113 115
133 134
261 262
246 250
183 186
311 314
283 285
70 71
143 151
58 64
461 464
193 197
321 325
105 107
239 240
224 226
424 431
243 245
371 373
61 70
196 197
109 111
181 183
37 45
113 116
62 63
175 179
303 307
161 171
343 344
271 273
206 208
1 8
348 353
80 84
194 196
105 108
270 273
54 55
242 248
243 250
370 376
154 156
34 35
471 474
133 136
227 229
261 264
378 379
180 181
25 26
163 164
146 148
418 420
4 10
372 374
29 30
341 343
19 24
93 97
313 315
242 243
370 371
379 387
181 185
404 408
135 141
161 165
180 188
477 484
207 208
64 66
11 16
305 307
234 235
362 363
495 0
173 177
51 54
396 400
128 131
313 316
167 169
295 297
244 250
62 65
27 33
156 158
268 269
456 458
297 299
135 138
144 146
180 187
38 41
332 334
280 284
134 139
338 344
210 216
411 428
305 308
83 84
195 197
341 345
396 399
218 219
94 99
5 7
172 179
249 250
272 276
59 60
297 300
253 254
182 186
333 337
210 211
338 339
11 14
411 421
467 470
323 327
347 349
191 196
319 324
427 434
47 48
87 89
457 462
20 22
233 234
126 127
367 371
352 355
43 44
189 197
216 221
14 16
237 238
309 310
126 132
201 211
2 4
5 9
334 337
118 119
430 435
458 463
208 213
81 89
480 485
102 108
31 32
269 277
18 23
290 295
186 187
367 376
479 484
89 90
145 152
351 355
123 128
68 74
201 212
292 296
93 94
137 138
178 179
380 384
368 376
459 460
59 67
349 357
81 82
481 482
28 36
102 103
141 142
269 270
414 419
453 455
437 445
259 264
251 258
413 420
489 499
309 312
39 46
422 434
170 171
281 287
445 446
69 77
487 498
328 329
202 213
94 95
366 367
359 361
416 417
91 97
204 205
6 10
392 394
28 35
301 304
190 198
279 281
284 287
214 216
448 453
487 491
366 374
496 497
278 281
444 446
429 430
368 374
369 376
60 65
205 210
40 45
439 447
488 489
422 428
449 450
201 207
310 315
329 335
366 377
339 345
127 131
96 98
84 86
374 376
428 430
431 436
53 55
254 258
425 432
63 66
411 415
215 216
399 401
148 151
331 337
422 423
78 80
260 262
438 441
174 178
302 306
472 473
202 206
203 212
317 324
324 327
162 166
382 384
293 299
111 121
414 415
381 387
95 96
99 101
464 465
358 360
489 495
415 420
330 332
148 158
424 436
160 169
203 205
275 277
225 227
353 355
13 15
3 9
441 443
375 376
417 418
53 57
29 32
378 386
490 494
291 294
331 335
403 407
79 80
103 110
433 435
468 473
24 26
225 228
353 356
136 137
423 434
49 54
0 3
441 444
116 122
28 30
484 486
140 141
70 74
440 441
425 427
460 465
7 10
192 196
320 324
267 274
72 79
491 493
238 241
41 46
22 24
79 89
160 167
433 436
112 117
113 121
423 427
226 229
354 357
318 327
432 433
342 345
183 188
311 316
121 122
70 77
347 354
425 428
390 393
193 195
104 109
321 323
466 470
125 126
424 425
451 455
113 114
300 301
283 284
143 150
58 65
4 5
461 463
193 196
321 324
105 106
270 271
255 258
493 499
224 227
243 244
371 372
196 198
109 110
181 182
37 44
471 476
133 142
175 178
303 306
161 170
271 272
206 209
50 56
348 354
442 446
80 85
194 197
58 59
242 249
370 377
244 245
154 157
457 465
227 228
247 249
157 166
161 163
180 182
164 168
50 51
322 323
163 167
146 149
418 421
240 248
4 11
372 375
340 344
341 342
93 96
313 314
97 101
426 430
30 36
379 386
344 352
181 184
385 387
42 43
404 409
135 140
228 229
161 164
332 336
477 483
207 211
64 67
305 306
173 176
51 57
396 401
128 132
167 168
98 100
295 296
407 409
27 32
156 159
86 88
268 270
380 381
456 459
297 298
412 416
144 147
435 436
38 46
332 335
280 285
134 136
262 264
338 345
83 87
195 196
341 344
94 96
5 6
118 122
272 277
59 63
155 157
182 187
364 365
367 373
333 336
467 473
411 420
323 326
347 348
115 117
191 199
319 327
68 69
485 486
126 130
2 10
334 335
87 88
457 461
20 23
459 465
102 106
367 370
352 356
43 47
189 196
478 484
216 222
14 17
165 171
348 349
114 120
115 122
351 357
420 421
68 76
201 210
2 5
5 8
430 432
52 53
458 460
480 486
81 88
102 109
31 35
269 276
35 36
18 20
290 292
75 77
147 149
39 48
114 115
351 354
123 131
68 75
292 297
317 319
380 385
368 377
459 463
59 66
349 356
106 107
414 416
453 454
437 444
8 9
413 419
489 498
39 41
422 435
281 286
12 13
69 76
487 493
328 330
202 210
429 436
359 360
416 418
91 96
204 206
82 88
392 395
301 303
190 199
279 280
214 217
330 336
422 426
448 454
487 490
366 375
496 498
278 286
444 447
368 375
60 66
205 209
82 83
482 483
428 432
40 46
439 446
488 490
490 498
422 429
201 206
310 312
329 334
339 344
127 130
92 96
96 99
84 87
374 377
428 431
53 54
29 45
411 414
215 219
399 400
438 446
331 336
78 81
260 263
174 179
302 307
472 474
202 207
423 447
317 323
162 167
382 385
293 298
116 117
280 294
138 140
381 386
455 458
95 99
99 100
358 361
33 35
489 494
330 333
78 88
9 10
450 451
160 170
252 256
112 120
275 276
203 204
225 226
353 354
423 436
282 283
13 14
325 327
3 8
441 442
483 486
53 56
388 392
100 101
378 387
33 36
72 73
490 495
291 297
238 239
274 275
331 334
403 406
79 83
103 105
160 161
433 434
468 474
37 48
76 77
423 429
354 363
136 138
45 48
49 53
0 4
28 31
85 90
140 142
70 75
440 442
425 426
192 197
320 325
466 476
267 277
491 492
41 45
22 25
79 88
112 118
113 120
423 426
318 324
432 434
347 357
80 88
193 194
104 110
321 322
466 471
492 493
424 426
426 434
451 454
470 476
456 464
475 476
246 248
300 302
303 308
206 207
283 287
71 73
143 145
348 356
166 167
4 6
294 295
461 462
192 211
493 498
224 228
243 247
371 375
196 199
470 471
37 43
133 141
378 382
158 159
161 169
286 287
343 346
271 275
230 232
50 57
348 355
442 447
80 86
19 21
97 99
242 246
244 246
370 374
405 410
30 34
457 464
185 187
130 131
227 231
247 248
251 253
161 162
379 381
180 183
164 169
189 191
207 213
234 238
397 402
163 166
1 7
177 179
340 345
394 395
217 223
19 26
97 100
426 431
268 272
185 188
385 386
404 410
228 230
184 185
312 313
169 171
332 337
477 482
207 210
231 232
235 237
363 365
173 175
373 375
319 336
51 56
396 402
472 483
218 222
167 171
98 101
295 299
407 408
27 35
263 265
176 177
304 305
86 89
268 271
198 200
380 382
456 460
458 464
494 498
412 417
144 148
38 47
43 48
280 286
134 137
65 67
262 265
338 342
168 169
296 297
83 86
195 199
219 221
94 97
172 173
282 288
457 459
59 62
392 400
155 156
182 184
367 372
333 335
478 482
467 472
14 15
347 351
115 116
443 445
373 377
191 198
319 326
68 70
126 131
427 436
125 132
199 200
457 460
459 464
406 407
102 107
18 26
290 298
352 357
43 46
189 195
478 485
216 223
165 170
348 350
114 121
351 356
68 77
201 209
329 337
119 121
427 429
430 433
52 54
458 461
314 316
31 34
269 275
18 21
290 293
75 76
147 148
259 261
479 486
462 469
123 130
306 308
292 298
153 159
317 318
380 386
459 462
204 208
349 355
32 33
414 417
437 443
259 266
477 479
8 10
376 377
413 418
489 497
145 151
39 40
422 432
281 285
12 14
69 75
487 492
328 331
202 211
429 435
359 363
416 419
307 308
91 99
368 369
204 207
6 8
82 89
301 302
273 277
190 196
279 283
214 222
330 337
422 427
448 455
360 361
366 372
496 499
278 287
27 29
127 132
293 295
60 67
205 208
428 433
40 47
439 441
488 491
215 221
490 499
41 48
78 79
15 17
201 205
310 313
203 209
329 333
344 345
92 97
96 100
350 356
280 288
