100 663
20 25
21 28
54 58
17 20
18 19
75 78
13 32
78 86
14 31
38 40
89 94
15 30
39 45
12 17
88 98
49 58
13 20
83 85
8 87
4 5
94 98
56 58
20 32
59 71
81 86
95 98
28 32
55 56
61 69
59 61
36 41
88 93
34 41
37 44
79 85
90 95
39 42
65 71
48 50
69 73
49 51
50 56
41 85
90 99
3 11
80 85
87 96
24 33
46 52
60 70
47 49
87 94
20 21
16 29
40 42
17 24
41 43
79 82
18 31
75 82
43 45
76 78
14 19
49 52
26 30
0 5
50 51
12 29
27 31
4 11
2 7
5 10
70 72
19 27
93 96
20 28
23 33
16 20
41 44
31 33
63 65
18 22
42 43
23 31
74 75
12 32
36 37
77 81
74 85
14 26
89 91
15 19
64 67
67 71
91 93
12 20
68 73
66 73
13 25
93 95
92 99
51 57
19 32
0 40
20 27
62 70
27 32
59 64
81 83
21 26
54 56
35 43
16 33
36 44
34 44
78 84
14 29
89 92
15 24
49 56
13 18
0 9
71 72
4 7
52 57
94 96
5 6
46 51
62 73
60 73
81 84
55 58
61 67
59 63
16 24
36 43
88 95
34 39
37 42
90 93
65 69
76 81
48 52
50 54
90 97
68 69
87 98
2 10
46 58
60 64
47 51
82 85
87 88
7 9
97 98
20 23
16 31
40 44
21 22
18 29
74 78
75 84
36 56
77 86
24 30
14 17
25 31
15 20
26 28
0 7
12 31
1 6
2 5
5 8
96 97
6 7
47 56
19 29
52 53
26 32
84 85
20 30
16 22
25 77
21 31
17 23
22 28
63 67
35 36
23 25
75 77
36 39
37 38
78 83
77 79
74 83
14 24
67 73
64 69
65 73
91 95
48 56
12 22
66 71
60 86
15 33
62 68
59 66
21 24
95 97
63 72
61 72
35 45
39 88
88 90
34 42
8 9
38 44
15 26
39 41
76 84
92 94
12 13
13 16
0 11
3 6
1 10
80 82
91 96
46 49
53 58
6 11
21 33
47 52
87 93
29 33
61 65
16 26
34 37
17 27
37 40
79 81
18 32
75 81
38 39
90 91
76 83
24 25
48 54
49 55
64 73
0 2
50 52
68 71
1 3
4 8
28 29
2 8
46 56
30 31
82 83
19 22
87 90
93 99
7 11
22 33
16 17
30 33
17 28
22 27
63 68
18 27
42 44
74 76
75 86
77 84
74 86
14 23
6 80
25 29
15 22
1 4
13 28
2 3
92 96
89 98
96 99
18 94
51 52
47 58
19 31
52 55
20 24
53 54
62 67
21 29
35 38
23 27
75 79
13 33
78 81
74 81
14 30
38 43
89 95
15 31
64 71
48 58
12 16
88 97
66 69
13 21
70 71
56 57
59 68
95 99
55 57
88 92
60 61
34 40
8 11
17 32
37 45
9 10
90 94
62 63
39 43
76 86
48 49
13 14
90 98
3 8
1 8
80 84
87 97
91 98
24 32
46 55
53 56
60 69
6 9
47 54
54 55
82 86
87 95
16 28
40 41
72 73
34 35
17 25
79 83
18 30
75 83
44 45
76 77
14 18
25 26
49 53
0 4
12 28
27 28
4 10
28 31
2 6
29 30
19 24
93 97
14 64
59 72
16 19
17 18
41 45
22 25
63 70
18 25
23 28
6 60
77 82
74 84
14 21
15 16
64 66
12 27
69 70
66 72
13 26
92 98
14 33
89 96
51 54
20 26
62 65
59 65
35 40
6 55
40 61
89 93
38 41
15 25
12 18
88 99
66 67
49 57
13 19
83 84
3 5
4 6
52 56
85 86
94 99
5 7
20 33
46 50
62 72
60 72
57 58
81 85
61 68
59 60
36 42
60 63
88 94
61 62
79 84
90 92
65 70
76 80
48 51
69 72
49 50
50 57
90 96
3 10
80 86
87 99
46 53
60 71
47 48
82 84
19 21
87 89
97 99
20 22
16 30
40 43
21 23
41 42
18 28
75 85
43 44
76 79
24 29
15 21
26 31
0 6
12 30
27 30
2 4
5 9
70 73
47 57
19 26
20 29
23 32
16 21
22 31
31 32
63 64
35 37
18 23
23 30
12 33
36 38
37 39
78 82
77 80
74 82
14 27
89 90
67 70
64 68
91 92
47 81
12 21
66 70
13 24
93 94
51 56
62 71
59 67
81 82
54 57
61 73
35 42
33 46
36 45
88 89
34 45
78 85
15 27
76 91
92 93
13 17
94 95
0 10
83 86
3 7
1 11
80 81
52 58
94 97
91 97
46 48
47 53
61 66
59 62
16 25
34 36
37 41
79 86
65 68
76 82
14 15
48 53
0 1
50 55
68 70
2 11
60 65
25 33
47 50
19 23
87 91
7 8
22 32
40 45
30 32
17 29
63 69
18 26
74 79
77 85
14 22
25 30
15 23
12 24
1 5
13 29
89 99
96 98
71 87
51 53
19 28
52 54
26 33
84 86
20 31
53 55
62 66
16 23
21 30
17 22
22 29
63 66
35 39
18 21
23 24
75 76
78 80
77 78
74 80
14 25
38 42
15 28
67 72
65 72
64 70
91 94
48 57
46 99
12 23
88 96
66 68
13 22
51 58
15 32
46 47
98 99
62 69
95 96
32 33
61 71
35 44
88 91
34 43
8 10
17 33
9 11
38 45
39 40
76 85
92 95
12 14
13 15
50 58
3 9
1 9
80 83
19 42
91 99
46 54
53 57
60 68
6 8
21 32
47 55
87 92
61 64
16 27
10 33
17 26
79 80
18 33
75 80
10 11
24 26
48 55
25 27
49 54
0 3
50 53
27 29
1 2
4 9
28 30
46 57
29 31
60 67
19 25
93 98
7 10
59 73
17 19
22 24
63 71
18 24
74 77
23 29
78 79
77 83
25 28
15 17
64 65
67 69
26 27
12 26
13 27
92 97
14 32
89 97
51 55
57 72
19 30
