50 205
1 4
3 4
0 1
2 3
0 3
0 2
2 4
7 10
9 13
5 8
7 13
9 11
5 9
5 10
10 13
5 6
9 10
12 14
6 11
8 10
6 7
5 11
5 14
7 8
5 13
13 14
7 12
8 12
8 13
9 12
6 13
6 8
12 13
6 10
6 14
6 9
11 14
8 14
7 14
7 9
5 7
7 11
5 12
8 11
9 14
11 12
6 12
10 14
10 12
11 13
8 9
19 20
16 17
18 25
15 21
18 20
18 23
23 24
19 23
19 22
15 23
15 24
17 25
16 18
18 22
17 24
21 23
16 22
17 22
16 24
17 21
17 19
15 20
15 17
23 25
19 25
18 21
17 18
16 25
15 18
18 24
20 25
21 24
19 21
17 23
22 23
15 22
21 22
15 16
20 21
15 25
20 24
20 22
15 19
17 20
16 23
26 33
34 35
27 36
31 32
28 34
29 31
31 37
27 33
28 36
33 37
31 36
33 36
27 35
26 31
28 33
33 34
30 32
30 33
26 30
28 31
29 30
33 35
35 36
34 37
30 31
32 34
28 32
27 28
26 27
32 36
31 33
26 34
35 37
30 36
32 37
26 32
27 30
30 37
27 31
29 34
29 32
31 35
26 29
27 37
27 29
29 35
36 37
26 37
27 34
39 43
41 45
41 49
42 43
39 45
45 47
39 49
42 44
45 49
40 49
45 48
40 44
44 46
38 43
41 42
39 48
41 47
38 48
43 45
46 47
42 46
42 45
41 48
38 40
38 47
40 46
38 42
41 46
39 42
38 44
39 47
38 49
38 45
44 45
45 46
38 41
39 40
43 44
47 49
47 48
43 48
42 49
40 47
48 49
43 47
44 49
46 48
39 44
44 47
42 47
40 42
39 41
40 41
41 44
40 45
42 48
40 43
38 39
40 48
46 49
