100 1050 67 28
80 23
59 79
66 11
76 25
63 96
48 85
3 31
21 45
27 56
0 24
48 53
39 59
63 31
34 1
45 35
7 51
6 4
38 56
27 66
3 73
90 29
80 0
42 52
12 3
88 28
4 69
0 53
30 53
66 70
54 71
25 57
43 29
85 28
43 46
27 72
43 91
80 40
46 83
21 24
1 53
87 61
94 85
72 71
47 26
64 98
23 65
28 90
39 46
46 74
46 32
16 28
33 29
2 44
38 50
72 22
34 99
7 58
88 6
7 88
58 72
87 16
45 81
74 17
67 4
22 10
27 21
43 22
0 65
70 52
77 75
35 50
94 67
65 40
37 10
7 18
80 94
76 11
70 61
43 65
87 15
1 28
63 90
6 30
55 17
59 94
43 71
42 30
47 41
25 56
63 25
51 69
99 32
3 65
2 68
41 91
4 54
99 2
37 60
5 19
51 55
97 15
91 82
10 95
78 31
72 68
71 68
58 33
76 79
72 41
89 64
15 83
85 58
12 5
88 22
55 31
60 81
70 24
12 57
80 7
7 42
99 68
48 87
88 54
79 57
88 1
27 18
2 35
76 49
80 35
23 71
23 84
0 47
97 28
67 17
76 57
63 67
51 47
38 19
63 79
59 25
71 64
94 43
86 17
69 37
72 61
48 92
34 61
75 36
48 78
96 24
21 52
80 32
87 54
86 95
76 67
6 82
67 9
11 29
90 36
69 15
69 77
48 21
9 18
56 18
12 60
76 17
6 37
28 60
55 37
39 16
47 35
37 92
48 40
61 96
61 10
48 94
28 41
43 93
0 97
83 96
96 50
47 16
28 40
33 73
1 5
94 93
53 61
4 35
72 70
63 16
3 21
37 41
71 83
80 17
51 54
97 11
17 64
39 63
92 68
10 8
67 69
65 24
9 75
51 5
79 30
34 30
25 74
25 1
63 42
22 60
38 60
45 93
0 11
12 34
86 27
88 42
74 81
74 10
89 62
86 15
85 11
84 69
84 24
11 1
12 42
63 32
19 44
94 34
67 84
65 32
43 62
25 11
33 62
77 47
85 79
58 57
40 8
58 47
37 2
23 82
84 99
38 75
48 37
63 11
26 32
39 66
83 61
87 32
74 89
46 29
67 41
23 73
6 51
23 46
83 78
43 61
74 73
7 65
46 3
76 69
97 81
39 89
80 26
7 38
94 47
53 77
3 56
58 26
69 28
53 22
39 98
19 35
39 7
87 72
19 10
57 47
86 72
48 11
6 49
80 88
42 86
59 75
7 6
11 99
83 45
58 34
96 68
23 62
39 83
41 18
23 99
30 61
72 98
23 27
47 78
7 26
0 41
48 76
72 57
2 41
85 81
77 13
20 9
87 69
42 67
67 66
97 66
51 10
3 99
63 76
87 11
32 82
67 92
60 95
17 8
39 12
13 8
69 11
6 10
30 70
48 77
53 18
34 57
48 59
30 81
43 53
20 32
21 31
80 42
51 71
46 92
43 49
12 65
16 96
26 68
66 55
71 16
79 23
28 96
48 24
5 37
12 58
53 89
80 58
59 21
88 84
85 46
88 90
58 17
94 84
76 27
58 90
43 21
59 3
92 56
12 66
39 88
79 51
94 76
63 59
72 5
24 8
5 64
3 57
80 66
1 65
51 34
3 71
46 57
27 73
59 29
30 28
51 27
86 31
6 27
37 95
7 94
25 72
30 37
59 50
88 76
7 67
25 26
17 52
12 14
66 89
11 28
63 92
27 74
25 37
15 24
99 40
99 33
67 54
85 34
46 8
72 83
99 38
67 46
63 43
76 22
83 19
53 17
71 37
96 52
38 17
97 34
76 58
84 72
61 93
85 0
12 6
96 2
79 31
58 67
12 67
0 28
39 36
94 29
59 91
59 35
16 24
24 60
86 11
7 56
79 3
97 5
4 86
12 23
68 93
9 89
59 8
3 97
6 98
49 75
22 50
48 22
86 83
0 87
37 29
42 97
88 78
63 34
80 73
0 13
58 55
94 86
90 20
99 47
67 32
68 13
37 9
70 22
79 83
66 91
88 12
67 33
69 66
85 87
78 13
76 18
1 15
48 17
73 98
76 42
42 87
66 49
80 46
15 62
65 2
70 32
63 17
79 43
59 76
14 24
4 45
76 15
30 45
77 8
28 13
96 82
88 0
97 53
42 29
85 50
42 1
70 15
25 62
1 95
90 96
63 6
87 26
63 61
19 36
94 42
42 55
67 95
43 74
48 3
54 38
96 36
58 56
85 72
94 27
5 40
58 60
48 7
90 82
80 56
51 3
43 3
23 64
84 40
0 3
45 10
48 57
59 11
48 13
97 89
63 3
80 70
87 97
39 82
5 26
53 15
55 33
3 18
90 38
63 77
91 32
29 64
87 35
3 37
6 83
84 65
87 1
25 93
94 79
67 3
71 21
62 31
3 17
85 97
23 97
39 11
70 35
0 43
21 28
59 43
53 5
2 36
43 60
85 4
54 49
11 49
3 96
63 66
7 63
53 92
4 49
48 64
68 24
99 70
88 33
4 55
58 74
90 2
83 81
69 82
85 92
55 9
72 56
77 73
85 69
21 64
42 16
33 91
25 77
48 35
72 97
38 98
57 95
79 11
11 89
52 50
2 92
86 54
12 99
77 70
72 28
39 87
29 89
16 29
12 72
27 57
12 1
97 9
6 34
23 22
0 77
3 1
49 68
48 86
97 93
27 20
63 74
59 69
69 14
48 14
38 52
79 32
43 35
25 30
69 30
52 19
74 19
63 94
17 81
79 24
55 78
3 29
11 15
84 36
48 12
0 72
54 24
6 46
84 56
25 15
59 22
53 37
59 52
63 18
76 87
6 31
60 10
79 22
49 95
48 20
6 9
23 43
24 31
38 40
15 38
88 57
39 67
21 33
28 24
2 98
72 52
39 78
57 50
58 82
37 90
79 16
43 1
23 53
25 29
80 79
88 59
72 54
59 74
58 14
88 19
3 9
23 15
65 61
1 55
65 93
58 27
21 68
67 97
52 31
33 95
59 6
12 22
63 4
11 38
76 97
61 26
42 25
57 73
59 92
21 47
7 21
48 54
40 56
76 3
67 23
12 87
1 37
39 47
7 30
74 77
85 23
74 8
69 34
7 85
94 44
48 88
76 71
12 30
42 43
52 56
52 13
76 30
2 60
4 65
54 18
71 73
67 20
7 76
7 3
80 61
88 94
42 35
66 73
73 19
96 41
71 60
55 64
12 11
59 4
66 33
12 94
66 37
66 65
18 82
1 96
11 34
6 99
46 82
29 19
88 99
14 81
43 33
58 79
37 19
97 21
65 91
55 98
88 67
90 17
63 24
12 55
76 10
71 22
27 54
59 61
38 18
43 17
79 34
23 72
48 1
96 8
25 53
40 36
87 77
7 79
46 77
12 92
67 49
7 41
80 62
48 49
97 50
48 84
84 82
72 14
23 74
0 35
80 74
87 47
94 97
79 55
34 54
63 55
76 46
14 75
49 62
16 2
58 0
74 37
59 72
64 10
86 62
63 46
26 60
80 45
52 75
87 9
28 36
1 57
58 64
42 81
79 20
39 60
35 82
59 90
87 27
39 43
97 19
39 85
43 37
12 9
92 31
0 69
6 29
34 53
74 41
7 37
43 11
71 49
94 45
99 8
7 59
97 47
64 36
1 90
20 52
7 43
56 31
30 57
80 82
19 31
39 84
12 86
76 61
48 0
21 15
3 4
79 92
4 57
7 91
85 90
79 75
70 78
85 52
63 47
85 43
3 90
80 99
63 51
54 95
87 33
49 28
48 25
63 58
42 20
88 27
52 89
87 25
76 53
53 65
51 64
53 93
21 62
46 1
80 86
55 74
25 52
47 38
74 22
43 44
39 28
51 11
0 75
57 96
80 43
11 40
52 62
12 59
70 31
74 20
87 13
40 62
23 87
25 45
6 26
14 32
40 13
68 62
26 56
66 44
85 84
85 66
47 18
15 91
42 79
48 70
59 0
79 74
5 96
63 87
63 72
99 17
84 11
7 9
97 55
30 93
0 22
14 13
39 58
7 12
87 34
80 1
33 40
58 83
42 61
87 74
10 81
34 5
19 18
66 93
1 17
1 77
92 98
60 35
42 5
67 77
94 46
34 93
86 29
67 38
94 58
23 40
98 36
59 41
59 97
84 45
74 99
33 64
11 83
1 62
0 2
46 11
48 79
6 16
85 51
46 66
80 76
53 71
70 60
4 33
4 10
25 22
99 19
7 14
69 97
48 31
12 79
39 79
80 12
80 38
74 49
57 5
79 78
6 3
94 72
56 13
23 4
79 84
15 75
57 36
75 81
22 91
86 98
46 71
12 89
34 71
76 51
58 40
39 96
12 63
27 34
43 19
70 16
0 78
39 6
48 91
99 64
30 5
46 69
71 56
27 92
27 75
48 58
30 14
3 66
53 36
39 65
80 72
58 23
48 97
46 25
79 89
71 20
66 71
58 69
88 30
25 73
30 55
51 78
63 27
54 57
88 63
46 81
53 98
25 47
84 66
65 95
99 71
48 63
30 44
7 46
17 24
84 15
80 6
49 10
46 4
85 54
84 26
6 66
45 91
99 52
5 15
85 25
66 30
93 98
65 56
12 82
85 6
27 90
35 36
3 41
28 81
83 41
23 9
99 9
16 90
88 85
0 34
12 38
55 53
42 11
30 75
3 25
76 66
99 14
22 2
