100 1050 32 73
17 36
36 98
15 92
87 58
36 71
93 80
29 10
34 94
60 44
39 40
43 42
30 54
36 8
27 4
16 23
27 29
59 20
93 20
25 68
45 76
8 96
62 91
34 26
47 40
18 42
72 96
28 73
41 18
57 28
0 82
94 98
5 90
13 81
4 77
75 18
7 43
95 70
86 22
46 9
86 21
15 79
88 68
67 0
51 82
51 45
25 31
28 86
17 85
88 71
61 50
38 9
79 75
93 17
93 98
86 77
86 25
51 27
66 87
69 43
0 22
24 91
93 33
94 2
29 59
5 25
52 80
69 38
21 13
78 21
39 77
16 65
67 73
12 54
62 68
88 76
27 20
16 70
21 82
52 24
28 25
2 75
39 10
86 10
51 16
2 76
47 20
0 12
94 25
12 21
16 55
16 95
52 15
0 11
57 53
16 21
51 88
83 3
97 82
56 82
51 33
56 46
16 77
93 89
10 18
20 68
94 64
94 29
93 70
47 78
79 88
19 26
36 4
8 47
16 47
28 63
5 68
34 61
52 61
46 76
1 26
94 96
31 74
51 42
19 89
36 5
45 87
19 22
20 49
34 5
39 63
86 32
16 57
27 3
45 97
72 20
6 84
7 13
23 14
17 16
83 69
25 65
59 26
29 85
90 3
83 23
94 37
18 40
94 45
31 92
9 68
70 9
34 57
94 71
16 67
24 90
16 98
27 46
34 78
36 62
30 74
29 56
93 71
3 14
72 7
98 44
34 89
17 8
39 41
36 10
52 7
97 64
52 66
29 69
25 45
22 65
15 59
4 21
76 21
2 12
27 56
33 5
95 0
15 68
94 22
39 26
69 7
51 4
37 43
21 26
94 31
96 89
51 35
86 64
20 90
36 79
66 55
27 61
90 22
28 41
10 60
17 45
15 50
51 94
16 4
69 97
25 35
17 15
46 97
34 95
71 19
58 44
62 22
47 21
61 99
65 44
88 53
37 80
39 38
67 13
95 22
71 81
5 24
83 24
74 53
4 23
27 15
34 16
20 50
69 6
83 43
71 0
62 12
5 56
64 53
59 32
20 46
48 84
51 11
7 23
98 72
88 10
34 4
62 74
43 75
56 7
53 77
94 5
31 64
36 42
96 73
51 50
59 7
66 40
4 89
80 73
15 82
33 1
8 75
70 83
27 17
8 13
56 48
8 67
72 37
80 19
57 4
49 23
98 29
86 39
96 46
45 26
33 30
28 46
22 84
51 20
1 29
16 48
20 70
27 39
46 89
94 46
32 4
56 12
31 11
93 48
96 39
34 59
7 30
72 9
17 33
78 7
88 50
51 73
89 82
70 11
72 70
78 11
0 89
77 99
15 28
95 35
29 38
73 43
37 28
96 86
93 87
27 28
79 3
59 84
98 80
51 69
31 55
16 72
20 88
67 65
33 86
76 49
93 19
27 33
37 31
17 12
52 37
98 92
90 63
48 35
9 81
79 53
37 63
32 14
76 68
47 96
65 82
45 18
16 15
39 81
55 44
32 55
75 13
47 71
17 19
59 85
6 73
35 3
37 62
15 19
34 86
95 87
94 78
61 65
51 5
34 96
6 55
45 12
30 63
34 85
72 97
16 80
1 63
89 55
70 71
51 99
50 84
87 75
78 10
15 37
94 38
27 79
25 4
7 55
67 21
48 18
96 64
48 44
34 49
52 4
39 0
98 10
17 98
5 77
27 36
7 38
7 11
33 55
86 6
57 22
40 11
46 87
52 5
47 32
62 25
38 26
61 4
36 72
52 76
25 88
8 41
57 24
33 47
94 69
51 60
56 90
7 39
22 31
53 42
93 0
96 9
33 79
26 13
16 61
78 3
15 25
6 30
34 6
94 62
34 79
34 64
15 89
1 79
48 19
14 68
45 0
36 66
52 20
27 42
28 10
86 41
69 12
69 49
32 30
30 42
56 31
28 87
88 69
86 26
86 67
16 45
4 19
98 47
70 35
51 37
8 2
51 71
5 32
51 28
28 6
33 56
34 20
25 41
90 99
33 23
59 95
35 84
79 70
88 75
78 71
97 30
37 39
36 88
71 50
52 88
55 82
34 33
0 6
97 23
31 60
20 83
72 0
8 1
7 44
87 30
22 49
5 46
36 1
43 41
51 41
89 84
33 87
12 11
29 57
15 63
36 52
98 48
16 60
25 32
21 60
2 50
83 99
8 59
16 94
51 63
52 46
25 43
79 39
1 67
44 42
28 85
25 54
85 11
50 75
28 13
48 63
27 54
34 41
24 49
50 54
95 83
72 79
66 2
70 90
51 24
29 62
83 49
71 92
85 2
7 84
19 81
69 60
8 57
7 60
22 64
90 21
66 6
83 4
5 86
83 0
49 11
96 45
83 6
62 85
47 15
19 30
17 32
72 75
59 89
89 54
89 58
72 35
20 54
80 18
47 80
39 58
47 46
8 91
29 92
93 8
56 83
88 3
78 24
33 48
67 58
28 99
8 95
27 59
66 79
36 7
52 96
95 44
71 89
72 41
34 17
94 6
95 77
62 61
58 68
5 57
30 82
57 68
55 92
6 75
36 94
37 97
15 66
72 55
73 54
4 26
20 2
61 21
83 76
99 54
79 48
98 25
37 71
8 66
41 3
61 53
72 47
86 14
33 89
83 22
46 19
89 3
36 96
90 76
98 1
4 76
0 49
17 52
51 17
88 41
79 25
15 7
8 61
34 27
40 3
17 11
27 86
67 26
37 0
38 75
89 22
73 23
27 0
78 28
36 26
50 74
6 31
69 81
94 61
87 26
36 74
29 46
29 73
20 67
62 21
28 83
12 84
41 9
48 99
70 39
46 7
86 45
16 0
90 6
76 63
59 4
34 29
35 67
36 56
0 43
28 19
52 23
37 32
73 40
31 10
72 1
30 26
74 77
39 55
97 6
93 28
17 67
10 50
34 44
79 30
34 47
93 52
27 97
0 10
5 80
33 39
61 6
31 53
19 21
36 60
66 9
59 97
1 66
17 1
7 19
79 24
57 82
39 64
15 55
67 84
35 82
86 87
93 46
1 39
35 50
78 88
66 77
31 12
28 32
46 23
61 76
4 43
17 94
88 38
83 65
34 66
94 91
17 26
20 87
35 31
87 38
56 25
49 68
49 63
19 41
94 68
93 29
16 97
62 86
27 8
70 82
93 27
93 7
37 48
36 45
15 83
59 42
27 68
8 46
95 74
93 96
79 87
3 81
72 78
56 32
98 70
66 32
48 89
33 69
98 75
27 72
48 46
16 96
85 75
29 61
93 16
46 30
36 48
15 61
5 26
71 97
59 19
94 52
83 75
17 20
10 23
59 86
45 19
59 21
66 65
45 65
47 42
85 88
16 32
8 23
28 69
84 23
28 40
79 49
47 37
41 68
34 62
16 36
8 79
98 9
76 19
39 18
27 40
75 14
51 1
6 63
5 85
97 49
33 95
24 53
49 14
28 95
57 49
33 78
15 43
20 89
57 79
59 0
62 78
78 14
34 8
98 20
31 9
96 2
88 74
98 73
93 94
17 38
62 96
29 89
10 38
72 48
27 52
84 38
32 43
72 88
20 92
85 61
7 67
59 92
57 40
1 62
93 61
45 92
27 66
1 31
21 68
59 69
37 78
66 69
5 95
92 44
20 39
20 22
36 59
46 35
10 13
58 91
52 62
22 75
29 19
78 76
71 67
59 10
24 4
77 3
26 9
76 22
76 30
47 89
24 42
17 29
62 49
98 37
51 70
86 38
41 63
86 61
33 37
93 79
66 57
15 53
83 61
51 47
2 7
72 59
47 90
48 69
35 10
16 31
36 33
76 18
85 95
86 43
8 90
86 48
29 35
79 54
36 54
66 43
33 98
5 65
79 22
72 62
33 35
87 90
63 14
48 21
48 32
8 28
37 14
33 8
16 29
25 80
95 89
36 28
2 61
51 22
34 1
88 92
66 12
56 28
34 36
90 89
95 32
85 49
83 30
70 55
24 75
3 58
15 48
94 57
15 32
17 50
70 73
95 90
39 91
33 31
29 32
27 1
20 80
28 3
59 88
79 95
33 41
17 25
57 88
25 11
95 86
7 91
7 26
76 43
71 12
75 3
62 7
16 66
1 47
36 19
57 84
54 14
21 38
22 14
47 7
12 40
47 83
93 44
93 36
93 9
94 32
20 31
59 87
94 41
93 1
8 25
48 61
94 15
37 66
12 63
33 72
8 15
94 84
80 91
9 44
16 5
33 25
71 49
37 57
46 58
87 88
93 45
28 81
72 15
0 55
79 0
71 58
64 50
83 55
98 41
2 69
92 42
69 0
20 95
2 21
32 87
22 21
17 22
4 69
1 70
52 28
26 44
87 71
93 15
80 58
20 30
80 23
29 76
17 75
34 98
20 71
33 21
98 62
0 50
36 85
28 80
89 91
83 53
37 85
85 68
36 40
2 26
66 20
15 81
98 31
33 29
2 41
28 60
17 49
8 65
16 12
56 70
94 85
33 49
33 71
69 19
32 6
33 67
85 55
59 66
94 47
56 43
69 55
82 54
72 39
8 70
20 6
53 60
57 86
36 92
94 67
80 6
3 54
97 10
51 83
66 95
66 21
62 20
51 98
8 37
88 30
8 52
71 38
37 64
71 14
33 2
70 69
47 59
41 75
28 61
33 59
70 45
16 33
16 69
2 0
55 75
1 55
27 94
57 97
72 4
59 57
88 31
85 10
