100 256 10 12
58 85
45 52
71 48
36 37
98 19
63 12
65 41
26 97
97 93
4 60
35 76
35 14
45 67
71 75
28 82
13 4
46 61
81 79
62 46
75 5
15 25
80 36
58 64
50 82
63 0
89 10
68 3
42 34
3 0
56 97
65 60
71 60
67 34
36 83
12 68
28 96
44 68
92 29
43 10
27 79
20 40
90 14
33 63
84 5
26 50
79 42
61 24
36 38
62 65
8 61
7 73
63 3
28 23
39 16
25 31
60 4
1 59
87 67
26 83
59 69
61 8
74 54
52 34
54 73
99 45
21 66
71 57
53 96
45 76
15 98
49 3
30 43
15 0
72 21
39 52
64 57
4 96
42 88
65 5
69 40
37 80
58 30
46 66
15 54
15 23
87 2
64 58
72 93
9 33
41 28
49 56
23 41
34 82
92 98
17 56
24 22
59 20
96 90
76 53
13 57
19 8
95 35
94 70
2 75
47 51
16 1
10 13
71 26
15 4
87 50
39 73
83 24
40 93
81 30
67 20
39 62
47 18
89 2
56 17
35 5
13 52
51 46
83 26
56 24
83 97
38 37
88 6
17 65
78 92
38 72
46 47
75 15
71 41
17 49
86 18
89 65
66 77
39 67
52 45
84 21
82 72
71 45
79 34
2 62
64 88
14 5
57 30
37 74
52 4
30 82
6 25
28 44
99 49
82 34
49 20
48 9
39 28
15 60
52 26
49 15
34 76
36 92
99 17
3 44
58 68
33 53
79 53
71 15
13 15
12 93
52 25
0 94
86 51
20 95
56 41
20 67
11 97
15 20
57 91
75 3
39 64
44 48
15 53
71 11
15 38
22 55
49 67
85 39
92 20
58 93
57 10
71 52
15 32
15 40
57 82
71 93
54 7
29 32
23 72
77 98
71 32
35 93
0 54
15 76
43 60
75 4
64 72
33 84
73 74
72 76
43 89
15 55
32 16
75 72
33 70
91 81
67 48
90 76
81 48
15 50
38 97
11 88
99 34
73 7
56 23
72 40
56 0
83 5
69 27
77 5
56 99
30 62
39 72
31 78
14 95
93 40
72 53
71 72
75 87
52 40
60 12
49 22
44 18
87 34
55 86
2 36
94 33
70 12
52 62
50 11
56 89
65 75
15 70
18 84
1 6
97 38
