500
0 231 2
0 394 15
1 344 3
1 441 12
2 349 13
2 399 4
3 170 13
3 412 9
4 34 7
4 141 13
5 414 4
5 415 15
6 95 14
6 471 15
7 223 15
7 445 14
8 121 9
8 262 11
9 55 11
9 384 14
10 31 13
10 358 15
11 181 7
11 199 1
12 271 3
12 395 3
13 353 11
13 433 14
14 85 14
14 453 14
15 111 11
15 296 10
16 43 15
16 228 10
17 49 9
17 129 2
18 96 15
18 352 3
19 162 11
19 396 13
20 67 15
20 339 9
21 211 11
21 455 11
22 161 8
22 185 3
23 260 11
23 330 7
24 325 5
24 369 5
25 184 10
25 346 8
26 383 6
26 423 4
27 221 14
27 256 6
28 319 7
28 446 11
29 243 13
29 487 13
30 86 12
30 467 15
31 465 9
32 192 11
32 323 11
33 195 6
33 461 14
34 146 12
35 200 6
35 443 3
36 187 1
36 288 8
37 264 4
37 453 3
38 325 13
38 393 10
39 76 13
39 469 9
40 250 10
40 448 4
41 201 14
41 456 8
42 65 7
42 251 12
43 391 6
44 77 11
44 440 7
45 54 5
45 483 10
46 158 5
46 437 9
47 135 3
47 321 8
48 464 7
48 472 2
49 458 5
50 181 3
50 245 2
51 211 6
51 265 12
52 270 6
52 485 13
53 80 14
53 139 1
54 491 14
55 129 9
56 218 8
56 291 10
57 389 15
57 403 3
58 401 9
58 428 4
59 62 9
59 210 10
60 127 3
60 207 2
61 246 12
61 252 7
62 380 4
63 368 7
63 449 3
64 290 14
64 350 4
65 84 10
66 320 12
66 497 1
67 318 15
68 253 11
68 402 10
69 163 9
69 369 13
70 134 5
70 371 13
71 258 5
71 312 4
72 265 6
72 275 5
73 421 12
73 431 9
74 168 4
74 382 11
75 110 15
75 414 5
76 366 9
77 113 7
78 327 6
78 332 11
79 103 8
79 123 11
80 457 10
81 475 5
81 484 3
82 296 14
82 365 15
83 118 9
83 236 4
84 202 9
85 481 13
86 167 14
87 209 9
87 274 8
88 130 6
88 489 4
89 200 7
89 284 4
90 294 9
90 395 4
91 240 6
91 450 12
92 389 8
92 438 4
93 219 12
93 462 13
94 152 12
94 397 15
95 285 13
96 240 14
97 308 8
98 373 12
98 435 10
99 204 11
99 386 10
100 194 8
100 267 8
101 287 8
101 466 10
102 127 14
102 292 8
103 425 11
104 300 3
104 316 13
105 151 5
105 224 8
106 459 6
106 481 2
107 167 9
107 283 2
108 272 7
108 420 14
109 116 13
109 460 10
110 277 7
111 361 10
112 149 1
112 291 12
113 205 15
114 197 3
114 354 7
115 189 8
115 345 10
116 184 2
117 248 2
117 326 13
118 346 13
119 191 2
119 454 1
120 342 1
120 499 5
121 417 2
122 161 12
122 351 8
123 263 11
124 186 9
124 208 12
125 410 1
125 468 11
126 418 12
126 463 3
128 152 9
128 160 7
130 194 13
131 289 5
131 413 10
132 140 3
132 233 1
133 263 13
133 327 7
134 171 11
135 190 13
136 238 9
136 385 15
137 154 11
137 496 12
138 193 10
138 485 10
139 306 14
140 299 3
141 454 5
142 315 4
142 409 9
143 431 14
143 498 11
144 158 12
144 420 14
145 376 2
145 460 4
146 378 15
147 235 15
147 357 9
148 373 6
148 404 14
149 157 8
150 430 13
150 447 5
151 423 5
153 295 13
153 464 6
154 169 8
155 242 13
155 354 14
156 406 9
156 422 14
157 172 1
159 216 13
159 495 7
160 201 6
162 357 7
163 307 6
164 252 4
164 254 2
165 220 8
165 392 8
166 386 11
166 465 2
168 487 15
169 391 12
170 176 2
171 319 5
172 497 5
173 324 12
173 383 13
174 188 14
174 388 11
175 304 4
175 370 9
176 237 14
177 476 8
177 493 13
178 198 3
178 371 5
179 232 10
179 281 4
180 245 14
180 338 15
182 459 5
182 482 9
183 218 11
183 257 12
185 226 11
186 415 12
187 298 9
188 249 1
189 314 14
190 470 13
191 217 14
192 413 10
193 227 3
195 450 4
196 406 12
196 447 6
197 229 14
198 408 7
199 488 2
202 438 6
203 269 14
203 326 13
204 482 15
205 409 8
206 295 3
206 498 15
207 228 15
208 374 8
209 283 14
210 305 13
212 330 3
212 374 3
213 362 11
213 417 1
214 274 6
214 387 14
215 261 14
215 379 3
216 268 13
217 458 3
219 452 8
220 316 1
221 223 2
222 311 1
222 411 7
224 340 6
225 331 4
225 411 14
226 234 7
227 407 15
229 337 3
230 305 11
230 488 6
231 276 12
232 363 14
233 314 1
234 282 9
235 492 2
236 393 3
237 390 13
238 452 1
239 336 1
239 380 8
241 277 8
241 408 6
242 492 9
243 451 9
244 322 7
244 477 13
246 303 3
247 381 5
247 477 1
248 449 10
249 329 11
250 364 12
251 278 7
253 421 1
254 312 15
255 334 8
255 375 13
256 385 2
257 285 6
258 323 6
259 332 15
259 368 8
260 367 15
261 308 14
262 301 7
264 362 7
266 407 10
266 457 5
267 425 7
268 270 6
269 451 13
271 432 3
272 299 8
273 321 13
273 375 2
275 372 12
276 404 4
278 429 13
279 317 14
279 397 11
280 401 2
280 472 5
281 494 15
282 361 1
284 290 8
286 304 13
286 439 6
287 470 6
288 424 10
292 442 11
293 353 6
293 388 4
294 427 13
297 350 10
297 365 6
298 489 14
300 342 11
301 366 11
302 328 13
302 490 10
303 329 15
306 416 13
307 338 8
309 429 13
309 496 4
310 378 7
310 418 5
311 399 14
313 331 2
313 499 9
315 443 14
317 478 14
318 469 2
320 444 3
322 427 4
324 473 6
328 436 5
333 392 9
333 440 6
334 382 3
335 348 2
335 434 15
336 347 6
337 400 12
339 494 12
340 360 3
341 381 1
341 490 14
343 424 14
343 430 3
344 448 9
345 416 4
347 349 5
348 478 6
351 412 12
352 483 2
355 377 2
355 428 5
356 359 15
356 491 9
358 480 7
359 403 13
360 463 2
363 493 8
364 432 7
367 486 5
370 474 8
372 461 7
376 379 8
377 446 8
384 445 1
387 471 15
390 475 9
394 484 11
396 435 14
398 442 5
398 467 6
400 402 13
405 419 5
405 455 8
410 437 7
419 422 7
426 474 8
426 479 1
433 468 2
434 439 4
436 444 13
441 486 8
456 480 4
462 495 11
466 476 3
473 479 10
6
7 17 30 50 120 1000000
