200
0 28 18
0 117 1
1 84 20
1 131 14
2 169 8
2 197 2
3 57 6
3 74 7
4 21 18
4 96 13
5 147 18
5 164 11
6 69 5
6 102 12
7 150 3
7 194 13
8 35 7
8 196 1
9 23 16
9 69 1
10 180 13
10 191 4
11 66 19
11 181 11
12 48 10
12 59 13
13 19 20
13 131 14
14 118 2
15 93 19
15 101 13
16 57 16
16 140 5
17 58 8
17 122 10
18 52 5
18 121 16
19 149 8
20 27 11
20 119 17
21 32 15
22 134 1
22 185 20
23 136 5
24 30 4
24 78 7
25 95 17
25 157 12
26 113 18
26 138 14
27 49 13
28 165 9
29 101 12
29 187 2
30 48 19
31 85 15
31 159 20
32 158 15
33 52 13
33 77 5
34 83 7
34 193 13
35 157 6
36 113 4
36 149 2
37 73 19
37 166 15
38 61 5
38 183 11
39 176 16
39 192 4
40 79 4
40 173 3
41 128 9
41 148 20
42 45 10
42 63 4
43 144 9
43 162 20
44 61 16
44 74 10
45 172 5
46 47 6
46 126 8
47 153 13
49 86 7
50 89 1
50 116 2
51 138 5
51 144 12
53 115 19
53 184 9
54 98 16
54 107 8
55 92 15
55 167 14
56 156 16
56 197 12
58 62 11
59 80 3
60 85 17
60 109 9
62 91 16
63 125 4
64 71 14
64 133 19
65 146 6
65 194 20
66 151 5
67 106 3
67 195 2
68 134 12
68 176 19
70 90 10
70 115 20
71 198 8
72 106 8
72 143 3
73 88 15
75 102 8
75 189 19
76 92 9
76 129 6
77 108 4
78 120 3
79 170 6
80 175 12
81 140 7
81 148 12
82 83 17
82 184 8
84 139 18
86 154 17
87 108 15
87 161 15
88 100 5
89 124 8
90 121 19
91 97 8
93 170 4
94 104 6
94 141 17
95 152 6
96 145 8
97 187 6
98 178 5
99 105 18
99 146 8
100 111 14
103 158 13
103 168 13
104 155 5
105 126 6
107 193 12
109 183 7
110 160 19
111 172 2
112 116 16
112 165 14
114 132 10
114 186 14
117 127 12
118 195 4
119 199 18
120 129 4
122 161 18
123 153 12
123 179 2
124 164 18
125 191 3
127 199 15
128 198 19
130 137 3
130 145 2
132 143 4
133 186 11
135 155 18
135 174 4
136 171 17
137 175 10
139 173 9
141 179 9
142 163 13
142 189 8
147 169 11
150 188 19
151 162 7
152 159 14
154 180 19
156 178 8
160 182 17
163 190 3
166 167 6
168 185 16
171 196 20
174 192 6
177 181 19
177 190 7
182 188 3
6
1 10 2 3 5 100
