281 290 167
65 66 8
23 22 3
82 83 9
148 149 7
5 6 4
24 74 7
115 114 3
174 175 7
269 268 6
171 170 4
78 79 7
106 191 1
160 161 8
7 8 6
27 26 2
31 0 8
221 222 6
41 40 2
27 192 10
90 89 5
6 7 2
183 184 9
107 108 4
255 254 1
62 61 2
240 239 7
266 267 6
8 9 9
245 244 8
162 161 3
209 210 4
100 58 5
181 182 7
60 61 1
127 275 3
21 22 2
122 0 3
42 43 7
222 223 4
241 240 2
83 84 4
59 58 7
52 51 1
42 41 4
256 257 10
9 71 8
39 38 7
134 133 9
25 24 6
129 130 10
174 173 7
2 1 7
37 38 5
181 231 7
164 163 1
247 246 3
220 221 2
37 46 6
207 208 8
45 150 1
198 199 5
211 212 1
26 25 8
66 67 9
125 126 2
188 187 9
59 250 8
18 17 7
196 188 3
219 218 1
127 253 2
65 103 3
26 45 3
257 258 8
226 227 10
274 273 8
93 94 1
278 131 6
33 44 7
77 3 6
206 205 6
203 204 7
143 142 9
170 169 9
128 129 8
63 62 5
3 102 6
128 127 7
172 173 2
213 212 3
81 82 4
0 1 8
18 19 8
159 160 10
214 213 9
185 186 2
48 10 6
155 156 5
155 154 9
201 202 6
50 51 8
11 34 6
132 131 9
241 242 5
206 207 9
142 141 6
26 72 3
27 32 6
236 235 2
126 127 2
46 195 8
167 166 7
16 17 8
265 280 8
107 106 10
12 13 4
91 92 7
199 200 4
177 176 4
189 190 6
28 29 8
157 156 6
271 270 7
40 39 7
226 225 9
158 157 2
10 11 1
70 69 6
110 111 8
93 92 1
3 99 4
76 41 1
112 111 3
151 73 6
96 197 10
77 78 1
96 227 4
95 105 1
13 14 5
224 225 7
25 152 9
258 259 3
56 55 4
87 86 6
260 261 6
134 229 6
222 279 7
145 144 4
29 30 4
47 32 8
205 204 1
0 121 4
254 253 4
69 68 10
88 87 4
53 52 8
247 84 3
272 271 1
97 98 8
20 21 3
75 43 3
215 214 8
12 11 9
131 130 6
266 265 10
233 84 4
123 120 6
20 19 1
101 43 2
223 252 3
30 31 3
245 246 2
54 53 2
268 267 6
3 2 10
176 175 7
15 16 10
65 64 6
110 276 9
136 135 6
37 5 4
50 49 7
265 264 2
261 262 7
264 263 4
111 125 8
210 211 4
146 145 2
178 179 3
28 27 3
16 33 9
9 49 6
68 67 2
202 203 2
120 53 5
84 124 3
22 36 6
109 108 4
201 200 9
118 119 10
147 146 8
98 99 1
153 106 5
63 64 5
181 180 8
244 243 6
182 183 1
112 113 6
171 172 9
187 186 9
9 73 1
95 96 6
239 238 10
95 277 4
270 269 1
58 57 2
148 41 10
143 144 3
5 4 4
251 30 6
71 70 5
189 188 8
94 95 8
4 3 1
104 88 1
59 60 9
97 96 2
79 80 10
233 234 10
206 248 2
135 134 6
185 184 4
168 167 10
10 9 7
10 249 6
169 168 9
117 118 1
133 132 10
191 190 2
138 139 9
255 256 4
105 106 10
209 208 5
237 238 3
262 263 3
217 218 7
243 242 10
56 57 4
14 15 8
215 216 6
85 86 3
116 117 7
154 153 6
197 198 3
272 273 6
165 164 4
228 59 8
109 110 7
140 139 8
235 234 5
114 113 4
194 147 7
89 88 2
111 147 4
163 162 7
137 136 3
230 152 9
275 274 10
138 137 9
232 211 1
237 236 10
165 166 6
116 115 5
84 85 8
260 259 1
119 95 6
193 174 7
54 55 5
141 140 8
178 177 2
35 11 5
80 81 6
224 223 4
90 91 9
219 220 1
24 23 1
5 43 6
158 159 3
217 216 3
179 180 3
