500 499 1
467 317 7
158 139 2
57 74 7
228 482 8
337 142 10
412 168 3
14 34 10
50 123 4
16 26 4
93 70 10
282 114 8
255 347 2
248 450 1
374 17 8
112 40 8
49 267 3
333 292 7
183 219 10
462 165 9
106 153 2
265 49 7
54 52 6
221 37 9
76 16 2
296 84 9
28 1 10
25 70 1
94 34 6
178 214 3
102 71 8
63 60 4
12 61 3
244 276 8
81 30 9
384 127 9
14 106 2
323 221 2
343 76 3
231 392 2
188 355 6
12 88 9
342 194 6
247 455 9
169 399 3
354 171 1
39 145 9
22 80 2
76 202 7
6 11 6
40 363 10
352 21 7
186 464 10
227 112 1
6 60 6
142 75 4
336 229 6
234 465 10
155 332 6
473 440 5
93 345 5
8 5 8
379 10 5
257 32 1
290 383 8
494 109 7
380 144 4
188 21 4
42 156 1
37 260 7
3 325 2
141 56 6
120 57 8
266 476 7
241 46 5
284 244 10
18 186 6
156 184 1
145 489 4
85 90 6
254 161 3
87 251 1
95 140 3
341 256 3
83 304 5
46 78 9
6 127 7
376 396 6
99 73 9
213 31 2
222 138 10
44 11 2
387 326 10
453 299 3
246 290 8
157 322 5
442 190 3
175 67 6
441 56 9
45 309 10
219 372 7
40 20 9
255 199 9
75 45 6
86 444 10
11 288 4
449 118 8
57 31 2
144 49 1
306 191 5
419 94 9
1 2 5
112 122 8
187 35 1
137 312 9
171 35 2
282 420 1
56 218 5
14 1 9
310 2 5
244 110 4
95 422 9
421 184 9
272 232 8
64 280 6
109 263 2
248 300 1
113 83 7
313 136 1
271 314 1
36 37 6
423 280 7
394 121 2
326 370 1
25 143 7
92 2 1
274 189 10
181 106 7
121 162 2
410 350 5
240 136 2
230 391 4
101 13 5
3 6 4
374 488 9
418 196 9
483 188 5
278 411 9
92 138 6
168 75 3
197 438 10
77 49 4
111 369 2
100 51 7
60 225 4
131 26 2
118 30 10
96 87 5
11 53 1
117 36 6
90 160 6
38 2 9
495 17 1
1 5 10
209 79 8
140 242 4
48 83 10
37 212 2
71 220 2
434 66 4
328 21 6
62 36 8
161 103 3
324 32 8
50 47 8
86 150 5
316 484 1
414 351 5
477 42 10
63 307 9
276 461 3
217 104 3
277 90 6
230 28 10
8 21 8
415 86 1
416 196 5
3 107 4
95 147 7
403 359 3
316 249 3
32 1 8
97 9 1
452 246 7
15 1 10
457 383 7
133 417 4
124 163 6
449 468 7
32 149 2
125 208 6
199 178 2
63 98 5
20 4 4
22 3 5
20 29 7
437 6 10
469 0 5
107 206 2
390 189 7
27 228 6
91 69 3
192 231 8
26 402 1
112 167 2
134 298 10
498 159 9
340 19 10
292 280 2
35 108 1
17 294 2
85 95 5
229 94 4
315 19 7
132 170 6
499 488 7
11 19 7
66 146 9
54 194 4
70 233 2
435 69 7
95 308 4
57 176 10
22 115 6
148 28 4
53 278 2
493 461 1
389 34 9
132 152 5
129 42 7
204 92 4
492 467 9
333 348 2
151 95 3
475 36 1
157 153 8
43 26 10
189 275 4
474 436 3
238 327 6
52 177 1
160 178 9
115 281 6
33 14 10
137 33 8
297 162 2
185 135 7
287 178 6
1 65 7
37 201 3
192 344 4
197 151 5
118 446 5
330 63 2
487 474 3
116 77 7
191 268 4
8 179 1
103 321 10
2 386 2
292 302 1
325 376 7
15 23 1
128 114 7
182 106 8
145 262 7
238 98 3
479 37 4
301 189 7
0 56 8
66 19 7
167 215 8
365 355 1
261 187 2
1 4 1
3 0 3
371 406 6
17 15 4
178 407 6
305 171 3
25 381 8
22 68 4
283 211 7
118 183 2
427 9 6
191 69 6
13 239 2
180 51 7
29 299 2
187 357 1
102 339 7
52 124 10
395 201 3
26 431 5
405 303 2
13 7 8
234 3 10
71 79 9
20 154 7
20 200 10
2 448 10
274 373 3
393 144 4
266 231 6
30 46 5
164 23 2
36 29 9
159 35 9
359 385 4
189 167 2
111 40 3
362 296 3
171 256 8
458 282 8
222 454 7
135 486 6
6 39 4
76 335 2
106 114 6
377 94 9
10 8 1
8 30 3
463 387 2
47 9 5
25 20 3
174 117 3
115 429 5
264 12 3
318 382 7
237 205 1
331 142 7
5 16 5
173 97 9
88 192 2
0 1 8
42 45 10
327 443 2
131 367 4
150 269 9
108 210 1
346 275 8
12 10 8
366 147 2
15 439 8
203 74 10
317 131 2
243 193 4
451 362 3
100 166 8
408 5 3
456 318 8
374 413 6
285 409 10
195 181 7
253 221 1
12 35 7
283 361 9
38 48 10
236 116 8
427 471 1
80 86 10
245 243 3
104 52 3
289 266 8
11 24 9
497 70 9
31 6 2
55 30 2
185 428 3
45 258 1
226 173 10
447 193 3
119 85 7
78 481 2
457 491 8
271 263 3
64 45 1
285 430 7
84 19 6
344 426 8
12 51 4
103 90 3
60 433 10
25 223 6
67 54 1
124 470 7
110 34 10
30 71 6
152 165 4
318 183 6
105 75 10
328 440 4
472 330 6
126 329 1
41 28 8
82 496 5
136 101 1
190 38 8
285 259 3
100 356 5
32 172 9
368 234 1
163 360 7
58 37 7
270 116 6
169 250 2
67 134 7
7 9 7
4 18 6
211 166 9
204 295 6
249 72 4
136 388 8
5 133 9
436 174 2
238 259 7
364 50 1
12 59 2
197 286 8
401 101 1
13 109 6
252 228 8
255 334 10
76 224 10
406 445 8
279 91 7
126 57 9
201 293 2
42 6 9
49 33 6
34 155 4
42 246 10
39 69 2
210 398 10
205 459 2
122 207 5
311 39 1
353 239 7
93 130 4
387 480 10
30 291 10
297 319 9
248 87 7
193 134 2
80 125 3
85 56 9
464 485 7
273 326 5
404 310 1
293 490 3
7 6 10
56 82 4
397 273 3
280 320 8
101 371 6
135 97 10
93 425 7
400 196 4
61 198 1
42 338 8
339 460 7
375 350 5
351 278 4
23 432 7
2 52 4
76 87 5
301 378 3
121 104 8
89 87 1
151 247 8
9 349 2
232 17 3
424 236 10
17 27 9
358 162 9
73 72 4
196 138 3
65 169 6
37 466 8
72 20 4
359 188 5
441 478 4
235 107 3
121 303 1
43 132 9
87 205 9
1 139 7
169 216 10
273 253 2
323 350 1
