638 645 135
555 187 5
119 88 41
487 317 54
420 186 93
230 227 50
77 137 50
105 104 69
174 175 63
306 599 27
189 190 17
141 142 78
430 216 56
418 17 77
10 42 73
40 145 78
545 625 40
71 70 55
8 9 42
161 162 49
54 8 89
266 267 56
298 297 60
2 244 30
371 372 86
563 549 19
343 64 57
94 95 1
301 300 92
363 343 15
576 575 79
170 171 80
31 30 22
367 366 58
264 263 38
67 68 51
278 277 63
450 449 95
475 456 87
111 110 93
42 390 34
112 121 59
524 523 24
185 184 91
82 83 20
93 94 74
33 3 1
176 177 82
91 92 4
133 144 28
211 212 98
184 183 53
206 352 79
554 344 69
330 105 78
529 530 9
108 109 30
102 103 42
218 219 86
589 590 55
45 29 62
283 284 89
213 214 36
125 28 87
305 306 26
44 127 28
451 450 49
514 515 34
222 146 54
107 135 3
3 2 43
283 282 97
507 508 13
367 368 25
210 211 77
497 498 65
560 475 19
207 208 45
74 73 75
569 525 18
23 37 87
16 15 89
472 153 36
553 277 2
566 147 50
24 532 42
83 84 44
562 279 62
372 373 14
440 441 50
425 12 76
534 437 35
388 387 58
409 234 45
12 51 11
276 538 26
7 6 12
302 301 10
516 517 74
575 574 43
50 348 42
315 316 7
113 114 15
326 250 79
169 168 83
610 497 28
159 160 11
443 442 1
318 317 46
164 165 9
402 266 98
624 470 95
303 304 78
0 25 86
18 17 63
2 1 67
198 223 56
446 445 38
222 341 62
349 309 93
294 572 32
381 380 7
233 608 87
141 150 53
342 203 4
523 522 59
99 539 75
434 435 51
527 528 37
157 399 95
429 339 37
376 377 99
60 21 63
3 4 35
18 32 33
381 382 46
270 271 54
146 41 63
259 226 69
568 193 72
150 570 16
470 335 42
153 57 9
366 365 78
8 7 33
129 92 54
134 10 13
215 258 87
501 500 65
166 167 31
163 249 33
59 66 88
157 140 6
548 395 45
112 111 51
321 322 3
148 121 52
187 188 86
581 580 49
513 514 5
40 50 54
571 550 6
581 582 21
219 220 89
96 97 5
86 87 86
171 172 90
329 146 53
89 90 77
450 635 71
84 85 10
266 604 6
496 495 55
424 276 77
484 361 97
88 89 3
340 355 40
311 310 98
95 96 26
158 157 20
613 309 71
486 147 35
254 79 53
15 118 99
595 594 52
11 10 7
104 103 8
401 210 95
183 477 80
71 140 36
614 384 46
132 121 74
461 334 15
365 31 48
446 447 76
273 272 83
159 158 66
181 182 66
295 296 27
160 161 36
438 437 56
76 75 31
503 504 35
467 126 53
327 243 60
121 408 4
320 334 11
60 63 56
269 270 53
526 621 55
196 195 79
296 297 92
65 7 92
335 16 47
395 185 97
181 180 23
351 264 74
69 68 98
203 204 13
182 183 70
108 107 52
545 472 28
133 42 59
298 299 19
239 177 52
445 444 91
234 20 95
284 285 54
86 85 26
210 209 38
124 414 71
179 627 67
400 146 23
122 622 9
243 163 24
385 386 92
77 78 72
292 293 81
358 394 73
59 256 26
573 574 36
474 273 70
279 280 38
510 511 57
98 227 98
224 83 25
577 578 55
591 590 49
180 179 20
190 191 28
588 587 29
169 170 54
169 611 15
101 100 82
6 5 58
338 120 53
212 213 26
225 94 75
186 187 50
467 533 9
357 212 98
188 189 48
439 438 6
238 212 9
233 112 48
25 24 38
459 159 43
405 73 93
582 583 7
527 526 67
232 541 93
217 218 93
191 544 49
290 289 31
382 383 28
297 491 9
626 633 54
202 201 43
21 20 71
217 216 95
147 114 27
43 37 8
172 173 11
180 460 98
22 28 66
400 473 55
251 66 36
485 424 95
505 504 49
226 42 56
115 237 7
207 206 8
466 414 98
224 631 45
282 281 93
152 106 41
171 359 76
277 276 25
20 19 23
413 276 30
368 369 33
620 247 20
294 293 80
90 91 98
406 312 86
389 31 60
380 379 80
6 235 46
138 417 72
542 393 66
248 241 77
444 443 71
263 339 60
205 206 29
195 194 88
136 42 50
56 4 61
116 115 70
311 312 66
203 202 13
123 543 100
2 41 75
66 345 52
245 51 96
185 186 3
39 462 15
164 163 58
436 435 87
114 115 43
448 447 98
113 112 2
177 458 92
177 178 86
23 24 46
528 529 75
376 375 86
602 305 46
221 179 46
34 31 35
216 454 25
576 577 16
521 520 40
407 481 78
125 131 88
193 605 93
289 288 23
208 209 59
561 395 23
71 72 55
452 451 26
296 421 78
430 431 86
427 142 86
454 453 3
593 592 75
519 520 56
291 292 98
565 127 56
119 412 53
281 280 52
499 498 31
453 452 16
506 505 82
556 232 3
437 436 94
166 257 16
165 255 11
13 36 87
354 209 62
336 74 77
141 240 68
262 261 48
196 228 8
558 240 93
30 52 44
4 58 45
540 394 86
362 179 38
81 82 23
347 164 3
392 183 40
21 22 50
588 589 94
628 380 74
475 623 21
210 324 64
41 537 43
344 203 18
500 499 86
197 198 57
303 302 63
524 525 52
69 70 32
373 374 100
27 12 86
460 480 52
53 6 100
552 129 41
48 30 62
87 123 55
15 14 50
316 317 99
156 146 87
603 515 37
101 102 82
61 253 80
200 199 67
403 9 52
378 377 41
493 549 27
81 80 93
103 551 71
72 73 99
290 291 87
353 86 94
242 214 13
591 592 59
241 141 99
226 391 29
269 268 100
350 319 93
138 618 75
163 162 3
358 306 63
11 547 38
350 356 3
346 81 96
138 41 44
167 168 55
127 328 61
326 536 74
274 275 89
17 16 82
141 0 97
389 388 29
426 110 97
531 530 40
585 584 64
197 196 15
478 42 92
512 513 78
276 275 16
510 509 64
304 305 83
593 594 80
369 370 57
583 584 14
46 41 69
384 383 71
489 210 46
507 506 97
55 27 85
331 636 51
80 79 52
323 322 48
24 550 34
231 216 80
387 386 52
294 295 39
378 379 23
325 407 97
516 515 1
133 609 33
14 13 50
374 375 60
107 106 6
210 340 51
109 110 63
307 306 46
22 117 72
80 476 34
372 494 59
29 27 31
411 266 14
9 10 78
24 495 22
23 22 74
273 274 26
39 25 16
11 422 27
261 210 22
288 617 59
45 423 29
93 143 44
98 99 89
597 214 31
122 69 65
92 93 12
416 146 98
309 310 23
286 493 86
139 13 100
33 64 33
93 155 97
120 103 28
11 12 56
576 637 37
396 77 87
247 114 97
318 319 9
0 1 68
440 439 73
579 578 92
10 47 64
24 615 95
606 96 31
19 57 19
100 397 40
88 482 65
619 56 71
45 59 92
522 521 62
360 323 39
319 320 92
76 77 99
65 130 68
4 5 11
595 596 40
525 526 34
179 178 56
62 36 55
616 301 13
314 313 50
502 501 66
116 59 90
49 34 88
559 410 4
404 144 18
365 598 83
448 449 4
432 433 90
64 236 18
28 38 47
5 600 76
626 564 2
286 285 40
557 67 53
229 128 45
13 12 74
165 166 53
254 331 66
18 19 80
3 232 31
128 71 31
167 260 43
204 205 36
512 511 56
215 214 94
312 313 14
182 246 15
267 268 64
57 361 87
35 32 54
271 272 10
193 192 80
573 214 94
79 78 18
66 67 31
503 502 1
151 147 42
287 286 37
410 330 53
549 630 8
204 332 45
263 262 39
517 518 73
333 5 62
300 299 12
370 371 88
176 175 22
6 30 93
393 490 52
339 415 78
88 87 12
464 151 48
308 309 20
106 105 37
296 468 19
629 228 18
364 288 2
580 579 88
305 564 25
465 340 68
100 99 14
177 337 32
586 585 22
518 519 66
463 229 53
75 74 76
607 381 70
115 492 37
61 10 89
457 88 52
212 483 52
174 173 47
428 289 8
220 140 100
320 321 18
126 83 32
90 488 7
201 200 69
199 198 7
508 509 74
250 54 54
154 146 85
137 149 88
324 323 72
442 441 83
325 275 49
634 482 30
384 455 99
44 32 93
226 419 86
26 0 98
597 596 38
265 264 77
97 98 51
40 34 38
314 315 49
379 456 29
288 287 81
191 192 38
431 432 43
612 497 81
385 384 41
479 417 72
215 216 69
497 496 91
438 601 25
567 532 58
278 279 28
308 307 29
531 532 40
471 104 75
124 50 60
193 194 99
469 38 4
632 584 71
125 546 81
434 433 44
535 352 86
379 393 55
266 265 43
398 222 71
587 586 60
161 252 59
