5000 4999 1
4054 1484 10
1976 4003 7
20 4128 9
3964 4864 8
1154 1017 3
1120 105 1
76 85 9
97 335 8
64 300 9
1300 2816 5
2268 2262 9
4591 3900 8
3722 3698 8
448 1448 5
205 180 5
261 485 6
946 1127 2
605 1034 5
1400 115 10
50 26 5
959 3695 3
19 18 7
237 547 6
4342 4419 7
4938 1757 3
4638 2085 4
365 2857 3
2897 2073 4
3629 4241 10
974 733 7
2594 4868 7
2370 4824 7
146 77 8
1022 754 10
4512 771 3
1113 2063 4
147 3198 9
364 1 2
1549 2069 10
91 449 10
2852 2721 5
156 1051 6
2979 288 9
48 460 8
3372 1402 1
3810 3977 1
2920 2593 9
1568 173 3
3500 3597 10
527 236 9
2173 3857 1
280 422 1
4684 4222 4
695 3285 10
1977 4284 1
1327 317 1
1256 1974 7
3016 1314 6
2461 2832 1
1359 1404 2
1801 4354 4
4578 4700 6
2662 1775 2
8 1 10
236 1996 9
451 1401 5
380 31 1
1275 4429 2
4280 3470 6
170 4745 3
1838 118 6
222 2578 4
2669 14 8
3631 3557 1
35 228 10
4194 2121 2
3803 1773 9
11 2949 1
157 751 5
1458 1040 8
697 654 1
4950 380 7
1182 2328 5
3508 1043 6
213 4677 8
2000 2398 1
4616 2407 4
4744 3357 8
1591 1652 8
417 387 2
71 80 9
1938 1284 8
931 3745 2
1773 2309 7
3374 2238 2
3867 168 6
72 934 8
3568 3140 2
2801 646 4
536 393 3
975 4231 8
1461 1146 9
3728 4396 7
1184 2066 7
11 168 8
2467 195 4
889 586 1
1199 491 8
18 84 10
2656 668 8
3193 2049 4
4567 1403 9
130 276 7
950 998 2
4883 1336 2
1435 3148 9
3467 2563 7
1518 3131 9
2531 3361 5
1299 3575 10
1026 4659 9
3226 2875 5
4961 2081 7
9 33 4
667 405 6
2813 2886 3
336 289 10
982 777 9
1933 484 1
858 1185 3
4844 322 3
847 598 7
1054 645 9
4611 1937 10
4077 955 1
2976 74 2
367 4286 8
4081 3706 10
1510 3107 10
1409 405 9
1881 4177 5
3418 3538 4
4416 3344 2
2187 633 10
3787 3052 4
485 3468 7
4405 3579 2
1336 480 9
137 4817 10
4041 4852 10
3729 4566 4
1358 1175 1
2239 2128 9
2851 3777 9
125 249 6
512 412 1
199 125 7
218 1115 2
107 61 4
2254 387 2
1857 1835 8
4784 830 5
890 1294 7
1438 1232 1
2813 1054 4
3060 4541 4
1821 201 6
784 3351 7
67 745 6
95 295 10
1033 1628 5
621 4888 3
3469 131 10
2144 1951 5
3658 4595 8
492 3369 1
3445 1130 5
1569 1769 3
1261 2597 1
2941 4168 7
1186 654 6
4292 2547 2
610 2706 3
779 591 2
3410 4095 1
2510 260 3
755 3517 7
204 139 1
4202 391 3
2302 67 10
994 1122 1
2779 4499 2
1455 4427 4
258 3116 8
193 41 3
2335 29 2
374 329 7
1158 1949 5
1882 2961 10
981 4634 5
4971 3105 3
1314 476 3
1381 1564 5
1238 2425 9
823 774 3
3844 964 2
2161 3791 3
2329 1306 7
787 136 4
837 1161 2
1509 2468 5
3968 2426 6
2047 1803 8
61 1207 3
3397 704 1
4842 3723 2
2112 2616 4
4478 2950 3
372 2003 4
646 120 1
875 569 3
443 3498 4
363 469 7
3132 874 4
3125 3283 7
260 2103 1
40 604 10
2576 4240 10
1740 117 2
1149 1476 6
436 2444 4
596 917 4
3022 303 6
4148 4197 10
3648 2514 10
1489 2219 3
2402 2692 8
331 1755 10
1048 38 5
1402 1355 2
2024 2530 10
979 1383 8
3117 1302 7
1443 2771 3
4221 3994 1
4793 3030 3
3832 4150 1
4955 3742 3
431 2609 3
964 800 4
2787 496 8
3425 2366 1
88 592 10
445 4464 9
1074 1129 2
1352 283 9
4242 3047 1
4881 2628 8
1842 3206 4
1172 105 7
282 3599 2
308 58 6
2137 880 5
1840 991 3
2650 2447 1
4101 1725 2
3153 2923 10
512 1045 10
341 1269 6
1572 1430 5
2071 2497 5
1889 2127 2
610 1264 2
1603 377 6
975 444 6
4392 451 2
3052 3347 5
2398 2929 8
155 471 8
1166 2643 2
1132 326 8
1553 363 8
2862 3330 1
3262 4196 9
32 699 4
4775 2977 9
706 639 10
198 3055 9
1758 3997 8
668 698 6
1693 2866 10
229 231 8
707 4362 4
3969 3448 4
488 3263 5
3441 1108 6
127 877 1
1138 791 1
253 3918 7
363 45 9
1230 330 5
174 58 4
1556 1560 7
1910 4979 3
4329 901 3
1940 4803 5
4575 1018 5
2517 2653 6
1545 2798 4
2079 881 8
4821 2288 9
1407 847 1
747 2186 10
693 903 7
2000 2277 5
4160 1662 1
800 2223 3
1999 3149 2
4739 2862 9
2598 879 1
1608 541 10
3836 1481 3
2618 2506 5
24 108 6
863 884 9
155 4709 8
1347 707 7
3900 346 4
690 168 6
4359 2207 9
2750 455 5
489 274 6
1072 2185 5
3607 3365 1
2566 4162 9
572 4137 9
1454 1841 3
1491 96 6
88 273 5
2722 339 10
3146 1623 2
1340 16 2
118 177 8
1019 843 7
3095 292 3
1346 225 4
28 22 1
892 381 8
812 861 3
4697 1114 9
221 71 10
2560 1006 1
2264 2291 7
2271 1885 5
1240 3991 1
2687 4675 7
2043 2728 1
491 251 7
2978 1643 2
4630 1812 8
1061 1455 10
225 1038 6
143 4357 7
611 506 4
3893 2558 9
4804 1287 7
4745 4935 8
194 2242 7
3908 3441 4
3949 2098 2
3026 137 4
3458 2209 8
3306 2789 1
2060 2923 4
298 1284 10
763 2196 2
1470 4218 7
881 1197 8
1102 1499 1
2240 4776 10
2543 3204 6
7 90 5
2160 1793 6
1535 643 5
1909 50 10
4725 2915 8
229 1842 3
142 2682 7
1681 1633 8
2093 2883 8
129 1066 2
2358 3845 8
3750 13 3
1944 288 5
548 2316 2
201 341 9
2984 2454 2
3003 974 5
252 17 4
1069 891 4
3636 991 6
3491 3258 5
1457 2438 1
2210 1919 6
3802 2725 8
176 368 4
4505 754 1
1529 641 9
150 60 7
352 258 4
14 229 2
136 3008 1
1567 2941 8
4447 449 7
40 1014 1
702 760 5
2862 2611 2
1160 108 6
774 2170 2
3945 4262 6
127 16 2
982 2930 8
34 69 9
4388 791 3
4895 3535 2
3841 4597 5
4865 3947 5
4045 862 7
2403 2794 1
4827 2011 6
491 995 9
1358 3972 1
3710 573 2
85 983 5
365 45 6
726 155 8
2006 1634 10
1020 1459 4
3605 1579 1
3154 1558 4
2680 2359 1
178 11 6
3502 2475 2
2478 339 5
1049 2463 10
44 144 8
4156 1308 8
2353 2786 4
233 154 3
797 637 5
1577 2345 5
3546 3147 2
1609 2200 6
10 8 2
1691 767 5
1433 1820 9
22 935 8
4833 1199 3
678 1099 6
4059 2298 5
4480 2217 9
63 3408 1
4623 924 10
62 135 6
1270 3385 4
689 2720 10
2167 1970 2
300 1868 2
350 822 9
10 11 10
3493 2842 3
3287 1011 10
1776 823 9
2204 1361 1
2201 1372 1
4181 2651 6
3637 2386 3
1262 1517 9
1927 1622 2
521 2933 4
420 80 7
3063 135 8
3453 4189 1
196 43 10
1750 1230 7
658 408 2
224 2270 4
284 342 2
2938 1040 6
1141 85 9
1647 4646 6
172 1708 8
3326 3184 7
692 3343 1
1206 280 3
3815 1494 1
1380 3985 1
2319 397 3
1468 3473 9
5 296 2
1151 1482 3
1747 731 4
834 3437 7
1174 1139 3
4723 669 7
1916 3333 3
2659 2776 4
2938 4774 4
582 78 9
1883 174 4
1378 664 9
4511 87 9
2164 1975 3
17 15 4
1396 353 8
920 880 6
1662 1251 5
803 276 8
2260 352 5
4213 1680 2
494 3724 9
1770 3965 3
3199 185 9
256 3986 8
3683 2785 7
84 2971 6
474 166 5
703 4765 4
4957 4377 3
6 22 2
4202 4998 8
718 994 2
3794 4013 3
1854 1059 1
1777 580 6
88 65 8
839 3690 7
1921 325 6
1121 1307 7
3290 1197 3
673 1109 7
2504 2146 6
1224 2989 5
2803 232 4
1315 1477 10
1 3 3
1656 1247 2
321 91 9
1473 494 8
1664 2820 3
2312 3245 5
1544 1499 3
210 370 7
370 371 10
3974 2706 1
639 1071 5
2716 1218 2
353 287 9
4088 2827 10
1071 1077 10
2040 978 8
430 4051 2
3216 2853 2
10 44 4
559 198 7
261 126 8
2115 276 8
3118 2459 6
148 38 7
2259 2383 7
462 722 5
439 19 10
1932 4247 9
658 2629 1
108 412 10
121 575 5
1315 3124 7
3749 2090 1
4384 2821 8
4268 3250 1
1962 2549 1
23 1900 6
4757 4399 5
714 4465 10
4897 450 10
126 1 5
4845 1855 3
169 86 3
366 216 3
1111 37 9
4216 4316 7
3601 508 9
1446 1512 7
176 11 4
783 1531 4
4376 2117 7
1224 2128 4
2228 1106 10
622 75 5
4333 1129 7
464 1622 9
2069 4129 9
809 2131 1
317 362 7
616 1052 6
1784 2493 7
404 246 1
2521 1709 3
3788 2931 6
685 2545 10
862 1065 4
2261 547 9
3439 2498 2
924 4020 9
3940 4894 3
1129 1168 5
872 4484 4
112 1332 3
1993 3120 10
2967 250 7
4929 2916 1
838 101 1
2405 2141 5
676 4795 3
756 3213 3
4352 4319 2
240 219 5
1599 1582 4
3513 1587 3
1901 2203 6
3406 4839 10
2395 504 9
4476 2434 3
2452 3434 1
1789 2394 10
3850 1742 6
628 1410 8
4504 1909 9
35 171 5
384 1474 1
2497 2764 1
466 2854 6
860 233 6
273 1983 9
2511 484 2
987 2944 7
4565 1881 2
2036 4858 8
3545 1998 3
1357 3886 4
214 1943 8
413 2327 1
79 409 7
1961 4919 3
606 730 6
613 939 8
523 408 7
3522 3934 7
588 103 10
1307 2513 5
1205 397 7
3391 2509 6
4293 3399 3
1434 706 6
1136 1522 7
525 139 9
3005 4472 1
1657 429 10
3946 2376 3
1276 176 7
751 1758 1
1582 1370 6
3771 4694 8
1037 710 10
194 375 1
1815 4381 10
90 4122 3
1110 1753 8
160 52 10
2076 3951 10
1004 2882 1
1546 4794 3
648 1190 5
543 1219 2
1241 149 6
4577 1591 6
142 436 8
4007 2511 6
3239 1211 6
546 498 4
2725 902 2
4958 4911 1
2016 792 7
166 130 10
1224 2859 7
2595 110 5
3762 520 6
1632 1270 8
4195 2092 7
445 369 9
2129 271 3
1852 1559 10
1321 1486 5
1357 1026 9
755 479 4
2143 2334 4
536 1748 2
2179 2420 6
2879 2607 2
2424 804 7
0 24 6
4225 3646 1
4171 1590 3
259 423 1
4582 2320 7
286 928 6
3383 1420 2
3534 2277 9
95 817 4
2367 1516 1
2557 1497 6
197 1642 10
22 4215 6
670 3143 3
1554 1125 7
1882 2091 5
3983 4263 8
1572 4558 7
2760 1058 7
3229 818 2
1050 569 6
586 3338 3
4559 2229 1
740 1837 6
1810 4924 2
4331 1753 8
1464 1655 2
264 653 10
600 1511 1
449 2321 7
4965 369 1
150 323 6
1952 874 8
3248 1667 5
859 2946 7
661 1577 7
302 680 2
92 56 4
3459 1212 5
250 1640 9
1150 136 8
1931 839 2
4885 501 2
1738 4562 10
4915 2137 3
2588 1679 9
255 211 2
229 290 8
3367 1834 7
1078 666 4
1744 1659 8
729 293 10
1659 1654 7
3883 3286 4
1502 1210 2
3544 3413 5
4305 1131 9
3876 3381 2
1123 695 1
867 72 1
3218 1324 7
595 282 3
2783 1963 4
4652 2604 6
257 355 2
2445 225 10
2134 2249 7
2163 1272 9
3135 3029 6
1887 468 8
4914 1696 3
536 732 10
1483 2994 3
2344 1177 10
2633 2036 6
2273 141 7
2708 1970 6
2838 2420 3
84 783 4
82 2117 5
2451 1724 1
3841 1498 8
1311 1301 7
3424 2031 2
12 560 8
2583 3096 5
989 19 2
3255 2334 1
1098 336 9
3174 3373 10
2369 255 6
2041 1322 6
445 516 10
597 346 1
873 327 4
1261 3042 8
2067 2982 10
335 911 10
4129 4942 10
4445 4263 1
106 48 5
1130 1685 8
219 1316 6
2135 3518 1
187 609 3
2061 1013 3
2779 749 5
2292 3806 2
3432 450 1
2457 2106 5
811 1654 4
426 1229 4
3968 3980 6
1729 1335 6
4155 1983 6
736 683 8
9 2808 10
4491 396 10
223 2494 5
3234 2787 2
4771 2923 1
1571 1461 2
3444 4239 8
948 477 4
1267 3200 10
230 284 3
2741 3615 1
210 919 8
190 178 2
3629 651 1
490 177 9
672 3112 10
892 2421 1
1349 1091 7
1285 3336 4
294 1394 10
2626 2275 6
255 4692 2
2359 4148 10
1898 2600 3
2488 2697 9
3583 2216 7
466 313 9
2913 2834 3
2479 2041 6
3222 3959 4
3614 1257 2
2447 3138 5
1293 794 10
1506 3268 3
382 370 9
4335 2611 4
1811 23 6
3247 1297 7
460 1975 3
4542 2459 3
638 3521 4
2135 3256 6
581 1704 10
79 3258 6
4564 4218 5
405 3 1
306 3071 7
1827 1585 7
802 808 1
3481 492 3
4996 4056 3
3656 2686 6
1650 2351 4
1090 4380 5
1307 2512 8
2036 4569 5
1505 4386 2
1881 1237 3
17 437 3
1774 262 10
1809 2007 8
1419 532 2
161 285 6
2177 1969 5
3009 4468 2
1488 522 10
144 1097 3
1924 680 1
2489 516 5
4896 3457 1
4371 4028 5
4656 4415 8
891 3412 6
3976 1163 7
1181 1460 9
1487 4123 8
2758 2529 5
1815 1152 8
2630 3438 8
464 4426 5
4232 2733 5
390 4807 8
29 2566 3
741 325 6
4584 2185 1
2709 1710 3
1253 788 3
324 119 5
1093 2168 2
2446 4131 4
1351 1330 3
4901 4671 7
1125 37 6
1203 2097 6
3864 3409 3
4882 3634 7
1716 3115 8
1270 2343 3
31 43 8
456 42 3
4169 199 7
4680 3345 2
3489 4748 8
3510 3912 3
2060 155 9
1320 2022 5
687 1467 1
2591 2231 8
2245 91 3
705 4477 8
1206 1426 8
1572 4055 4
4085 3585 3
1064 1211 8
463 781 10
757 493 4
3852 1600 6
1578 4884 2
2671 3870 7
1228 3111 8
342 510 2
1010 3588 6
1692 603 1
3287 3843 7
3698 4886 5
3038 4553 6
1505 1770 9
2452 3837 9
3249 2635 3
3620 3126 3
2608 119 4
923 1169 9
553 858 6
396 2397 6
838 3046 1
465 7 8
4 16 8
4704 3391 5
2712 1175 8
908 184 2
1457 1756 2
4715 4043 8
1980 3961 9
3221 2035 9
734 3553 2
1094 437 3
4790 188 9
2138 951 2
1315 1995 3
519 571 2
623 287 2
791 2146 8
4044 223 3
3309 2652 4
2959 2651 3
1915 1920 3
4608 354 2
1221 1876 4
4871 1772 2
0 756 8
4786 3838 3
1897 341 7
1470 3567 7
3709 2106 2
1481 2543 4
337 117 3
3581 693 2
1142 4887 9
2336 3987 3
1010 1728 3
2583 1053 7
3134 3355 10
1057 3718 9
2385 2007 2
1717 4373 9
1750 4342 4
3136 3151 10
910 138 6
2296 4346 5
651 464 8
680 1191 4
1017 1060 5
1698 1053 3
3125 504 6
1481 493 3
3092 1749 2
70 4863 1
844 385 10
425 2282 4
3320 3426 5
862 431 6
2727 903 9
4657 4948 2
530 2281 4
1289 2300 9
383 135 6
1422 632 3
3091 1547 10
1742 1655 1
3794 4556 2
1626 1196 1
4720 2175 4
3062 3741 4
3083 158 1
3173 1437 7
4754 1716 9
4892 1937 7
30 134 6
258 102 4
17 1606 3
1387 1510 4
1181 889 1
2240 600 5
106 3497 3
1323 1912 2
4355 1036 2
3564 1390 1
1145 403 10
645 694 8
681 1915 5
368 1542 9
752 740 2
1062 1035 8
4037 3171 1
3009 1341 7
1089 2577 7
4621 1203 10
2453 2659 10
3472 4617 7
167 1073 3
2665 2446 3
1075 2436 9
930 962 8
1926 2283 3
2228 4132 6
775 4607 5
3543 1939 5
14 4121 1
96 470 3
605 328 5
461 37 2
1017 984 8
668 992 10
124 3707 5
3552 2578 4
45 3994 1
3639 4377 10
2917 560 6
3767 3705 2
564 3523 10
1475 1991 4
6 14 10
39 2059 4
1834 2534 3
2 51 8
2238 2008 1
4180 1074 1
4461 380 6
410 955 4
1063 240 6
1227 3077 2
104 4379 4
3353 3945 3
4555 2894 3
399 1261 9
3542 951 6
1685 4515 1
483 2198 2
2411 2481 3
14 1575 9
3829 2744 1
4191 4117 8
2324 77 9
915 461 5
486 196 9
362 1196 2
827 1112 5
4600 876 5
1138 2461 5
230 3180 5
532 1578 6
163 1082 8
2928 3289 3
180 225 2
141 286 6
4212 2654 7
4963 94 8
4036 1857 4
995 1792 4
1003 2485 2
3556 4661 5
3038 4529 6
1827 3165 10
3395 2543 10
101 4967 1
1932 2077 4
245 4039 1
777 1103 6
2389 4525 9
2942 3254 8
1264 1669 5
1295 1239 10
1966 2055 1
3364 802 1
1552 776 5
294 219 4
383 841 4
4001 3532 1
14 4731 2
598 3090 8
3461 4363 4
1245 3591 5
370 724 4
1026 1368 4
758 500 7
4952 1718 2
1273 1826 3
35 895 2
2645 1734 5
2429 3573 6
198 1146 9
2666 3007 6
1639 2789 3
1074 18 9
1239 3509 3
522 1519 3
3559 3655 8
383 484 5
2788 1634 8
3624 1934 1
218 650 10
2198 2349 10
738 467 8
706 4175 8
568 1180 4
985 185 5
5 30 2
1375 791 9
1097 4411 5
136 2993 1
737 3507 6
2082 974 8
1729 4103 10
1483 1401 10
3334 1679 5
483 1 4
656 4167 10
2938 3738 3
2359 1355 7
984 619 2
4140 1896 2
4813 3192 2
600 299 4
1668 2894 3
36 4422 5
1614 407 3
795 1130 4
1005 1155 10
26 27 5
1355 1413 2
1786 992 8
2352 776 9
1965 1431 2
1663 1458 3
272 3 2
325 206 2
31 159 9
1464 653 4
196 328 5
724 1240 5
1281 1214 1
1932 836 8
35 13 5
3975 3629 9
2354 4163 1
1040 2315 5
488 4035 2
2487 4406 10
332 2427 9
3314 2265 9
99 3295 3
16 265 2
3786 2889 2
2276 3578 10
4446 2133 4
139 388 7
2342 215 7
1133 1686 10
2480 2733 7
500 4923 5
1810 2026 6
2144 3505 5
743 2719 1
2130 2208 1
53 43 6
574 1210 10
1097 3448 6
3246 1997 8
501 178 7
491 4326 3
4230 999 5
1712 4482 4
3352 953 1
45 15 3
2714 2126 8
572 495 4
2996 1969 9
4983 2124 5
141 3651 10
1425 339 10
1225 147 8
4533 2462 10
2416 3215 10
2546 2205 8
378 108 8
3847 1884 3
2071 121 9
1737 2841 10
3657 2793 6
1451 1866 8
1492 9 4
1485 3337 2
2182 2464 3
1676 932 1
3492 2389 1
94 1046 6
3688 1085 2
1146 3711 6
522 262 8
2000 2153 2
3238 2958 8
1370 1762 8
3576 4451 1
1175 1325 8
1274 746 1
203 144 4
732 2660 10
13 790 3
1431 2118 9
4126 2941 9
4586 745 5
2753 3015 4
1698 4832 3
3186 1862 5
1278 4945 6
3875 916 6
848 997 4
1846 406 6
2148 1124 1
2245 3106 8
1487 431 7
110 4601 7
3418 2913 9
443 1262 2
3308 3010 2
2025 327 2
3219 1192 1
912 1223 1
2211 3274 5
4214 2053 3
3782 1953 2
2957 384 6
2593 2863 2
834 1244 10
2880 2485 3
302 602 3
65 570 8
2824 226 3
2209 759 6
4279 763 7
728 1344 9
314 3284 10
3040 895 10
3270 735 4
1420 24 1
4880 4253 8
1399 1004 2
1423 2387 10
3704 3094 7
100 93 4
665 29 6
2687 30 5
1220 527 9
866 871 7
1020 1791 1
4665 4815 3
1764 1088 6
4792 1708 1
4780 3510 1
727 621 4
3449 514 6
3570 2751 10
2676 345 5
2584 4439 4
1039 513 10
1431 1060 8
1868 2114 6
31 2 6
189 625 2
4421 4941 6
784 444 10
1334 706 2
2533 2400 9
2590 1837 9
171 3130 7
362 2870 1
2555 2273 3
2646 2397 1
2575 698 10
728 1392 2
330 1242 5
4032 62 1
104 400 9
590 499 6
2153 2651 10
3402 996 8
1819 3195 6
4560 944 4
157 109 3
82 712 3
613 3194 7
3392 4022 7
1119 4087 6
116 281 7
2145 1860 6
2604 2077 2
4722 2213 6
397 1601 3
9 54 1
3478 4960 7
3689 2782 10
3734 4233 4
4539 4440 6
2778 1402 2
4146 2932 9
2699 776 3
133 791 4
522 1637 9
1526 1780 8
3549 1027 8
515 2365 8
375 3551 9
2529 2391 7
730 2663 3
4314 750 3
2326 725 10
872 4278 6
1158 4797 10
2947 646 6
4696 4246 6
928 3941 5
2928 4658 7
218 1799 10
3833 4860 10
297 999 7
3087 4734 8
3555 2615 1
1200 1390 6
1377 376 10
1723 3672 8
2548 1023 10
1083 1934 2
1587 1971 7
3706 1314 5
4496 2911 10
4785 3403 10
2853 4339 7
801 501 5
4805 2077 8
435 410 7
136 2765 7
549 4710 7
4288 4301 9
4789 2490 5
2065 1215 10
2895 972 8
4265 1214 2
4047 3079 10
4089 1232 9
431 4769 9
8 241 10
464 655 3
793 106 1
2919 1276 8
4925 3504 3
254 944 10
141 339 8
695 3277 4
4058 4643 7
795 366 7
493 1966 9
2227 4295 4
1565 2975 1
4104 4207 3
912 3174 4
577 1350 7
777 1898 5
1376 37 4
1573 1456 1
4457 1578 5
3626 1459 6
631 1367 6
530 1441 7
1084 1806 8
4708 2698 9
81 282 7
374 993 8
137 2125 3
791 4980 8
1284 1907 8
2542 3217 8
3623 3634 4
2577 2834 2
807 3087 10
3915 2179 5
179 185 1
1575 3163 3
3214 1124 6
1444 807 1
216 1812 2
2910 4091 5
66 74 8
1366 460 9
1877 722 2
4226 1673 6
579 3006 10
988 1650 9
591 270 1
3305 1346 8
2531 4855 6
42 73 10
224 114 10
2683 214 8
4267 3811 2
966 843 6
769 1736 4
3586 548 6
387 175 9
4802 598 1
4812 1941 5
2986 2029 10
1720 896 4
701 2224 3
2377 1374 4
896 1507 7
4453 4096 10
4738 1757 7
11 317 1
3502 4050 6
2070 1804 10
963 1802 2
626 657 4
117 31 7
2252 2162 1
1182 2492 8
342 1548 6
4502 4721 5
440 2213 9
3238 3250 8
279 1539 6
129 596 10
2890 2633 5
1906 1824 8
591 4513 5
467 463 5
283 5 2
248 1 7
704 316 3
260 123 8
1602 897 8
968 2486 5
2126 1758 10
1699 355 8
102 1471 6
666 1829 3
1581 1470 5
1566 2465 4
1439 858 1
599 852 5
56 238 5
570 696 2
3348 1757 2
959 4269 6
1064 1580 1
153 4117 2
2086 2347 9
164 270 5
3091 3266 7
4404 2661 5
4255 3538 6
23 12 5
707 587 6
1355 231 1
4486 276 8
1587 2705 1
4544 4253 4
3895 2844 4
4078 3379 4
2846 4027 8
653 718 1
467 545 6
901 2815 9
1349 2109 2
3715 1250 6
2175 4442 4
4756 229 9
880 333 7
1065 4364 10
236 1237 6
3960 3103 2
2750 4360 6
54 2991 2
3576 4254 3
1202 74 9
12 1585 9
2443 2561 9
142 977 10
947 110 10
2217 745 3
4067 2517 9
167 50 4
1548 3691 2
2599 2867 9
639 206 1
1528 517 5
2836 1932 7
2076 752 9
2499 2745 4
3643 1456 1
1782 912 7
507 1041 6
389 1026 3
825 234 6
1141 1710 6
82 192 10
1555 1053 3
4438 4820 5
4612 4688 5
679 2068 8
1329 707 7
2470 2681 6
80 120 9
2042 3734 5
1166 1707 9
869 1187 10
721 3048 2
443 1808 6
2103 3368 4
2472 1432 4
3561 2258 3
1592 1816 5
4432 3835 3
775 1861 3
3069 397 7
4666 2141 2
4029 345 1
3563 580 9
1328 4633 9
4041 4497 4
795 2057 9
4400 4409 6
1957 1638 6
2482 1523 6
364 1574 5
2872 4407 3
2772 1828 9
1533 2611 10
109 3888 6
4706 409 7
3242 839 9
1098 3765 6
3075 569 4
3606 1732 1
529 2130 4
402 52 2
3817 401 2
552 656 1
2691 3478 4
3731 2544 9
1860 3332 8
149 4060 3
3273 1703 2
2551 1287 3
2484 4252 5
1381 1993 1
3177 1127 5
443 1964 8
1341 1044 9
1239 535 8
1215 4250 4
4779 2545 4
2105 3962 7
921 420 8
2235 2980 9
3830 2379 5
1657 2539 7
1100 1162 10
2518 2042 10
1541 542 5
2029 4206 8
2765 4665 3
1654 3328 7
596 692 6
4199 639 1
4300 566 3
1508 1378 5
4224 2030 3
2138 2887 10
570 3147 10
267 175 7
908 1028 5
905 3319 1
415 47 5
4 606 10
2997 882 10
3665 642 5
154 111 10
4285 831 7
1194 1166 9
1315 813 1
2042 753 5
191 211 8
3435 612 1
1217 204 7
1225 1925 3
128 2814 6
1222 2181 6
2713 516 2
7 3474 1
78 56 5
2493 3189 10
654 1079 4
3801 4931 9
567 265 1
980 805 6
816 2234 8
2286 1975 8
3262 571 2
390 544 6
1462 1316 9
167 4324 10
1120 2378 4
289 158 2
1625 715 9
1236 1833 4
608 614 9
4338 3602 9
2958 1213 6
921 4229 4
1541 2655 3
464 1024 8
4034 1388 5
1765 927 9
820 439 7
2803 4311 5
4318 440 2
724 1721 9
1347 3122 5
253 246 8
4049 1367 8
1331 761 2
2475 293 10
3661 2656 10
4772 3543 1
59 22 1
115 478 10
1869 1571 9
4615 2553 4
3674 1699 4
1638 2113 1
3382 1001 6
1984 1732 9
1222 519 1
1871 2434 2
805 60 4
513 598 3
2037 3499 1
4120 2681 6
2584 4048 7
26 750 6
99 2136 4
4589 826 1
520 857 8
1841 1936 2
3753 4510 6
2866 3280 4
4299 2495 5
482 1049 6
3207 1722 3
2829 1131 4
73 235 2
3965 3967 5
908 2487 8
1893 1601 10
4408 1166 10
1082 1370 7
578 155 10
1070 687 6
1168 4124 9
1436 756 10
581 405 7
673 65 7
3171 3464 4
445 2166 7
4141 1172 10
1843 1831 10
1395 3039 3
3082 1357 2
780 1047 1
2978 3427 9
2143 1626 4
435 711 8
446 1157 5
2970 2429 3
2891 406 6
3630 2103 7
243 250 1
2994 3236 10
2333 2006 6
75 41 5
4033 4173 8
859 1937 6
93 2821 1
1719 4641 3
647 1703 10
843 397 7
304 468 5
2831 3667 5
3454 2377 10
582 1990 2
3943 2382 5
1694 1431 9
1987 1393 10
4070 1136 9
233 1992 4
2069 3084 2
876 830 4
2304 1981 8
100 476 1
868 3719 3
1566 3487 5
1451 381 3
601 2532 5
130 55 4
234 2233 5
961 1108 10
4713 1253 2
2444 4810 2
4762 2867 1
108 208 5
2784 1445 6
2266 411 9
3231 2152 2
5 13 5
3429 2140 8
1157 3228 2
2954 2666 2
714 2142 3
615 5 7
160 513 10
864 4791 9
186 1415 6
1795 607 10
798 1546 3
1598 1629 8
3342 1475 9
1229 2312 8
452 3525 4
2212 1005 2
125 350 1
2021 389 4
1044 751 5
4043 2018 4
3683 3761 10
149 1899 7
3793 1594 9
97 4583 7
1924 3810 9
1454 365 9
35 128 7
1387 2276 10
431 1712 8
2641 701 7
3203 2917 6
3047 3990 5
1121 829 2
1424 3790 4
1318 132 10
3789 2598 4
147 815 2
36 744 7
2104 875 6
1156 327 8
390 280 6
4743 2580 9
3281 2504 8
1629 1651 6
920 2581 7
3595 491 10
4954 1634 7
2724 3076 5
1734 820 5
277 129 9
3494 4492 9
367 1093 4
262 777 4
379 682 4
1988 526 3
2247 3587 5
3035 456 5
2925 3461 4
894 1388 1
1278 1398 3
1342 503 7
3728 3722 4
672 4438 4
3855 4822 10
1411 1128 8
1724 2860 10
1287 2757 10
220 136 6
1782 1986 5
284 1871 8
1500 460 8
2121 1606 4
2904 30 6
490 3714 4
4161 3634 3
2535 3933 3
2610 4157 1
1297 1214 1
737 1055 2
33 672 7
4819 3188 2
1057 1851 3
4956 4123 6
583 3013 10
1845 3764 8
2564 1911 4
759 953 3
2916 837 3
2220 145 1
4773 4327 2
4281 580 6
2355 219 3
526 93 9
1236 43 1
552 1498 6
670 270 2
1876 3572 4
1099 2027 2
2231 572 9
51 1015 10
2396 422 6
3873 2682 5
1875 1488 3
1618 2858 6
1366 2873 8
217 1549 7
3993 3685 8
2157 949 5
434 1825 4
952 1421 10
956 1353 5
988 1003 5
1909 2206 1
4930 1084 1
385 188 7
1798 3019 10
1607 1145 4
1818 1162 9
1845 122 4
3499 4809 2
343 278 6
4683 4278 4
2123 452 6
2586 2625 2
132 62 5
1232 77 7
3223 1024 3
774 2903 9
3114 1552 7
2051 1346 10
345 338 3
3031 4412 4
275 3511 3
2369 2441 9
104 356 4
417 1124 1
222 128 10
198 1844 2
3882 1114 2
3000 2158 6
4421 3940 2
3825 304 2
2406 1130 2
2965 1320 3
583 3032 5
248 1165 7
432 552 3
1385 1976 1
1618 1336 3
2880 3294 6
1801 3475 1
458 951 3
1785 914 3
1148 1014 6
4594 3223 9
2348 1118 8
3883 4876 1
3265 1013 4
3419 3136 4
3496 1587 4
377 679 10
3721 3251 7
3430 2084 2
1268 3609 9
1278 113 2
1880 424 2
2703 2394 1
1151 2878 9
2236 1779 1
200 218 10
1443 639 9
430 3088 6
1881 2812 1
4382 2291 10
2455 1858 8
3768 3698 6
2036 4431 9
1592 14 6
4535 1327 5
365 2308 10
2559 1927 9
226 175 2
1375 4243 10
1982 4347 2
3183 2119 10
592 3344 7
3378 2434 9
1969 360 5
3851 1348 10
1789 2083 6
3398 2921 2
2674 2161 4
1386 1741 10
430 353 1
938 141 8
2990 646 6
4368 4120 6
2731 1116 2
326 73 7
3625 4534 8
437 1997 8
2028 1655 2
1619 2002 9
2034 4440 4
269 2235 4
56 113 1
552 4083 7
2056 4397 4
2742 3885 3
218 1326 1
126 1689 10
4437 926 4
170 4585 1
93 3101 9
4523 944 8
116 197 1
1858 292 10
59 65 2
20 186 2
2439 1558 3
1399 4469 2
554 104 2
266 90 6
954 432 8
29 37 7
182 172 6
1223 4481 4
1168 1348 9
56 441 10
913 1027 8
237 941 4
1337 2580 3
775 3917 1
915 2102 8
2049 1259 3
551 1101 10
589 799 4
4393 2834 10
894 759 10
83 96 7
374 3495 10
2586 4990 10
3367 3613 7
356 1406 8
4598 2497 9
708 2584 8
979 2296 5
263 1576 9
3536 68 8
1722 1406 4
176 251 3
1182 448 9
359 1891 6
1360 3532 10
6 4653 2
118 496 5
4184 491 9
1065 1319 9
2368 3463 8
119 85 10
2056 1021 6
169 175 8
3580 2382 2
3798 844 4
548 2900 7
4676 2207 8
640 800 4
569 207 3
1513 280 3
4096 4209 9
4074 4701 9
1726 2034 4
2570 247 2
59 64 5
4742 344 1
1153 283 4
270 398 4
403 1562 1
1611 377 5
280 184 1
2313 2477 3
1554 4843 1
99 82 1
1356 1714 2
2244 244 2
1509 1041 8
3139 704 8
773 2184 6
2888 3668 3
672 1310 8
950 656 5
4568 3995 5
1399 3628 2
229 713 2
4260 151 4
715 1911 6
619 357 10
1779 538 1
87 562 8
2194 320 1
1113 682 6
254 2381 9
508 3400 4
104 34 1
221 634 1
2672 2009 9
4414 3752 8
945 551 4
931 1339 8
61 455 10
3011 845 2
2997 3897 1
4282 365 8
4015 1616 1
3081 993 2
4234 3823 9
1308 3413 5
3053 4306 3
59 566 8
4079 2695 7
1605 4166 8
344 428 2
1912 2135 3
1274 4516 8
1948 3037 2
113 882 2
768 1515 1
554 1417 2
116 123 5
761 2948 6
3269 2324 1
1678 3816 8
205 3224 2
3253 2009 4
3453 1014 2
684 778 9
3399 2977 6
1360 1327 10
892 3074 6
1270 202 3
979 4572 6
178 4006 1
39 32 9
367 354 4
1305 735 6
1849 94 9
687 1095 3
165 424 8
2357 1748 9
3070 2504 2
1255 2874 3
981 4506 7
497 3292 10
968 1643 1
578 3389 4
56 627 8
4489 4054 7
714 1271 8
4255 4670 9
826 2280 2
270 1192 10
797 834 10
1200 1761 7
88 89 6
192 1735 10
4875 1201 3
2501 3267 10
4705 3613 6
3141 1191 6
26 216 6
936 3887 5
1214 181 8
2392 2968 10
4524 2827 3
2197 640 1
135 899 9
4687 4028 2
1266 3950 7
761 622 3
1453 3558 1
530 638 8
4918 2053 2
194 3834 1
4605 2553 6
1127 2538 4
1013 3312 2
1466 558 3
1211 4462 9
1602 3362 7
1568 3471 10
1366 4532 5
3057 2714 2
3540 700 4
4098 1606 3
316 4119 4
822 3387 9
1096 578 10
1915 2602 7
642 309 8
3812 411 7
1604 2215 7
3414 940 6
1873 4726 5
3524 2137 7
4628 918 4
3869 3409 6
3312 4686 8
563 2358 7
868 1743 1
3279 817 6
2774 97 4
3035 3388 6
4993 3574 5
2292 4418 9
1093 4174 10
1787 398 4
1650 3923 3
717 1296 3
306 746 2
3529 2914 6
2028 2902 1
1071 3004 9
257 804 7
1010 271 10
4099 4691 10
2844 918 2
263 117 2
1097 4248 10
307 1468 4
1493 587 4
319 269 6
2869 1253 6
93 2029 2
4370 838 1
3491 4655 4
49 1798 5
3904 773 3
399 2154 6
1177 839 3
311 431 3
38 577 4
1651 2865 7
4012 1674 3
4211 4609 8
606 2571 6
2442 1513 1
243 4727 6
1623 1297 3
3514 1178 8
4755 1968 8
603 245 8
1693 2017 5
4042 2222 1
0 1 5
691 560 1
3373 4211 8
419 1198 8
116 184 5
1409 1416 1
737 397 8
2085 1769 8
435 4460 6
3730 2578 5
370 4740 1
742 580 5
2267 1597 5
423 4936 7
1709 199 4
1151 2044 2
142 991 2
4455 1783 2
52 55 4
2853 626 10
76 2013 2
427 384 1
3538 3565 2
579 848 10
592 2454 3
255 856 3
144 3682 4
3791 4867 6
3637 3756 9
816 4879 10
354 633 10
846 996 8
3700 981 5
1100 1171 10
1959 1182 2
2341 1781 10
10 95 9
141 896 10
686 1999 2
806 2795 9
355 1151 10
147 7 10
232 3647 4
2748 918 9
6 448 10
1471 2537 10
1154 4889 7
1174 4808 4
1134 3769 8
584 1664 4
2681 4853 5
758 2987 6
753 4183 9
1892 2605 2
334 480 6
4188 209 3
2898 911 9
1282 1658 5
1625 2800 8
429 1457 5
388 1989 5
4277 892 6
1741 2416 9
1179 3673 9
1058 1118 8
3093 393 6
576 617 7
3293 2322 7
213 624 3
2544 1503 4
1856 929 10
138 30 2
822 1738 8
951 3185 7
701 2505 7
231 1140 2
2525 4090 10
1246 2272 5
3996 2729 9
201 775 1
3161 4498 6
1677 73 5
4717 3096 9
3500 2089 4
1172 1789 8
2632 2421 7
966 1579 5
170 453 2
3109 4490 9
2826 1010 9
4814 2889 9
251 1216 1
634 2332 4
3537 3447 9
2374 1421 10
373 115 2
708 17 1
374 1465 4
731 392 6
1583 754 5
1612 3984 10
2335 3566 3
338 124 3
930 4113 9
3109 3659 5
2412 1467 1
324 503 9
2951 3406 5
3809 1096 10
776 232 7
929 1290 4
141 125 4
2033 2313 3
83 32 9
904 4921 5
2313 2761 9
3503 430 1
451 811 3
2031 1241 3
1475 1797 10
1707 1718 10
1059 1954 9
612 709 3
3370 3146 9
4626 3734 1
1781 1125 10
3047 2161 10
430 446 10
608 1379 1
706 2939 2
4519 3632 1
1810 2092 4
1248 2499 6
3751 3871 3
2456 175 9
673 703 2
3275 867 9
2923 3156 2
1483 4143 10
1561 2868 4
344 140 6
162 105 2
4599 4763 10
2736 331 1
919 2301 7
4702 2306 6
198 768 5
2162 1984 3
2293 782 3
3669 1581 4
4345 1476 9
4494 4576 10
586 155 4
3644 4038 10
3455 2749 6
2717 853 1
2698 984 10
145 75 2
179 314 7
1470 384 4
2004 174 6
907 1591 7
754 708 3
4580 3792 2
3205 2455 3
4714 649 2
1836 243 4
4026 2431 2
206 204 3
3907 2232 4
1094 2520 7
2002 2202 9
2383 3712 7
382 987 7
3863 3157 1
713 2295 10
3031 484 3
4198 1999 6
308 359 6
2935 780 5
1006 1374 3
3744 2574 5
927 2035 7
37 82 1
2030 3726 9
4110 434 9
2721 3380 4
479 349 3
1170 116 3
2495 2444 1
2171 1202 2
3515 31 9
27 66 8
371 407 9
1626 2751 8
1868 2500 10
959 3671 9
67 346 4
1300 153 4
2453 1196 5
2281 3065 10
416 1675 2
3562 3502 5
4337 152 1
273 3771 2
362 898 8
876 3384 3
684 484 3
1794 3158 9
901 30 8
1376 2353 6
3346 1052 2
872 279 3
18 3133 8
1626 4500 7
4186 287 8
351 1926 8
287 1605 2
641 2119 6
640 570 1
90 2694 4
17 3450 7
1306 3995 2
4913 1777 1
3381 2165 10
4283 3262 8
35 201 8
140 48 1
3616 3593 10
431 2311 1
1823 547 7
715 241 6
356 4907 9
37 41 8
328 2906 4
541 204 10
3390 581 10
2190 3737 6
4009 1660 5
4667 3397 8
421 3094 8
727 3799 3
35 3653 1
743 1359 4
2501 417 2
3050 908 8
223 13 9
942 55 4
2753 1742 10
3646 799 9
1460 4074 6
3519 1486 8
1001 4109 9
1774 2909 2
62 131 2
413 396 4
2261 3823 3
1144 1981 7
587 469 9
3155 3043 10
4737 2834 10
1716 3560 10
592 1084 8
660 576 1
154 163 9
3366 1963 2
2974 2159 2
2317 4145 7
647 1012 1
4136 733 2
1627 1585 6
1790 578 6
637 1684 3
1822 1276 7
290 1557 5
4798 1818 5
551 537 10
2440 4796 8
1050 1496 1
2307 50 7
3696 3145 3
253 1361 2
3325 2504 6
2011 3504 7
1067 1373 9
1621 156 2
605 4547 2
1392 2579 7
1757 872 1
4466 2891 7
3963 682 5
2700 1319 8
4302 2527 4
184 528 6
52 60 9
471 2911 3
2502 170 2
2642 1251 4
1193 3043 4
2739 1530 4
3626 4004 6
3936 2102 2
187 1147 8
990 3243 4
1604 609 3
2352 2634 4
4939 3108 2
527 2839 8
2380 603 6
3644 2020 7
2601 682 8
20 4878 6
4068 51 6
3675 2866 7
651 675 10
1973 3097 4
469 616 1
4096 766 1
1113 1286 7
3260 1366 10
1144 612 2
785 1882 4
2216 1881 8
1282 669 10
814 266 4
3215 4986 5
1483 4344 7
1114 2299 9
2129 2287 4
2403 1155 4
2514 176 9
420 3307 2
532 342 5
924 1083 10
4520 1919 7
1016 937 5
883 93 8
1590 978 1
3694 768 7
1018 847 4
2819 1698 4
394 306 4
4830 4509 7
4493 3665 3
3429 3866 3
1998 1958 9
3563 4729 1
1843 3890 8
3654 1587 8
132 2892 8
3833 517 5
181 22 2
12 1031 5
1023 884 1
809 159 9
2941 3392 5
3957 3485 6
3169 3723 9
1624 744 6
1596 443 1
1382 340 2
567 2556 10
717 250 7
669 1164 7
354 84 3
2063 3162 1
631 3021 3
707 839 6
1613 1111 5
94 519 8
1672 1285 10
561 471 1
1257 718 4
3422 965 9
77 2402 8
4603 1517 3
309 205 8
756 764 10
4596 265 1
2205 1569 9
3735 2250 3
2209 3574 10
1958 702 1
732 933 2
365 4521 2
2226 1848 5
542 526 8
4904 4573 9
995 1587 4
4266 3592 6
1680 38 5
4571 3959 2
4187 2844 8
140 515 5
4014 2426 8
3202 972 2
2661 1489 2
12 4 5
3257 3331 7
2386 251 8
136 4972 3
449 1215 5
79 44 2
1109 1137 10
685 231 3
1144 1532 10
4877 4072 3
318 278 3
1966 4201 10
361 2182 9
1538 1589 9
574 1902 4
4417 1254 4
2622 4662 6
4033 386 8
1838 2075 9
1693 301 9
918 246 9
678 2230 8
172 24 3
248 2617 9
22 3073 4
2257 3596 1
2690 1355 4
2043 1929 6
3801 131 9
4610 3476 9
1651 2843 6
4423 4056 9
3415 429 7
4312 127 4
459 10 1
1156 3105 2
3237 1075 5
1022 1768 3
1847 1756 1
452 710 10
566 3639 2
1231 838 3
2763 1604 8
30 142 5
2420 4679 8
1279 3766 8
2893 4118 10
662 4937 8
164 179 10
2140 3297 4
463 123 8
1424 1015 5
188 234 6
2325 1055 7
1709 2265 3
2847 504 4
1443 2330 3
3872 1315 6
585 201 4
888 691 2
4350 1027 3
2350 4 2
2795 3303 6
1535 2372 1
86 5 5
979 3795 9
3754 3458 4
3665 3820 10
2250 655 8
2136 2799 10
770 4778 4
323 3457 9
1384 1252 7
3740 140 5
643 445 2
2953 768 2
2559 4818 2
3257 2412 10
768 3775 2
1596 3813 3
1434 4456 1
271 234 8
167 1006 3
2370 2927 6
1934 4517 7
287 3692 3
1159 1609 3
3770 3669 9
1442 750 5
1962 1537 7
1123 2704 1
1013 1423 7
373 2159 9
791 3978 7
2657 617 1
978 938 1
2248 1293 10
127 2742 1
2317 4399 3
2779 2889 3
2346 728 2
4501 1151 5
4002 3691 10
1403 1495 3
1004 842 8
2895 3089 10
348 68 6
2572 3403 3
836 1678 6
987 1405 4
2043 2279 5
1334 3341 9
2055 2547 8
464 1673 8
3488 4138 9
369 508 4
1885 1850 8
408 4190 1
415 454 6
139 1061 10
2124 4968 10
1730 110 6
3763 1282 3
275 2612 1
514 4410 2
2232 2111 4
818 789 9
605 2962 2
2845 1802 2
1612 1286 8
134 3753 6
1188 179 7
2475 3906 10
2486 3128 6
3971 2882 6
817 2067 7
189 62 7
3684 4561 9
4275 2700 7
661 2615 9
3211 3482 7
4000 735 8
397 1784 4
990 160 7
1697 4987 6
2807 446 7
3205 3276 1
4671 2660 1
517 264 4
4788 880 2
296 391 5
104 112 10
4448 175 9
301 1087 4
1569 1754 6
3676 2269 8
1301 3931 1
242 1563 2
1218 3983 10
3705 1831 5
104 287 6
257 26 8
645 503 6
1308 1269 6
600 1005 10
2348 2822 6
4927 1972 6
313 1896 8
74 274 7
1771 132 1
2296 2664 1
1224 3168 3
2099 4668 9
823 2756 2
1523 3699 6
3054 1664 6
4483 4604 6
3861 2413 7
659 1053 10
3950 3956 8
452 1189 4
280 2443 4
501 3698 2
4849 886 10
863 790 8
401 360 8
689 1929 9
3579 1705 4
1807 1715 8
1184 2573 5
425 1385 5
3007 4536 6
356 488 2
3859 3236 6
475 330 1
67 97 7
230 61 8
2718 1983 8
2081 2278 5
3814 2880 7
2995 2061 1
3216 4159 1
1847 1850 2
568 332 9
1086 361 6
647 1543 9
1202 4289 4
3454 4735 9
921 3451 1
3611 3264 10
1916 852 8
1090 560 10
1839 2036 8
3020 1484 6
1219 1940 1
348 3291 4
493 455 2
1393 1012 2
424 1665 9
3017 884 6
2356 2039 8
1331 2411 8
1648 2631 4
4770 4374 10
1647 824 8
380 728 7
2594 2403 8
28 543 8
689 854 4
1497 2525 1
3557 2485 3
18 3 5
4403 2872 8
1848 3456 5
2735 1237 4
2508 950 2
1128 867 9
1070 3576 10
2389 3638 7
4115 3259 4
2857 3140 4
3294 4570 2
1831 16 1
12 25 5
348 2037 3
4639 1185 8
3462 1882 6
1336 1429 7
2039 1638 7
367 2871 3
1061 1872 1
3785 2280 5
3235 428 7
1265 292 10
2607 1523 10
2020 1366 4
2918 476 6
3910 819 1
4203 561 7
4058 2077 9
406 1538 8
4527 4076 7
1059 874 3
27 4488 3
2306 2022 10
497 4030 6
4530 2199 4
429 807 1
2 538 7
485 4869 4
2093 1360 7
2638 1202 3
913 2622 1
2309 3865 7
3839 3557 3
4528 4761 10
339 2418 8
2211 1824 2
3340 3131 4
4624 2653 7
2650 2912 3
3693 1435 1
49 4890 4
1636 606 10
390 1668 10
771 396 8
2585 4551 6
3060 1228 2
58 246 1
138 227 7
2686 91 10
1584 147 3
465 1218 7
2050 1576 2
365 2052 5
3212 1137 1
426 829 9
1007 1248 9
341 3160 2
3033 2223 3
644 192 4
3680 297 1
806 1395 3
2263 38 6
4459 231 8
1175 900 9
523 1566 8
1819 1130 2
881 797 6
4320 745 4
300 550 7
39 72 7
1794 1529 5
4044 4485 2
3937 1222 10
4142 1624 1
2893 2461 8
4057 2418 1
3598 1478 7
2553 1721 2
1228 1159 1
1168 3541 10
312 663 9
1097 4063 1
2587 891 8
3582 3293 2
1708 1980 8
1283 630 5
1953 2554 5
4693 4330 4
3794 2646 4
1254 442 5
3640 3518 10
3389 4649 3
148 212 8
1036 0 8
3966 1425 3
388 2667 4
1773 731 4
857 1013 8
729 1648 5
1892 3442 10
3368 4176 2
1176 3681 2
496 1475 9
1179 328 7
366 482 3
2336 26 10
1816 3577 5
4992 3440 8
4091 4627 3
3948 2397 3
27 63 6
698 2448 8
2754 4475 7
177 855 6
2362 4730 10
87 773 6
1363 747 4
3108 2726 6
3074 3488 2
916 316 9
1133 105 10
3687 1427 1
1796 1541 2
4375 516 2
1064 880 5
1550 952 3
3980 4315 7
2412 4554 2
170 3736 7
34 25 6
3002 1722 6
9 3196 9
655 913 10
634 702 6
58 36 6
4135 837 7
2473 1693 10
897 135 8
1365 552 8
2422 2079 10
147 661 1
365 1260 10
44 2255 5
449 451 2
2506 4005 5
3635 2892 10
348 3556 3
163 3176 6
705 1469 6
1235 462 10
849 840 6
617 932 5
2023 4682 7
45 1630 4
1892 322 8
443 266 5
326 462 7
948 1259 9
47 173 7
1693 4620 4
4685 4592 9
1092 677 2
465 2527 2
991 3618 5
2950 2649 5
4975 3170 9
3104 1613 8
4430 2517 2
2741 402 5
812 314 6
410 406 7
1372 358 7
3752 478 9
98 1445 2
3372 3377 4
1677 3927 6
1895 844 10
657 1291 7
4223 3114 4
520 224 7
893 369 4
136 209 6
243 929 10
473 3358 9
916 1947 4
1699 4024 10
3625 2469 4
7 101 5
42 3527 5
4631 2146 1
1539 2804 5
285 3964 2
3811 199 5
2872 2245 5
736 914 3
2992 4828 2
2208 4664 7
3520 1366 7
4127 2294 4
794 1597 2
2701 2229 1
1011 70 4
1259 3169 6
1331 3942 1
1510 3617 9
87 2084 3
834 845 8
482 4365 9
3935 1003 3
2001 1887 10
1044 1234 3
912 770 9
29 57 9
3649 3326 5
2821 3137 5
3826 1728 2
3357 356 6
724 902 6
2199 1339 9
1567 1723 9
4192 328 8
395 429 10
1273 2337 1
2146 4340 4
3235 3989 3
751 1731 6
1089 10 4
3773 518 4
854 1428 10
995 3501 8
2236 2796 1
53 207 1
870 327 8
4367 3972 6
205 399 8
2030 164 5
175 846 1
3300 432 8
1951 1928 9
171 191 4
4916 3867 8
4995 2536 7
2874 3252 3
4402 1193 4
937 359 6
1536 894 9
1594 4947 7
4 2253 10
1166 160 6
3727 338 6
3739 3916 5
172 1299 8
2314 1117 1
715 1126 10
2993 3901 3
3200 4526 1
3036 638 8
2251 4106 1
1817 294 6
1403 1886 10
3662 1837 6
1463 688 7
2860 4962 8
533 94 7
1189 2747 4
1194 1559 10
891 4606 7
4831 692 2
349 348 1
136 3150 6
108 1337 9
3028 427 7
2096 3299 1
2024 255 10
3085 798 9
3979 1152 10
4825 3599 2
1389 1025 6
1730 3633 9
4781 3888 3
123 3516 5
733 457 1
1009 531 5
79 743 4
514 4777 5
80 3416 5
1017 1068 4
2015 2264 6
3045 2623 6
584 236 9
3078 1072 9
127 1313 1
1570 82 7
52 44 1
1536 2562 5
2149 1654 4
1076 2435 1
328 626 7
4454 634 9
398 1338 1
3286 2049 2
551 936 10
3940 1760 3
44 114 8
960 932 9
2059 3958 2
4378 4196 8
955 1042 6
1530 1464 2
610 487 6
536 2649 1
1819 2536 3
207 2806 9
2875 215 4
4398 2272 8
810 1914 2
4 219 1
1860 1857 7
1222 2227 3
1803 1605 2
1830 309 9
2050 3363 3
2931 1854 2
2654 1519 8
182 3548 9
4550 4443 3
2530 3171 9
327 103 8
3736 4332 3
315 298 10
2607 4846 5
833 2019 10
1620 1482 3
3222 1861 4
3729 4660 6
4801 716 5
875 3585 7
1420 4228 6
1368 1435 5
2449 1814 8
316 2614 3
1394 1526 6
1847 3324 7
2810 3522 8
393 245 10
180 504 1
3072 2708 7
3484 4592 7
1106 126 3
301 60 10
136 61 7
433 1801 5
859 384 5
749 1873 10
674 281 3
128 198 10
349 1908 7
2985 2589 6
4787 206 4
4495 1416 6
2685 2377 10
1644 4578 1
3926 2947 2
4494 2936 8
61 4080 9
300 509 2
226 2404 6
2221 1446 3
3539 1761 9
2942 1103 7
1635 76 8
93 1828 2
1105 3919 9
2389 829 1
119 909 7
81 152 8
2096 2107 9
4470 1826 9
1427 1561 6
4614 1981 1
961 626 6
1159 372 9
685 1104 2
1354 1008 7
34 689 3
874 2379 9
3405 398 9
4235 2914 5
1691 3884 3
2033 121 4
766 866 8
3692 3877 8
4654 2567 7
366 946 5
407 4102 8
116 631 9
1939 218 7
2074 662 5
11 77 1
2036 2802 4
364 447 5
3559 3181 5
1386 1275 7
3339 3189 9
1904 4545 4
629 4873 8
1120 2363 1
217 138 4
440 153 5
740 432 10
2177 3650 3
4893 4827 1
1551 1013 1
289 4144 9
3089 4695 5
648 605 1
1193 492 4
1870 684 3
4395 2919 4
284 2183 3
4528 1092 1
1732 1252 3
3010 2089 4
363 4025 8
3353 215 3
4750 725 9
2460 1361 7
3638 4356 9
131 214 6
511 907 5
704 1737 1
2568 1153 3
1530 3191 2
1035 2524 7
30 890 7
3526 3193 8
665 4358 8
3779 1833 1
336 1391 5
1904 765 6
2835 2364 8
889 3316 5
564 364 10
1658 2522 9
125 4107 9
347 1918 9
7 4 7
3898 3566 3
2684 2510 1
966 1701 3
2527 4612 10
386 253 4
1345 924 7
3241 805 1
613 2243 6
882 3059 5
2437 4635 7
691 1163 8
4264 4115 5
1919 868 1
4298 1977 8
700 538 1
2116 2009 8
546 4341 6
4435 338 1
97 116 1
2688 38 2
1238 178 1
4436 1533 9
3066 2918 7
806 1523 2
7 389 5
828 688 4
935 4046 3
3345 1245 2
3598 3840 8
3930 915 3
441 4518 4
4382 4823 6
4308 742 9
1150 2924 10
2339 356 5
641 69 6
160 1288 10
3982 458 5
666 296 10
4747 2771 9
1449 930 6
332 289 9
440 1687 1
3161 1222 5
1077 2943 1
93 64 1
1287 527 9
1537 4133 8
4040 3469 2
2195 3044 5
1289 1835 9
790 1158 8
1119 54 8
3033 4898 5
2423 3685 8
201 530 7
45 2767 9
4711 1139 2
1323 260 5
185 275 4
2755 2079 5
4540 2551 4
1729 4657 6
444 2885 6
3622 2513 7
3892 1107 7
1948 628 9
2621 2429 1
1176 958 6
2120 117 5
4648 2846 1
867 1619 7
3554 1805 6
4 29 9
1641 867 9
3232 1224 7
1173 2585 4
3747 273 9
368 599 1
961 2189 4
677 469 7
2156 1331 1
499 104 8
1509 1970 1
1226 1041 6
3807 1041 4
1545 3192 3
939 3018 3
809 868 1
27 244 7
358 145 2
32 15 2
1337 1763 10
576 968 9
2738 1518 5
125 923 5
3153 3751 1
676 343 4
4944 4904 7
347 3697 8
1598 358 7
3608 2776 3
297 206 1
3632 1574 3
4851 3468 5
3573 4507 3
3064 346 9
630 1343 7
496 2766 10
2112 4531 10
1805 1164 3
2516 4251 7
4928 1931 5
2811 780 5
1427 1231 8
2563 2046 4
974 4353 3
2038 2864 9
2447 2285 8
1442 1945 5
2038 104 7
1050 2754 7
3862 2215 5
1008 271 1
4672 2561 1
3743 2820 2
3794 4178 5
3102 786 10
181 979 6
1181 1480 2
1617 679 2
2668 1709 4
3052 814 4
949 1973 2
270 557 8
2012 1589 2
2311 2702 9
150 2471 5
1656 2275 4
290 832 2
537 18 7
4663 2245 9
369 511 8
4372 774 4
2071 2094 4
3423 1635 7
1312 491 2
436 1494 7
3510 620 7
2960 2245 5
310 1203 10
419 183 8
1285 517 9
2419 2351 4
1336 1683 3
2541 3025 7
953 1000 7
3181 699 4
63 91 5
3001 2633 8
1072 4645 8
4768 3045 9
1720 4031 6
1317 920 8
1849 4922 5
3407 4911 10
20 155 10
2415 1250 7
2875 2907 9
887 832 9
2459 1589 1
4349 863 5
535 1472 2
4997 2340 7
4707 3472 4
914 4008 8
182 3713 4
3103 2293 8
2343 3187 4
900 394 10
970 623 1
886 330 2
4622 3072 8
601 725 10
721 748 10
4651 4732 1
122 4599 2
1864 1862 4
1321 1484 4
2951 3494 10
79 237 2
329 272 10
1430 1270 10
2888 1277 10
769 1369 6
4323 509 7
2241 2407 10
4891 2773 3
4413 2662 4
827 532 2
2430 2311 8
4 118 10
1056 502 4
956 889 10
3732 3543 1
1249 1302 2
1690 289 1
4933 512 10
1660 777 1
133 1478 1
3114 3827 2
1324 634 9
3947 3510 3
2476 2483 3
249 3208 5
475 548 3
1823 4387 6
232 220 10
242 219 3
1335 3068 5
2449 4351 5
68 0 6
932 1565 8
2777 1590 8
409 2998 1
2670 1679 4
3922 2625 9
252 498 7
2058 2053 9
4752 4230 6
2198 2289 3
3905 2063 6
805 835 3
3243 3881 3
3660 343 1
943 206 10
2432 89 5
3958 4374 9
2693 2272 2
101 102 9
3835 1680 4
2496 618 6
3751 4319 1
1173 421 8
379 240 1
830 214 5
98 3446 5
745 4767 7
202 155 8
246 397 2
845 1994 5
3466 590 4
3058 252 4
1671 1448 8
450 201 3
94 42 1
1569 771 6
2540 1610 5
136 4420 9
1007 1116 8
1235 4537 6
1420 1766 9
1814 862 5
39 695 10
2390 65 10
2392 2289 1
313 265 7
1088 402 5
647 417 6
4690 2872 6
1232 1533 3
3119 2464 7
4116 855 8
1810 1159 4
1208 806 5
3274 4259 1
1950 536 4
200 973 5
1251 4084 4
36 12 10
1317 1953 1
558 8 5
4973 3845 9
397 2269 9
4185 2952 1
1266 909 4
1 2 1
3868 2521 2
2331 1503 3
1510 3323 8
2432 2922 1
76 305 2
236 2606 1
100 103 7
46 14 5
472 154 8
1824 1630 9
1322 719 7
1645 1705 7
4257 2037 3
814 831 9
1022 2088 10
254 13 3
1178 170 9
3470 587 3
1076 593 2
4650 4326 1
1498 2850 5
1793 1809 8
1956 1295 5
226 2008 4
4310 4233 1
25 2426 9
1863 1350 3
194 687 2
4964 1658 10
438 156 9
543 649 10
1739 1281 9
3531 1894 1
4728 2440 6
688 3804 6
143 87 10
1209 645 8
3230 3684 1
4348 269 9
2332 3410 10
325 1371 2
3776 1074 4
1884 170 10
2222 2810 1
4783 1770 5
1423 3855 2
735 146 6
543 678 10
2181 3645 8
439 716 3
458 220 5
1035 933 6
637 1309 10
2346 3023 8
1838 2715 9
2652 1235 2
1068 2963 3
765 513 1
4094 2366 4
2724 1244 2
4092 458 8
2715 3278 4
2155 137 3
2620 1503 10
2132 1816 10
2080 456 2
3401 2246 9
4444 1039 3
3304 3293 3
3658 2556 1
151 66 8
343 521 2
713 1610 3
69 291 5
959 540 2
4687 4856 8
481 529 10
1679 227 9
2491 322 5
535 720 5
2932 2396 8
421 104 8
288 4766 10
2535 2529 8
870 1067 5
97 473 8
4151 3969 7
579 371 5
1352 1381 7
4272 3193 7
2707 2451 4
3421 3832 5
2601 2981 2
2173 3315 7
654 393 7
662 648 1
2723 2481 9
63 129 9
819 392 7
1898 2090 2
788 14 4
1496 3443 1
95 798 5
966 1100 7
194 164 9
888 2623 9
1445 2225 10
1092 3623 4
1313 2111 1
4415 4078 7
607 2877 9
1985 944 10
3210 1499 2
1666 35 10
251 3110 8
1075 334 8
57 392 7
1154 2791 9
3261 1651 2
1145 4394 7
296 630 9
2229 2097 10
822 1968 1
2428 2262 10
1088 1184 5
4593 1526 7
2689 1768 7
441 958 6
260 357 10
3172 1669 5
3222 4625 3
1840 2400 8
4325 4132 4
4182 340 4
264 161 5
1412 232 1
85 180 7
1497 495 8
20 18 6
306 132 8
283 2257 5
628 131 5
2486 4613 2
197 2251 3
972 2317 3
3134 3131 6
6 2446 9
1676 2045 5
195 85 8
1933 2096 7
1522 1855 10
4208 61 6
1386 3838 6
1105 163 5
891 770 10
1600 1227 3
262 157 5
73 161 6
522 4334 7
4 1 10
3759 1127 7
2160 3914 3
1206 2507 2
1397 1489 10
1275 1146 8
2596 1638 1
3524 3733 7
2096 3349 1
4249 1074 6
4294 4099 10
1894 1170 6
253 1114 5
4108 504 2
1224 247 9
1207 4016 3
3512 3600 1
1695 292 3
4158 4048 10
2484 1341 3
241 506 1
494 160 1
4062 2791 8
851 555 9
1001 127 1
36 786 7
885 504 8
1966 3259 7
265 1091 6
80 1143 1
321 796 9
1107 309 8
3113 1288 4
2106 1484 8
1215 1595 6
1519 3992 5
707 759 5
657 1978 7
241 3220 9
734 12 2
1131 824 7
3755 614 6
347 41 1
3477 1438 8
867 2830 10
246 330 5
26 13 10
482 4669 1
4066 1385 8
1501 2827 7
3310 4514 6
1418 49 1
4760 4703 5
130 879 9
2095 1849 2
1442 1682 4
2914 1670 6
1065 3379 4
2002 4258 5
3301 1770 6
178 664 10
2254 2490 3
609 4246 4
2928 1885 5
481 2086 2
3225 256 4
2244 3099 4
1023 1746 5
4261 972 5
4336 3392 2
1940 2288 4
931 474 4
841 4681 6
521 976 5
777 1298 8
9 6 8
4139 1255 3
312 426 3
4318 4949 7
4041 3809 8
896 4479 4
1808 2528 5
228 507 8
3612 149 5
4816 1393 10
2 2956 4
932 2320 9
4733 458 3
460 2015 9
3560 4433 1
1889 1575 9
144 3547 8
3411 3207 4
1118 2610 1
94 1967 7
334 2565 9
1356 125 3
730 3485 4
2574 1843 9
229 376 4
3386 2011 5
282 2011 5
3428 268 8
438 3321 5
902 1879 6
2100 886 4
2462 574 1
826 2567 3
1972 970 1
1899 3053 1
659 13 2
984 3800 8
2576 1396 9
2195 546 7
4125 2014 8
2274 1686 3
2023 39 3
3224 3729 9
2840 2431 4
3079 551 8
3327 2020 7
2125 3874 6
3476 1916 4
4011 169 3
207 381 7
4959 3580 1
4111 3773 3
408 2517 9
2925 1621 10
46 1136 8
2833 232 3
945 1644 1
3109 666 10
510 4237 4
1311 3317 5
2749 1193 8
584 2572 3
1625 2775 5
1848 1540 9
1256 475 4
2052 4483 1
3409 2802 3
243 113 6
947 1007 2
1267 409 8
2796 2910 6
1072 787 5
4988 1492 7
1788 1625 10
823 1745 4
1702 1614 2
2112 650 3
487 981 9
1988 4829 8
1631 205 4
63 2433 7
1525 1711 1
4574 3413 6
2671 255 7
608 451 2
1895 4105 8
809 971 10
3617 4581 1
774 727 8
236 668 9
3734 4848 3
210 127 1
4270 1207 7
842 346 9
12 2823 2
1446 360 2
580 174 10
434 224 3
994 2401 9
350 3535 5
2953 3678 2
2468 2569 3
3716 3533 3
4699 3398 7
803 2983 2
4533 4538 5
1201 592 10
3261 3320 2
268 3121 6
1839 1596 10
27 259 4
1045 3846 5
3932 1233 10
810 648 6
1719 36 1
116 4164 5
1692 1977 7
1108 4989 2
4018 3073 2
618 133 1
957 116 1
3444 2574 5
2593 1597 1
2899 2555 10
70 109 6
1228 4847 2
323 1930 7
3115 4400 9
4449 2677 8
4086 3914 5
703 3100 6
922 733 9
71 3178 7
589 865 5
4910 1148 3
2378 4840 4
289 637 3
754 1501 4
1408 469 10
3822 1523 6
965 535 1
2372 3436 8
2895 3703 5
326 836 1
1328 2837 6
617 1110 7
3067 508 7
900 2371 4
1955 1815 4
2373 1546 10
853 4632 8
3394 4010 9
457 354 3
1368 1874 7
445 3407 5
516 967 8
2178 1039 1
4114 3005 7
3282 2415 3
2966 249 8
3251 4872 7
635 390 5
864 552 6
780 328 8
2423 1551 5
1580 1775 6
629 161 9
1387 151 4
196 1505 2
2009 582 1
2409 429 7
433 4546 10
222 782 8
4244 1927 4
1114 2589 8
1081 698 7
4390 3313 3
2469 1543 4
26 565 3
738 802 6
1188 2191 5
2172 4193 4
1461 3955 3
204 1667 4
1167 606 1
3842 3077 10
1303 301 5
581 2108 3
2951 1436 8
1724 41 4
1119 1903 2
1700 90 2
4238 4385 3
1975 3012 10
4274 1931 6
2992 2366 3
3038 1486 8
2225 2773 5
1638 472 7
48 105 3
153 77 9
1865 1392 4
1996 2165 10
4522 3502 5
815 1540 5
4838 1246 5
15 48 9
1045 1717 7
52 940 3
204 1645 2
1715 922 5
4991 4572 5
4999 302 10
2302 4718 6
1716 1508 3
2158 213 10
3702 1480 4
1553 2152 2
2105 1823 8
1789 4934 10
2439 3298 5
4753 2928 10
16 81 2
2475 4953 10
198 2429 1
316 54 8
100 833 10
2018 1297 8
1898 3778 9
2729 308 9
23 574 4
3585 4966 3
1905 1779 5
212 1268 6
322 312 5
2474 674 1
1556 209 5
3375 267 8
1015 2046 4
3041 2568 1
2101 832 8
1130 1139 10
2542 1113 5
2510 3421 1
740 1102 6
2422 3592 6
672 2999 4
1058 559 3
1495 3824 9
351 247 6
1733 117 8
1293 3512 9
3027 1733 3
3179 2469 4
2809 2620 5
978 4674 8
3239 4926 6
4799 2302 4
2977 560 3
2368 1894 3
2089 728 10
191 213 9
1349 2172 8
2679 89 8
278 2552 10
2677 3479 4
1219 1878 9
952 615 1
529 1524 1
3136 2461 1
1853 1668 3
1855 3999 7
164 4165 10
4510 4909 8
3365 2335 2
1700 3484 3
288 418 3
77 98 8
1321 447 7
4508 1069 9
4549 2052 2
1749 1584 2
67 55 9
6 3 6
3209 1571 9
23 416 6
313 2480 10
2073 258 3
1247 2366 10
396 119 4
303 147 6
2881 1699 2
3483 2000 6
3797 2992 7
2086 2284 1
1258 744 7
1783 628 4
663 4981 9
325 763 5
70 115 5
800 1674 2
3144 2707 2
986 662 2
2112 3679 7
683 133 10
3080 4217 9
2440 395 6
1772 892 1
1266 3480 1
991 2797 9
320 160 3
4908 2135 8
76 8 7
1306 2087 3
756 2393 4
2721 1075 3
312 22 10
510 620 4
335 813 9
2064 1639 5
3988 556 9
4245 3040 6
2534 3818 6
4905 933 9
1118 2322 10
111 96 5
2476 481 1
2628 839 2
3594 2902 1
1832 1511 10
1233 790 7
4296 941 10
3000 4104 10
703 4019 8
4219 3461 6
1079 4970 1
2547 3757 10
2372 3447 4
1661 3318 5
1256 4841 10
3417 1977 1
3860 1046 7
1134 759 5
4463 3413 8
280 1280 1
3490 1505 8
980 2294 4
3371 1961 1
4837 4667 6
2805 2150 10
3717 3139 1
4328 966 3
370 714 4
360 105 8
275 4276 9
3621 1808 10
290 1279 4
1077 1320 2
1800 1583 2
681 493 9
137 98 1
149 2901 9
483 4317 7
4053 3374 4
925 902 9
3928 3832 5
762 478 8
2185 3440 10
1142 384 2
1205 4434 10
2397 4425 1
202 4640 1
239 213 1
601 739 5
2246 512 5
846 2637 2
3350 2176 1
2940 2904 8
613 222 1
4309 2952 6
381 930 5
3748 1222 7
534 187 6
1518 563 7
2926 2723 2
62 1032 8
2586 1876 3
806 715 4
172 2470 1
4361 2255 3
3725 3114 3
2237 3720 3
861 1033 10
1525 733 2
2647 334 4
310 235 6
2083 2466 10
104 3550 9
4920 4237 9
1040 742 2
3530 1181 8
2774 2856 4
10 15 7
3152 1287 1
27 47 8
2147 818 3
3670 334 2
1367 3792 7
3819 1014 8
1407 2410 10
1117 3452 7
539 30 3
1822 2678 7
804 4424 1
3784 2186 10
4724 2856 6
4389 2416 7
292 94 10
3849 2817 7
921 1437 3
735 2262 9
3251 445 10
1761 1913 7
277 632 5
2065 2828 4
298 1917 2
403 184 9
1447 1332 6
3168 4651 1
528 4256 7
18 816 10
3664 2298 1
705 211 4
904 251 2
20 1272 10
298 43 6
993 2338 6
336 701 5
666 719 9
4443 435 1
1323 1888 3
1018 2303 2
1277 1269 1
312 1751 10
3250 3853 7
2558 906 7
118 497 4
1928 1300 6
863 2599 4
247 59 9
11 42 10
1510 3878 7
1640 3127 7
2179 4866 1
650 2053 10
46 1661 1
2618 4509 5
3030 238 10
2290 2283 1
2583 3167 4
0 1149 6
110 3921 8
594 487 1
2752 588 8
22 110 4
850 727 7
2740 125 3
795 4391 1
3854 1114 8
1833 2964 8
311 232 7
604 686 7
3774 1733 3
171 1485 8
3175 1848 9
2175 1513 2
225 769 3
2258 610 3
2214 1244 7
794 542 6
981 2014 9
2061 2636 10
1808 4902 7
304 1910 4
3902 3432 3
361 64 10
102 2624 2
291 1960 9
1525 1804 5
4152 1972 10
2952 2790 10
2388 1855 9
2793 2467 6
1394 1670 3
869 924 7
967 2675 2
367 2179 9
749 198 6
2370 1158 1
1159 4134 5
2078 1198 10
455 1504 8
3902 4297 6
3889 2776 4
747 3145 10
1184 2298 9
2691 924 2
3094 3590 7
1426 3056 9
2237 2640 8
1537 917 6
23 395 1
67 71 7
2173 2106 8
692 1289 5
3619 1727 8
4075 1495 9
4327 1461 9
1031 2759 4
3032 3708 7
2814 3981 5
661 2792 6
1112 1616 3
3288 591 1
3159 2103 3
4644 504 3
2819 4689 2
1633 523 7
1263 663 7
3946 3973 9
492 51 7
1028 1292 2
4759 1610 2
1477 3627 5
84 2391 3
1926 4154 6
1416 2921 9
425 13 1
1668 1726 7
3589 1166 4
4071 3195 5
1450 2190 5
4076 96 2
1183 4836 4
208 3233 9
4369 2614 2
473 972 9
183 182 8
61 792 10
2062 854 3
361 4712 1
83 1255 1
836 1330 5
3460 1961 8
2260 4642 10
694 1021 2
364 442 8
307 258 3
227 1183 4
54 1227 3
4200 1279 5
3180 4487 7
3126 2005 9
1994 2098 2
982 1020 4
1247 587 4
3433 3033 3
1521 1355 6
705 4587 10
118 2150 3
1890 1548 6
1043 592 10
4262 4917 4
3806 4061 8
610 2218 8
165 89 10
4703 1276 8
266 2310 10
1626 1834 4
1301 799 10
1832 2523 5
2441 3123 7
4588 4360 1
4082 3308 8
1259 3998 8
786 3098 7
1213 797 10
4205 2121 2
4741 4103 1
3760 457 9
939 4170 2
2369 4749 2
1307 2782 5
4064 1443 10
630 2969 5
424 621 5
1144 4912 3
200 1982 9
9 789 6
4985 4192 5
4899 152 7
908 1725 3
364 3880 4
926 702 10
4800 3981 3
2501 2846 6
3164 239 2
840 386 7
906 373 9
4072 362 10
798 1251 2
3190 3081 4
2384 1642 8
1961 1503 1
2743 1779 6
96 124 6
48 1963 6
2425 2635 1
2169 1040 9
4216 870 2
1243 723 4
274 772 10
2663 3393 1
2908 709 8
2685 2710 7
3954 2876 3
2469 3310 5
3701 929 6
4758 3535 8
3146 4716 8
41 384 5
1598 4602 7
2636 2666 10
2161 441 5
2458 2045 8
2683 3584 2
113 2361 9
2720 4220 1
777 2696 8
4543 1886 1
3642 2165 1
1627 2732 7
2247 3061 1
3469 4976 7
3641 1365 1
723 411 7
16 170 2
1052 2081 5
4227 2326 2
1344 2010 2
3142 839 2
4313 1936 9
1025 950 4
1435 4862 6
1727 4629 1
3603 2172 7
2851 3944 1
2746 2567 10
1634 231 2
248 288 7
4452 2393 1
3783 1338 4
512 593 10
495 222 2
2825 2451 9
4474 2807 8
3899 2034 2
619 3080 5
4590 2079 6
1490 220 2
1212 1922 1
297 2734 3
3166 2020 8
3322 526 10
4271 2912 1
3281 3742 2
1475 2861 8
4236 1781 5
4343 455 8
1465 4450 8
4112 1874 4
3533 2064 6
3604 652 1
2831 2566 8
2192 861 9
4153 4114 7
1558 310 8
898 1152 10
3211 496 1
4698 4043 6
205 1450 10
1514 2134 6
4859 3787 5
3012 3034 8
2497 3014 2
399 2151 7
535 2054 2
3238 3929 5
1946 1139 1
601 209 8
51 269 4
153 3913 9
1433 633 8
51 236 1
374 1432 9
2049 2450 5
2818 1192 1
1241 3781 10
203 505 3
518 357 1
222 747 10
3311 693 5
433 464 2
3264 1692 10
1400 2876 1
1503 168 5
4969 1582 7
2207 1955 7
2619 1911 2
4 122 2
1 4288 10
250 3359 9
2685 4861 3
268 500 6
4226 4287 6
693 637 3
1212 946 3
1412 1514 6
127 3739 8
4826 1723 4
1817 1901 5
187 117 4
3677 1064 9
573 28 9
4458 1881 10
4835 4655 6
878 276 9
316 1085 5
3686 409 5
3903 1686 9
879 3394 5
1545 1205 8
21 4 6
1377 1593 9
3748 4099 9
1444 4764 8
1452 568 3
663 3302 8
15 40 2
669 238 8
139 13 8
2677 2403 10
3746 1264 6
4678 1005 3
146 1534 2
3005 153 1
1057 942 9
2281 3024 3
1594 726 3
3404 627 5
2005 1724 8
540 553 2
177 188 3
89 4719 5
1406 4065 7
499 905 10
128 963 7
2247 1019 4
4369 4471 9
4679 4854 9
818 1453 4
2362 1087 7
1520 1135 7
1506 634 8
1397 250 5
2848 706 1
4984 1169 1
1639 517 6
377 210 8
2305 1914 2
1727 1009 4
2841 4736 6
38 27 9
762 767 3
3852 4052 10
514 233 6
1681 4636 4
923 4428 4
3828 1361 8
3240 3213 4
2481 4673 6
555 52 6
4304 3397 10
997 4401 4
4619 1424 5
748 2613 3
4834 2773 7
2174 343 2
2285 558 2
235 785 7
1688 972 7
1477 1706 2
338 766 2
120 837 7
3925 1237 5
1134 2408 8
4303 3867 8
2360 4056 8
481 1793 6
2413 1927 8
2488 2243 4
3187 4946 5
2555 4977 5
2431 995 8
406 270 3
601 2364 7
2937 2202 3
4321 261 6
4253 730 1
1767 1328 8
949 224 5
160 1941 4
304 177 3
1221 821 4
928 2762 4
2295 3879 10
1495 2744 8
3011 4093 6
2318 240 5
641 4210 4
1080 596 2
2519 127 5
2780 2355 10
1083 2122 4
1588 1175 7
215 2770 1
3593 85 7
2480 3329 4
3796 2495 9
1240 4147 9
3571 3304 5
293 106 1
3465 2822 8
3506 2253 5
1649 771 9
4069 1450 10
510 1653 9
3533 4951 3
3528 2777 2
4932 4461 8
2048 1423 10
2711 3197 2
2259 164 10
1349 4467 8
30 4130 3
1198 1250 1
4582 4857 8
2972 1371 4
1664 3271 8
3330 3666 10
2032 622 3
1245 1193 9
2428 4563 7
44 299 8
3812 4811 9
2851 341 8
4100 839 7
321 4751 3
3296 2553 2
1155 1273 6
49 70 6
519 4021 4
1778 1339 7
36 256 3
2141 597 8
4222 278 4
3856 868 3
2870 3051 2
429 2180 4
1655 4073 8
1190 1479 10
3313 374 4
406 4023 6
826 481 1
721 224 3
4341 4906 1
4238 2072 2
1605 2140 2
908 1527 9
3602 3582 8
373 4548 4
2657 3184 6
2427 2509 5
118 535 9
1646 773 10
1414 965 6
893 2498 3
340 141 8
369 212 3
2029 2531 7
215 131 1
2582 158 4
869 96 8
4475 4900 9
191 334 8
1466 2503 4
3159 3652 5
1923 959 6
1800 2256 3
3273 3610 4
60 3772 5
4204 122 9
17 1867 6
3356 1594 3
373 2241 3
4618 1325 2
2711 1569 8
2399 2142 4
4982 2813 8
4291 2014 10
1074 1516 10
522 2630 5
4943 4809 1
2516 332 10
2067 2297 7
4874 3730 9
1335 786 4
2025 3086 10
807 3805 10
2452 455 5
911 2934 4
4473 721 10
1567 1266 1
2278 4994 5
576 187 3
2658 650 2
1955 2292 1
3939 2807 6
1204 1185 8
354 1195 2
477 329 2
618 2124 9
264 487 8
539 2222 3
3420 2253 9
216 3924 2
271 2000 4
2376 2185 10
2085 3896 5
2737 3062 8
1270 3360 9
1351 3569 9
4322 1664 4
263 636 5
4806 1477 2
3758 2058 6
3938 505 3
200 187 6
3774 4273 3
4637 97 8
1113 3396 1
3 5 5
1752 282 7
2099 2030 7
3188 2713 7
3401 3831 8
927 914 8
415 853 1
4974 3508 7
3044 4940 2
921 2506 6
1333 560 2
278 209 8
3909 56 9
56 25 6
2063 2360 8
4503 3400 9
1331 2375 7
588 1304 5
538 3894 7
2310 2842 3
2896 2180 8
633 1002 5
3201 2541 1
1306 666 3
824 736 9
164 29 10
950 1246 8
166 583 3
115 1200 10
177 444 1
51 87 1
1362 1119 10
2988 2617 5
251 4903 7
558 2884 2
2489 2515 8
2200 2417 5
411 125 7
3129 2017 5
4573 1098 5
2627 2302 8
2110 2021 4
1320 1328 7
3230 431 4
2785 1650 7
664 2414 1
414 232 7
3227 510 5
61 19 9
1511 2781 2
743 969 8
4307 1259 3
1273 3891 4
1030 1935 5
4850 489 2
298 531 2
204 268 2
3272 2026 9
3157 2007 9
3821 643 6
1022 2768 10
3136 4441 3
2328 2737 4
1792 3920 5
2955 1139 7
1924 3472 8
1069 1135 7
213 688 8
2644 753 3
15 432 7
245 50 6
603 1252 6
454 4579 1
158 36 7
652 116 5
1539 4552 10
395 502 2
49 1 1
298 589 2
4017 3613 6
121 106 2
1440 415 10
1617 1942 8
2237 1363 10
30 1760 2
2639 1527 9
3376 596 6
1364 176 6
3489 555 2
1506 3663 6
735 874 3
2849 1521 4
1759 610 7
1249 1239 1
3244 858 1
1547 985 10
2564 3953 3
671 224 1
2726 2539 3
3952 2889 3
107 279 6
452 34 5
2673 1719 4
1456 444 3
3539 4330 4
181 1030 8
0 540 1
4557 3363 7
303 4502 9
1979 744 5
573 4149 4
770 423 1
2790 2744 7
2343 4782 4
2915 1945 10
1005 1403 3
89 607 1
3808 838 3
156 58 7
4290 3736 7
2636 4172 3
116 1586 9
706 3335 1
2354 938 1
3858 2872 8
2695 747 7
1298 3486 4
3732 4366 10
3970 2492 3
22 1713 4
3431 477 1
703 821 6
1813 1286 4
2133 1325 3
524 55 2
2855 1146 1
90 408 6
2603 1823 9
233 331 4
988 233 8
374 1696 9
2550 2317 1
2111 3780 1
3633 4383 3
1844 2176 9
374 1862 6
301 302 6
187 2648 3
1104 1380 5
1958 2340 10
4097 945 2
38 481 6
486 1029 6
2710 2905 1
254 2541 8
2973 153 6
2323 1396 6
2526 1649 2
149 33 2
687 1615 6
3182 873 6
2571 4746 6
488 556 8
2188 556 5
563 291 1
2817 356 5
2139 1287 8
18 62 6
1117 294 8
1859 427 4
2945 2552 5
1708 2072 7
1004 2592 5
125 26 9
4978 3781 6
2193 1230 1
2437 995 3
2730 1718 6
127 612 3
333 323 3
4179 3092 10
753 616 9
1374 3354 5
116 372 6
42 549 10
433 394 3
4647 4240 5
813 3049 8
3911 3091 8
133 10 6
280 1697 5
2454 3029 7
4028 3742 8
2936 30 4
1498 3848 2
1260 2769 8
3170 2612 2
4804 4870 1
108 2382 6
