103 225 0
68 17 74
2 93 1
87 29 1
64 11 1
96 26 1
50 61 1
91 68 1
54 83 1
19 31 1
13 66 1
45 94 1
71 80 1
21 45 1
94 42 1
72 48 1
4 23 1
95 54 1
38 6 1
60 74 1
12 51 1
40 33 1
22 98 1
3 71 1
49 55 1
47 67 1
31 85 1
37 3 1
26 96 1
65 64 1
61 76 1
65 5 1
27 71 1
37 50 1
15 72 1
71 35 1
64 78 1
89 36 1
56 46 1
76 94 1
47 9 1
11 19 1
69 63 1
3 1 1
8 83 1
58 80 1
17 69 1
61 38 1
4 98 1
61 31 1
33 47 1
79 86 1
56 0 1
12 0 1
1 30 1
56 98 1
52 48 1
102 78 1
79 92 1
25 27 1
94 31 1
44 75 1
28 82 1
50 27 1
11 51 1
61 20 1
20 77 1
92 44 1
40 37 1
82 29 1
35 18 1
94 0 1
59 99 1
32 41 1
82 24 1
74 78 1
3 27 1
99 66 1
7 40 1
16 91 1
97 4 1
77 5 1
98 102 1
96 15 1
18 62 1
48 15 1
33 4 1
80 45 1
79 23 1
33 14 1
15 79 1
91 51 1
9 47 1
59 18 1
84 86 1
43 97 1
68 17 1
19 37 1
7 75 1
58 88 1
70 28 1
65 4 1
99 97 1
50 18 1
87 43 1
46 89 1
18 87 1
6 21 1
22 32 1
10 7 1
92 74 1
55 85 1
31 9 1
5 9 1
83 15 1
9 65 1
86 7 1
80 76 1
22 12 1
29 40 1
55 9 1
101 25 1
11 82 1
35 71 1
42 9 1
0 92 1
83 85 1
93 84 1
60 39 1
10 23 1
36 84 1
75 22 1
69 76 1
34 69 1
50 20 1
8 17 1
2 70 1
33 39 1
2 98 1
89 2 1
57 87 1
14 41 1
93 14 1
66 101 1
35 84 1
83 20 1
11 21 1
81 59 1
67 60 1
75 84 1
39 62 1
55 102 1
78 60 1
13 47 1
86 43 1
57 49 1
85 55 1
90 52 1
23 48 1
38 76 1
63 54 1
13 29 1
52 79 1
12 34 1
34 43 1
67 16 1
72 59 1
63 49 1
24 44 1
0 90 1
1 36 1
34 82 1
1 75 1
19 61 1
7 36 1
83 49 1
69 30 1
11 27 1
100 69 1
52 100 1
35 6 1
55 18 1
93 74 1
44 94 1
85 42 1
1 34 1
32 83 1
7 81 1
78 50 1
3 39 1
51 58 1
55 3 1
36 34 1
13 26 1
51 49 1
30 56 1
75 45 1
73 63 1
28 3 1
36 75 1
41 59 1
60 91 1
88 92 1
44 17 1
62 31 1
34 68 1
100 3 1
68 24 1
54 53 1
14 10 1
1 57 1
95 13 1
77 22 1
92 95 1
6 39 1
81 97 1
73 84 1
94 10 1
53 90 1
49 8 1
1 102 1
75 72 1
70 14 1
55 14 1
98 57 1
42 73 1
53 1 1
