1000 3050 576 713
379 341
931 51
744 727
24 829
91 650
221 139
697 650
861 122
21 293
223 929
73 323
790 805
851 915
52 194
762 22
839 852
20 977
970 630
377 372
264 421
437 410
450 239
470 63
20 514
449 997
707 885
930 289
355 11
722 838
664 455
130 750
500 9
240 812
957 980
127 223
466 612
395 102
939 802
210 682
41 876
451 903
941 237
631 306
864 325
176 403
209 177
652 15
536 173
305 26
211 242
578 772
175 522
537 604
142 898
839 463
75 686
179 401
67 946
572 923
256 980
375 606
787 598
372 241
547 459
271 154
505 564
800 904
731 165
708 737
955 849
248 929
148 798
193 504
834 545
114 807
891 663
572 387
576 116
109 338
851 124
55 940
396 0
402 198
520 616
954 304
221 389
805 40
818 881
530 378
572 75
640 459
416 922
243 979
718 118
428 72
386 81
610 933
184 472
584 645
956 311
416 407
568 443
397 406
231 699
861 280
265 373
451 377
564 383
788 832
876 394
169 162
761 565
186 555
137 933
707 521
967 527
743 778
171 306
979 562
424 55
610 830
558 262
148 862
565 252
761 931
821 156
26 817
382 758
819 236
428 472
154 597
541 891
21 885
788 471
380 967
934 870
263 104
481 651
514 83
712 657
417 309
550 970
974 158
179 869
863 931
477 710
179 257
387 311
19 124
173 755
42 316
322 765
297 327
345 293
233 122
273 320
73 592
232 159
10 524
773 184
590 447
557 852
470 396
453 237
818 697
171 550
237 348
333 449
574 156
317 382
481 281
158 922
117 352
525 573
242 422
186 259
389 907
409 881
967 883
491 615
51 219
371 287
169 564
221 634
715 933
33 114
761 504
322 73
396 938
838 888
262 489
827 653
90 899
214 698
785 664
518 31
446 266
201 131
106 133
162 534
209 987
377 411
903 366
106 593
17 744
298 463
972 727
981 116
186 362
32 36
71 638
461 896
843 346
715 899
227 883
354 546
106 897
342 35
461 56
492 198
871 692
675 254
429 221
677 931
429 350
961 516
938 977
994 646
377 848
733 688
647 570
169 828
164 925
75 202
949 443
689 674
744 108
418 436
734 840
298 155
828 753
355 420
596 953
56 395
249 89
347 930
763 626
340 987
152 524
760 817
782 655
429 595
556 510
435 733
557 93
862 99
698 782
839 223
757 109
201 828
732 757
60 274
710 538
906 550
679 217
347 482
620 916
528 254
870 909
873 209
579 762
32 833
350 808
238 549
33 455
148 546
241 678
757 456
263 915
873 550
519 611
705 723
375 211
167 383
22 103
210 697
895 62
830 100
253 332
999 475
717 982
345 379
412 458
646 523
426 285
80 522
19 938
242 364
807 908
256 739
957 52
896 2
761 470
974 777
175 512
504 269
372 334
542 303
825 677
133 426
256 954
503 22
767 337
723 0
179 471
872 64
82 11
299 127
919 791
761 293
194 532
480 481
937 820
646 243
788 981
788 898
287 709
470 662
233 711
431 595
641 82
962 865
598 671
796 871
246 493
424 526
952 860
391 363
188 178
364 98
819 907
189 183
58 888
113 18
564 467
185 612
578 41
264 107
505 968
365 19
264 273
306 239
145 5
24 124
25 755
903 0
783 685
504 591
200 129
437 217
993 963
119 265
451 147
58 424
145 757
381 339
90 584
2 731
235 656
857 326
137 557
330 151
980 542
430 382
409 727
624 81
157 146
137 979
579 239
453 598
723 99
424 496
350 871
181 463
46 198
802 762
723 218
557 460
863 889
501 460
853 956
74 523
179 263
857 147
574 613
723 661
602 527
955 938
807 501
166 791
142 769
450 891
457 390
843 577
862 902
456 486
844 269
687 152
787 193
29 530
594 844
298 219
350 152
483 942
481 581
96 526
291 610
264 678
641 733
810 587
467 920
350 70
323 514
271 186
611 561
937 462
239 787
806 204
314 858
337 119
761 104
169 429
44 581
429 398
471 394
715 856
214 53
213 223
659 679
572 340
913 38
167 877
314 879
344 698
501 986
17 212
595 614
298 259
244 179
17 171
328 981
755 247
828 734
912 628
748 253
417 59
869 919
841 493
888 93
669 456
912 400
647 804
718 225
184 407
314 790
933 385
492 273
647 662
300 589
248 226
569 967
798 668
199 308
788 344
506 496
761 669
556 410
869 928
375 453
532 296
328 44
227 113
817 57
661 841
521 811
829 36
955 895
721 593
496 321
450 669
531 575
340 343
631 252
751 977
75 654
163 620
707 375
372 773
389 868
172 601
740 253
595 470
827 459
423 27
139 268
271 903
868 53
606 706
595 937
894 285
309 686
176 150
100 531
957 200
678 326
572 418
347 100
887 501
708 79
621 478
862 278
328 221
595 873
438 553
785 812
786 802
340 272
52 728
244 502
471 445
632 460
579 15
835 663
869 591
369 717
513 97
646 669
185 790
762 984
510 673
938 763
598 644
556 733
911 795
924 655
451 939
779 817
800 703
633 240
407 921
227 923
387 305
558 195
239 660
565 189
577 22
218 293
664 812
69 325
157 510
601 922
17 669
887 67
351 65
164 996
5 229
893 191
141 867
497 425
350 72
132 775
927 816
117 64
167 402
21 705
505 458
901 454
214 299
583 25
505 958
74 493
609 445
707 994
632 771
358 66
600 628
271 939
530 868
157 90
762 476
785 267
396 288
686 370
29 417
661 973
252 934
692 141
166 510
241 754
852 555
597 643
377 994
910 151
65 797
506 527
902 252
466 527
41 772
131 313
154 25
92 211
981 677
21 184
347 718
892 210
334 287
548 299
873 871
800 489
490 69
416 704
788 796
594 344
624 178
980 499
305 653
707 800
314 317
3 596
350 243
652 689
556 893
646 896
645 495
196 850
157 583
477 220
744 317
115 771
344 305
610 809
169 714
372 701
5 553
796 434
809 175
513 129
718 279
938 879
843 145
579 780
185 35
838 737
828 893
214 885
468 943
757 936
503 680
919 582
225 129
585 129
73 500
811 671
471 72
274 417
692 207
998 410
571 8
852 728
570 353
75 725
512 277
548 227
520 74
97 864
756 110
116 209
379 212
811 86
298 857
884 57
654 211
736 312
339 9
156 752
467 625
726 41
91 824
854 12
471 606
883 45
892 402
565 698
354 371
627 160
545 868
418 551
238 783
902 532
795 728
429 235
539 777
869 806
675 593
481 131
202 358
404 205
453 99
314 826
456 503
221 434
873 831
114 813
59 100
377 414
638 706
243 143
468 847
767 955
809 975
679 916
715 731
25 256
145 221
482 70
558 202
417 617
470 372
380 712
762 928
299 217
188 32
20 151
252 421
140 623
915 759
943 25
171 863
576 556
807 644
751 67
90 240
396 572
162 220
367 615
338 953
344 399
201 482
102 929
892 938
853 943
221 300
764 248
641 417
966 60
573 219
822 62
811 260
106 469
375 320
939 767
451 765
818 913
389 315
380 259
180 995
698 669
244 429
698 468
470 116
932 101
651 890
137 786
25 369
314 249
496 24
166 972
716 38
474 753
271 188
702 782
610 68
915 474
298 490
979 163
966 17
489 813
791 295
788 322
329 993
771 376
434 633
513 268
35 532
757 951
201 44
248 36
719 670
873 762
119 592
698 387
896 87
377 979
133 742
960 270
92 769
396 461
99 872
306 722
96 764
434 194
571 830
912 250
796 19
754 587
377 397
594 388
69 517
274 885
372 356
299 294
952 656
536 355
549 635
805 585
326 974
862 642
251 84
843 171
520 340
131 183
186 110
919 282
251 50
407 490
888 587
254 494
736 774
608 34
429 902
873 994
434 748
724 992
189 836
602 569
853 846
705 641
927 25
460 30
431 576
885 830
963 197
843 176
137 478
748 70
633 876
982 874
750 313
789 492
365 825
583 684
505 396
843 522
623 522
365 871
510 11
881 135
715 363
596 611
716 601
849 891
979 347
472 78
55 991
416 317
328 955
480 35
417 14
918 758
534 781
252 96
264 360
86 259
303 95
186 934
378 125
493 485
945 724
99 76
881 584
555 370
610 211
796 164
808 686
468 306
174 103
845 946
110 606
300 547
246 802
961 453
263 232
587 897
481 372
271 527
214 759
583 138
570 743
234 127
435 24
581 287
579 424
330 392
239 323
882 270
844 729
673 969
431 145
85 289
710 524
808 642
525 618
564 576
972 508
782 49
239 89
426 622
597 737
564 939
455 404
726 409
113 204
49 101
451 839
479 561
345 372
807 4
206 674
553 562
565 552
599 332
13 390
180 222
927 632
834 76
788 669
952 312
733 553
221 365
0 363
800 924
910 459
92 355
861 883
549 331
669 477
859 164
186 301
817 39
572 241
889 904
505 273
240 13
91 235
7 679
110 544
91 276
424 805
83 976
271 547
644 433
44 92
250 569
328 966
721 713
861 720
928 357
431 857
744 908
439 139
698 162
675 228
188 6
463 881
945 181
44 322
957 739
792 515
324 944
139 4
587 866
885 651
148 939
450 496
340 440
29 938
518 743
715 898
214 786
434 838
862 337
169 481
184 238
893 714
528 466
513 729
624 739
187 361
481 96
576 480
639 203
328 520
517 77
510 584
133 80
556 369
369 844
239 41
644 700
15 197
113 289
715 523
379 317
206 471
541 111
918 702
137 939
329 668
909 560
470 828
569 97
450 876
698 422
90 38
221 887
3 981
641 995
703 284
698 404
209 212
300 578
375 771
429 874
246 945
88 437
416 843
113 882
888 45
96 938
481 570
878 191
753 386
206 571
256 681
951 76
110 310
186 798
328 176
130 294
885 310
980 758
350 231
894 178
397 452
862 292
416 420
526 697
78 88
407 130
564 21
564 5
233 866
785 276
847 992
246 234
29 871
901 144
64 834
170 121
979 105
918 278
553 989
751 196
263 866
252 213
306 290
314 636
71 818
604 325
179 358
687 215
851 62
72 742
200 349
179 210
156 225
861 754
299 754
873 345
873 298
945 596
318 824
614 226
431 716
167 310
869 903
647 240
345 608
275 946
847 629
241 517
506 173
15 817
809 93
564 17
17 786
507 284
851 309
461 298
221 396
675 588
243 248
541 231
221 309
841 586
862 741
244 564
46 155
221 118
209 242
274 185
417 708
723 360
608 921
652 463
971 777
692 537
383 209
275 432
167 532
732 715
91 73
264 968
206 377
922 983
830 70
616 366
686 900
281 785
60 195
127 904
298 185
294 412
724 870
707 174
937 903
998 493
90 943
239 136
206 927
945 834
761 186
906 252
596 877
169 480
463 152
819 934
396 756
21 470
913 118
502 156
328 165
33 599
283 493
451 184
263 680
720 662
862 383
278 302
342 563
902 718
483 923
741 946
507 840
751 606
669 708
564 481
233 582
796 586
46 192
550 663
912 893
805 47
652 4
131 963
687 195
550 739
811 74
183 890
60 85
179 640
424 893
321 617
894 124
231 425
797 964
451 189
250 959
154 99
378 408
828 199
297 66
602 868
61 815
828 411
114 613
274 157
162 877
450 647
201 539
113 219
131 915
744 438
892 835
416 396
877 545
704 374
167 650
432 10
853 407
516 103
71 168
779 305
828 585
116 207
949 314
167 192
45 797
601 995
782 486
910 70
595 558
249 61
994 571
171 887
431 416
184 232
68 570
707 846
579 380
157 816
115 560
966 941
764 765
636 696
435 228
241 441
955 571
979 122
762 223
479 448
328 862
90 596
96 65
340 925
786 299
388 323
906 415
314 187
830 213
59 625
595 356
44 918
319 238
853 411
765 678
65 127
502 498
839 939
765 197
248 455
631 977
424 508
924 351
137 237
832 387
251 147
512 382
237 326
862 738
167 626
334 771
485 730
137 409
209 415
214 556
513 652
627 89
56 235
859 92
463 621
757 320
903 548
199 415
59 604
113 316
913 696
880 117
919 798
283 585
345 732
535 691
468 24
779 302
721 888
297 967
780 785
23 999
412 543
935 305
137 23
472 525
201 29
754 817
949 930
298 297
281 897
209 192
116 967
568 766
481 340
375 328
841 603
17 397
866 373
941 988
274 372
21 148
808 234
19 888
871 906
133 175
438 223
197 947
91 709
148 397
727 302
945 319
717 821
335 129
847 874
565 594
301 826
387 507
903 448
248 793
767 859
692 719
21 201
740 693
832 719
624 827
994 108
862 719
303 900
537 760
788 825
462 790
375 60
338 359
457 48
375 16
524 781
38 703
428 241
604 775
906 789
741 193
416 17
496 330
91 400
152 942
843 109
645 965
639 708
246 472
869 970
723 639
848 323
686 872
557 681
333 104
355 331
945 948
427 674
21 340
375 796
431 429
930 78
832 706
22 443
726 992
873 70
234 767
169 202
219 676
796 572
187 626
509 329
221 60
322 58
873 849
630 53
115 7
276 217
455 164
522 740
280 743
576 104
1 925
950 410
169 244
234 19
871 502
434 435
188 185
31 942
732 497
966 832
431 707
994 773
574 301
1 983
58 854
278 123
275 728
982 268
875 868
881 466
194 597
274 770
813 253
244 391
263 995
945 929
20 40
78 293
439 351
167 971
298 154
480 408
472 308
69 793
344 861
246 60
69 660
503 714
571 857
396 581
828 635
838 297
429 563
345 184
189 489
210 737
622 504
535 776
902 107
847 117
564 954
502 164
889 456
241 421
433 563
90 696
186 304
903 296
300 466
229 339
397 231
999 93
246 927
154 50
861 389
528 13
451 871
421 485
178 566
360 650
54 887
707 961
537 482
532 508
155 854
530 988
936 948
748 191
68 758
310 932
468 71
980 824
981 418
398 126
692 573
733 516
333 998
328 166
0 331
896 612
75 101
530 135
275 46
861 618
947 447
978 544
545 658
873 979
963 628
338 964
986 282
543 529
274 768
906 74
713 253
780 256
37 685
334 486
884 282
470 351
415 208
234 756
757 529
556 397
243 231
662 608
548 71
365 333
171 174
471 484
162 39
470 584
520 913
651 269
495 374
59 393
377 51
252 662
697 303
848 851
418 490
335 10
630 488
821 13
383 911
893 680
148 331
416 616
572 92
178 730
507 644
780 10
416 476
937 166
698 587
155 969
902 694
429 892
530 620
156 255
955 435
966 214
751 802
906 649
263 475
145 49
677 883
428 933
655 269
25 64
67 406
211 63
412 630
651 942
91 472
903 77
364 282
378 695
68 574
906 2
137 773
471 428
17 19
244 141
375 873
397 340
857 353
915 340
148 450
104 108
788 418
365 298
460 432
411 170
641 754
941 37
945 501
74 64
379 302
707 150
54 857
832 152
854 403
421 180
413 410
597 653
796 360
430 598
587 797
132 611
798 34
587 547
312 976
496 784
596 351
521 128
418 419
620 16
379 90
536 211
715 912
994 906
502 288
509 559
369 887
822 691
177 618
131 46
918 200
705 775
436 807
748 349
595 786
78 426
92 448
116 725
905 901
436 52
398 291
299 821
911 233
350 915
880 668
133 846
185 789
798 784
733 552
558 574
961 336
692 764
669 940
416 480
180 976
244 137
355 559
281 398
164 787
221 372
439 129
678 632
911 519
826 47
451 912
792 868
548 250
21 180
281 335
589 209
505 206
329 954
429 888
664 998
482 399
788 201
520 493
569 608
127 783
350 839
157 94
481 541
779 752
681 358
493 657
934 910
383 538
431 556
430 366
762 102
323 996
367 921
945 275
589 746
274 991
111 187
252 995
952 717
271 669
698 252
267 368
338 64
451 848
464 540
221 548
528 543
576 981
815 783
44 195
319 723
505 744
774 230
374 778
576 470
407 361
653 255
675 543
505 317
531 867
938 33
319 423
450 889
19 892
537 978
461 785
654 516
641 467
736 124
74 135
97 316
631 272
365 649
350 18
377 133
155 14
5 885
913 370
169 796
824 120
571 901
345 633
831 270
472 623
678 488
760 284
527 144
384 364
939 556
660 465
981 935
683 9
642 410
963 415
246 808
491 473
345 314
739 194
128 486
650 83
65 278
58 54
131 694
961 353
579 279
686 279
505 786
945 902
526 922
878 464
707 301
250 105
451 726
723 373
945 502
75 582
595 334
646 239
342 427
249 656
896 654
472 207
169 318
167 629
246 461
115 824
383 142
564 707
919 397
982 704
703 682
413 636
639 609
669 228
930 562
716 736
942 727
647 512
828 142
722 768
576 705
396 886
931 667
712 266
256 879
238 673
477 811
5 402
825 70
845 867
179 588
29 275
271 311
490 607
115 963
451 578
69 593
64 126
702 652
732 297
243 257
375 927
244 416
837 330
958 93
243 987
847 821
397 488
808 461
96 192
564 732
154 466
169 707
21 687
647 153
675 386
199 353
322 320
183 538
246 431
227 495
265 266
478 153
579 405
848 263
157 181
562 619
90 852
761 875
986 688
758 374
27 312
858 112
140 533
862 44
632 150
111 523
17 678
428 509
808 951
576 365
482 64
746 948
692 762
785 384
633 273
3 200
102 251
825 781
955 535
581 68
496 999
903 930
852 147
387 720
450 262
981 97
118 446
291 473
481 233
174 281
328 350
589 64
169 159
173 644
18 441
539 273
423 750
927 451
17 44
29 941
151 411
802 128
915 633
881 484
380 590
19 81
990 719
689 381
502 878
796 98
246 539
360 886
967 971
382 974
732 816
409 384
29 851
309 838
516 454
956 386
239 838
110 292
849 352
969 874
811 734
832 477
853 256
724 361
477 401
627 845
899 622
969 822
299 899
145 344
733 127
595 375
413 265
678 486
360 10
886 916
774 376
221 677
594 551
653 76
981 526
578 993
306 7
762 917
574 518
951 627
966 515
148 724
808 322
558 305
844 411
19 893
722 443
145 548
321 969
397 142
601 280
347 162
647 180
807 716
583 802
214 408
429 544
532 932
293 315
109 847
19 287
725 404
322 579
58 767
287 684
654 210
110 962
839 915
137 589
148 237
992 280
60 179
451 817
489 679
793 219
845 97
205 444
966 262
246 843
44 471
796 322
29 930
362 570
127 810
643 660
572 722
708 43
931 764
548 496
74 609
525 833
116 702
298 903
169 328
162 353
624 867
199 193
271 606
206 545
954 327
46 735
480 702
55 823
883 150
505 128
429 134
906 760
262 855
630 353
924 899
808 326
251 487
137 376
742 229
375 937
11 349
779 178
713 985
739 684
187 566
637 86
114 632
228 573
127 261
875 218
187 514
526 992
416 966
365 885
705 462
189 997
596 476
148 56
729 16
202 438
250 138
764 460
690 18
80 381
139 770
537 316
372 747
240 85
136 102
246 96
145 58
431 106
169 431
523 13
942 222
905 260
470 407
531 855
118 147
977 119
104 823
377 853
813 425
770 261
902 741
980 944
463 449
297 960
418 647
496 952
71 506
455 974
551 568
986 712
927 243
579 33
214 457
306 115
530 536
116 777
802 753
571 621
617 392
583 743
55 123
669 438
839 665
569 737
434 721
275 735
548 830
221 341
956 553
474 59
44 329
58 188
722 750
244 3
583 332
345 123
97 336
896 935
297 433
71 356
742 962
930 531
510 727
238 718
201 662
271 480
761 58
334 216
430 495
811 196
761 945
364 615
509 432
319 687
514 165
365 756
250 20
61 566
197 819
270 524
389 245
322 4
619 554
407 355
742 394
906 264
329 81
439 910
663 674
262 859
321 864
383 140
262 738
690 814
184 694
480 862
681 528
431 510
235 986
365 17
5 659
21 558
60 126
552 662
510 833
581 887
169 616
48 454
887 207
439 532
616 679
896 352
82 140
582 992
373 284
539 513
350 428
424 642
684 798
145 17
859 735
526 519
355 545
818 273
665 696
173 464
281 924
77 590
738 307
773 955
206 218
238 410
825 870
140 891
705 547
246 732
252 575
669 658
889 917
246 828
943 896
169 283
596 591
770 302
333 965
945 655
484 567
186 494
505 966
6 963
155 426
221 333
280 103
662 860
455 48
63 615
440 160
521 130
486 942
344 906
880 247
109 299
243 652
912 387
157 172
5 893
106 305
289 635
78 49
785 916
502 748
298 153
244 145
19 529
229 84
896 721
939 450
979 980
869 896
300 417
531 783
162 134
141 798
223 70
369 829
407 238
564 271
732 209
903 310
202 718
369 476
181 745
60 348
576 761
99 364
589 956
322 869
943 803
830 666
871 250
174 257
354 170
693 667
483 798
840 804
246 298
886 794
431 912
684 348
472 286
966 451
209 440
20 251
825 846
490 750
980 102
745 914
375 342
535 590
418 718
234 303
161 804
839 315
871 110
939 698
209 956
154 610
60 869
68 628
78 570
409 609
162 847
201 507
108 523
761 483
300 808
652 170
394 39
806 466
23 223
344 624
510 69
552 453
931 398
994 922
558 179
582 976
761 553
732 544
514 159
150 944
606 135
578 652
601 774
716 630
115 876
520 15
770 735
172 971
25 949
209 713
453 236
746 216
350 441
167 139
931 960
322 108
733 212
506 713
169 565
639 164
72 678
277 47
71 740
818 420
428 340
828 902
595 222
399 629
180 462
796 371
211 638
416 380
882 787
276 799
471 417
365 471
167 342
770 224
62 699
757 928
502 616
191 445
334 408
906 511
421 237
589 765
762 632
480 715
418 949
175 554
54 746
201 862
633 716
797 63
46 736
175 356
859 278
355 561
972 886
271 151
649 829
241 782
536 637
350 184
394 890
184 492
902 736
939 507
707 936
539 779
395 251
889 119
44 347
761 728
192 996
396 397
788 746
350 280
502 521
344 288
416 945
565 396
402 290
966 391
293 124
461 166
945 409
430 309
244 201
524 959
123 542
882 146
986 479
137 314
796 885
753 748
389 953
429 842
305 742
308 170
502 89
238 288
669 291
839 218
186 952
300 990
873 112
888 925
788 375
966 513
422 446
896 702
338 709
334 570
705 137
460 731
692 56
603 198
403 63
298 835
183 910
271 398
92 844
722 694
134 901
351 837
954 577
443 921
552 806
54 859
138 324
430 235
309 374
572 521
791 47
924 821
864 703
838 80
966 29
244 843
707 838
565 689
562 269
562 12
141 597
901 285
333 600
945 871
832 953
248 147
548 664
351 881
873 572
503 534
145 463
705 968
938 182
82 817
145 51
221 371
300 482
954 403
344 669
429 379
140 284
166 722
171 514
687 822
828 354
725 998
832 887
416 91
328 2
396 583
571 798
366 8
832 676
724 357
459 840
244 521
707 300
530 837
863 581
23 130
28 999
664 233
58 68
69 745
29 926
784 672
844 622
416 707
701 729
393 95
681 413
100 711
116 132
72 664
796 642
328 294
761 661
722 455
712 946
579 116
256 46
862 594
796 597
933 464
167 525
413 161
966 730
761 825
753 42
638 749
507 600
897 804
181 535
106 102
232 335
550 275
739 769
782 232
557 257
453 755
44 154
579 943
210 964
244 505
800 920
157 449
488 178
314 316
298 744
811 172
470 739
807 962
35 897
707 298
654 414
788 333
319 367
548 739
166 130
99 969
280 812
967 491
675 992
892 632
119 208
251 988
429 861
646 398
372 550
167 746
978 194
3 769
183 623
372 775
832 888
42 142
110 94
99 854
931 834
719 699
646 196
38 120
981 302
712 834
328 392
205 385
928 516
110 141
421 855
201 528
839 550
994 875
548 598
760 308
810 151
940 967
994 725
572 299
122 413
460 759
819 293
3 705
602 712
981 136
451 440
937 424
827 95
665 781
257 178
49 685
0 810
539 400
795 655
484 964
491 316
722 702
558 283
838 360
578 97
218 876
228 101
418 495
595 42
843 299
655 158
947 146
109 952
87 713
705 174
610 868
344 864
747 560
764 439
550 409
480 873
461 675
796 399
350 397
873 430
386 535
89 586
397 894
677 483
350 68
470 705
364 886
74 457
375 641
15 605
96 818
32 47
715 504
594 504
23 686
477 139
246 647
732 701
139 443
802 360
246 564
853 589
513 908
259 394
937 652
496 582
795 225
848 903
966 236
409 388
436 172
375 767
819 165
392 648
389 277
862 497
480 583
182 495
725 758
65 70
979 487
584 856
99 790
601 841
620 834
994 937
570 245
751 887
419 222
636 700
210 567
737 831
455 204
340 653
881 302
76 667
806 39
928 706
911 967
492 349
595 480
843 556
166 68
565 492
624 87
670 991
276 894
333 893
427 487
715 387
250 123
188 189
604 670
241 666
664 878
347 562
344 719
938 782
200 465
646 770
306 439
785 598
139 961
522 143
145 869
251 1
885 341
684 747
480 828
937 320
127 623
809 630
243 540
38 566
602 794
440 519
856 683
242 194
305 775
96 129
958 989
145 631
60 167
796 433
565 924
927 937
440 922
416 271
828 563
388 743
996 836
344 539
868 385
470 994
520 681
910 161
271 214
533 950
221 350
507 63
3 698
786 941
928 665
271 583
558 969
2 382
309 510
580 801
164 146
785 689
919 845
397 795
873 754
564 765
471 965
957 675
166 537
630 516
878 94
908 27
169 461
493 401
935 341
733 569
17 192
231 775
853 548
438 880
204 816
484 560
641 263
345 717
491 203
390 777
148 711
788 979
386 359
576 397
214 764
169 639
148 19
261 373
902 935
21 751
142 459
488 22
862 690
271 286
838 662
214 13
439 237
516 554
443 752
764 648
835 86
598 88
552 807
866 870
365 714
137 902
863 188
457 149
514 736
848 437
724 694
510 462
729 816
727 408
65 240
692 513
915 675
21 816
20 46
68 670
853 162
767 931
492 617
556 541
242 544
847 942
248 56
92 361
189 754
167 789
595 966
184 449
345 789
689 28
540 683
179 998
21 218
96 918
830 177
354 933
417 536
811 636
18 666
520 587
721 80
734 408
994 179
280 462
380 498
738 772
334 567
624 318
412 444
713 735
470 234
595 137
179 597
631 265
842 665
707 843
899 967
386 170
417 780
578 713
599 101
184 133
715 510
856 284
424 970
157 841
20 993
32 335
56 546
437 296
541 552
169 416
75 509
358 573
679 339
386 36
552 835
906 914
372 683
241 503
587 942
707 258
807 352
461 14
918 84
174 933
659 626
474 124
811 519
145 95
670 580
578 859
244 340
497 672
954 570
773 309
732 673
793 586
583 724
238 250
141 422
104 20
171 583
20 87
490 312
25 799
455 567
573 442
204 508
450 109
175 79
377 553
891 815
970 618
104 189
13 504
128 358
422 515
502 881
99 884
319 417
305 985
227 70
684 793
264 318
390 904
184 658
72 630
105 850
945 500
72 459
372 495
154 452
184 114
2 282
56 77
694 112
328 680
871 648
51 321
669 989
721 681
564 470
173 984
537 859
669 689
340 498
540 752
596 193
631 20
186 190
565 651
564 300
558 379
409 223
110 342
843 186
300 451
480 733
645 614
375 994
393 944
770 905
416 145
505 788
984 196
398 342
171 933
180 158
492 73
803 720
933 984
12 665
761 806
745 289
660 728
75 738
310 661
729 897
214 851
796 672
300 106
606 567
732 492
920 740
738 614
873 80
581 472
260 618
513 229
41 545
750 792
887 791
698 514
597 648
424 811
87 803
344 450
468 33
616 426
653 88
558 934
853 993
705 602
516 709
274 957
430 218
148 242
526 503
278 327
705 510
262 362
186 533
134 599
733 731
651 448
800 715
2 42
185 341
262 492
514 120
744 404
481 13
675 746
846 508
966 396
742 801
82 538
721 656
381 51
788 972
431 328
169 506
157 763
52 819
131 581
505 429
961 652
949 484
638 704
927 773
287 447
17 726
353 32
422 445
520 847
955 717
274 585
59 852
990 647
378 632
221 581
