100 1050 92 9
43 17
83 13
74 54
51 92
79 91
96 91
94 70
4 73
56 30
93 8
96 43
83 51
61 21
80 28
74 16
53 63
18 64
1 97
99 0
57 27
90 45
43 16
37 24
67 87
60 88
56 43
53 85
85 75
82 95
25 0
37 0
90 59
53 57
77 52
90 79
94 46
37 73
9 97
82 51
37 13
93 49
70 27
37 57
41 40
81 34
83 14
51 74
61 60
77 34
51 64
70 19
59 63
22 89
36 67
61 72
78 67
82 91
96 38
18 47
83 30
88 4
95 81
68 93
49 66
60 82
18 92
67 2
64 27
37 14
90 57
89 32
61 81
25 66
38 42
58 92
94 83
18 49
14 20
50 65
6 39
88 74
60 70
41 94
19 54
70 69
79 75
99 26
57 89
71 85
20 89
54 15
40 91
55 43
53 68
23 5
95 73
7 12
36 45
62 49
88 27
8 3
72 9
51 98
82 19
45 97
18 0
94 51
60 95
80 89
19 16
82 27
58 49
35 75
61 8
23 54
41 26
72 65
93 74
85 33
6 67
90 27
23 35
56 24
59 45
80 31
59 72
58 11
10 30
71 65
48 25
71 48
37 71
82 55
41 18
55 76
83 1
82 83
81 48
93 29
90 6
61 57
46 27
14 87
43 54
41 83
4 16
90 63
62 29
18 39
46 56
7 11
47 29
47 12
59 54
68 87
95 67
63 22
57 51
48 73
37 78
77 68
63 98
17 25
76 7
46 29
6 17
37 22
63 42
26 9
10 66
90 71
71 93
99 39
39 22
96 73
20 43
85 43
53 96
14 78
58 74
18 60
90 13
93 91
71 30
47 0
66 22
70 36
63 64
14 47
13 86
59 49
82 46
13 87
6 28
68 40
82 70
41 61
7 87
51 2
98 49
77 21
60 57
18 67
6 69
96 94
51 13
77 13
63 29
71 35
36 75
80 66
46 51
94 75
41 39
21 19
13 35
59 57
93 14
5 42
59 70
82 57
61 73
16 34
94 98
66 7
8 67
57 6
82 38
92 43
37 82
58 95
28 97
41 96
53 59
64 93
90 31
55 1
64 75
94 14
58 23
38 2
61 49
83 26
21 65
83 71
28 32
83 95
47 79
72 43
5 2
21 54
99 56
59 94
67 34
46 48
64 84
57 8
96 70
41 46
51 5
71 26
61 68
70 62
60 22
14 48
60 94
16 35
48 91
60 83
28 65
57 83
47 5
63 0
75 40
85 50
59 31
41 93
81 0
77 65
51 80
79 31
19 11
25 7
63 35
69 48
44 91
63 4
71 45
69 62
4 54
59 69
51 71
10 11
6 0
51 6
95 86
93 87
56 62
69 14
13 23
82 67
41 24
14 39
27 69
17 22
5 4
72 29
96 98
82 62
62 50
56 67
27 31
75 2
86 35
18 58
81 54
46 13
14 5
57 23
57 86
88 92
92 25
58 47
43 9
96 48
34 97
63 10
74 81
4 76
58 67
37 99
77 4
46 70
82 6
0 24
26 87
83 23
79 5
63 47
43 48
90 61
75 34
47 52
44 2
6 62
6 56
98 47
94 0
73 12
49 4
13 6
96 58
63 11
96 5
77 78
36 81
37 18
93 85
39 54
88 23
37 52
90 96
60 66
68 75
3 32
74 9
53 78
43 8
47 22
72 3
51 25
6 16
44 68
14 31
59 92
15 89
69 4
61 16
5 16
94 13
13 14
88 54
90 77
54 29
77 43
56 40
27 28
99 3
60 73
53 2
44 73
82 75
37 21
82 9
27 4
26 32
66 15
92 73
74 65
78 97
3 89
97 33
59 39
38 34
64 48
61 0
37 94
26 11
25 12
71 81
62 5
47 25
96 92
82 56
96 68
90 15
92 79
82 69
75 31
4 33
96 60
92 16
18 13
94 57
64 81
96 83
74 27
10 76
88 98
95 54
82 34
70 23
86 52
93 80
41 57
82 47
25 52
41 33
53 51
51 26
23 33
62 78
46 69
46 10
60 47
41 70
45 50
45 73
6 79
98 23
59 83
72 54
83 36
61 74
64 89
98 39
77 39
46 21
95 50
18 89
10 45
3 12
10 73
77 14
55 49
83 5
61 98
66 24
10 75
57 46
48 5
21 56
10 0
59 71
13 10
23 11
37 5
41 0
14 35
83 92
37 49
56 78
63 39
96 64
31 52
41 31
70 40
98 80
83 76
83 44
15 50
71 36
59 66
92 35
2 29
70 21
64 92
72 49
23 49
92 86
57 71
36 86
94 80
59 60
95 47
89 65
44 22
18 20
41 47
53 95
95 98
78 10
18 33
71 14
77 31
92 0
26 16
95 93
44 26
83 8
53 18
96 59
44 72
95 71
61 82
96 55
74 67
96 71
88 67
60 55
96 29
18 31
70 0
36 69
75 7
69 2
53 82
44 4
51 33
92 50
58 85
48 28
58 20
26 55
95 13
37 77
99 7
78 31
67 89
59 36
43 73
85 19
94 99
37 58
18 44
81 78
58 24
59 3
52 9
56 48
26 40
53 98
41 60
37 48
61 13
63 9
39 8
47 78
88 81
49 75
18 83
90 83
19 0
51 95
99 48
68 74
56 45
63 93
90 68
57 56
53 46
37 61
47 8
99 36
93 20
98 15
61 64
69 8
63 6
63 38
16 33
3 65
58 38
68 98
51 43
60 25
70 78
4 38
39 87
61 51
59 9
53 23
96 6
82 98
78 29
17 24
59 25
81 22
63 65
64 79
88 55
18 68
10 67
63 86
69 11
93 97
78 30
14 80
17 73
61 58
49 31
86 16
18 63
18 72
23 31
18 74
85 6
58 13
73 50
58 35
14 30
59 58
37 72
70 71
57 70
37 6
6 29
79 22
41 59
61 18
10 3
54 11
78 32
39 52
93 6
90 34
30 42
75 3
58 75
95 19
62 10
61 96
5 9
75 29
53 35
39 35
94 6
16 7
70 85
99 19
81 42
85 76
15 28
26 79
0 40
17 89
60 52
30 84
69 73
94 58
61 6
68 88
62 16
48 35
18 99
17 79
59 88
64 10
95 28
74 98
46 72
27 5
37 97
31 66
58 80
14 29
46 55
68 1
12 33
53 97
58 34
90 25
88 95
83 4
64 21
8 0
19 52
5 54
67 22
46 62
8 50
57 32
35 7
53 60
69 91
44 50
82 30
51 62
64 1
44 34
75 73
88 63
83 2
57 55
2 3
17 30
30 7
95 26
40 28
85 69
41 85
53 27
90 5
41 9
81 1
90 52
53 91
77 88
24 28
41 89
95 64
98 24
13 80
6 97
53 80
37 59
75 11
22 7
70 64
59 65
59 51
53 77
58 68
90 94
83 85
90 20
46 74
63 17
51 88
77 72
64 54
53 54
42 3
57 92
75 15
27 6
90 82
98 19
63 55
98 56
95 9
96 78
77 83
98 8
57 13
45 22
77 93
42 12
90 24
85 56
41 20
98 72
93 98
24 3
81 39
14 84
37 16
72 23
41 69
95 27
79 73
37 51
90 21
68 23
57 76
21 85
82 8
10 38
41 98
57 99
34 12
48 33
70 88
64 36
53 70
98 35
57 98
99 21
92 14
90 44
56 4
0 65
44 98
59 82
60 13
92 89
23 84
27 7
48 30
85 74
83 47
86 1
85 5
70 47
94 17
82 77
44 88
94 25
92 80
47 43
72 2
1 84
64 56
98 33
70 26
47 86
51 30
77 81
41 6
53 94
41 13
16 38
51 21
88 76
82 78
94 77
44 23
11 3
95 35
21 20
74 66
61 95
6 87
58 36
6 4
1 73
78 35
60 77
57 1
13 93
94 5
94 21
82 93
63 81
22 11
94 56
64 74
62 25
70 17
41 82
71 13
41 81
23 45
35 3
94 27
82 4
1 50
46 6
85 98
51 31
75 22
77 51
61 44
44 19
70 80
86 11
46 95
41 84
63 73
64 31
82 20
5 45
83 49
48 3
96 36
99 27
20 91
90 18
43 30
74 79
56 19
70 28
57 65
90 99
55 25
16 0
21 74
59 13
86 10
53 64
72 47
82 85
34 9
80 75
90 60
96 85
64 69
27 23
90 69
78 7
21 11
82 80
60 27
68 25
5 75
46 3
46 87
21 2
64 3
37 68
18 59
64 22
69 15
18 15
68 47
54 12
35 9
34 65
44 38
67 45
59 85
23 91
13 25
62 45
57 95
85 22
93 12
51 36
45 34
72 89
47 39
13 47
41 88
57 44
58 93
94 95
70 13
14 50
18 95
60 81
37 74
73 22
49 39
18 10
95 76
93 24
90 36
37 26
90 37
44 6
5 50
27 1
46 67
83 78
80 91
16 89
79 66
54 28
88 79
59 74
55 79
95 69
18 21
17 8
48 67
95 14
18 6
37 64
81 7
61 46
94 64
69 39
71 74
96 57
17 9
64 55
39 10
28 29
82 63
46 36
44 21
57 79
71 54
78 12
60 38
46 68
71 73
37 84
82 71
83 88
36 78
60 12
61 94
23 79
95 23
59 56
27 14
85 8
61 30
58 64
88 84
83 93
68 64
53 61
95 62
1 34
74 17
7 89
41 63
19 45
63 16
23 78
41 37
99 51
74 56
70 63
27 20
96 18
53 37
41 44
71 62
37 91
77 5
93 2
71 55
63 36
37 25
39 17
79 32
18 57
60 68
44 70
71 31
53 13
99 81
59 7
46 19
72 62
75 66
75 30
