100 254 5 15
33 58
13 56
55 32
4 91
6 66
42 47
1 63
64 91
28 91
53 88
11 90
73 72
27 40
67 0
64 23
13 33
90 8
60 26
72 87
5 96
28 38
72 74
26 2
21 67
54 53
89 43
89 72
24 77
54 37
66 58
18 93
39 40
3 17
13 90
59 22
1 57
7 64
74 35
57 79
98 19
74 7
12 91
33 10
32 61
30 91
9 91
78 10
78 11
36 21
26 45
74 19
92 86
33 20
5 89
40 90
46 94
16 84
20 10
16 30
58 35
46 49
89 22
20 37
61 86
51 82
96 27
72 98
87 33
40 32
3 58
13 28
15 3
68 10
68 36
65 60
79 60
52 30
47 50
97 55
83 20
54 35
86 62
39 10
12 6
78 9
66 12
16 75
27 68
25 99
57 33
20 18
69 59
59 9
94 91
45 80
4 92
46 38
87 39
5 39
68 27
19 36
30 8
70 71
23 89
2 65
39 38
11 78
90 91
93 76
47 61
16 33
42 90
47 35
50 46
85 48
65 37
30 55
13 39
99 85
9 69
77 14
5 7
48 97
68 54
40 35
5 90
5 27
6 63
26 65
79 56
36 44
5 33
41 56
88 11
10 91
96 54
59 37
38 28
95 73
5 91
82 21
16 13
96 83
16 40
66 2
52 94
37 22
22 58
5 30
94 39
54 88
92 38
34 81
1 88
19 90
58 22
29 45
4 15
96 39
8 19
87 75
37 54
45 96
5 57
52 42
98 27
98 87
2 73
28 35
33 91
97 9
40 20
20 83
73 84
63 29
98 96
98 35
49 28
13 0
53 10
40 97
78 71
16 27
47 75
16 91
49 8
46 74
74 87
71 51
20 77
3 4
83 40
96 30
86 19
47 46
30 96
98 69
76 24
39 13
92 25
86 44
59 36
43 72
46 42
79 63
26 19
20 35
33 35
9 35
78 37
63 22
86 91
47 68
18 21
22 91
29 95
50 56
44 36
96 90
75 74
31 41
14 70
39 33
19 35
0 34
27 85
44 34
49 38
27 22
38 49
94 52
48 8
38 91
62 78
81 31
91 44
80 1
56 18
42 1
6 79
68 22
42 91
42 71
16 58
26 84
43 68
40 83
62 4
20 8
84 12
17 92
39 81
28 88
22 35
