1000 800
0 173 1 0 1000000 1
0 907 1 0 1000000 1
1 647 1 0 1000000 1
2 241 1 0 1000000 1
3 549 1 0 1000000 1
4 515 1 0 1000000 1
6 916 1 0 1000000 1
12 440 1 0 1000000 1
13 318 1 0 1000000 1
14 609 1 0 1000000 1
15 359 1 0 1000000 1
16 91 1 0 1000000 1
17 49 1 0 1000000 1
17 481 1 0 1000000 1
17 510 1 0 1000000 1
19 528 1 0 1000000 1
20 335 1 0 1000000 1
22 133 1 0 1000000 1
22 478 1 0 1000000 1
24 426 1 0 1000000 1
25 69 1 0 1000000 1
25 574 1 0 1000000 1
25 741 1 0 1000000 1
26 835 1 0 1000000 1
28 39 1 0 1000000 1
29 400 1 0 1000000 1
30 128 1 0 1000000 1
30 720 1 0 1000000 1
30 954 1 0 1000000 1
31 848 1 0 1000000 1
32 796 1 0 1000000 1
34 854 1 0 1000000 1
35 676 1 0 1000000 1
36 740 1 0 1000000 1
37 537 1 0 1000000 1
42 37 1 0 1000000 1
42 457 1 0 1000000 1
47 190 1 0 1000000 1
47 620 1 0 1000000 1
48 575 1 0 1000000 1
48 587 1 0 1000000 1
49 551 1 0 1000000 1
49 555 1 0 1000000 1
50 69 1 0 1000000 1
53 445 1 0 1000000 1
53 591 1 0 1000000 1
54 24 1 0 1000000 1
54 225 1 0 1000000 1
56 736 1 0 1000000 1
56 926 1 0 1000000 1
61 335 1 0 1000000 1
61 410 1 0 1000000 1
61 572 1 0 1000000 1
61 705 1 0 1000000 1
63 267 1 0 1000000 1
64 475 1 0 1000000 1
64 700 1 0 1000000 1
66 909 1 0 1000000 1
68 623 1 0 1000000 1
69 24 1 0 1000000 1
70 584 1 0 1000000 1
70 605 1 0 1000000 1
71 810 1 0 1000000 1
72 643 1 0 1000000 1
73 953 1 0 1000000 1
75 153 1 0 1000000 1
76 306 1 0 1000000 1
76 629 1 0 1000000 1
77 734 1 0 1000000 1
81 577 1 0 1000000 1
81 980 1 0 1000000 1
83 548 1 0 1000000 1
84 839 1 0 1000000 1
85 375 1 0 1000000 1
85 718 1 0 1000000 1
86 518 1 0 1000000 1
87 657 1 0 1000000 1
87 788 1 0 1000000 1
88 698 1 0 1000000 1
90 688 1 0 1000000 1
91 501 1 0 1000000 1
91 799 1 0 1000000 1
92 746 1 0 1000000 1
98 162 1 0 1000000 1
100 485 1 0 1000000 1
101 228 1 0 1000000 1
102 106 1 0 1000000 1
102 275 1 0 1000000 1
104 533 1 0 1000000 1
107 26 1 0 1000000 1
113 854 1 0 1000000 1
115 3 1 0 1000000 1
115 689 1 0 1000000 1
116 523 1 0 1000000 1
117 365 1 0 1000000 1
119 461 1 0 1000000 1
120 729 1 0 1000000 1
121 16 1 0 1000000 1
121 43 1 0 1000000 1
122 568 1 0 1000000 1
123 529 1 0 1000000 1
123 681 1 0 1000000 1
124 269 1 0 1000000 1
124 577 1 0 1000000 1
128 273 1 0 1000000 1
128 365 1 0 1000000 1
128 520 1 0 1000000 1
130 559 1 0 1000000 1
133 794 1 0 1000000 1
133 971 1 0 1000000 1
134 243 1 0 1000000 1
135 266 1 0 1000000 1
135 503 1 0 1000000 1
135 622 1 0 1000000 1
137 391 1 0 1000000 1
138 672 1 0 1000000 1
139 458 1 0 1000000 1
141 626 1 0 1000000 1
142 955 1 0 1000000 1
144 104 1 0 1000000 1
144 623 1 0 1000000 1
144 764 1 0 1000000 1
145 711 1 0 1000000 1
145 840 1 0 1000000 1
146 337 1 0 1000000 1
149 4 1 0 1000000 1
149 64 1 0 1000000 1
153 532 1 0 1000000 1
155 619 1 0 1000000 1
157 169 1 0 1000000 1
157 425 1 0 1000000 1
157 829 1 0 1000000 1
158 260 1 0 1000000 1
159 114 1 0 1000000 1
159 409 1 0 1000000 1
160 757 1 0 1000000 1
160 966 1 0 1000000 1
161 307 1 0 1000000 1
161 959 1 0 1000000 1
164 117 1 0 1000000 1
164 600 1 0 1000000 1
164 772 1 0 1000000 1
164 921 1 0 1000000 1
165 379 1 0 1000000 1
166 394 1 0 1000000 1
166 779 1 0 1000000 1
167 211 1 0 1000000 1
168 322 1 0 1000000 1
169 853 1 0 1000000 1
170 156 1 0 1000000 1
171 878 1 0 1000000 1
172 352 1 0 1000000 1
172 744 1 0 1000000 1
179 196 1 0 1000000 1
180 532 1 0 1000000 1
180 786 1 0 1000000 1
185 750 1 0 1000000 1
186 390 1 0 1000000 1
186 639 1 0 1000000 1
188 153 1 0 1000000 1
188 267 1 0 1000000 1
188 767 1 0 1000000 1
189 170 1 0 1000000 1
189 171 1 0 1000000 1
189 465 1 0 1000000 1
191 161 1 0 1000000 1
192 207 1 0 1000000 1
194 263 1 0 1000000 1
196 525 1 0 1000000 1
199 619 1 0 1000000 1
201 532 1 0 1000000 1
201 835 1 0 1000000 1
202 705 1 0 1000000 1
203 295 1 0 1000000 1
204 796 1 0 1000000 1
205 419 1 0 1000000 1
205 983 1 0 1000000 1
208 241 1 0 1000000 1
208 375 1 0 1000000 1
210 839 1 0 1000000 1
211 188 1 0 1000000 1
211 593 1 0 1000000 1
212 996 1 0 1000000 1
213 16 1 0 1000000 1
214 24 1 0 1000000 1
219 405 1 0 1000000 1
219 918 1 0 1000000 1
221 126 1 0 1000000 1
221 756 1 0 1000000 1
222 615 1 0 1000000 1
222 679 1 0 1000000 1
223 436 1 0 1000000 1
223 804 1 0 1000000 1
226 817 1 0 1000000 1
228 189 1 0 1000000 1
237 557 1 0 1000000 1
240 54 1 0 1000000 1
240 925 1 0 1000000 1
242 917 1 0 1000000 1
244 340 1 0 1000000 1
244 685 1 0 1000000 1
246 208 1 0 1000000 1
248 101 1 0 1000000 1
248 541 1 0 1000000 1
248 688 1 0 1000000 1
249 851 1 0 1000000 1
249 954 1 0 1000000 1
250 665 1 0 1000000 1
250 967 1 0 1000000 1
251 169 1 0 1000000 1
251 631 1 0 1000000 1
255 757 1 0 1000000 1
255 864 1 0 1000000 1
256 686 1 0 1000000 1
258 153 1 0 1000000 1
258 891 1 0 1000000 1
259 297 1 0 1000000 1
261 948 1 0 1000000 1
262 457 1 0 1000000 1
263 55 1 0 1000000 1
264 428 1 0 1000000 1
266 347 1 0 1000000 1
266 530 1 0 1000000 1
267 20 1 0 1000000 1
268 652 1 0 1000000 1
271 46 1 0 1000000 1
272 88 1 0 1000000 1
273 967 1 0 1000000 1
274 415 1 0 1000000 1
278 208 1 0 1000000 1
278 990 1 0 1000000 1
279 478 1 0 1000000 1
280 766 1 0 1000000 1
285 286 1 0 1000000 1
285 892 1 0 1000000 1
287 679 1 0 1000000 1
288 203 1 0 1000000 1
289 136 1 0 1000000 1
291 755 1 0 1000000 1
293 445 1 0 1000000 1
296 644 1 0 1000000 1
300 534 1 0 1000000 1
303 92 1 0 1000000 1
303 485 1 0 1000000 1
303 855 1 0 1000000 1
304 716 1 0 1000000 1
306 138 1 0 1000000 1
308 53 1 0 1000000 1
308 379 1 0 1000000 1
311 980 1 0 1000000 1
314 717 1 0 1000000 1
315 910 1 0 1000000 1
317 386 1 0 1000000 1
318 552 1 0 1000000 1
319 878 1 0 1000000 1
320 944 1 0 1000000 1
322 81 1 0 1000000 1
327 545 1 0 1000000 1
328 155 1 0 1000000 1
332 106 1 0 1000000 1
333 229 1 0 1000000 1
333 940 1 0 1000000 1
333 980 1 0 1000000 1
335 801 1 0 1000000 1
336 495 1 0 1000000 1
337 19 1 0 1000000 1
338 934 1 0 1000000 1
340 198 1 0 1000000 1
344 305 1 0 1000000 1
344 692 1 0 1000000 1
344 698 1 0 1000000 1
345 916 1 0 1000000 1
346 792 1 0 1000000 1
348 25 1 0 1000000 1
348 545 1 0 1000000 1
352 53 1 0 1000000 1
352 773 1 0 1000000 1
356 238 1 0 1000000 1
356 476 1 0 1000000 1
358 208 1 0 1000000 1
362 1 1 0 1000000 1
362 401 1 0 1000000 1
363 300 1 0 1000000 1
364 559 1 0 1000000 1
366 23 1 0 1000000 1
366 80 1 0 1000000 1
366 180 1 0 1000000 1
367 647 1 0 1000000 1
367 862 1 0 1000000 1
368 97 1 0 1000000 1
368 616 1 0 1000000 1
368 938 1 0 1000000 1
369 159 1 0 1000000 1
369 351 1 0 1000000 1
369 877 1 0 1000000 1
370 742 1 0 1000000 1
371 757 1 0 1000000 1
372 54 1 0 1000000 1
372 681 1 0 1000000 1
374 15 1 0 1000000 1
375 179 1 0 1000000 1
375 494 1 0 1000000 1
375 536 1 0 1000000 1
376 306 1 0 1000000 1
383 544 1 0 1000000 1
384 282 1 0 1000000 1
384 789 1 0 1000000 1
388 58 1 0 1000000 1
388 830 1 0 1000000 1
389 188 1 0 1000000 1
389 352 1 0 1000000 1
390 263 1 0 1000000 1
391 610 1 0 1000000 1
393 775 1 0 1000000 1
393 978 1 0 1000000 1
394 963 1 0 1000000 1
395 65 1 0 1000000 1
395 180 1 0 1000000 1
395 235 1 0 1000000 1
396 496 1 0 1000000 1
396 519 1 0 1000000 1
400 525 1 0 1000000 1
400 574 1 0 1000000 1
401 390 1 0 1000000 1
402 129 1 0 1000000 1
402 340 1 0 1000000 1
403 72 1 0 1000000 1
406 640 1 0 1000000 1
407 560 1 0 1000000 1
407 892 1 0 1000000 1
408 504 1 0 1000000 1
410 292 1 0 1000000 1
412 713 1 0 1000000 1
413 580 1 0 1000000 1
415 836 1 0 1000000 1
416 55 1 0 1000000 1
416 771 1 0 1000000 1
419 787 1 0 1000000 1
420 812 1 0 1000000 1
422 979 1 0 1000000 1
423 817 1 0 1000000 1
425 399 1 0 1000000 1
425 439 1 0 1000000 1
426 442 1 0 1000000 1
426 651 1 0 1000000 1
432 220 1 0 1000000 1
434 371 1 0 1000000 1
435 143 1 0 1000000 1
435 490 1 0 1000000 1
436 684 1 0 1000000 1
437 338 1 0 1000000 1
437 925 1 0 1000000 1
441 801 1 0 1000000 1
442 549 1 0 1000000 1
442 638 1 0 1000000 1
442 904 1 0 1000000 1
443 442 1 0 1000000 1
443 605 1 0 1000000 1
444 6 1 0 1000000 1
445 270 1 0 1000000 1
445 753 1 0 1000000 1
446 132 1 0 1000000 1
447 890 1 0 1000000 1
451 174 1 0 1000000 1
452 509 1 0 1000000 1
452 513 1 0 1000000 1
453 176 1 0 1000000 1
453 774 1 0 1000000 1
454 827 1 0 1000000 1
456 286 1 0 1000000 1
456 471 1 0 1000000 1
457 43 1 0 1000000 1
459 257 1 0 1000000 1
460 776 1 0 1000000 1
466 260 1 0 1000000 1
468 294 1 0 1000000 1
469 138 1 0 1000000 1
469 312 1 0 1000000 1
472 168 1 0 1000000 1
482 491 1 0 1000000 1
483 246 1 0 1000000 1
485 380 1 0 1000000 1
488 249 1 0 1000000 1
489 565 1 0 1000000 1
491 304 1 0 1000000 1
491 550 1 0 1000000 1
494 28 1 0 1000000 1
495 310 1 0 1000000 1
497 6 1 0 1000000 1
497 814 1 0 1000000 1
498 817 1 0 1000000 1
499 922 1 0 1000000 1
500 970 1 0 1000000 1
501 482 1 0 1000000 1
501 772 1 0 1000000 1
502 782 1 0 1000000 1
502 812 1 0 1000000 1
503 761 1 0 1000000 1
504 326 1 0 1000000 1
510 451 1 0 1000000 1
510 578 1 0 1000000 1
510 986 1 0 1000000 1
511 229 1 0 1000000 1
512 390 1 0 1000000 1
514 408 1 0 1000000 1
515 373 1 0 1000000 1
515 438 1 0 1000000 1
515 635 1 0 1000000 1
516 799 1 0 1000000 1
517 291 1 0 1000000 1
518 78 1 0 1000000 1
518 452 1 0 1000000 1
520 556 1 0 1000000 1
520 997 1 0 1000000 1
521 994 1 0 1000000 1
522 680 1 0 1000000 1
522 696 1 0 1000000 1
523 366 1 0 1000000 1
525 458 1 0 1000000 1
528 138 1 0 1000000 1
529 698 1 0 1000000 1
530 177 1 0 1000000 1
530 183 1 0 1000000 1
533 222 1 0 1000000 1
533 347 1 0 1000000 1
534 574 1 0 1000000 1
534 934 1 0 1000000 1
536 209 1 0 1000000 1
537 937 1 0 1000000 1
540 442 1 0 1000000 1
541 247 1 0 1000000 1
543 208 1 0 1000000 1
543 995 1 0 1000000 1
544 114 1 0 1000000 1
547 377 1 0 1000000 1
548 440 1 0 1000000 1
550 593 1 0 1000000 1
552 481 1 0 1000000 1
553 75 1 0 1000000 1
553 788 1 0 1000000 1
555 265 1 0 1000000 1
557 605 1 0 1000000 1
558 39 1 0 1000000 1
558 384 1 0 1000000 1
559 561 1 0 1000000 1
563 284 1 0 1000000 1
563 800 1 0 1000000 1
564 575 1 0 1000000 1
566 988 1 0 1000000 1
567 13 1 0 1000000 1
568 794 1 0 1000000 1
569 607 1 0 1000000 1
575 149 1 0 1000000 1
577 344 1 0 1000000 1
577 478 1 0 1000000 1
579 123 1 0 1000000 1
580 801 1 0 1000000 1
581 31 1 0 1000000 1
581 922 1 0 1000000 1
582 509 1 0 1000000 1
583 255 1 0 1000000 1
583 900 1 0 1000000 1
586 198 1 0 1000000 1
586 572 1 0 1000000 1
588 8 1 0 1000000 1
591 62 1 0 1000000 1
593 196 1 0 1000000 1
594 409 1 0 1000000 1
596 285 1 0 1000000 1
600 250 1 0 1000000 1
601 208 1 0 1000000 1
601 234 1 0 1000000 1
604 503 1 0 1000000 1
606 147 1 0 1000000 1
606 796 1 0 1000000 1
609 566 1 0 1000000 1
611 468 1 0 1000000 1
612 340 1 0 1000000 1
614 915 1 0 1000000 1
615 313 1 0 1000000 1
615 348 1 0 1000000 1
619 145 1 0 1000000 1
619 218 1 0 1000000 1
620 185 1 0 1000000 1
620 398 1 0 1000000 1
628 106 1 0 1000000 1
628 140 1 0 1000000 1
628 977 1 0 1000000 1
630 953 1 0 1000000 1
631 854 1 0 1000000 1
634 279 1 0 1000000 1
634 880 1 0 1000000 1
639 4 1 0 1000000 1
639 741 1 0 1000000 1
641 628 1 0 1000000 1
641 763 1 0 1000000 1
644 953 1 0 1000000 1
645 161 1 0 1000000 1
645 415 1 0 1000000 1
645 711 1 0 1000000 1
646 178 1 0 1000000 1
648 323 1 0 1000000 1
651 63 1 0 1000000 1
652 260 1 0 1000000 1
653 195 1 0 1000000 1
653 452 1 0 1000000 1
654 477 1 0 1000000 1
655 224 1 0 1000000 1
656 268 1 0 1000000 1
659 278 1 0 1000000 1
665 282 1 0 1000000 1
666 734 1 0 1000000 1
667 950 1 0 1000000 1
668 322 1 0 1000000 1
668 420 1 0 1000000 1
668 458 1 0 1000000 1
670 39 1 0 1000000 1
670 399 1 0 1000000 1
671 251 1 0 1000000 1
671 728 1 0 1000000 1
673 338 1 0 1000000 1
673 682 1 0 1000000 1
675 183 1 0 1000000 1
675 397 1 0 1000000 1
677 86 1 0 1000000 1
678 652 1 0 1000000 1
678 817 1 0 1000000 1
680 841 1 0 1000000 1
681 371 1 0 1000000 1
681 422 1 0 1000000 1
681 575 1 0 1000000 1
681 577 1 0 1000000 1
681 799 1 0 1000000 1
681 881 1 0 1000000 1
683 613 1 0 1000000 1
684 481 1 0 1000000 1
686 849 1 0 1000000 1
689 942 1 0 1000000 1
694 892 1 0 1000000 1
695 626 1 0 1000000 1
695 953 1 0 1000000 1
696 374 1 0 1000000 1
700 150 1 0 1000000 1
700 646 1 0 1000000 1
700 679 1 0 1000000 1
702 366 1 0 1000000 1
704 79 1 0 1000000 1
704 643 1 0 1000000 1
705 93 1 0 1000000 1
706 324 1 0 1000000 1
706 924 1 0 1000000 1
707 601 1 0 1000000 1
708 282 1 0 1000000 1
710 2 1 0 1000000 1
710 276 1 0 1000000 1
710 427 1 0 1000000 1
711 571 1 0 1000000 1
714 931 1 0 1000000 1
716 832 1 0 1000000 1
717 15 1 0 1000000 1
717 285 1 0 1000000 1
719 78 1 0 1000000 1
719 664 1 0 1000000 1
721 621 1 0 1000000 1
721 693 1 0 1000000 1
721 990 1 0 1000000 1
724 701 1 0 1000000 1
725 774 1 0 1000000 1
726 312 1 0 1000000 1
726 778 1 0 1000000 1
727 210 1 0 1000000 1
727 794 1 0 1000000 1
729 289 1 0 1000000 1
731 354 1 0 1000000 1
732 182 1 0 1000000 1
734 944 1 0 1000000 1
736 813 1 0 1000000 1
738 192 1 0 1000000 1
738 354 1 0 1000000 1
741 475 1 0 1000000 1
744 138 1 0 1000000 1
744 441 1 0 1000000 1
745 820 1 0 1000000 1
748 675 1 0 1000000 1
749 602 1 0 1000000 1
749 829 1 0 1000000 1
750 287 1 0 1000000 1
751 6 1 0 1000000 1
751 959 1 0 1000000 1
753 156 1 0 1000000 1
753 848 1 0 1000000 1
754 666 1 0 1000000 1
757 24 1 0 1000000 1
758 137 1 0 1000000 1
758 211 1 0 1000000 1
758 270 1 0 1000000 1
759 355 1 0 1000000 1
759 419 1 0 1000000 1
759 868 1 0 1000000 1
761 76 1 0 1000000 1
761 946 1 0 1000000 1
761 959 1 0 1000000 1
762 498 1 0 1000000 1
763 100 1 0 1000000 1
765 211 1 0 1000000 1
767 783 1 0 1000000 1
769 298 1 0 1000000 1
769 583 1 0 1000000 1
771 657 1 0 1000000 1
772 260 1 0 1000000 1
774 188 1 0 1000000 1
774 910 1 0 1000000 1
775 585 1 0 1000000 1
777 674 1 0 1000000 1
778 810 1 0 1000000 1
779 746 1 0 1000000 1
781 175 1 0 1000000 1
781 419 1 0 1000000 1
782 141 1 0 1000000 1
782 904 1 0 1000000 1
784 549 1 0 1000000 1
785 108 1 0 1000000 1
785 749 1 0 1000000 1
786 865 1 0 1000000 1
786 934 1 0 1000000 1
788 643 1 0 1000000 1
789 608 1 0 1000000 1
791 515 1 0 1000000 1
794 200 1 0 1000000 1
797 735 1 0 1000000 1
798 541 1 0 1000000 1
798 800 1 0 1000000 1
800 361 1 0 1000000 1
802 570 1 0 1000000 1
803 425 1 0 1000000 1
803 506 1 0 1000000 1
804 187 1 0 1000000 1
804 818 1 0 1000000 1
806 737 1 0 1000000 1
807 910 1 0 1000000 1
808 625 1 0 1000000 1
808 710 1 0 1000000 1
810 968 1 0 1000000 1
811 678 1 0 1000000 1
815 257 1 0 1000000 1
815 869 1 0 1000000 1
816 115 1 0 1000000 1
819 37 1 0 1000000 1
819 770 1 0 1000000 1
821 571 1 0 1000000 1
824 885 1 0 1000000 1
826 429 1 0 1000000 1
827 348 1 0 1000000 1
827 518 1 0 1000000 1
827 978 1 0 1000000 1
829 223 1 0 1000000 1
831 453 1 0 1000000 1
832 229 1 0 1000000 1
832 778 1 0 1000000 1
834 8 1 0 1000000 1
834 648 1 0 1000000 1
834 915 1 0 1000000 1
834 994 1 0 1000000 1
836 172 1 0 1000000 1
837 621 1 0 1000000 1
837 862 1 0 1000000 1
837 972 1 0 1000000 1
840 326 1 0 1000000 1
840 507 1 0 1000000 1
841 746 1 0 1000000 1
842 879 1 0 1000000 1
843 293 1 0 1000000 1
844 817 1 0 1000000 1
846 40 1 0 1000000 1
846 322 1 0 1000000 1
849 520 1 0 1000000 1
849 806 1 0 1000000 1
850 867 1 0 1000000 1
852 700 1 0 1000000 1
857 317 1 0 1000000 1
858 741 1 0 1000000 1
859 598 1 0 1000000 1
859 906 1 0 1000000 1
860 106 1 0 1000000 1
862 764 1 0 1000000 1
864 887 1 0 1000000 1
865 974 1 0 1000000 1
868 751 1 0 1000000 1
869 433 1 0 1000000 1
869 854 1 0 1000000 1
870 350 1 0 1000000 1
871 91 1 0 1000000 1
874 572 1 0 1000000 1
879 775 1 0 1000000 1
882 10 1 0 1000000 1
882 520 1 0 1000000 1
884 41 1 0 1000000 1
885 469 1 0 1000000 1
886 759 1 0 1000000 1
886 868 1 0 1000000 1
887 586 1 0 1000000 1
889 289 1 0 1000000 1
890 820 1 0 1000000 1
891 929 1 0 1000000 1
892 512 1 0 1000000 1
893 16 1 0 1000000 1
893 462 1 0 1000000 1
893 478 1 0 1000000 1
894 571 1 0 1000000 1
894 627 1 0 1000000 1
894 841 1 0 1000000 1
894 846 1 0 1000000 1
897 355 1 0 1000000 1
898 218 1 0 1000000 1
898 360 1 0 1000000 1
900 937 1 0 1000000 1
904 322 1 0 1000000 1
904 749 1 0 1000000 1
905 399 1 0 1000000 1
905 558 1 0 1000000 1
906 233 1 0 1000000 1
912 366 1 0 1000000 1
912 668 1 0 1000000 1
912 843 1 0 1000000 1
915 450 1 0 1000000 1
916 262 1 0 1000000 1
917 601 1 0 1000000 1
918 140 1 0 1000000 1
918 465 1 0 1000000 1
919 597 1 0 1000000 1
920 10 1 0 1000000 1
921 90 1 0 1000000 1
921 330 1 0 1000000 1
923 112 1 0 1000000 1
923 226 1 0 1000000 1
926 242 1 0 1000000 1
929 410 1 0 1000000 1
929 919 1 0 1000000 1
930 947 1 0 1000000 1
931 56 1 0 1000000 1
931 614 1 0 1000000 1
934 514 1 0 1000000 1
935 770 1 0 1000000 1
935 840 1 0 1000000 1
937 592 1 0 1000000 1
938 781 1 0 1000000 1
939 936 1 0 1000000 1
939 942 1 0 1000000 1
940 939 1 0 1000000 1
941 197 1 0 1000000 1
942 44 1 0 1000000 1
942 386 1 0 1000000 1
943 223 1 0 1000000 1
944 217 1 0 1000000 1
947 37 1 0 1000000 1
947 42 1 0 1000000 1
947 360 1 0 1000000 1
950 663 1 0 1000000 1
951 491 1 0 1000000 1
952 422 1 0 1000000 1
953 809 1 0 1000000 1
954 821 1 0 1000000 1
955 230 1 0 1000000 1
955 469 1 0 1000000 1
958 358 1 0 1000000 1
960 532 1 0 1000000 1
962 953 1 0 1000000 1
963 449 1 0 1000000 1
964 932 1 0 1000000 1
966 133 1 0 1000000 1
968 495 1 0 1000000 1
969 8 1 0 1000000 1
970 516 1 0 1000000 1
970 803 1 0 1000000 1
971 611 1 0 1000000 1
972 450 1 0 1000000 1
972 570 1 0 1000000 1
976 180 1 0 1000000 1
976 763 1 0 1000000 1
977 113 1 0 1000000 1
978 167 1 0 1000000 1
978 939 1 0 1000000 1
979 911 1 0 1000000 1
980 536 1 0 1000000 1
983 767 1 0 1000000 1
984 55 1 0 1000000 1
984 626 1 0 1000000 1
986 615 1 0 1000000 1
989 50 1 0 1000000 1
990 582 1 0 1000000 1
990 776 1 0 1000000 1
991 689 1 0 1000000 1
992 249 1 0 1000000 1
992 468 1 0 1000000 1
994 583 1 0 1000000 1
994 980 1 0 1000000 1
995 338 1 0 1000000 1
996 407 1 0 1000000 1
999 197 1 0 1000000 1
999 990 1 0 1000000 1
