1000 2000
0 788 1 2 1 1
0 825 1 2 1 1
0 934 1 0 1 1
1 164 1 1 1 1
1 581 1 0 1 1
1 934 1 0 1 1
2 705 1 0 1 1
2 994 1 0 1 1
4 82 1 1 1 1
4 795 1 0 1 1
4 819 1 1 1 1
5 653 1 1 1 1
5 801 1 0 1 1
6 480 1 1 1 1
6 674 1 1 1 1
6 805 1 2 1 1
6 939 1 1 1 1
7 313 1 0 1 1
7 546 1 0 1 1
7 755 1 1 1 1
8 166 1 1 1 1
9 188 1 0 1 1
10 235 1 2 1 1
10 465 1 0 1 1
10 729 1 0 1 1
12 507 1 1 1 1
13 707 1 0 1 1
14 15 1 1 1 1
15 20 1 0 1 1
15 272 1 0 1 1
15 972 1 0 1 1
16 88 1 1 1 1
16 131 1 2 1 1
16 573 1 1 1 1
17 126 1 2 1 1
17 203 1 0 1 1
18 392 1 2 1 1
18 497 1 1 1 1
18 584 1 2 1 1
18 816 1 0 1 1
19 35 1 0 1 1
19 201 1 2 1 1
19 542 1 0 1 1
19 876 1 2 1 1
21 356 1 1 1 1
21 558 1 0 1 1
23 269 1 2 1 1
23 579 1 2 1 1
23 712 1 1 1 1
24 587 1 1 1 1
25 720 1 2 1 1
26 809 1 1 1 1
26 862 1 2 1 1
27 25 1 0 1 1
27 520 1 1 1 1
28 329 1 1 1 1
28 726 1 1 1 1
30 384 1 2 1 1
30 724 1 2 1 1
31 481 1 0 1 1
31 499 1 1 1 1
32 587 1 2 1 1
32 785 1 2 1 1
32 803 1 0 1 1
33 120 1 2 1 1
34 75 1 0 1 1
34 400 1 0 1 1
34 490 1 0 1 1
35 159 1 0 1 1
35 570 1 1 1 1
36 591 1 0 1 1
38 58 1 0 1 1
38 849 1 2 1 1
38 977 1 1 1 1
39 547 1 1 1 1
39 757 1 0 1 1
39 843 1 2 1 1
39 866 1 1 1 1
40 79 1 0 1 1
40 576 1 1 1 1
40 732 1 0 1 1
42 89 1 1 1 1
42 97 1 2 1 1
42 132 1 2 1 1
42 282 1 1 1 1
43 116 1 0 1 1
43 237 1 1 1 1
44 913 1 1 1 1
45 837 1 1 1 1
46 68 1 1 1 1
46 279 1 0 1 1
46 428 1 1 1 1
46 867 1 1 1 1
47 327 1 2 1 1
47 676 1 2 1 1
47 889 1 2 1 1
48 102 1 0 1 1
48 103 1 0 1 1
48 106 1 2 1 1
48 555 1 1 1 1
49 109 1 2 1 1
49 215 1 2 1 1
51 892 1 2 1 1
52 139 1 0 1 1
53 262 1 0 1 1
53 354 1 2 1 1
53 600 1 1 1 1
54 550 1 2 1 1
54 777 1 2 1 1
54 872 1 0 1 1
55 358 1 2 1 1
55 795 1 0 1 1
56 137 1 0 1 1
56 946 1 2 1 1
57 169 1 1 1 1
57 527 1 2 1 1
57 848 1 1 1 1
57 903 1 2 1 1
58 1 1 0 1 1
58 180 1 0 1 1
58 965 1 0 1 1
59 439 1 0 1 1
59 653 1 2 1 1
59 778 1 0 1 1
60 430 1 1 1 1
60 763 1 2 1 1
61 667 1 1 1 1
63 300 1 2 1 1
63 794 1 1 1 1
64 32 1 2 1 1
64 145 1 0 1 1
64 266 1 0 1 1
65 731 1 2 1 1
66 386 1 2 1 1
66 468 1 0 1 1
66 596 1 0 1 1
67 915 1 2 1 1
68 142 1 2 1 1
68 368 1 2 1 1
69 342 1 1 1 1
69 465 1 0 1 1
69 835 1 0 1 1
70 52 1 2 1 1
70 983 1 2 1 1
72 458 1 1 1 1
72 788 1 2 1 1
73 47 1 2 1 1
73 79 1 0 1 1
73 538 1 0 1 1
73 549 1 2 1 1
74 654 1 1 1 1
74 942 1 0 1 1
75 309 1 2 1 1
75 398 1 2 1 1
76 595 1 0 1 1
76 815 1 1 1 1
76 970 1 2 1 1
77 125 1 2 1 1
77 448 1 1 1 1
77 572 1 0 1 1
78 90 1 0 1 1
78 484 1 0 1 1
79 23 1 0 1 1
79 312 1 2 1 1
80 119 1 0 1 1
80 363 1 0 1 1
81 250 1 1 1 1
83 55 1 1 1 1
83 163 1 0 1 1
83 375 1 2 1 1
84 763 1 2 1 1
84 769 1 1 1 1
85 79 1 0 1 1
85 219 1 0 1 1
85 228 1 2 1 1
85 473 1 0 1 1
85 823 1 1 1 1
86 218 1 1 1 1
86 379 1 2 1 1
87 307 1 0 1 1
87 611 1 1 1 1
88 522 1 0 1 1
88 643 1 1 1 1
89 30 1 0 1 1
89 291 1 1 1 1
89 463 1 1 1 1
90 251 1 2 1 1
90 404 1 0 1 1
90 466 1 0 1 1
90 568 1 0 1 1
90 779 1 1 1 1
91 367 1 2 1 1
91 691 1 1 1 1
93 91 1 2 1 1
93 779 1 2 1 1
93 904 1 0 1 1
94 716 1 0 1 1
95 32 1 0 1 1
96 90 1 2 1 1
96 415 1 0 1 1
96 598 1 1 1 1
96 885 1 0 1 1
97 263 1 0 1 1
97 452 1 2 1 1
97 909 1 1 1 1
98 478 1 2 1 1
98 505 1 0 1 1
98 594 1 0 1 1
99 390 1 2 1 1
99 423 1 2 1 1
100 474 1 1 1 1
100 667 1 0 1 1
101 373 1 0 1 1
101 455 1 0 1 1
101 582 1 0 1 1
102 360 1 1 1 1
102 726 1 2 1 1
103 704 1 1 1 1
104 586 1 1 1 1
104 956 1 1 1 1
106 739 1 2 1 1
106 816 1 2 1 1
107 522 1 0 1 1
108 140 1 1 1 1
108 227 1 0 1 1
108 510 1 2 1 1
108 557 1 0 1 1
108 602 1 1 1 1
108 718 1 0 1 1
109 969 1 0 1 1
110 10 1 2 1 1
111 561 1 1 1 1
111 713 1 1 1 1
114 471 1 2 1 1
114 823 1 1 1 1
116 253 1 2 1 1
116 788 1 2 1 1
117 447 1 0 1 1
117 608 1 0 1 1
117 672 1 1 1 1
118 575 1 0 1 1
118 841 1 1 1 1
119 451 1 2 1 1
119 924 1 2 1 1
120 111 1 1 1 1
120 264 1 1 1 1
120 517 1 1 1 1
120 541 1 2 1 1
120 656 1 0 1 1
120 907 1 0 1 1
121 271 1 0 1 1
121 482 1 2 1 1
121 577 1 1 1 1
121 651 1 1 1 1
121 757 1 1 1 1
123 286 1 2 1 1
123 756 1 2 1 1
124 350 1 1 1 1
124 670 1 0 1 1
124 791 1 2 1 1
125 148 1 1 1 1
125 323 1 1 1 1
125 596 1 1 1 1
126 427 1 1 1 1
126 644 1 1 1 1
127 732 1 0 1 1
128 262 1 0 1 1
128 555 1 2 1 1
128 619 1 1 1 1
128 633 1 2 1 1
129 294 1 2 1 1
129 341 1 1 1 1
129 890 1 0 1 1
130 222 1 0 1 1
131 341 1 2 1 1
131 448 1 0 1 1
132 433 1 1 1 1
132 466 1 1 1 1
132 656 1 0 1 1
132 912 1 2 1 1
133 146 1 2 1 1
134 825 1 2 1 1
134 856 1 1 1 1
136 499 1 0 1 1
136 515 1 0 1 1
137 226 1 2 1 1
137 328 1 1 1 1
137 448 1 2 1 1
137 532 1 1 1 1
137 619 1 1 1 1
137 787 1 1 1 1
139 282 1 1 1 1
139 561 1 2 1 1
140 255 1 2 1 1
140 986 1 1 1 1
141 478 1 0 1 1
141 999 1 1 1 1
142 46 1 1 1 1
142 151 1 0 1 1
142 286 1 1 1 1
142 317 1 2 1 1
142 899 1 0 1 1
143 157 1 1 1 1
143 252 1 2 1 1
143 875 1 1 1 1
146 345 1 2 1 1
146 856 1 1 1 1
146 959 1 1 1 1
147 374 1 0 1 1
147 605 1 1 1 1
147 731 1 2 1 1
148 837 1 0 1 1
149 133 1 0 1 1
150 976 1 2 1 1
151 696 1 1 1 1
152 199 1 0 1 1
152 322 1 2 1 1
152 543 1 2 1 1
152 801 1 2 1 1
155 856 1 0 1 1
155 931 1 2 1 1
156 359 1 2 1 1
156 790 1 2 1 1
156 987 1 0 1 1
158 484 1 0 1 1
158 924 1 1 1 1
160 541 1 1 1 1
160 613 1 1 1 1
160 657 1 1 1 1
160 960 1 2 1 1
161 419 1 2 1 1
161 479 1 1 1 1
161 604 1 2 1 1
161 838 1 2 1 1
161 960 1 1 1 1
162 112 1 1 1 1
162 315 1 2 1 1
162 461 1 0 1 1
162 995 1 2 1 1
163 938 1 0 1 1
164 674 1 2 1 1
164 763 1 0 1 1
165 32 1 2 1 1
165 797 1 0 1 1
165 847 1 0 1 1
165 881 1 0 1 1
165 914 1 2 1 1
166 607 1 2 1 1
167 223 1 1 1 1
168 765 1 2 1 1
168 911 1 1 1 1
169 439 1 1 1 1
169 546 1 0 1 1
170 59 1 2 1 1
170 217 1 2 1 1
170 257 1 2 1 1
170 323 1 0 1 1
170 883 1 1 1 1
170 992 1 1 1 1
171 466 1 0 1 1
171 505 1 0 1 1
171 971 1 0 1 1
172 235 1 0 1 1
172 295 1 1 1 1
172 747 1 2 1 1
172 885 1 2 1 1
172 941 1 1 1 1
173 533 1 2 1 1
174 616 1 0 1 1
175 236 1 1 1 1
175 969 1 0 1 1
177 969 1 0 1 1
178 285 1 2 1 1
178 753 1 1 1 1
179 308 1 2 1 1
181 315 1 1 1 1
181 803 1 0 1 1
182 304 1 2 1 1
182 502 1 2 1 1
183 671 1 2 1 1
184 841 1 2 1 1
186 670 1 0 1 1
187 212 1 2 1 1
187 536 1 1 1 1
187 637 1 1 1 1
187 817 1 1 1 1
190 15 1 0 1 1
190 357 1 0 1 1
190 815 1 1 1 1
192 422 1 2 1 1
192 620 1 1 1 1
194 705 1 2 1 1
195 438 1 0 1 1
195 646 1 1 1 1
195 822 1 0 1 1
195 840 1 1 1 1
196 691 1 1 1 1
197 359 1 0 1 1
199 320 1 2 1 1
201 140 1 0 1 1
201 544 1 2 1 1
202 134 1 2 1 1
202 347 1 1 1 1
203 988 1 2 1 1
204 794 1 0 1 1
204 819 1 0 1 1
204 867 1 1 1 1
205 217 1 0 1 1
205 288 1 1 1 1
206 196 1 1 1 1
206 219 1 2 1 1
206 296 1 1 1 1
206 664 1 2 1 1
207 24 1 1 1 1
207 49 1 0 1 1
207 392 1 2 1 1
207 513 1 1 1 1
208 3 1 2 1 1
208 405 1 1 1 1
209 513 1 1 1 1
209 733 1 2 1 1
209 959 1 2 1 1
210 280 1 1 1 1
211 193 1 2 1 1
212 15 1 2 1 1
212 718 1 2 1 1
212 778 1 1 1 1
214 186 1 1 1 1
214 212 1 0 1 1
214 328 1 2 1 1
214 939 1 2 1 1
215 938 1 0 1 1
215 966 1 1 1 1
217 81 1 2 1 1
217 438 1 1 1 1
219 53 1 0 1 1
219 310 1 0 1 1
220 46 1 0 1 1
221 706 1 0 1 1
222 570 1 1 1 1
223 609 1 1 1 1
223 752 1 0 1 1
223 971 1 2 1 1
224 21 1 1 1 1
224 485 1 0 1 1
224 893 1 2 1 1
225 63 1 0 1 1
225 530 1 2 1 1
226 132 1 1 1 1
226 698 1 2 1 1
227 206 1 0 1 1
227 214 1 1 1 1
227 326 1 2 1 1
227 665 1 2 1 1
228 9 1 1 1 1
229 90 1 0 1 1
229 175 1 0 1 1
229 362 1 1 1 1
229 721 1 2 1 1
230 142 1 1 1 1
230 324 1 1 1 1
231 479 1 1 1 1
231 671 1 0 1 1
232 205 1 1 1 1
232 430 1 0 1 1
232 929 1 2 1 1
234 129 1 1 1 1
235 225 1 1 1 1
236 380 1 2 1 1
237 12 1 0 1 1
240 229 1 1 1 1
240 498 1 0 1 1
240 557 1 2 1 1
240 986 1 2 1 1
241 488 1 0 1 1
243 613 1 1 1 1
243 810 1 0 1 1
244 929 1 2 1 1
246 57 1 1 1 1
246 190 1 1 1 1
247 85 1 0 1 1
247 385 1 2 1 1
247 513 1 1 1 1
247 759 1 1 1 1
248 121 1 1 1 1
248 409 1 0 1 1
248 646 1 0 1 1
249 58 1 1 1 1
249 463 1 0 1 1
249 483 1 1 1 1
249 539 1 0 1 1
249 613 1 2 1 1
249 701 1 2 1 1
250 687 1 2 1 1
251 191 1 0 1 1
252 969 1 1 1 1
253 386 1 1 1 1
253 590 1 2 1 1
254 24 1 2 1 1
254 540 1 2 1 1
255 138 1 2 1 1
255 660 1 2 1 1
256 149 1 2 1 1
256 369 1 1 1 1
256 416 1 2 1 1
256 756 1 1 1 1
256 943 1 2 1 1
256 960 1 0 1 1
257 375 1 1 1 1
258 603 1 1 1 1
260 438 1 0 1 1
260 785 1 0 1 1
261 138 1 2 1 1
261 916 1 2 1 1
262 873 1 1 1 1
264 119 1 0 1 1
264 323 1 2 1 1
264 422 1 2 1 1
264 551 1 0 1 1
265 98 1 2 1 1
265 427 1 2 1 1
265 540 1 2 1 1
265 542 1 1 1 1
266 124 1 0 1 1
266 173 1 0 1 1
267 127 1 0 1 1
267 854 1 2 1 1
268 479 1 0 1 1
268 900 1 1 1 1
269 918 1 2 1 1
270 161 1 0 1 1
270 446 1 0 1 1
271 379 1 2 1 1
272 90 1 0 1 1
273 705 1 0 1 1
276 40 1 0 1 1
277 763 1 0 1 1
278 888 1 0 1 1
278 943 1 2 1 1
279 125 1 2 1 1
279 670 1 2 1 1
280 545 1 2 1 1
281 114 1 2 1 1
281 212 1 1 1 1
281 839 1 0 1 1
283 235 1 2 1 1
283 799 1 1 1 1
284 103 1 1 1 1
284 728 1 1 1 1
284 941 1 2 1 1
285 554 1 0 1 1
286 137 1 0 1 1
286 301 1 1 1 1
286 979 1 1 1 1
287 720 1 2 1 1
287 840 1 0 1 1
288 520 1 1 1 1
289 100 1 0 1 1
289 896 1 1 1 1
290 74 1 1 1 1
290 206 1 1 1 1
290 527 1 2 1 1
290 920 1 1 1 1
291 164 1 0 1 1
291 315 1 1 1 1
291 559 1 2 1 1
291 655 1 1 1 1
291 915 1 1 1 1
292 979 1 1 1 1
294 60 1 1 1 1
294 953 1 2 1 1
295 48 1 2 1 1
295 678 1 2 1 1
296 663 1 0 1 1
296 957 1 1 1 1
297 85 1 2 1 1
297 218 1 2 1 1
297 307 1 2 1 1
297 325 1 0 1 1
297 887 1 0 1 1
298 644 1 1 1 1
299 632 1 1 1 1
300 765 1 2 1 1
300 909 1 1 1 1
300 922 1 1 1 1
300 968 1 1 1 1
301 359 1 1 1 1
301 488 1 2 1 1
301 993 1 2 1 1
302 524 1 2 1 1
302 861 1 2 1 1
303 226 1 2 1 1
305 374 1 2 1 1
305 665 1 0 1 1
305 816 1 0 1 1
305 970 1 1 1 1
306 146 1 2 1 1
307 609 1 1 1 1
307 836 1 0 1 1
307 896 1 1 1 1
308 64 1 2 1 1
308 202 1 1 1 1
309 300 1 1 1 1
309 570 1 2 1 1
310 222 1 0 1 1
310 658 1 2 1 1
310 703 1 2 1 1
312 633 1 1 1 1
312 701 1 1 1 1
313 510 1 2 1 1
313 792 1 2 1 1
313 809 1 2 1 1
315 244 1 1 1 1
315 287 1 1 1 1
315 347 1 0 1 1
316 668 1 0 1 1
316 728 1 2 1 1
316 964 1 1 1 1
317 301 1 1 1 1
317 683 1 2 1 1
317 961 1 0 1 1
318 85 1 0 1 1
318 762 1 0 1 1
320 433 1 2 1 1
320 917 1 0 1 1
322 58 1 2 1 1
322 942 1 0 1 1
323 567 1 0 1 1
324 36 1 1 1 1
324 203 1 0 1 1
324 327 1 0 1 1
325 108 1 0 1 1
325 276 1 1 1 1
325 676 1 0 1 1
325 994 1 2 1 1
326 498 1 1 1 1
327 524 1 1 1 1
327 702 1 2 1 1
327 816 1 1 1 1
328 66 1 2 1 1
328 213 1 1 1 1
328 871 1 1 1 1
328 957 1 1 1 1
331 29 1 1 1 1
331 526 1 1 1 1
331 528 1 2 1 1
331 643 1 2 1 1
333 148 1 2 1 1
334 30 1 2 1 1
334 73 1 1 1 1
334 196 1 1 1 1
334 728 1 2 1 1
334 813 1 0 1 1
335 845 1 2 1 1
336 95 1 0 1 1
336 753 1 2 1 1
336 967 1 1 1 1
337 116 1 2 1 1
337 274 1 1 1 1
338 242 1 0 1 1
338 516 1 2 1 1
338 602 1 1 1 1
338 755 1 1 1 1
339 75 1 2 1 1
339 230 1 0 1 1
339 554 1 1 1 1
339 876 1 2 1 1
339 961 1 0 1 1
341 11 1 0 1 1
341 59 1 0 1 1
341 647 1 2 1 1
341 925 1 0 1 1
342 27 1 2 1 1
343 653 1 1 1 1
344 319 1 2 1 1
344 367 1 1 1 1
344 662 1 2 1 1
344 835 1 2 1 1
345 61 1 2 1 1
345 754 1 2 1 1
346 70 1 2 1 1
346 340 1 1 1 1
346 563 1 0 1 1
347 362 1 2 1 1
347 788 1 0 1 1
348 32 1 0 1 1
348 458 1 0 1 1
348 625 1 2 1 1
348 890 1 2 1 1
350 624 1 0 1 1
350 715 1 2 1 1
350 996 1 0 1 1
352 481 1 2 1 1
352 491 1 2 1 1
352 735 1 2 1 1
353 213 1 1 1 1
353 525 1 1 1 1
353 612 1 2 1 1
353 788 1 1 1 1
354 38 1 0 1 1
354 400 1 2 1 1
354 765 1 2 1 1
355 678 1 0 1 1
355 691 1 0 1 1
355 692 1 0 1 1
356 896 1 0 1 1
356 910 1 2 1 1
357 2 1 0 1 1
357 162 1 2 1 1
357 192 1 1 1 1
360 783 1 2 1 1
360 965 1 2 1 1
361 12 1 1 1 1
361 418 1 2 1 1
362 171 1 1 1 1
362 605 1 1 1 1
363 602 1 2 1 1
363 719 1 0 1 1
364 23 1 2 1 1
364 283 1 0 1 1
364 350 1 1 1 1
364 798 1 2 1 1
365 857 1 2 1 1
365 872 1 2 1 1
366 523 1 1 1 1
366 757 1 2 1 1
366 902 1 1 1 1
367 119 1 1 1 1
367 369 1 0 1 1
368 7 1 0 1 1
368 970 1 0 1 1
369 667 1 0 1 1
369 882 1 0 1 1
369 990 1 1 1 1
370 521 1 0 1 1
370 577 1 1 1 1
370 612 1 2 1 1
370 621 1 1 1 1
371 191 1 2 1 1
371 298 1 0 1 1
371 878 1 0 1 1
372 196 1 2 1 1
372 992 1 1 1 1
373 808 1 1 1 1
374 61 1 0 1 1
375 318 1 1 1 1
375 471 1 0 1 1
375 603 1 1 1 1
376 654 1 0 1 1
376 770 1 2 1 1
377 791 1 2 1 1
378 75 1 2 1 1
380 2 1 0 1 1
380 149 1 0 1 1
381 311 1 2 1 1
382 21 1 1 1 1
382 88 1 2 1 1
382 386 1 0 1 1
384 141 1 0 1 1
385 389 1 0 1 1
386 861 1 2 1 1
387 930 1 0 1 1
388 674 1 2 1 1
389 338 1 1 1 1
389 504 1 2 1 1
389 761 1 2 1 1
389 919 1 0 1 1
389 922 1 1 1 1
390 149 1 0 1 1
390 224 1 0 1 1
392 395 1 2 1 1
393 445 1 0 1 1
393 822 1 0 1 1
394 90 1 2 1 1
394 788 1 1 1 1
394 848 1 0 1 1
395 332 1 0 1 1
396 83 1 0 1 1
396 426 1 2 1 1
396 910 1 0 1 1
397 344 1 1 1 1
398 369 1 1 1 1
398 604 1 0 1 1
399 623 1 1 1 1
401 273 1 2 1 1
402 83 1 0 1 1
402 200 1 2 1 1
402 482 1 2 1 1
403 110 1 1 1 1
403 370 1 1 1 1
408 137 1 1 1 1
408 659 1 0 1 1
409 233 1 1 1 1
409 299 1 0 1 1
409 950 1 1 1 1
411 579 1 2 1 1
411 589 1 2 1 1
411 677 1 1 1 1
412 870 1 2 1 1
412 872 1 0 1 1
413 69 1 0 1 1
413 260 1 0 1 1
413 264 1 1 1 1
413 313 1 1 1 1
413 734 1 2 1 1
413 779 1 2 1 1
413 938 1 2 1 1
414 226 1 0 1 1
414 273 1 0 1 1
414 314 1 2 1 1
414 708 1 2 1 1
414 711 1 1 1 1
414 948 1 2 1 1
415 703 1 1 1 1
416 261 1 1 1 1
416 732 1 0 1 1
417 951 1 1 1 1
418 332 1 2 1 1
418 755 1 1 1 1
418 796 1 2 1 1
419 922 1 0 1 1
420 203 1 1 1 1
422 315 1 1 1 1
422 358 1 2 1 1
422 502 1 1 1 1
422 682 1 1 1 1
422 925 1 1 1 1
423 34 1 2 1 1
423 535 1 2 1 1
423 870 1 1 1 1
425 174 1 0 1 1
425 484 1 2 1 1
425 689 1 0 1 1
425 871 1 0 1 1
426 263 1 1 1 1
426 595 1 0 1 1
426 930 1 2 1 1
427 380 1 0 1 1
427 940 1 1 1 1
427 948 1 0 1 1
428 541 1 0 1 1
428 577 1 2 1 1
428 765 1 0 1 1
428 854 1 1 1 1
429 229 1 0 1 1
430 183 1 2 1 1
430 328 1 0 1 1
430 338 1 2 1 1
430 582 1 1 1 1
431 152 1 2 1 1
431 602 1 2 1 1
432 361 1 1 1 1
433 793 1 1 1 1
433 825 1 2 1 1
435 40 1 1 1 1
435 738 1 1 1 1
435 896 1 0 1 1
436 199 1 2 1 1
436 637 1 0 1 1
437 140 1 2 1 1
437 712 1 0 1 1
437 842 1 2 1 1
438 605 1 1 1 1
439 139 1 2 1 1
439 587 1 0 1 1
439 625 1 0 1 1
440 481 1 2 1 1
441 274 1 1 1 1
442 309 1 2 1 1
442 618 1 2 1 1
442 802 1 2 1 1
442 813 1 2 1 1
443 215 1 1 1 1
443 234 1 0 1 1
443 717 1 2 1 1
445 489 1 0 1 1
446 679 1 0 1 1
447 161 1 0 1 1
448 16 1 1 1 1
449 596 1 2 1 1
449 671 1 0 1 1
450 79 1 1 1 1
450 858 1 1 1 1
451 723 1 1 1 1
452 603 1 2 1 1
452 901 1 2 1 1
453 51 1 2 1 1
453 77 1 1 1 1
453 171 1 0 1 1
453 307 1 1 1 1
453 573 1 2 1 1
453 785 1 0 1 1
454 440 1 2 1 1
454 478 1 2 1 1
454 603 1 0 1 1
455 262 1 1 1 1
455 343 1 1 1 1
455 771 1 2 1 1
457 70 1 2 1 1
457 302 1 0 1 1
458 665 1 1 1 1
458 908 1 1 1 1
459 247 1 0 1 1
459 783 1 1 1 1
459 916 1 2 1 1
461 609 1 2 1 1
462 23 1 1 1 1
462 36 1 1 1 1
463 874 1 1 1 1
464 368 1 1 1 1
464 405 1 2 1 1
464 435 1 1 1 1
464 445 1 2 1 1
464 924 1 0 1 1
464 957 1 1 1 1
466 237 1 0 1 1
466 834 1 0 1 1
469 357 1 0 1 1
469 635 1 0 1 1
473 102 1 0 1 1
473 388 1 0 1 1
473 566 1 0 1 1
473 999 1 0 1 1
474 48 1 0 1 1
474 535 1 1 1 1
475 339 1 0 1 1
476 367 1 0 1 1
476 988 1 1 1 1
478 74 1 2 1 1
478 700 1 2 1 1
478 894 1 0 1 1
479 33 1 0 1 1
479 388 1 1 1 1
479 975 1 1 1 1
480 1 1 1 1 1
480 513 1 2 1 1
480 537 1 1 1 1
480 669 1 0 1 1
480 983 1 1 1 1
481 603 1 2 1 1
482 568 1 2 1 1
483 129 1 1 1 1
483 466 1 0 1 1
483 689 1 2 1 1
484 89 1 0 1 1
484 254 1 0 1 1
484 741 1 1 1 1
485 91 1 0 1 1
485 333 1 1 1 1
487 75 1 0 1 1
487 263 1 1 1 1
488 73 1 0 1 1
488 349 1 1 1 1
488 568 1 0 1 1
488 633 1 2 1 1
489 216 1 0 1 1
490 60 1 1 1 1
490 630 1 0 1 1
490 970 1 0 1 1
493 386 1 1 1 1
493 719 1 0 1 1
493 818 1 0 1 1
495 155 1 2 1 1
496 434 1 2 1 1
496 807 1 0 1 1
497 357 1 0 1 1
497 663 1 2 1 1
497 898 1 0 1 1
498 62 1 1 1 1
498 265 1 1 1 1
499 830 1 0 1 1
500 347 1 0 1 1
500 803 1 2 1 1
501 70 1 0 1 1
501 498 1 2 1 1
501 742 1 1 1 1
501 847 1 1 1 1
501 967 1 2 1 1
502 45 1 1 1 1
502 71 1 1 1 1
502 325 1 1 1 1
502 446 1 1 1 1
502 651 1 2 1 1
502 672 1 1 1 1
503 189 1 0 1 1
503 423 1 2 1 1
504 451 1 0 1 1
504 852 1 0 1 1
505 137 1 1 1 1
505 663 1 1 1 1
505 699 1 2 1 1
506 266 1 0 1 1
506 454 1 1 1 1
506 844 1 1 1 1
507 99 1 2 1 1
507 160 1 0 1 1
507 684 1 1 1 1
508 49 1 0 1 1
508 270 1 1 1 1
508 496 1 2 1 1
508 578 1 0 1 1
509 314 1 0 1 1
509 726 1 0 1 1
509 792 1 0 1 1
510 160 1 2 1 1
510 194 1 1 1 1
510 345 1 0 1 1
510 732 1 1 1 1
511 186 1 2 1 1
511 522 1 1 1 1
512 282 1 1 1 1
512 568 1 0 1 1
513 452 1 2 1 1
514 99 1 1 1 1
514 919 1 2 1 1
515 436 1 0 1 1
515 656 1 0 1 1
516 18 1 1 1 1
516 116 1 0 1 1
516 460 1 0 1 1
517 104 1 2 1 1
517 148 1 2 1 1
517 440 1 0 1 1
517 754 1 1 1 1
518 88 1 0 1 1
518 335 1 0 1 1
518 891 1 1 1 1
519 290 1 0 1 1
519 468 1 2 1 1
519 632 1 2 1 1
520 153 1 1 1 1
520 812 1 2 1 1
520 847 1 2 1 1
521 43 1 0 1 1
521 194 1 1 1 1
521 530 1 2 1 1
521 717 1 1 1 1
522 199 1 1 1 1
523 737 1 0 1 1
524 36 1 2 1 1
524 924 1 2 1 1
525 24 1 2 1 1
527 103 1 1 1 1
527 701 1 2 1 1
527 987 1 1 1 1
528 169 1 2 1 1
528 424 1 1 1 1
528 656 1 2 1 1
528 838 1 2 1 1
529 8 1 1 1 1
530 65 1 1 1 1
530 882 1 2 1 1
531 39 1 2 1 1
531 70 1 2 1 1
531 421 1 1 1 1
532 285 1 2 1 1
532 770 1 2 1 1
533 621 1 2 1 1
534 199 1 1 1 1
534 354 1 0 1 1
534 661 1 2 1 1
534 698 1 0 1 1
535 859 1 2 1 1
535 892 1 2 1 1
536 988 1 2 1 1
537 88 1 0 1 1
537 143 1 0 1 1
537 655 1 1 1 1
537 768 1 2 1 1
538 608 1 2 1 1
538 993 1 2 1 1
539 41 1 2 1 1
539 78 1 1 1 1
539 151 1 1 1 1
539 333 1 0 1 1
539 460 1 1 1 1
539 629 1 1 1 1
539 913 1 2 1 1
539 958 1 0 1 1
540 140 1 2 1 1
541 108 1 0 1 1
541 347 1 2 1 1
543 289 1 0 1 1
543 297 1 0 1 1
543 674 1 1 1 1
543 678 1 0 1 1
543 874 1 1 1 1
544 40 1 2 1 1
545 252 1 1 1 1
545 600 1 2 1 1
546 874 1 0 1 1
547 42 1 2 1 1
548 105 1 2 1 1
549 252 1 0 1 1
549 732 1 1 1 1
549 800 1 2 1 1
549 973 1 1 1 1
550 619 1 0 1 1
550 807 1 1 1 1
550 888 1 2 1 1
551 235 1 0 1 1
552 348 1 2 1 1
552 382 1 2 1 1
552 582 1 0 1 1
552 896 1 1 1 1
552 930 1 2 1 1
553 931 1 0 1 1
553 969 1 0 1 1
554 391 1 2 1 1
554 696 1 0 1 1
555 249 1 0 1 1
555 641 1 1 1 1
556 829 1 0 1 1
556 887 1 0 1 1
558 164 1 2 1 1
558 501 1 1 1 1
558 529 1 0 1 1
559 600 1 0 1 1
559 745 1 1 1 1
560 57 1 1 1 1
560 983 1 1 1 1
561 566 1 2 1 1
561 569 1 2 1 1
561 790 1 0 1 1
562 264 1 0 1 1
563 776 1 0 1 1
563 838 1 2 1 1
564 613 1 0 1 1
565 20 1 0 1 1
565 199 1 0 1 1
565 623 1 0 1 1
565 817 1 1 1 1
567 591 1 0 1 1
567 666 1 1 1 1
568 413 1 0 1 1
568 905 1 2 1 1
569 264 1 0 1 1
569 281 1 2 1 1
569 296 1 2 1 1
570 508 1 2 1 1
571 603 1 1 1 1
573 113 1 1 1 1
574 977 1 2 1 1
575 81 1 2 1 1
575 256 1 1 1 1
575 749 1 0 1 1
576 718 1 1 1 1
576 748 1 2 1 1
576 958 1 2 1 1
577 584 1 0 1 1
579 294 1 0 1 1
580 591 1 2 1 1
581 315 1 0 1 1
582 73 1 1 1 1
582 177 1 2 1 1
582 429 1 0 1 1
582 786 1 0 1 1
583 389 1 2 1 1
583 452 1 0 1 1
583 903 1 2 1 1
583 928 1 0 1 1
584 272 1 1 1 1
584 924 1 2 1 1
585 157 1 0 1 1
586 90 1 1 1 1
586 259 1 1 1 1
588 37 1 2 1 1
588 49 1 2 1 1
588 159 1 0 1 1
588 219 1 0 1 1
588 264 1 1 1 1
588 533 1 0 1 1
588 772 1 2 1 1
588 970 1 2 1 1
590 241 1 1 1 1
591 120 1 2 1 1
591 886 1 1 1 1
592 372 1 2 1 1
593 98 1 1 1 1
593 763 1 1 1 1
595 111 1 2 1 1
595 682 1 0 1 1
595 905 1 0 1 1
596 221 1 0 1 1
596 577 1 2 1 1
596 695 1 0 1 1
596 990 1 2 1 1
597 52 1 1 1 1
597 821 1 1 1 1
599 123 1 0 1 1
600 214 1 0 1 1
600 542 1 0 1 1
601 705 1 1 1 1
602 1 1 1 1 1
602 159 1 0 1 1
602 179 1 1 1 1
602 300 1 1 1 1
602 745 1 1 1 1
602 990 1 0 1 1
603 48 1 1 1 1
603 198 1 1 1 1
603 296 1 1 1 1
603 833 1 1 1 1
605 497 1 1 1 1
606 853 1 2 1 1
607 674 1 1 1 1
607 769 1 0 1 1
608 369 1 1 1 1
608 661 1 2 1 1
609 500 1 1 1 1
610 205 1 1 1 1
610 513 1 0 1 1
610 523 1 1 1 1
610 573 1 1 1 1
610 775 1 2 1 1
611 293 1 2 1 1
611 553 1 1 1 1
611 721 1 0 1 1
613 216 1 1 1 1
614 141 1 1 1 1
614 427 1 0 1 1
614 523 1 0 1 1
614 529 1 0 1 1
614 565 1 1 1 1
614 641 1 0 1 1
614 907 1 0 1 1
615 263 1 2 1 1
616 955 1 2 1 1
617 15 1 2 1 1
617 535 1 0 1 1
617 714 1 2 1 1
618 372 1 2 1 1
618 582 1 1 1 1
619 323 1 1 1 1
620 76 1 1 1 1
620 783 1 2 1 1
620 905 1 1 1 1
620 985 1 0 1 1
621 128 1 1 1 1
621 402 1 0 1 1
621 428 1 0 1 1
622 261 1 1 1 1
622 587 1 2 1 1
622 617 1 0 1 1
624 211 1 2 1 1
624 376 1 2 1 1
624 630 1 0 1 1
624 678 1 0 1 1
624 787 1 2 1 1
624 958 1 0 1 1
625 597 1 0 1 1
625 979 1 2 1 1
626 209 1 1 1 1
626 226 1 1 1 1
626 505 1 1 1 1
628 377 1 2 1 1
628 685 1 2 1 1
628 788 1 2 1 1
628 802 1 1 1 1
628 842 1 2 1 1
629 414 1 0 1 1
629 563 1 1 1 1
629 571 1 1 1 1
629 694 1 1 1 1
629 746 1 2 1 1
630 460 1 0 1 1
630 468 1 2 1 1
631 42 1 1 1 1
631 879 1 0 1 1
632 153 1 1 1 1
632 219 1 0 1 1
633 594 1 2 1 1
634 357 1 2 1 1
635 451 1 0 1 1
635 923 1 1 1 1
636 571 1 1 1 1
636 737 1 2 1 1
636 802 1 2 1 1
636 975 1 1 1 1
637 65 1 0 1 1
637 114 1 1 1 1
637 873 1 1 1 1
638 588 1 1 1 1
640 603 1 1 1 1
640 626 1 1 1 1
640 855 1 2 1 1
640 984 1 2 1 1
641 423 1 2 1 1
641 517 1 1 1 1
641 654 1 0 1 1
642 545 1 0 1 1
642 729 1 0 1 1
642 746 1 1 1 1
643 47 1 2 1 1
643 818 1 1 1 1
644 693 1 2 1 1
644 757 1 2 1 1
645 255 1 1 1 1
645 718 1 0 1 1
646 963 1 1 1 1
648 735 1 1 1 1
648 751 1 0 1 1
648 790 1 2 1 1
648 876 1 1 1 1
649 550 1 2 1 1
649 927 1 2 1 1
649 933 1 0 1 1
650 179 1 2 1 1
650 565 1 0 1 1
651 331 1 0 1 1
652 199 1 1 1 1
652 698 1 1 1 1
653 323 1 0 1 1
653 329 1 1 1 1
654 34 1 2 1 1
654 475 1 2 1 1
654 728 1 1 1 1
654 854 1 2 1 1
655 996 1 2 1 1
656 473 1 2 1 1
656 917 1 1 1 1
657 299 1 0 1 1
657 467 1 2 1 1
658 1 1 0 1 1
658 151 1 1 1 1
658 998 1 1 1 1
659 348 1 1 1 1
659 592 1 1 1 1
659 928 1 2 1 1
661 901 1 1 1 1
662 93 1 2 1 1
662 186 1 0 1 1
663 904 1 2 1 1
664 224 1 2 1 1
665 613 1 1 1 1
666 357 1 0 1 1
666 456 1 2 1 1
667 172 1 0 1 1
668 587 1 1 1 1
668 639 1 1 1 1
669 677 1 2 1 1
670 272 1 0 1 1
672 367 1 2 1 1
672 722 1 2 1 1
672 799 1 2 1 1
673 33 1 0 1 1
673 220 1 1 1 1
674 853 1 2 1 1
675 209 1 0 1 1
675 627 1 0 1 1
676 11 1 0 1 1
676 175 1 0 1 1
677 258 1 1 1 1
677 883 1 1 1 1
678 141 1 2 1 1
679 174 1 2 1 1
679 198 1 0 1 1
679 650 1 0 1 1
680 334 1 1 1 1
680 435 1 2 1 1
680 632 1 2 1 1
681 50 1 2 1 1
681 276 1 2 1 1
681 278 1 1 1 1
682 9 1 1 1 1
682 279 1 2 1 1
682 305 1 1 1 1
683 123 1 1 1 1
684 387 1 0 1 1
684 474 1 1 1 1
684 611 1 2 1 1
685 230 1 0 1 1
686 90 1 0 1 1
686 561 1 0 1 1
686 643 1 0 1 1
687 22 1 0 1 1
687 57 1 2 1 1
687 330 1 1 1 1
687 362 1 0 1 1
687 966 1 2 1 1
688 168 1 2 1 1
688 335 1 0 1 1
688 346 1 1 1 1
688 567 1 0 1 1
690 410 1 1 1 1
691 620 1 2 1 1
691 888 1 2 1 1
693 407 1 2 1 1
693 990 1 2 1 1
694 237 1 1 1 1
695 148 1 1 1 1
696 176 1 0 1 1
697 519 1 0 1 1
699 343 1 2 1 1
700 261 1 2 1 1
700 563 1 1 1 1
700 771 1 1 1 1
701 311 1 0 1 1
701 871 1 0 1 1
701 997 1 1 1 1
702 816 1 0 1 1
703 52 1 1 1 1
703 224 1 2 1 1
703 818 1 0 1 1
704 444 1 2 1 1
704 790 1 0 1 1
705 156 1 0 1 1
705 196 1 1 1 1
706 32 1 2 1 1
706 175 1 2 1 1
706 858 1 0 1 1
707 251 1 2 1 1
707 338 1 1 1 1
708 188 1 1 1 1
708 792 1 1 1 1
710 46 1 0 1 1
712 271 1 2 1 1
712 324 1 1 1 1
714 309 1 2 1 1
714 829 1 0 1 1
714 879 1 2 1 1
715 12 1 1 1 1
715 240 1 2 1 1
715 402 1 2 1 1
715 471 1 1 1 1
717 390 1 0 1 1
717 494 1 2 1 1
717 790 1 1 1 1
718 80 1 1 1 1
718 156 1 1 1 1
720 508 1 2 1 1
720 665 1 2 1 1
720 700 1 2 1 1
720 718 1 2 1 1
721 524 1 2 1 1
721 876 1 1 1 1
722 278 1 1 1 1
722 567 1 0 1 1
722 627 1 1 1 1
722 793 1 0 1 1
723 12 1 0 1 1
723 132 1 1 1 1
724 277 1 2 1 1
724 366 1 2 1 1
724 388 1 0 1 1
725 188 1 2 1 1
725 936 1 0 1 1
725 977 1 2 1 1
726 401 1 0 1 1
726 950 1 2 1 1
727 413 1 1 1 1
728 36 1 2 1 1
728 97 1 0 1 1
728 425 1 2 1 1
728 700 1 0 1 1
729 702 1 1 1 1
729 742 1 2 1 1
730 312 1 1 1 1
730 324 1 1 1 1
730 791 1 1 1 1
731 456 1 0 1 1
731 485 1 2 1 1
731 486 1 1 1 1
731 922 1 1 1 1
732 227 1 1 1 1
732 429 1 0 1 1
732 653 1 2 1 1
733 369 1 0 1 1
734 238 1 2 1 1
734 831 1 1 1 1
735 250 1 0 1 1
735 804 1 1 1 1
736 834 1 1 1 1
736 999 1 1 1 1
737 179 1 1 1 1
738 497 1 1 1 1
738 646 1 0 1 1
739 784 1 2 1 1
740 325 1 0 1 1
740 412 1 2 1 1
740 502 1 1 1 1
740 998 1 0 1 1
741 63 1 2 1 1
741 813 1 1 1 1
742 97 1 1 1 1
742 100 1 1 1 1
743 213 1 0 1 1
743 779 1 2 1 1
744 422 1 1 1 1
745 153 1 0 1 1
745 300 1 0 1 1
745 491 1 0 1 1
746 8 1 2 1 1
746 155 1 2 1 1
746 536 1 0 1 1
746 949 1 1 1 1
747 98 1 2 1 1
747 850 1 2 1 1
748 894 1 0 1 1
748 993 1 2 1 1
749 677 1 2 1 1
750 998 1 1 1 1
751 590 1 0 1 1
751 717 1 1 1 1
752 48 1 2 1 1
752 81 1 2 1 1
752 294 1 2 1 1
753 52 1 2 1 1
753 248 1 0 1 1
755 674 1 2 1 1
755 735 1 0 1 1
755 764 1 2 1 1
757 133 1 2 1 1
757 892 1 1 1 1
758 337 1 0 1 1
759 883 1 1 1 1
760 325 1 2 1 1
760 476 1 1 1 1
761 183 1 1 1 1
761 600 1 2 1 1
762 521 1 2 1 1
762 903 1 2 1 1
763 356 1 1 1 1
763 694 1 0 1 1
764 135 1 1 1 1
764 431 1 1 1 1
764 432 1 2 1 1
765 6 1 0 1 1
765 505 1 1 1 1
766 159 1 2 1 1
766 532 1 2 1 1
767 238 1 1 1 1
767 253 1 0 1 1
768 562 1 2 1 1
768 571 1 1 1 1
768 995 1 1 1 1
769 421 1 2 1 1
769 893 1 2 1 1
770 563 1 0 1 1
770 650 1 0 1 1
770 769 1 1 1 1
771 486 1 1 1 1
771 982 1 2 1 1
772 89 1 2 1 1
773 824 1 1 1 1
774 298 1 2 1 1
774 336 1 0 1 1
774 873 1 2 1 1
775 207 1 0 1 1
776 182 1 2 1 1
776 239 1 1 1 1
776 757 1 1 1 1
776 823 1 0 1 1
777 219 1 2 1 1
777 390 1 0 1 1
777 540 1 2 1 1
777 991 1 0 1 1
778 710 1 0 1 1
780 328 1 0 1 1
780 427 1 1 1 1
781 389 1 1 1 1
781 755 1 1 1 1
781 798 1 2 1 1
781 822 1 1 1 1
782 915 1 1 1 1
783 8 1 2 1 1
783 514 1 0 1 1
783 969 1 2 1 1
784 646 1 2 1 1
785 101 1 2 1 1
786 175 1 1 1 1
786 640 1 0 1 1
787 82 1 1 1 1
787 120 1 2 1 1
787 284 1 1 1 1
788 13 1 2 1 1
789 290 1 1 1 1
789 354 1 0 1 1
790 780 1 1 1 1
791 364 1 0 1 1
791 977 1 1 1 1
793 21 1 1 1 1
793 622 1 1 1 1
793 624 1 0 1 1
793 683 1 1 1 1
794 127 1 1 1 1
794 906 1 1 1 1
795 465 1 0 1 1
796 2 1 2 1 1
796 283 1 2 1 1
796 540 1 0 1 1
797 287 1 1 1 1
797 672 1 0 1 1
798 437 1 0 1 1
798 454 1 0 1 1
798 467 1 1 1 1
798 809 1 2 1 1
799 308 1 0 1 1
799 809 1 2 1 1
799 825 1 2 1 1
800 23 1 1 1 1
800 207 1 0 1 1
800 621 1 2 1 1
800 734 1 2 1 1
802 270 1 1 1 1
802 663 1 2 1 1
802 673 1 0 1 1
803 321 1 1 1 1
803 350 1 0 1 1
803 899 1 1 1 1
803 941 1 1 1 1
804 587 1 1 1 1
805 129 1 0 1 1
805 954 1 2 1 1
806 642 1 1 1 1
807 145 1 1 1 1
807 439 1 1 1 1
807 904 1 2 1 1
808 214 1 0 1 1
809 686 1 0 1 1
811 303 1 2 1 1
812 156 1 2 1 1
812 478 1 2 1 1
814 75 1 1 1 1
814 156 1 1 1 1
814 447 1 1 1 1
814 882 1 1 1 1
815 808 1 1 1 1
816 948 1 0 1 1
817 76 1 2 1 1
817 659 1 2 1 1
817 824 1 2 1 1
818 840 1 1 1 1
819 104 1 1 1 1
819 106 1 0 1 1
819 240 1 0 1 1
819 891 1 0 1 1
821 75 1 1 1 1
821 498 1 1 1 1
822 137 1 2 1 1
823 109 1 0 1 1
823 426 1 2 1 1
824 585 1 1 1 1
824 620 1 0 1 1
824 648 1 1 1 1
825 155 1 0 1 1
825 271 1 1 1 1
825 900 1 2 1 1
826 851 1 1 1 1
827 812 1 0 1 1
828 353 1 0 1 1
828 601 1 0 1 1
828 757 1 1 1 1
829 30 1 2 1 1
829 613 1 0 1 1
830 122 1 1 1 1
830 270 1 2 1 1
830 295 1 0 1 1
830 482 1 1 1 1
830 714 1 2 1 1
830 868 1 1 1 1
832 598 1 1 1 1
832 776 1 1 1 1
832 805 1 2 1 1
832 857 1 0 1 1
833 251 1 0 1 1
833 310 1 1 1 1
833 542 1 2 1 1
833 554 1 1 1 1
834 89 1 0 1 1
835 536 1 2 1 1
836 109 1 2 1 1
836 232 1 0 1 1
836 326 1 2 1 1
837 117 1 1 1 1
837 199 1 1 1 1
837 263 1 2 1 1
838 246 1 2 1 1
839 181 1 0 1 1
839 862 1 0 1 1
840 337 1 2 1 1
841 373 1 2 1 1
841 660 1 0 1 1
842 1 1 2 1 1
842 187 1 2 1 1
842 270 1 0 1 1
842 759 1 2 1 1
842 820 1 2 1 1
843 602 1 2 1 1
845 899 1 1 1 1
845 906 1 1 1 1
845 990 1 1 1 1
846 320 1 1 1 1
846 331 1 2 1 1
847 199 1 0 1 1
848 468 1 1 1 1
848 693 1 0 1 1
849 246 1 0 1 1
849 293 1 2 1 1
852 494 1 1 1 1
852 666 1 1 1 1
852 864 1 2 1 1
852 969 1 1 1 1
853 173 1 2 1 1
853 195 1 1 1 1
853 698 1 2 1 1
854 131 1 0 1 1
854 223 1 2 1 1
854 274 1 0 1 1
854 414 1 2 1 1
855 759 1 2 1 1
855 766 1 0 1 1
856 96 1 1 1 1
856 859 1 1 1 1
857 79 1 0 1 1
857 244 1 1 1 1
857 448 1 1 1 1
857 550 1 0 1 1
858 549 1 2 1 1
858 790 1 2 1 1
859 205 1 2 1 1
860 185 1 0 1 1
860 673 1 2 1 1
860 828 1 1 1 1
861 152 1 0 1 1
861 452 1 1 1 1
862 347 1 2 1 1
862 421 1 2 1 1
862 869 1 2 1 1
863 988 1 1 1 1
864 459 1 2 1 1
864 604 1 1 1 1
865 241 1 0 1 1
865 326 1 0 1 1
865 422 1 0 1 1
865 955 1 1 1 1
866 208 1 2 1 1
866 601 1 2 1 1
866 805 1 0 1 1
866 812 1 1 1 1
867 98 1 1 1 1
867 900 1 1 1 1
867 984 1 1 1 1
869 132 1 0 1 1
869 227 1 0 1 1
869 374 1 0 1 1
870 236 1 2 1 1
870 674 1 1 1 1
870 932 1 1 1 1
871 69 1 0 1 1
871 509 1 1 1 1
872 37 1 0 1 1
872 742 1 2 1 1
872 963 1 1 1 1
873 570 1 2 1 1
874 976 1 2 1 1
875 134 1 1 1 1
875 372 1 1 1 1
875 596 1 1 1 1
875 834 1 1 1 1
876 78 1 0 1 1
876 582 1 0 1 1
876 597 1 1 1 1
877 470 1 2 1 1
877 945 1 0 1 1
878 289 1 2 1 1
878 474 1 1 1 1
880 6 1 0 1 1
880 36 1 2 1 1
880 764 1 2 1 1
880 808 1 2 1 1
880 854 1 1 1 1
881 261 1 2 1 1
881 500 1 1 1 1
882 795 1 0 1 1
882 869 1 1 1 1
883 110 1 2 1 1
883 511 1 1 1 1
883 720 1 2 1 1
883 795 1 2 1 1
884 691 1 0 1 1
884 877 1 2 1 1
885 111 1 2 1 1
885 192 1 1 1 1
885 401 1 1 1 1
886 174 1 2 1 1
887 28 1 1 1 1
887 139 1 2 1 1
887 182 1 0 1 1
887 700 1 0 1 1
887 735 1 0 1 1
889 551 1 1 1 1
889 856 1 2 1 1
890 610 1 0 1 1
891 969 1 2 1 1
892 906 1 1 1 1
893 26 1 0 1 1
893 917 1 1 1 1
895 565 1 0 1 1
896 377 1 0 1 1
897 48 1 1 1 1
897 432 1 2 1 1
898 318 1 0 1 1
898 456 1 2 1 1
898 582 1 0 1 1
898 733 1 1 1 1
899 121 1 0 1 1
899 425 1 1 1 1
899 621 1 0 1 1
900 671 1 0 1 1
901 257 1 2 1 1
902 198 1 1 1 1
902 466 1 2 1 1
902 983 1 2 1 1
903 88 1 0 1 1
904 70 1 1 1 1
904 121 1 0 1 1
904 225 1 2 1 1
904 312 1 1 1 1
905 62 1 0 1 1
905 83 1 1 1 1
905 112 1 1 1 1
905 191 1 0 1 1
906 535 1 1 1 1
906 628 1 2 1 1
906 891 1 1 1 1
907 486 1 2 1 1
907 841 1 0 1 1
907 929 1 0 1 1
908 716 1 0 1 1
910 107 1 1 1 1
911 179 1 0 1 1
911 472 1 0 1 1
912 277 1 2 1 1
912 814 1 0 1 1
913 81 1 0 1 1
913 291 1 2 1 1
913 466 1 1 1 1
913 471 1 1 1 1
913 617 1 0 1 1
913 752 1 2 1 1
914 654 1 2 1 1
915 87 1 0 1 1
915 106 1 2 1 1
915 204 1 2 1 1
915 229 1 2 1 1
915 230 1 1 1 1
915 722 1 2 1 1
915 862 1 2 1 1
915 935 1 1 1 1
916 577 1 2 1 1
917 231 1 0 1 1
917 236 1 0 1 1
918 35 1 2 1 1
918 793 1 2 1 1
918 933 1 1 1 1
919 247 1 1 1 1
919 499 1 0 1 1
919 589 1 1 1 1
919 889 1 1 1 1
920 416 1 1 1 1
921 497 1 0 1 1
921 697 1 0 1 1
921 764 1 0 1 1
921 990 1 2 1 1
922 860 1 2 1 1
922 972 1 0 1 1
923 788 1 0 1 1
923 800 1 1 1 1
925 515 1 0 1 1
925 984 1 0 1 1
926 594 1 2 1 1
926 775 1 1 1 1
927 361 1 0 1 1
927 403 1 0 1 1
927 593 1 0 1 1
928 197 1 2 1 1
928 513 1 1 1 1
930 239 1 0 1 1
931 561 1 2 1 1
931 752 1 0 1 1
932 122 1 2 1 1
932 500 1 2 1 1
933 343 1 2 1 1
933 962 1 0 1 1
934 152 1 1 1 1
934 385 1 2 1 1
935 97 1 2 1 1
935 144 1 1 1 1
935 684 1 2 1 1
936 853 1 0 1 1
936 947 1 1 1 1
937 564 1 2 1 1
937 732 1 2 1 1
937 820 1 0 1 1
938 12 1 0 1 1
938 536 1 0 1 1
939 211 1 0 1 1
939 987 1 2 1 1
941 523 1 2 1 1
942 84 1 2 1 1
942 503 1 0 1 1
942 888 1 2 1 1
943 245 1 0 1 1
944 175 1 1 1 1
945 382 1 2 1 1
945 739 1 0 1 1
946 128 1 2 1 1
946 653 1 1 1 1
947 884 1 0 1 1
947 987 1 1 1 1
948 453 1 0 1 1
948 521 1 2 1 1
949 396 1 2 1 1
949 552 1 2 1 1
950 391 1 1 1 1
950 648 1 0 1 1
950 677 1 0 1 1
951 410 1 0 1 1
953 728 1 2 1 1
953 976 1 0 1 1
954 270 1 2 1 1
955 411 1 0 1 1
955 653 1 0 1 1
956 25 1 0 1 1
956 122 1 2 1 1
956 196 1 2 1 1
956 259 1 0 1 1
956 763 1 0 1 1
957 373 1 1 1 1
957 448 1 0 1 1
957 612 1 1 1 1
958 309 1 2 1 1
959 866 1 1 1 1
960 543 1 1 1 1
960 821 1 1 1 1
961 291 1 2 1 1
961 426 1 1 1 1
961 819 1 2 1 1
961 903 1 2 1 1
962 589 1 1 1 1
963 319 1 2 1 1
963 659 1 0 1 1
963 784 1 1 1 1
964 32 1 0 1 1
964 776 1 1 1 1
966 58 1 2 1 1
966 421 1 0 1 1
967 112 1 1 1 1
968 150 1 2 1 1
968 486 1 1 1 1
968 941 1 2 1 1
969 147 1 0 1 1
969 185 1 1 1 1
970 483 1 0 1 1
971 28 1 2 1 1
971 408 1 2 1 1
971 721 1 2 1 1
973 55 1 2 1 1
973 634 1 0 1 1
973 727 1 2 1 1
974 218 1 2 1 1
975 34 1 0 1 1
975 700 1 0 1 1
976 522 1 2 1 1
976 619 1 1 1 1
977 598 1 1 1 1
977 635 1 1 1 1
977 904 1 0 1 1
978 968 1 2 1 1
979 49 1 1 1 1
981 719 1 2 1 1
982 106 1 0 1 1
982 526 1 1 1 1
983 763 1 1 1 1
985 373 1 1 1 1
985 879 1 1 1 1
986 416 1 0 1 1
988 428 1 0 1 1
989 719 1 2 1 1
989 826 1 2 1 1
989 874 1 2 1 1
990 116 1 0 1 1
990 256 1 2 1 1
990 557 1 2 1 1
990 919 1 0 1 1
990 942 1 2 1 1
992 417 1 2 1 1
993 608 1 2 1 1
994 218 1 2 1 1
995 292 1 0 1 1
995 892 1 1 1 1
996 174 1 2 1 1
996 233 1 0 1 1
996 489 1 2 1 1
996 923 1 2 1 1
997 324 1 2 1 1
998 34 1 1 1 1
998 607 1 0 1 1
999 27 1 2 1 1
