1000
0 526 14
1 83 5
1 268 5
1 576 1
1 808 6
2 51 6
2 99 5
2 128 2
2 402 8
2 773 7
2 857 6
3 551 6
3 923 2
4 434 1
4 454 10
4 953 12
5 158 15
6 286 2
7 750 4
8 11 2
8 896 15
9 373 9
10 47 14
10 123 8
10 161 2
10 487 9
10 654 13
10 899 6
11 564 6
12 649 6
12 942 3
13 138 4
13 432 14
13 798 3
14 404 8
14 632 7
15 113 2
15 354 12
15 611 1
16 182 8
17 515 8
18 305 13
19 386 6
19 723 10
20 329 8
20 397 11
21 320 8
21 434 5
22 102 14
22 641 7
23 156 13
24 485 2
25 346 5
26 583 3
27 449 2
28 343 2
29 371 14
30 370 2
30 751 1
30 958 14
31 528 12
32 418 11
32 636 8
32 721 5
33 325 5
34 155 14
34 286 7
34 573 3
34 758 2
35 55 3
35 406 12
35 706 13
36 679 13
37 455 2
38 185 3
38 969 4
39 91 6
39 599 5
40 479 5
41 442 8
42 958 15
43 691 4
44 55 14
44 87 6
44 229 7
44 815 14
45 107 11
45 649 14
45 983 10
46 967 4
47 387 7
48 327 2
48 401 7
49 624 11
50 605 9
51 131 13
51 582 1
51 796 14
52 443 6
52 612 3
52 996 13
53 947 11
54 186 8
56 221 14
56 459 9
56 799 4
57 495 1
57 783 1
58 235 13
59 78 11
59 329 14
59 376 11
60 204 11
60 436 10
60 834 13
61 204 12
61 433 14
62 264 15
62 459 7
62 845 14
63 992 8
64 737 14
65 180 8
65 247 11
65 380 10
65 971 11
66 195 10
66 440 10
66 659 3
67 192 1
67 425 12
68 716 3
69 111 9
69 398 7
69 665 6
70 823 1
70 978 9
71 296 7
71 307 9
71 508 2
72 132 7
72 686 11
72 841 3
72 864 1
73 333 7
74 410 4
74 413 14
74 534 8
75 757 10
75 865 7
76 384 9
77 496 12
78 322 2
78 660 14
79 189 6
79 204 2
79 311 14
80 378 1
80 473 15
81 368 1
82 128 3
82 132 8
82 333 10
82 520 4
82 546 6
83 250 3
83 351 8
83 468 8
83 554 11
84 329 13
85 834 3
86 515 13
87 273 11
87 458 13
88 329 10
88 575 8
89 180 1
89 223 12
90 446 8
91 489 1
91 973 6
92 935 9
93 138 9
94 188 14
94 389 9
94 732 1
95 680 14
95 844 2
96 514 3
96 902 2
97 459 8
97 650 7
98 190 5
98 644 12
98 648 7
99 446 9
99 474 13
100 118 14
100 828 12
101 282 6
101 288 14
101 567 11
101 647 2
101 951 11
102 569 10
103 350 14
103 371 8
104 419 3
104 828 15
105 130 11
105 716 12
106 194 2
106 268 5
107 166 15
107 347 13
108 277 3
108 674 15
109 396 4
109 627 6
109 850 15
110 418 14
111 416 14
112 128 13
112 296 10
112 373 13
112 851 12
113 780 15
114 160 12
114 377 14
114 714 3
114 719 11
114 768 2
114 990 10
115 546 4
116 610 7
116 990 11
117 407 7
119 592 4
119 822 2
119 967 10
120 288 3
120 519 1
121 492 9
121 554 9
121 976 12
122 151 14
122 153 6
123 180 9
123 244 13
123 852 11
123 921 2
124 159 11
124 649 3
124 814 15
125 692 13
126 667 1
127 984 10
128 238 12
128 786 6
128 995 14
129 294 9
129 360 3
130 175 6
130 443 5
130 526 9
130 578 2
130 989 4
131 979 2
132 227 4
132 384 8
132 439 5
132 507 13
132 717 12
133 898 1
134 464 5
135 503 13
135 972 4
136 175 4
137 438 14
138 394 7
138 838 7
139 812 12
139 931 3
140 467 6
141 814 15
142 643 8
143 264 9
144 588 12
144 671 3
145 339 15
146 426 14
146 832 15
147 460 13
148 271 15
149 924 4
149 932 7
150 873 9
151 192 5
151 417 11
151 806 12
152 509 4
152 544 2
154 644 6
156 313 2
156 812 1
157 911 12
158 437 13
158 507 3
160 279 10
161 293 7
161 533 6
161 585 11
162 701 1
163 270 2
164 465 10
164 810 13
165 701 13
167 927 5
168 170 14
168 551 15
169 490 5
169 545 11
169 633 14
170 191 4
170 800 1
170 956 1
171 894 6
172 346 14
172 789 13
172 915 14
173 598 15
174 847 15
175 684 7
175 783 1
175 837 13
176 433 9
176 974 4
177 460 13
178 428 13
178 677 9
179 827 14
179 866 7
181 444 1
181 467 13
181 984 12
182 408 7
182 699 9
183 296 7
184 754 11
185 291 4
186 983 15
187 519 2
188 211 4
191 746 8
192 928 5
192 954 10
193 277 14
193 455 1
193 473 11
195 236 2
195 371 13
195 409 11
195 411 8
195 491 4
195 609 1
195 757 9
196 749 4
197 367 4
198 934 3
199 556 6
199 762 3
200 324 9
200 905 14
201 332 11
201 511 5
201 587 10
202 684 9
203 435 1
204 477 11
204 688 1
205 366 12
206 821 12
206 834 13
207 713 13
208 996 8
209 371 9
209 856 14
210 800 6
212 611 9
213 716 13
213 722 11
214 663 12
214 890 1
215 557 9
216 732 13
217 318 1
218 297 14
218 423 6
218 536 10
218 881 6
219 284 6
220 442 5
220 574 1
222 649 6
224 981 10
225 243 9
226 265 13
226 426 4
226 926 3
228 938 6
230 260 4
231 317 1
232 255 8
232 832 11
233 829 10
234 844 14
235 384 3
236 252 2
237 565 12
238 383 11
238 581 13
239 608 5
240 767 12
241 317 9
241 402 12
241 908 15
242 533 3
242 939 9
242 940 6
243 329 5
244 395 11
244 689 13
245 664 15
246 340 6
246 802 8
248 523 10
248 652 14
249 576 8
251 830 15
251 859 13
253 958 10
254 288 8
254 516 14
254 627 4
256 443 3
257 298 6
257 498 12
258 967 3
259 683 12
260 384 10
261 982 1
262 476 4
263 602 8
264 522 9
266 704 2
267 744 10
268 877 13
269 906 10
270 613 3
270 855 9
271 443 6
271 554 7
271 786 5
271 883 6
272 995 11
273 348 13
274 386 10
275 673 11
275 710 15
275 970 4
276 310 12
276 504 11
276 798 4
277 708 13
277 972 5
278 617 12
279 839 14
280 603 1
281 312 11
281 924 7
283 549 14
284 693 3
284 758 12
285 334 11
285 368 4
286 869 12
287 721 10
289 656 12
289 852 13
289 916 13
290 591 12
291 593 13
291 990 7
292 509 3
292 771 7
293 620 13
293 702 5
293 861 3
294 342 6
294 667 8
295 874 5
296 950 3
298 403 5
299 625 9
300 444 10
301 579 11
302 332 13
303 533 1
304 924 8
305 431 5
306 886 4
307 341 13
307 619 12
308 492 3
308 817 11
309 887 8
310 862 12
311 326 13
314 515 15
315 334 11
315 901 4
316 739 13
316 819 3
318 433 6
318 449 11
318 790 1
318 987 3
319 710 10
319 910 9
321 510 8
323 392 14
323 517 7
323 847 7
325 434 9
327 455 2
327 631 5
328 388 5
328 603 4
329 481 1
330 466 6
330 565 14
330 567 11
331 526 10
331 767 6
332 343 12
332 579 12
332 779 8
332 798 12
333 662 11
333 669 3
334 408 14
334 509 4
334 554 3
334 770 8
335 755 13
336 799 3
337 474 12
338 651 14
339 598 15
340 729 4
340 949 6
342 621 3
342 968 7
343 505 1
344 834 9
344 941 10
345 546 9
346 626 4
346 639 15
349 443 5
349 847 4
349 964 3
352 454 3
353 786 6
353 991 7
354 481 11
354 622 15
354 800 11
354 888 5
355 813 6
356 969 2
357 361 9
357 879 13
357 924 2
358 730 8
359 428 2
360 975 6
362 618 14
363 498 5
363 536 4
363 752 2
363 873 1
364 850 4
365 382 9
366 635 3
367 466 12
367 778 9
369 544 12
369 596 2
369 898 13
370 764 5
371 382 13
371 715 15
371 798 1
371 920 2
371 947 3
372 635 11
373 521 6
373 874 5
374 809 11
375 947 1
379 572 12
381 398 3
382 444 12
382 556 13
382 786 8
382 809 8
384 529 14
384 902 12
385 760 12
385 990 14
386 863 5
389 581 10
389 600 14
389 775 6
389 788 4
390 444 1
391 798 12
391 934 7
391 997 5
392 472 4
393 569 5
393 711 2
393 962 14
396 605 4
398 410 2
398 589 3
398 630 4
398 825 7
398 886 11
399 553 14
400 437 4
402 442 1
402 846 9
402 917 8
405 730 15
407 701 7
408 415 3
408 728 1
412 453 1
412 552 8
414 887 3
415 801 14
418 456 1
418 543 11
420 733 9
421 630 3
422 649 6
422 677 4
424 454 13
424 642 13
426 481 6
427 786 8
428 657 7
428 880 11
429 645 2
429 912 5
430 599 11
431 444 7
431 523 13
431 542 9
431 655 14
431 678 4
433 444 3
433 470 9
433 510 15
433 736 6
433 852 9
434 774 15
434 903 3
435 510 11
435 733 4
436 464 6
437 961 4
438 726 9
441 601 15
441 794 6
443 635 10
443 830 11
443 843 6
443 965 7
444 569 4
444 701 12
444 982 15
445 612 7
446 871 2
446 946 4
447 597 7
447 853 1
447 873 10
448 486 1
448 783 14
449 463 7
449 727 5
450 632 11
451 608 2
452 745 5
453 812 1
454 510 2
455 992 13
457 460 5
459 560 6
460 784 15
461 591 14
461 635 6
461 648 2
462 973 10
465 684 14
465 797 10
466 570 3
466 616 6
466 904 3
466 922 1
468 562 3
468 878 4
469 840 13
469 873 5
471 989 8
472 513 12
474 697 6
474 802 7
474 816 11
475 689 2
476 807 3
478 841 9
479 584 15
480 855 14
481 758 9
481 927 14
482 644 14
483 602 15
483 715 9
484 595 15
485 548 2
485 720 1
487 781 1
488 603 10
488 664 2
488 783 11
493 903 15
494 936 11
496 699 12
497 736 4
498 646 5
498 772 4
499 671 2
500 767 15
501 623 15
502 919 10
506 843 14
509 632 11
509 957 7
510 740 10
510 795 2
510 945 1
512 943 8
515 845 3
518 966 5
522 782 4
524 653 6
524 966 8
525 688 7
527 554 7
528 924 7
530 548 7
530 691 9
530 725 6
530 954 14
531 534 6
532 782 3
533 638 10
533 747 12
533 887 3
535 576 9
535 937 11
536 713 4
537 917 12
538 675 1
538 698 12
539 669 15
540 618 10
541 928 2
542 680 13
543 594 3
543 912 9
544 893 13
545 754 3
545 952 10
547 767 2
548 687 13
549 724 12
549 802 6
550 721 6
551 685 10
553 680 10
554 607 6
554 658 12
555 702 11
556 608 2
556 872 2
556 929 10
556 943 1
557 825 10
558 653 14
558 873 1
559 753 6
561 812 14
563 790 14
564 786 9
564 999 1
565 885 10
566 843 6
567 742 3
567 815 7
568 904 7
569 759 6
569 892 15
569 967 11
571 765 8
572 773 7
577 873 11
580 859 15
583 807 8
583 995 15
584 834 13
586 776 2
590 766 3
595 724 15
598 812 14
599 628 10
599 667 14
599 683 4
601 964 12
604 847 10
604 935 13
606 918 10
607 756 14
607 866 15
611 876 6
613 785 2
613 813 2
614 912 7
615 617 13
617 733 14
618 760 7
619 980 13
623 676 7
623 826 2
623 983 14
624 759 15
625 958 12
626 708 7
627 786 12
627 873 6
629 821 4
633 693 9
634 767 9
635 725 4
635 739 7
635 888 14
635 894 13
636 963 12
636 982 5
637 667 13
638 900 11
640 763 9
643 734 15
646 828 8
647 836 14
649 691 11
649 845 10
650 737 5
651 870 13
651 873 4
651 919 15
651 959 8
651 977 13
653 730 1
656 731 5
661 666 1
661 741 12
667 763 2
667 845 2
668 681 4
668 808 14
670 742 1
671 821 2
672 990 12
675 758 13
677 803 11
679 691 1
682 958 15
688 914 5
690 946 9
692 829 13
694 995 11
695 866 13
696 763 2
696 933 13
700 837 10
701 750 2
701 990 12
703 897 3
704 728 10
705 916 12
707 791 3
708 894 5
709 938 2
710 845 9
712 845 3
712 848 12
713 741 7
713 895 7
718 898 11
721 913 1
723 748 12
723 894 13
724 805 15
725 793 1
725 849 4
726 847 7
730 811 6
734 852 10
735 829 6
738 788 5
743 791 11
744 967 4
745 783 7
745 787 8
745 868 7
746 867 12
749 904 14
752 860 3
753 847 2
753 891 9
755 987 6
759 918 13
761 762 10
765 802 9
766 852 4
768 792 8
769 782 6
776 798 12
777 936 13
779 925 1
781 988 3
784 884 1
784 892 14
785 892 15
790 875 5
790 960 7
791 936 14
792 981 4
799 985 7
800 905 7
804 823 2
804 986 10
810 911 7
812 825 9
812 852 3
812 907 12
818 962 13
820 879 3
823 873 4
824 938 11
825 879 4
829 837 4
831 993 15
833 920 9
835 879 11
837 955 15
838 890 11
842 848 8
846 858 1
854 982 8
864 994 4
882 886 15
882 998 3
888 936 8
889 906 5
890 938 3
894 897 13
906 924 15
909 944 12
909 957 10
917 930 5
948 985 14
954 958 9
989 993 8
6
2 17 20 50 120 1000000
