100 253 1 8
66 6
75 95
83 54
3 73
31 83
7 82
71 48
38 50
4 37
32 11
60 90
2 8
97 8
29 3
39 34
86 17
94 29
7 11
86 9
72 50
68 65
50 75
97 91
11 55
46 65
55 92
42 40
33 12
25 13
73 93
86 60
84 37
25 8
96 90
13 67
2 43
29 4
90 96
9 58
55 91
94 25
93 40
25 32
64 18
9 38
41 71
0 28
9 34
45 57
25 96
89 14
42 88
87 79
9 4
94 68
4 3
30 5
50 62
99 60
10 49
62 7
5 41
72 26
29 94
20 14
97 22
3 21
51 47
53 73
9 86
29 70
31 33
51 3
4 95
69 16
84 40
28 55
4 62
68 77
21 46
22 38
3 37
65 39
81 87
46 99
94 13
97 62
55 16
95 40
70 89
70 34
25 65
25 89
86 95
6 74
19 98
93 12
48 25
57 44
54 48
7 39
39 23
61 76
38 20
91 32
46 20
73 8
16 91
60 46
42 84
8 0
82 65
29 25
9 56
21 28
25 3
37 40
33 21
90 33
78 64
97 21
94 22
25 42
8 20
44 89
38 89
36 95
25 73
59 61
27 93
80 85
4 25
49 73
4 38
11 0
22 42
58 86
94 21
24 2
27 95
1 63
26 60
92 40
56 20
14 56
15 66
36 87
96 33
43 38
58 53
79 81
8 55
26 52
47 25
86 8
65 53
90 56
82 13
89 73
98 15
53 8
31 25
37 42
23 27
25 17
29 71
3 40
97 4
3 50
2 31
51 17
9 14
20 56
71 1
58 75
40 42
4 53
85 72
29 38
73 53
82 73
76 10
25 88
43 51
3 12
92 16
88 40
77 45
94 57
44 77
23 95
9 47
38 25
96 53
17 23
50 89
52 35
63 19
97 89
18 59
38 22
92 69
89 28
70 68
21 99
64 38
4 14
61 89
65 40
99 75
22 56
56 11
48 80
81 79
74 24
25 7
86 3
4 50
29 8
21 82
38 3
94 89
37 88
89 79
50 27
25 99
44 78
43 47
97 1
25 50
73 87
67 62
41 36
34 13
58 98
12 17
79 87
49 30
94 70
95 36
62 65
47 43
68 94
94 47
36 93
35 77
75 79
75 60
68 88
89 53
96 12
78 25
4 88
