1000 4050 825 507
950 999
276 986
180 953
336 142
293 186
464 856
951 64
913 630
506 551
182 410
293 108
305 91
318 144
420 240
605 346
200 368
294 504
26 242
209 297
118 224
317 688
258 133
470 59
162 342
107 161
605 673
736 22
861 104
659 364
424 199
748 880
325 598
673 260
905 185
969 813
295 556
472 592
465 276
996 575
945 431
341 225
715 239
934 480
695 930
211 745
383 544
147 168
237 366
106 480
529 866
663 933
870 2
25 101
243 853
460 224
834 937
354 518
997 739
119 767
57 225
267 925
742 516
420 692
522 459
194 640
795 875
934 414
593 24
791 861
258 742
106 687
857 163
825 982
617 532
178 581
146 971
832 770
950 860
64 113
529 825
120 92
232 63
383 441
349 197
855 495
437 610
416 857
935 364
425 170
284 99
555 896
895 348
711 842
102 745
82 900
416 594
981 375
241 730
6 215
871 796
684 748
57 744
973 90
981 599
711 806
321 330
559 179
415 93
418 636
835 776
432 261
581 735
45 155
681 328
793 302
995 476
250 440
147 930
493 788
785 237
473 850
873 362
911 403
945 516
992 358
105 570
416 444
951 284
295 620
232 86
981 962
97 569
371 979
914 645
61 872
830 239
766 560
762 970
715 149
190 400
118 726
324 10
161 943
460 898
780 210
17 3
672 311
935 639
318 177
973 998
681 860
407 916
37 440
816 837
981 449
790 998
825 267
925 97
628 525
781 780
797 550
905 879
50 748
122 520
102 460
246 666
873 69
981 174
483 362
18 789
90 82
947 518
703 267
73 150
992 887
611 506
505 459
246 341
177 832
326 171
346 424
790 474
825 102
262 132
595 75
597 859
483 660
779 671
112 682
788 315
790 243
209 936
823 927
346 459
568 611
388 323
757 401
64 805
634 222
326 356
992 584
94 321
25 45
938 671
118 212
205 619
550 415
703 333
549 524
112 529
794 84
175 848
984 948
408 576
695 428
612 457
662 431
761 635
522 711
408 95
320 552
620 563
410 570
734 287
352 180
470 564
959 34
960 469
499 235
849 887
409 463
923 185
169 32
488 84
28 839
416 744
339 495
122 754
180 461
387 744
590 0
600 116
612 513
94 609
546 173
425 404
842 214
397 91
703 106
995 169
855 144
593 534
682 912
711 812
713 237
689 600
855 910
806 690
116 503
934 724
66 233
201 46
922 376
327 737
52 176
598 998
680 24
68 343
817 22
704 721
834 891
532 650
673 496
960 149
740 460
483 55
989 274
140 601
243 102
951 477
536 641
689 148
935 313
812 703
396 368
682 825
740 790
51 880
201 886
506 123
543 810
984 183
476 156
682 373
930 139
957 373
444 837
728 240
147 227
348 338
427 580
869 4
509 884
862 290
309 848
845 220
332 753
756 500
97 214
849 194
682 812
778 648
425 347
687 527
276 8
878 47
258 666
720 501
297 455
469 191
798 367
528 798
806 531
142 975
172 575
224 166
985 382
572 562
611 661
657 17
997 104
162 679
128 507
772 564
764 197
866 767
609 24
918 171
456 355
951 543
180 884
299 692
246 700
115 165
930 231
380 882
794 737
28 934
777 311
501 705
67 599
955 609
997 217
321 263
651 115
140 692
427 418
616 231
568 617
506 869
792 191
849 280
156 287
812 201
195 668
568 847
36 616
908 228
867 127
726 257
252 239
901 521
52 997
658 709
460 97
295 648
642 426
935 731
285 183
483 754
48 297
162 579
878 660
681 428
549 24
376 561
657 362
120 881
605 258
779 416
990 356
85 294
673 23
904 436
354 16
528 163
756 418
779 916
284 113
317 122
682 707
616 802
505 110
500 892
288 418
483 876
132 775
505 79
481 230
376 706
684 414
718 835
37 953
707 273
695 495
46 589
787 240
2 263
831 257
551 967
362 948
82 145
920 456
849 783
100 805
992 403
602 800
38 894
866 876
346 413
567 387
859 167
363 637
962 848
806 746
778 764
611 890
109 86
506 148
828 501
237 270
999 250
493 474
303 978
967 399
695 409
651 602
108 679
542 622
160 624
529 950
987 971
336 682
271 936
515 412
216 202
34 647
307 356
465 307
754 56
546 601
771 576
291 198
215 630
427 715
313 524
906 678
484 121
834 359
635 830
452 618
420 541
385 585
913 100
529 326
866 935
358 156
448 541
354 733
464 749
25 469
764 319
663 26
109 15
409 44
925 706
591 589
864 738
497 588
484 580
984 562
30 492
731 503
682 18
536 165
428 169
147 688
317 258
494 498
260 359
204 343
483 61
310 575
593 146
97 961
798 499
873 428
505 525
28 288
6 777
187 836
571 890
411 51
996 810
47 958
957 931
585 85
103 40
675 897
6 262
975 981
18 681
791 350
215 714
333 17
938 333
611 337
445 908
541 425
668 108
284 154
480 383
816 38
617 894
327 872
688 502
322 896
323 929
106 388
281 344
246 250
835 504
273 435
263 56
97 410
333 925
326 821
522 726
522 697
800 698
717 979
515 633
487 764
11 770
600 989
688 994
140 455
754 677
362 399
711 849
847 583
209 704
38 838
689 458
975 883
94 160
719 192
939 517
89 873
384 441
483 467
612 784
25 441
791 476
18 164
107 408
797 295
792 731
878 637
75 986
246 61
316 111
47 765
605 404
675 685
6 69
115 386
120 99
930 146
763 952
938 67
982 863
951 25
994 161
806 475
341 916
44 902
444 583
621 447
941 449
929 902
130 241
432 599
306 280
522 0
921 621
563 231
483 64
522 878
812 363
772 446
967 643
125 909
317 20
19 265
973 667
941 273
119 8
760 900
920 444
92 640
855 546
914 668
278 192
237 312
412 943
385 691
690 990
686 148
800 458
600 63
62 101
57 398
134 298
102 23
143 407
145 137
564 108
864 444
522 89
855 368
908 523
64 844
505 925
360 748
327 301
446 733
688 82
422 417
835 614
594 257
105 405
43 362
216 143
918 488
657 631
363 769
886 793
425 755
772 567
551 640
617 419
686 619
973 776
817 558
593 912
682 804
341 238
711 790
243 791
656 259
202 84
146 757
606 578
252 147
392 146
367 441
946 953
915 453
822 364
789 65
779 829
284 277
124 42
782 566
394 672
284 54
719 813
703 208
851 438
713 731
200 170
101 82
178 300
140 913
517 134
18 326
522 686
608 99
337 833
593 583
243 628
663 56
960 652
263 481
934 142
617 232
143 905
873 881
153 514
200 396
590 686
752 900
557 502
858 859
934 564
866 341
791 234
945 989
202 502
500 397
286 596
88 623
565 599
841 220
570 245
950 815
792 465
934 549
766 63
17 346
341 793
383 327
756 966
143 37
322 497
105 76
420 795
914 306
491 540
285 882
202 980
317 341
293 345
392 444
81 538
536 377
118 383
522 209
193 288
180 169
671 307
348 266
605 30
614 375
974 114
790 785
831 216
871 36
666 836
350 296
88 972
772 308
756 604
202 491
617 346
955 562
682 163
843 478
889 251
67 738
477 435
898 455
116 278
439 377
820 928
105 938
912 828
201 592
934 15
411 377
221 594
204 894
113 733
597 257
686 357
546 212
90 205
282 68
410 676
687 398
953 83
461 555
639 900
168 748
494 402
693 807
354 281
441 354
384 396
309 618
572 331
277 946
549 76
5 278
844 667
267 671
163 724
706 285
300 167
243 405
200 625
540 50
870 408
378 665
529 277
533 10
549 488
606 352
443 575
316 666
682 779
710 662
49 220
64 957
798 171
481 197
776 678
246 739
38 188
659 926
731 555
267 982
90 374
663 680
610 739
94 515
426 553
110 562
208 103
372 917
154 399
237 845
106 715
470 397
934 870
740 216
74 581
663 865
352 608
852 612
837 626
844 121
876 844
191 683
869 813
0 267
402 412
847 961
703 284
580 544
0 918
102 280
267 834
18 267
831 491
686 463
559 358
112 593
849 409
165 77
930 127
711 53
240 622
112 367
484 183
833 622
969 130
742 447
609 833
7 770
191 395
135 131
940 57
915 957
346 987
720 82
861 814
289 861
950 768
405 350
611 177
690 546
734 580
118 789
151 963
704 622
336 507
221 110
188 46
24 801
396 699
48 24
358 404
41 159
700 628
111 585
682 922
260 127
402 73
327 72
703 537
202 323
927 702
191 980
370 891
588 176
830 172
90 807
866 938
601 386
22 386
162 181
48 860
335 274
761 821
938 915
375 931
336 522
408 131
246 94
568 915
992 214
427 92
680 721
529 431
999 125
461 979
181 516
853 978
602 899
358 245
230 538
229 264
277 128
952 910
795 42
505 921
224 610
394 68
392 517
454 725
94 955
69 19
663 117
832 752
168 887
465 527
219 21
734 405
844 473
409 261
794 980
852 923
777 937
202 814
771 413
502 927
221 283
894 952
616 579
37 403
509 401
142 514
690 59
432 591
785 334
84 62
658 381
970 424
86 667
903 803
801 899
171 304
388 895
483 806
352 338
717 96
831 461
591 931
330 235
336 529
346 873
588 56
869 452
844 742
349 330
901 402
830 370
722 46
190 680
432 384
920 889
100 574
460 233
908 698
842 92
854 322
651 737
557 949
689 36
0 761
118 607
527 54
460 464
432 631
238 560
366 399
411 306
239 639
831 244
719 127
28 248
84 415
906 463
336 333
915 155
637 965
469 839
772 974
935 101
885 676
0 866
37 727
578 521
681 700
312 517
590 952
784 649
568 608
912 572
745 371
938 131
246 16
494 943
825 621
593 140
740 686
761 844
505 594
593 243
834 727
605 432
834 362
585 631
550 652
957 832
562 5
110 503
515 292
35 208
102 345
529 89
757 218
544 933
992 509
191 449
801 400
522 938
951 244
11 627
680 136
257 519
243 171
728 76
377 545
417 397
27 633
799 236
177 137
105 690
237 424
787 57
491 76
600 83
532 355
866 483
792 624
726 595
144 945
338 77
565 310
623 198
349 588
734 166
742 195
895 569
766 370
764 514
146 170
942 344
940 124
399 58
950 671
484 752
163 53
887 318
527 93
459 35
790 657
348 319
153 73
18 849
226 883
207 836
243 871
544 260
778 904
742 683
110 927
628 917
112 510
606 711
849 918
194 282
487 171
711 391
270 449
687 438
345 486
549 839
326 44
515 237
706 710
790 651
984 542
112 317
43 528
643 150
67 355
349 153
500 595
267 168
742 988
582 501
454 741
919 183
731 50
413 511
252 760
293 886
790 696
878 497
755 228
668 648
456 592
336 912
975 997
557 810
163 133
102 423
214 976
394 319
720 707
470 683
542 189
657 460
317 825
547 423
925 240
630 332
452 172
823 701
671 594
313 241
771 752
620 265
139 928
611 285
745 874
894 759
346 499
414 510
855 320
142 583
346 689
190 7
904 556
938 383
938 569
956 877
758 729
119 656
30 570
6 446
549 940
526 272
80 667
488 264
541 179
690 239
520 477
541 698
689 833
446 649
601 234
260 868
18 392
317 612
790 64
849 263
505 887
154 268
500 219
904 345
96 824
154 217
0 17
6 797
835 959
921 398
383 37
112 934
688 420
89 820
136 137
756 324
221 493
740 590
6 842
114 939
475 848
986 198
683 664
816 22
721 588
427 391
571 264
33 581
825 614
214 62
180 613
76 352
48 327
6 480
122 165
216 802
326 437
871 257
143 845
25 840
568 36
113 493
787 655
139 641
827 285
129 14
317 703
922 832
161 661
982 49
837 577
479 931
161 196
938 581
68 587
713 277
863 914
663 597
311 507
620 98
210 674
81 447
739 535
887 264
269 13
271 875
128 189
487 673
869 169
740 983
733 297
475 815
142 366
326 475
715 860
737 370
26 537
689 948
529 920
488 5
956 319
421 654
790 284
340 86
69 158
724 406
849 448
416 540
761 510
812 764
912 410
673 36
209 616
585 993
324 838
229 861
286 275
918 699
102 352
541 152
340 737
558 654
781 281
366 66
15 753
950 457
917 508
38 862
955 497
718 986
221 6
408 489
913 127
311 560
283 626
699 46
112 686
682 384
833 39
840 963
823 138
529 870
711 43
798 777
43 836
659 911
64 399
663 446
267 94
253 892
963 530
496 366
221 314
221 25
475 269
421 754
895 175
221 999
536 756
734 437
847 627
621 644
112 658
791 664
445 510
703 58
140 976
734 448
961 846
484 178
202 915
982 853
267 451
84 38
61 597
551 616
461 793
918 921
536 879
27 501
934 493
684 804
973 847
957 307
20 697
142 698
657 869
703 903
378 577
28 608
711 720
831 870
822 636
491 306
614 260
62 607
0 177
318 329
982 20
935 786
229 138
546 155
831 716
606 532
671 412
934 46
842 309
106 312
844 913
983 610
221 920
63 452
427 327
840 578
117 819
339 132
912 393
391 80
593 425
177 557
911 832
707 165
48 975
682 956
995 699
110 644
593 320
938 147
371 748
436 725
959 345
660 174
18 211
167 233
845 550
367 275
564 369
258 76
766 608
549 658
886 826
540 439
764 461
481 430
339 92
611 862
155 958
337 98
877 763
140 707
529 697
818 185
967 379
888 624
422 786
918 474
521 964
522 882
590 267
918 349
580 407
437 621
484 620
69 266
565 977
691 129
443 972
331 518
143 348
887 160
675 99
345 655
597 997
934 100
719 378
97 92
941 434
568 925
601 254
336 317
418 932
2 658
707 619
483 594
224 664
61 341
562 893
466 809
492 173
600 200
981 712
520 814
720 824
38 629
166 771
849 480
920 846
239 803
950 512
912 201
162 41
424 877
149 3
34 310
686 812
345 299
110 721
178 107
25 24
303 846
684 788
840 159
790 903
147 761
982 563
221 521
209 696
345 811
550 114
565 664
94 527
657 791
327 469
617 684
746 131
860 473
659 956
544 302
876 652
428 229
232 99
277 341
984 226
393 132
299 897
140 644
450 71
89 806
138 468
831 680
862 944
163 257
863 764
947 208
686 703
149 561
821 856
543 186
759 489
835 248
348 38
766 565
64 390
982 721
35 619
260 245
444 896
790 794
594 585
797 369
740 606
105 700
833 9
529 590
351 257
590 469
465 746
526 678
911 697
933 517
48 635
289 330
976 773
939 574
422 169
387 244
869 820
695 143
491 997
843 337
264 305
543 834
352 151
825 934
284 122
750 29
202 726
4 81
459 411
460 79
973 771
863 509
768 799
428 994
823 378
246 17
404 743
760 628
594 653
806 672
847 717
332 93
459 754
221 349
295 289
689 341
853 821
269 807
522 869
671 178
48 300
253 126
798 200
696 668
17 946
36 415
866 564
102 863
94 641
281 129
940 88
362 265
12 60
506 760
188 801
847 900
252 435
116 88
996 67
105 925
522 955
483 181
121 833
657 171
422 494
790 562
999 444
384 362
584 430
138 350
142 38
461 251
558 301
388 856
635 399
261 810
609 860
97 820
263 923
887 504
970 632
593 689
877 33
927 291
711 127
396 454
854 436
866 160
761 29
374 95
543 302
502 249
746 462
522 202
992 309
118 168
807 55
766 233
711 546
556 290
688 758
787 872
333 466
682 590
271 283
432 970
701 601
384 927
200 789
22 127
80 32
526 753
94 316
25 541
616 410
53 599
606 251
960 299
773 395
138 760
446 903
520 156
843 474
497 104
852 675
252 931
408 417
280 730
854 786
688 594
844 721
808 518
113 904
976 851
625 455
968 365
664 732
34 770
559 804
639 473
609 162
171 570
355 554
617 704
589 577
758 469
987 116
62 255
414 380
319 107
777 509
532 583
17 329
831 754
62 526
349 230
799 125
490 694
331 524
703 597
740 348
426 454
2 767
689 777
778 409
494 334
373 889
526 573
543 895
487 200
561 698
399 187
683 927
847 867
180 698
901 874
792 470
43 890
107 412
277 688
743 828
402 810
599 648
980 554
252 935
224 598
34 582
48 45
821 516
460 854
246 904
711 894
780 569
76 601
271 766
529 505
612 709
793 587
216 801
576 674
425 451
367 211
352 175
303 299
570 152
682 728
112 459
691 54
873 996
549 758
825 252
49 506
18 67
387 382
252 384
84 261
267 600
831 307
794 454
894 716
487 1
790 497
128 725
128 357
713 532
778 261
834 980
24 893
996 175
318 821
289 879
852 647
2 722
779 483
706 170
590 317
150 619
555 380
459 987
491 849
308 421
790 422
840 70
778 722
726 182
894 176
734 867
216 505
794 77
102 67
950 568
225 235
989 315
419 519
922 512
657 719
961 603
843 841
845 544
977 518
277 744
405 948
336 590
960 766
992 670
527 584
908 14
883 793
318 729
797 564
843 192
529 317
36 733
959 293
26 784
843 209
267 558
424 661
336 89
625 865
460 742
663 85
463 582
960 371
355 577
499 160
384 701
606 799
169 325
113 887
522 682
834 411
703 422
180 339
89 921
843 797
681 665
494 34
258 2
938 243
673 647
140 918
938 701
606 113
108 907
973 873
926 905
475 283
937 619
911 192
460 197
309 268
831 52
438 433
821 250
184 125
720 618
930 541
246 128
112 349
299 282
849 293
551 787
0 144
165 545
396 570
876 153
353 448
689 715
44 939
522 312
613 618
496 708
90 683
496 547
497 804
428 345
516 966
112 586
635 316
768 861
606 681
844 306
671 250
776 169
871 210
317 479
687 460
24 916
206 723
509 393
790 825
106 823
149 770
284 821
536 548
984 796
420 785
221 122
101 965
794 237
565 942
387 268
825 675
630 888
284 308
35 907
967 760
577 891
606 337
831 649
779 560
166 424
153 620
907 729
285 431
594 220
347 77
959 477
533 929
35 225
529 360
398 369
116 905
94 204
671 646
437 927
758 68
593 18
579 850
857 955
384 673
913 946
515 82
690 802
715 437
102 743
506 409
422 298
474 902
657 624
57 365
527 289
224 182
657 173
76 730
26 66
529 0
605 345
887 271
605 798
112 470
89 843
229 649
283 717
494 595
25 918
800 537
195 452
761 287
30 46
376 645
344 880
307 198
138 486
295 203
977 186
578 826
483 318
762 298
67 442
590 711
492 436
202 484
62 165
121 430
951 414
307 421
982 178
128 662
67 622
89 284
547 882
245 181
831 502
388 235
341 459
143 72
0 951
827 570
360 257
330 944
857 956
6 448
312 457
372 210
139 954
39 212
110 977
475 924
362 450
238 958
565 461
950 217
820 231
717 750
369 674
984 788
817 756
330 54
22 633
284 8
687 419
333 200
812 671
125 103
540 257
89 491
22 530
643 619
30 755
855 378
396 193
515 352
418 95
637 296
178 58
371 988
281 576
857 223
895 245
742 352
740 995
122 665
180 257
614 436
982 324
671 778
825 961
519 10
317 117
0 422
164 304
790 827
843 995
784 525
177 316
451 875
224 49
637 279
25 563
877 186
772 54
346 681
650 507
202 311
870 47
559 65
920 961
150 369
673 595
543 782
992 303
778 614
529 747
938 741
505 677
785 52
283 947
475 484
420 510
166 269
321 210
351 296
968 227
450 753
416 320
147 195
345 399
252 870
64 434
982 190
27 726
800 370
720 322
831 108
789 492
340 615
219 881
270 213
779 922
506 498
67 452
263 805
368 365
422 373
64 956
857 751
353 275
643 78
18 483
443 8
324 744
416 80
801 751
325 862
335 131
224 644
301 37
201 632
414 84
113 281
750 733
263 473
921 146
918 285
336 199
529 260
617 266
826 329
682 558
786 274
736 908
48 534
543 415
144 958
849 465
214 985
748 958
408 297
402 989
526 21
521 167
990 551
147 532
777 670
28 907
45 249
438 207
920 84
991 944
349 313
611 878
303 55
341 29
494 591
799 242
252 25
671 427
326 794
211 351
895 188
812 483
84 919
147 123
55 141
541 123
323 32
165 482
609 485
0 128
353 684
831 830
600 851
682 157
30 290
216 255
393 582
72 905
614 868
866 156
701 935
790 777
411 157
138 154
600 396
408 164
112 798
677 334
515 665
392 571
357 304
480 876
771 247
63 489
785 273
319 694
130 482
212 793
659 903
681 940
906 947
905 218
333 609
313 278
790 720
978 879
682 333
404 861
0 992
422 554
995 520
894 595
781 616
345 853
152 476
475 765
874 875
246 163
699 109
353 224
127 156
432 834
362 241
866 57
930 76
221 945
168 226
985 433
660 375
789 318
356 862
601 650
662 899
118 221
629 622
318 139
992 785
424 900
494 663
67 411
148 288
118 175
459 295
495 207
797 422
812 973
487 438
328 10
25 142
276 511
64 411
758 699
619 440
690 279
404 471
930 186
502 674
938 357
823 949
335 608
845 899
570 212
316 133
317 502
689 984
441 415
480 104
715 764
366 805
424 310
454 587
205 132
910 235
673 995
778 651
747 40
711 267
611 119
960 496
982 470
992 454
367 565
27 509
912 354
860 525
110 719
252 896
152 247
142 858
766 295
543 74
597 374
216 517
866 568
529 105
541 36
544 462
990 362
886 890
997 864
529 568
289 301
994 865
957 302
842 940
354 980
982 353
163 980
669 856
658 562
358 194
331 393
594 506
593 515
170 380
674 304
106 847
428 322
109 799
413 449
64 187
941 966
335 634
366 648
673 542
7 954
843 781
76 152
102 719
988 86
325 625
877 207
927 314
777 572
528 777
243 947
62 413
851 66
585 55
955 318
629 359
857 384
505 823
505 833
668 964
752 552
396 421
570 819
720 401
594 254
217 332
659 48
915 983
772 690
572 38
532 79
871 994
392 203
336 594
912 663
522 759
664 573
391 652
191 756
562 968
831 741
232 275
687 608
377 767
606 301
950 267
970 129
404 250
18 53
710 501
777 165
831 496
940 373
687 845
551 83
122 699
867 821
265 40
461 55
320 184
178 676
49 501
284 758
950 549
790 602
529 635
599 250
49 136
416 871
221 695
682 535
858 486
23 954
802 146
552 744
647 589
410 281
515 673
856 231
908 185
863 784
299 192
428 854
465 245
45 325
918 973
219 91
434 155
671 637
49 969
336 823
661 99
283 659
241 44
951 829
252 180
664 272
806 443
123 683
168 727
590 202
6 86
360 923
663 780
541 771
781 264
118 779
782 579
526 746
792 205
224 675
216 603
273 916
483 540
421 305
559 696
211 289
704 91
497 42
961 476
269 693
39 59
606 410
817 87
480 52
981 259
216 884
371 585
798 698
946 508
445 80
101 655
36 929
764 986
434 495
590 831
554 315
620 747
934 542
284 45
473 521
790 798
951 864
766 851
823 499
445 177
973 224
474 576
38 436
253 104
713 443
505 30
387 228
651 991
834 901
791 864
682 794
448 981
2 615
682 425
151 378
528 62
216 798
843 690
557 395
414 394
17 94
18 921
935 263
91 42
868 752
887 780
209 493
699 595
522 901
246 608
404 783
21 712
482 225
869 917
98 486
243 192
336 830
101 395
710 646
168 976
513 364
26 82
593 590
422 414
925 560
919 516
284 611
770 70
660 71
29 896
284 858
787 116
28 715
527 883
794 609
855 429
319 958
475 581
937 452
506 559
918 212
320 537
45 627
821 206
877 370
572 874
717 82
644 314
66 788
182 449
839 134
915 735
930 27
691 859
204 639
772 318
920 993
568 25
112 860
35 524
499 440
200 123
454 274
308 897
540 229
418 664
470 497
606 28
487 240
977 453
920 683
205 702
812 283
153 927
64 792
106 787
734 959
475 578
382 83
545 361
67 750
304 264
216 475
190 557
609 526
871 463
149 458
388 200
445 201
704 941
647 449
5 114
529 912
798 49
789 977
614 939
825 959
284 25
593 686
611 23
912 18
606 240
522 912
597 535
541 512
980 274
597 710
689 925
295 859
874 868
349 967
427 822
252 224
64 422
721 558
576 265
726 588
792 633
556 461
180 21
950 842
161 595
49 796
718 466
898 801
645 581
726 769
919 554
341 490
201 852
255 447
529 243
617 887
140 505
362 736
147 987
817 13
795 964
762 581
806 128
812 563
672 598
834 357
350 359
770 482
825 106
989 198
860 625
407 672
471 929
427 672
841 77
764 124
766 119
12 74
606 247
349 271
687 392
373 582
882 103
854 358
956 826
366 521
680 945
217 259
190 306
697 511
287 104
620 705
306 120
532 891
912 988
970 748
330 744
779 244
982 276
170 111
854 115
797 695
766 746
562 19
529 688
178 394
488 539
918 654
830 479
401 640
128 102
454 174
980 131
52 995
600 439
465 164
779 938
870 798
252 745
190 496
938 857
777 911
794 45
614 644
214 534
238 674
657 335
522 356
216 785
777 181
920 391
831 346
859 848
178 34
376 875
125 305
203 133
682 720
834 756
374 811
680 997
605 687
689 834
92 83
89 870
529 677
835 150
950 959
713 829
919 640
243 843
934 847
543 923
661 242
503 768
353 315
226 894
530 891
353 973
711 367
919 462
682 837
735 705
257 332
423 993
767 924
446 12
499 399
252 817
876 841
299 752
671 333
600 913
590 790
570 880
6 651
52 634
804 978
416 549
194 457
617 646
912 950
439 458
320 567
840 820
327 146
303 244
756 229
432 939
745 232
118 349
873 13
285 15
742 635
128 616
794 762
28 657
28 701
695 327
590 94
61 543
252 273
427 758
823 249
536 126
866 984
522 950
247 332
277 999
175 744
883 328
494 710
474 736
398 566
211 78
465 169
920 11
353 117
335 936
887 841
140 488
146 651
520 717
593 690
731 945
261 928
742 861
200 970
682 687
903 62
432 918
997 547
201 762
154 250
360 41
860 760
97 53
866 849
463 423
830 949
163 818
866 6
935 504
612 324
946 751
887 975
434 810
165 664
495 631
475 446
493 823
779 326
28 673
565 474
849 840
593 606
52 838
703 149
969 810
556 595
25 241
686 105
590 243
951 734
89 446
700 325
737 242
687 974
115 795
470 188
439 218
375 826
185 966
221 859
785 835
945 839
565 345
532 131
299 438
356 562
241 952
871 997
923 405
951 303
284 560
285 160
178 510
601 654
13 604
216 147
128 774
593 682
209 273
740 252
918 704
154 811
650 249
392 583
432 678
563 808
271 809
549 88
684 805
590 118
898 406
562 85
827 705
627 819
987 791
117 620
20 199
912 25
974 324
409 303
105 247
445 728
327 130
416 710
863 184
140 718
293 556
812 163
843 715
927 535
483 713
520 813
874 241
484 706
602 401
277 91
307 768
60 537
159 279
362 451
53 571
594 12
392 737
912 448
163 48
806 960
277 974
326 623
277 86
782 48
870 785
132 759
348 116
677 741
28 427
0 166
67 361
675 741
163 691
97 490
887 90
145 632
687 738
772 844
313 814
28 41
798 971
595 91
521 189
994 827
967 3
465 856
481 372
491 544
98 433
289 949
201 230
772 379
267 831
784 786
341 34
246 392
873 680
353 515
935 53
680 108
463 907
448 90
61 609
728 750
240 669
515 481
480 656
106 849
913 767
118 48
715 245
855 630
299 482
232 603
360 650
470 633
878 424
938 625
123 260
269 207
842 536
452 888
772 995
95 560
85 553
592 575
459 846
675 265
194 538
701 626
409 795
556 583
90 994
520 39
73 266
925 643
704 775
267 229
534 235
117 577
651 676
816 210
215 946
797 935
163 117
953 897
243 347
484 634
157 154
992 349
536 287
851 963
593 801
411 449
349 841
947 206
416 628
86 462
772 110
767 629
742 787
721 516
177 135
885 479
349 663
798 362
346 337
332 574
195 24
436 716
48 439
87 666
147 669
761 909
61 594
870 611
48 855
830 261
353 766
985 260
841 958
758 393
945 640
554 648
328 774
923 948
506 645
348 413
810 452
844 470
491 815
445 493
528 4
825 703
767 265
940 823
827 324
197 39
18 643
737 272
823 604
520 693
872 213
699 300
658 82
303 500
214 963
566 596
719 970
27 898
606 790
384 596
938 839
895 316
312 174
6 915
876 736
772 96
522 317
480 782
422 153
682 89
659 861
113 48
404 8
783 943
977 3
411 72
432 987
45 869
713 745
336 978
684 372
738 513
237 919
641 55
782 880
475 439
956 58
549 184
704 190
441 404
252 886
148 439
500 176
565 12
221 778
81 504
852 467
78 292
318 248
634 79
116 467
133 68
590 480
325 587
39 547
224 999
221 755
515 203
565 117
562 892
510 62
583 732
157 482
317 250
127 927
18 148
0 226
687 930
403 931
852 280
740 408
492 387
734 581
912 142
5 217
811 586
335 894
715 926
336 740
934 322
731 436
689 589
143 818
112 522
981 332
296 233
216 321
914 903
273 215
742 294
606 45
335 207
559 160
921 678
277 225
140 337
237 441
18 195
511 65
919 269
522 866
902 896
169 14
730 807
951 938
930 971
34 183
351 771
487 271
253 98
721 692
991 749
565 665
471 788
446 188
934 776
757 512
607 514
318 621
703 483
829 176
928 770
994 781
30 533
635 701
904 751
295 442
386 746
61 306
965 552
161 665
584 478
360 15
153 569
480 832
779 5
561 575
642 191
211 297
634 29
938 123
863 236
420 120
284 785
940 601
267 995
441 538
336 345
935 544
343 998
335 736
909 523
505 859
17 64
761 323
193 435
568 217
980 946
543 7
384 490
73 462
812 326
105 771
776 188
757 765
938 728
248 93
690 447
17 488
79 176
215 886
190 532
64 318
41 275
992 983
425 981
719 72
561 917
71 259
754 706
280 429
556 733
684 177
112 772
194 108
982 48
544 882
657 785
696 513
297 389
843 986
84 570
904 732
181 513
536 604
336 539
922 239
36 768
779 277
761 868
24 270
43 215
505 67
635 334
852 810
761 792
470 776
109 393
356 507
491 61
606 52
663 911
318 582
938 985
470 39
715 707
336 593
173 638
46 380
412 466
913 997
223 667
448 195
27 97
920 133
515 295
923 875
934 876
927 828
505 582
18 17
284 106
105 43
90 227
483 933
20 459
556 219
165 35
43 802
43 110
363 146
695 652
490 374
168 260
388 87
168 374
81 587
606 887
585 210
470 265
778 184
701 553
703 515
323 96
711 252
785 614
817 340
35 274
565 770
762 145
584 236
30 612
273 959
499 658
293 954
39 463
790 906
333 538
821 80
908 774
549 785
2 490
694 235
367 31
64 200
243 73
336 321
220 788
105 487
593 135
238 292
778 750
123 967
301 743
17 940
613 679
488 383
6 562
855 297
324 157
168 724
446 818
95 485
281 567
475 384
820 638
283 899
866 947
699 694
72 186
418 501
123 289
849 445
691 900
719 306
6 689
460 210
636 235
124 828
919 738
934 851
139 533
739 759
841 928
829 75
806 526
396 188
487 385
597 185
176 167
456 419
64 734
541 875
243 550
495 463
842 249
876 388
846 838
873 642
181 618
491 122
352 527
971 74
200 766
703 534
695 499
940 316
246 362
289 931
781 286
163 771
94 758
409 719
992 288
816 413
45 180
772 930
285 98
914 582
703 423
200 414
488 905
612 328
523 944
45 896
358 942
396 980
610 768
488 737
506 179
4 586
118 321
243 588
102 168
43 618
938 288
189 60
711 288
388 459
129 192
221 396
838 82
982 425
282 438
18 432
515 119
117 15
703 352
420 842
491 834
182 292
834 745
578 641
105 992
43 379
120 66
728 30
606 86
606 686
268 573
647 71
858 548
142 306
600 79
714 566
984 975
202 675
177 710
515 532
71 236
415 625
500 735
317 460
611 82
593 887
617 506
713 783
520 107
326 902
960 725
445 695
918 844
483 992
421 379
600 31
102 921
695 858
568 519
411 16
886 647
940 289
617 17
473 492
112 147
246 984
854 212
441 914
590 113
297 638
438 625
120 730
90 123
480 746
522 388
807 939
234 814
817 484
303 628
2 628
362 226
90 834
982 432
758 411
195 446
961 167
985 404
200 154
309 251
379 247
601 205
6 725
25 681
951 481
905 111
28 927
792 407
806 718
123 400
428 823
728 272
409 390
715 722
968 909
0 326
306 87
118 739
961 946
597 557
670 613
316 757
802 738
684 180
30 959
790 445
221 67
682 866
547 939
597 253
331 668
971 820
416 548
810 523
243 724
17 851
976 188
428 545
181 554
105 605
713 659
772 875
843 437
277 288
919 583
420 415
491 180
886 683
634 450
190 261
873 176
550 881
34 285
306 244
704 616
990 36
252 589
930 555
439 968
689 855
849 460
81 809
321 46
139 739
849 830
459 573
263 95
30 11
728 256
842 299
421 453
483 565
550 162
639 513
950 354
0 686
761 345
100 37
417 962
334 881
38 58
873 332
740 734
745 29
499 630
983 442
778 237
520 244
990 335
460 940
30 546
480 985
76 722
243 333
202 602
925 833
310 674
142 927
271 339
112 841
133 683
568 216
684 512
239 462
938 940
320 783
522 685
140 182
109 325
657 147
354 959
980 737
925 236
353 952
785 20
549 427
374 290
26 830
534 478
333 770
719 661
221 724
970 206
112 951
829 809
73 972
56 924
187 447
994 706
930 855
568 934
789 850
921 170
105 246
734 36
925 268
67 499
695 320
703 437
527 691
671 84
94 987
606 687
484 295
605 4
843 51
128 386
631 508
834 269
719 453
565 965
481 986
497 156
0 106
790 689
914 883
20 456
445 373
237 795
806 734
772 559
420 223
409 908
696 103
20 685
960 360
175 880
996 488
529 284
957 2
512 80
778 863
437 898
378 254
593 428
110 766
505 306
639 137
396 776
335 584
761 325
812 432
483 663
84 691
556 598
779 53
336 913
798 381
496 51
671 574
113 931
742 872
834 611
271 488
733 111
682 660
584 167
715 133
326 49
938 657
972 126
242 676
446 79
112 74
619 198
202 629
854 692
745 769
812 984
609 311
424 115
955 922
496 401
590 690
437 410
935 958
984 885
628 390
342 723
92 223
831 992
209 495
209 994
991 530
265 479
797 970
230 125
890 156
703 25
260 610
985 197
94 869
901 816
140 133
719 927
112 912
6 188
0 432
689 153
531 406
357 397
717 68
35 516
321 858
984 472
593 105
371 213
616 334
326 673
340 75
876 157
30 540
428 303
522 606
641 943
110 41
158 10
61 224
6 987
529 31
829 441
346 283
912 777
992 480
740 912
47 524
934 190
906 991
374 344
658 661
568 190
936 656
252 734
140 851
761 798
283 811
823 774
873 110
911 578
984 406
318 741
89 702
915 136
182 434
942 40
394 366
996 215
920 536
590 494
918 172
416 976
90 334
337 366
182 342
908 624
384 941
494 639
7 165
465 134
19 347
428 324
265 103
663 914
847 534
434 968
994 916
999 824
112 740
204 737
812 663
998 815
411 37
86 440
340 253
487 630
148 969
110 384
715 638
951 742
470 177
505 919
145 198
422 161
0 984
742 307
718 751
734 755
469 837
284 144
606 912
785 452
689 693
301 275
677 893
162 449
209 388
781 241
690 653
229 773
190 498
147 983
422 560
368 820
590 779
494 920
959 636
12 29
852 588
209 769
326 850
812 951
384 16
687 969
194 848
497 571
549 614
260 240
276 187
987 829
350 189
475 7
352 197
276 963
500 810
825 657
955 696
852 130
339 331
280 29
101 241
922 387
609 84
593 657
539 58
475 710
427 567
790 973
346 391
28 238
457 716
331 832
168 696
994 437
487 611
691 763
87 235
345 890
687 566
416 480
742 380
996 941
605 505
734 614
870 455
215 708
654 752
956 249
740 248
812 701
388 34
113 271
469 511
680 303
246 558
804 278
742 343
139 282
976 242
17 422
469 376
144 261
583 692
938 53
922 557
711 240
822 235
140 416
866 785
977 631
688 627
123 670
930 321
740 299
873 173
79 269
740 936
94 418
51 380
128 644
847 839
43 381
384 296
249 244
686 779
912 168
191 974
76 195
344 932
762 754
422 395
147 684
792 153
317 659
522 18
847 987
7 863
561 501
475 353
280 370
208 880
202 162
72 862
543 599
990 465
597 295
483 734
140 908
321 502
948 382
701 398
140 420
590 106
831 318
849 211
113 855
45 945
825 52
898 33
651 120
191 11
754 47
689 316
128 76
680 122
886 626
711 480
999 828
267 69
772 288
252 335
52 579
243 476
26 385
912 64
105 532
168 271
851 232
635 236
441 149
499 395
422 53
797 854
817 523
130 655
94 391
140 243
550 730
623 457
568 140
603 60
441 544
590 851
316 12
407 419
267 293
160 836
721 908
951 605
713 64
607 770
250 228
864 364
870 678
871 183
830 571
119 309
625 932
720 428
831 322
199 457
37 31
17 876
834 261
529 752
522 934
110 628
985 661
570 573
384 956
416 36
306 827
831 445
257 932
612 138
146 827
449 247
178 929
611 638
110 473
648 210
