1000 3050 52 672
153 932
845 237
753 887
159 910
582 10
581 505
548 76
200 417
699 442
74 148
884 11
562 265
114 17
602 758
628 230
82 215
281 867
90 891
729 747
233 846
259 44
251 85
270 700
323 358
948 191
75 352
926 130
581 139
613 999
52 138
843 649
120 771
219 321
147 816
84 334
233 187
606 103
837 966
745 501
833 526
641 640
200 318
119 804
156 243
819 985
120 4
867 37
470 642
928 512
620 788
948 55
353 587
43 774
768 963
127 700
820 537
848 318
73 445
169 865
484 711
975 416
884 790
930 288
190 648
19 680
497 66
129 938
53 558
308 135
165 784
519 346
129 296
126 202
913 448
412 971
634 406
656 941
444 754
518 357
834 420
142 783
952 86
22 642
987 552
987 717
111 693
969 98
87 684
715 222
981 493
488 255
794 63
797 313
181 564
671 644
174 907
606 100
963 946
744 294
846 862
9 678
588 324
717 11
60 575
430 658
173 546
462 359
209 880
376 358
6 191
822 830
387 457
71 305
548 931
18 915
797 452
74 906
924 166
743 917
748 353
672 383
204 53
768 452
228 651
750 16
851 266
519 567
799 686
105 539
976 368
86 950
353 510
223 727
454 640
18 451
409 365
370 857
540 657
296 310
332 860
638 177
286 501
915 53
85 81
895 972
222 95
308 901
843 710
571 68
198 306
76 106
708 94
152 881
585 261
328 961
601 664
220 743
594 218
198 152
492 70
75 942
46 44
656 132
749 315
101 899
686 35
667 527
86 224
650 62
595 471
382 682
69 25
201 992
808 654
952 923
60 592
318 10
522 179
638 313
902 15
581 106
638 145
603 212
7 607
122 192
10 706
476 346
888 479
212 33
106 482
893 50
393 770
352 67
466 94
348 939
251 173
505 812
67 567
649 415
571 492
683 19
456 894
1 582
76 650
142 816
628 855
140 602
485 543
894 148
400 61
603 845
741 242
84 422
814 508
628 798
998 520
597 430
222 492
360 164
716 187
120 727
328 49
723 623
333 320
251 484
623 94
717 110
128 10
486 214
397 449
550 858
249 845
757 858
80 2
806 448
546 853
623 3
719 600
940 126
952 692
52 755
473 224
789 42
244 875
2 61
187 973
142 834
307 685
30 613
200 27
198 399
749 690
17 11
893 904
860 785
600 43
790 55
1 726
987 701
286 84
84 998
761 699
243 433
312 337
923 496
228 663
578 544
491 881
649 746
569 968
326 318
187 563
592 443
536 19
45 389
630 664
791 973
84 133
901 962
930 279
251 441
165 672
205 974
182 821
19 177
100 538
286 143
671 169
709 119
548 46
357 828
143 165
930 764
115 57
975 10
140 851
469 773
592 30
399 602
698 455
722 824
97 278
19 312
591 393
153 356
328 838
621 137
620 571
332 786
470 770
933 503
284 400
741 156
864 624
786 657
246 383
405 843
259 505
930 509
617 561
913 82
382 998
159 750
399 865
143 102
6 893
723 684
508 636
703 777
94 976
680 147
659 432
906 243
301 179
826 774
741 319
465 459
676 613
272 807
765 695
175 614
28 839
900 587
150 984
269 486
923 77
102 462
590 818
393 964
992 842
520 675
52 686
703 109
281 999
180 860
196 292
153 218
995 475
708 662
168 213
496 324
186 356
895 137
980 346
328 787
529 141
994 333
882 914
24 499
225 614
180 182
392 273
15 425
874 616
536 213
580 210
385 848
336 684
971 559
414 238
723 378
615 676
260 759
797 363
766 769
526 404
146 91
848 931
32 204
571 176
133 971
652 881
462 980
201 195
54 714
260 332
194 232
859 372
714 762
146 458
910 241
570 980
362 832
659 235
228 991
626 50
409 398
474 339
395 104
308 367
386 808
656 642
954 501
470 850
600 315
25 631
27 157
882 515
995 686
289 970
465 669
904 469
67 727
52 405
910 6
807 710
843 386
375 398
191 223
200 665
797 156
795 328
548 665
797 495
148 639
28 529
140 457
149 827
930 14
52 491
317 102
191 438
528 434
830 995
748 779
923 36
722 792
953 230
722 554
18 799
470 246
548 883
6 412
651 282
620 81
467 67
323 325
947 958
910 626
103 401
777 295
714 345
797 444
182 88
412 947
473 515
308 845
387 328
301 369
548 637
17 942
364 529
830 62
784 108
830 845
941 964
122 612
244 702
518 474
867 740
400 598
748 560
38 953
322 359
781 768
610 183
938 524
491 1
129 502
412 156
552 877
986 503
820 91
393 914
187 63
22 466
947 144
473 625
10 349
410 123
621 988
140 754
851 471
318 545
628 27
8 254
233 724
768 291
851 376
368 398
375 272
893 34
523 254
951 845
145 74
301 590
344 459
915 819
182 860
752 578
138 572
165 487
915 850
387 157
182 270
464 225
18 223
22 765
71 945
1 54
118 613
114 895
222 326
768 343
182 401
652 735
319 346
987 723
618 211
848 525
820 836
621 942
675 924
748 926
349 243
617 699
800 118
118 193
140 522
384 71
333 472
290 768
781 705
830 264
462 175
520 993
485 448
488 83
703 982
499 688
90 289
750 807
845 792
18 258
656 580
65 667
679 23
912 694
226 378
764 429
650 353
663 874
748 435
400 283
635 30
301 173
15 605
64 104
127 589
476 618
94 800
19 872
269 927
712 565
317 14
844 718
170 327
41 168
59 373
966 193
272 649
468 131
46 309
102 555
765 646
87 556
14 77
674 74
344 549
597 652
951 276
336 663
683 165
896 453
930 133
786 265
331 334
266 866
474 919
661 371
656 84
379 402
175 153
305 456
380 913
380 466
545 365
0 21
414 857
928 677
822 608
846 841
807 749
494 235
422 404
45 987
69 819
452 122
651 30
633 241
448 835
330 171
60 744
284 600
904 552
379 312
717 727
987 373
132 519
180 195
385 11
385 511
845 596
828 163
382 725
514 126
856 929
911 176
17 362
795 691
362 178
155 560
824 271
957 512
180 859
902 8
52 289
526 646
820 509
145 197
927 547
441 645
753 747
233 179
499 442
953 166
226 233
948 64
941 157
892 190
979 916
623 597
672 871
378 995
644 43
22 549
464 8
884 708
405 502
92 275
40 101
76 575
604 288
665 105
290 214
186 34
38 117
940 478
250 213
897 217
74 870
623 380
665 14
74 232
980 36
536 836
984 473
181 570
723 575
705 975
129 973
405 203
465 770
541 113
702 433
623 169
539 917
944 489
501 372
894 427
683 251
65 672
889 779
342 932
993 139
448 862
717 422
102 933
601 236
531 225
519 424
770 306
160 91
0 457
679 709
513 482
466 724
234 267
722 672
127 13
190 588
346 312
548 159
806 229
80 466
210 326
548 7
155 863
715 201
143 862
671 569
210 874
214 493
150 494
40 30
726 166
155 323
605 343
387 623
1 676
943 854
947 905
756 872
384 338
222 704
418 540
871 335
568 123
204 355
755 869
173 441
549 720
642 44
114 286
251 805
844 329
271 908
269 684
618 207
408 877
77 267
362 605
810 49
439 645
566 62
75 795
396 381
684 807
484 608
710 903
45 344
447 900
923 440
548 351
702 58
795 6
940 401
137 395
105 525
361 895
641 103
573 741
207 775
94 30
960 413
67 916
100 917
930 228
553 243
260 156
848 19
548 497
987 683
380 970
491 536
666 865
343 640
683 821
420 355
540 185
689 89
491 941
615 88
206 577
910 837
990 299
185 538
830 389
153 925
313 131
90 0
127 447
352 132
623 621
165 38
894 416
980 212
545 896
65 116
547 154
909 613
370 550
249 28
90 519
921 571
389 444
102 704
194 532
809 897
465 285
545 749
10 640
511 213
277 48
692 192
90 17
126 339
717 165
845 693
387 879
791 852
590 62
340 414
675 749
511 191
384 994
244 851
777 8
185 894
589 871
913 388
723 708
896 438
884 578
201 78
301 865
752 629
369 473
14 768
418 663
68 340
934 890
545 121
682 867
549 322
991 144
358 407
234 892
467 134
228 168
836 718
361 931
781 889
599 817
781 672
316 96
129 41
268 327
97 655
621 597
497 788
683 714
207 643
287 934
27 877
484 379
462 862
715 165
638 848
287 374
421 383
365 935
410 392
191 644
378 11
436 900
817 971
193 500
569 518
642 316
910 106
754 640
665 815
632 419
809 308
590 2
981 461
972 130
222 422
317 375
340 753
409 263
299 803
987 776
742 397
610 524
179 521
223 391
837 826
835 292
759 917
27 827
1 400
708 644
752 150
678 348
90 382
939 681
947 826
784 873
940 502
601 568
663 169
473 63
656 455
608 558
613 747
411 34
132 256
462 774
876 851
548 245
651 225
577 593
121 235
341 885
604 96
127 161
83 978
395 610
1 465
569 837
343 824
90 216
951 366
459 460
106 817
671 541
385 945
708 932
1 581
122 857
60 397
995 691
920 668
687 999
651 905
301 549
831 843
591 129
706 950
930 200
42 559
895 814
659 949
797 389
78 115
402 887
951 911
723 199
822 412
380 9
698 933
233 125
586 164
245 403
214 236
597 97
75 371
234 499
603 551
179 783
837 203
1 105
45 52
361 418
611 403
484 867
486 356
831 305
159 386
966 355
565 108
993 952
914 776
104 759
765 472
553 105
160 521
40 823
390 813
54 571
59 888
380 82
259 875
671 328
229 924
384 73
28 500
341 721
761 454
948 179
848 556
281 488
251 798
610 513
755 603
275 402
136 637
930 286
969 0
180 580
947 422
365 968
833 474
174 256
656 87
180 286
600 170
715 687
198 462
329 747
795 382
980 688
743 854
130 946
897 949
114 128
895 492
770 766
399 219
877 762
279 376
145 400
316 283
417 305
835 170
378 969
87 23
524 443
851 666
680 666
318 976
308 722
65 426
175 576
980 487
726 935
220 263
200 831
65 766
22 159
748 262
766 894
385 880
369 852
628 902
110 667
152 768
337 215
226 777
375 688
462 55
700 138
968 164
387 723
750 621
938 620
440 803
389 832
269 947
164 88
797 703
889 667
982 477
966 249
146 194
385 829
45 844
573 680
18 656
534 728
423 861
718 883
951 244
801 991
683 287
787 919
182 671
269 875
111 785
45 149
1 957
674 276
897 964
833 15
417 727
319 976
548 222
387 194
898 681
608 281
67 977
180 717
641 885
556 973
715 52
989 732
682 584
27 926
919 538
1 781
672 939
671 638
947 139
787 799
44 401
194 630
245 204
545 364
642 942
200 188
113 307
860 218
951 266
809 441
114 723
822 38
233 321
436 532
958 639
682 977
591 384
903 266
75 198
231 946
926 509
809 241
128 512
835 863
378 62
639 517
597 476
340 512
195 414
562 730
400 59
84 904
52 417
66 421
532 324
76 342
86 351
831 671
301 2
992 662
84 128
313 175
284 706
658 812
363 360
852 347
172 303
947 179
837 119
38 764
345 118
181 382
831 910
895 121
111 293
485 540
665 556
602 609
385 620
979 761
964 507
837 707
837 429
189 51
180 552
46 102
781 345
168 973
393 105
361 173
229 627
291 886
359 445
830 804
395 840
987 519
606 543
750 574
708 395
902 606
344 671
232 854
313 606
207 413
357 20
390 74
138 666
604 282
930 623
545 92
719 259
287 461
757 241
465 2
945 574
608 105
715 795
556 497
933 507
592 55
830 748
582 420
317 106
480 579
51 740
332 261
799 101
540 749
659 522
507 89
577 172
623 60
366 162
75 548
38 295
341 972
270 214
679 963
417 739
311 381
308 376
80 522
705 711
715 939
936 864
679 313
621 684
675 20
106 431
896 873
317 807
229 167
47 467
777 870
733 751
45 576
668 111
968 282
165 495
790 643
511 948
138 992
696 871
580 610
848 311
966 227
371 437
786 175
657 174
618 648
717 272
853 877
753 274
893 37
417 647
864 812
249 121
421 909
691 367
0 225
238 489
476 510
32 179
985 530
279 458
750 964
691 48
781 739
682 233
737 973
650 531
9 248
136 483
180 904
707 607
606 8
395 956
913 484
511 65
650 435
580 705
807 229
707 152
840 445
644 876
782 490
12 900
64 915
629 857
45 484
952 937
379 161
570 674
686 116
64 636
963 141
902 844
975 768
890 551
673 598
545 360
992 26
24 739
140 663
0 738
462 709
487 360
683 322
988 924
582 430
223 697
769 325
405 546
258 920
428 471
529 685
124 967
437 586
987 286
856 338
801 856
733 664
936 273
321 796
851 391
233 507
987 835
669 692
484 707
173 953
45 417
748 799
244 953
316 973
485 150
4 306
75 834
238 677
194 68
60 923
765 245
876 123
806 7
828 985
279 517
831 628
201 244
831 390
591 550
43 880
450 324
527 812
873 563
898 718
64 496
22 350
686 527
194 362
686 368
380 272
132 606
830 140
746 367
47 226
940 58
873 808
987 504
378 235
888 227
810 293
684 749
621 490
352 260
679 657
759 39
478 115
259 237
748 745
104 514
674 277
156 602
353 456
332 400
361 121
24 779
588 990
374 731
262 307
755 15
370 758
597 806
495 455
1 274
391 338
485 93
80 378
60 898
878 293
750 254
181 64
988 332
92 861
90 353
417 205
10 217
629 411
795 820
638 922
156 918
579 13
635 937
361 652
12 354
629 852
52 683
210 46
862 348
54 707
69 348
644 124
910 258
150 42
508 193
644 762
140 787
11 952
577 752
899 630
687 384
656 994
87 135
618 379
642 447
201 111
979 938
776 411
352 958
318 456
222 288
301 126
264 909
535 446
536 356
129 813
296 743
776 256
748 529
17 671
191 400
684 44
665 44
830 378
813 762
65 394
626 792
173 68
114 947
124 304
380 951
266 685
18 146
656 159
993 618
979 284
38 537
4 390
805 10
340 888
9 977
370 740
196 890
781 600
634 989
651 409
591 134
10 688
722 392
620 691
486 288
953 57
26 660
814 122
948 283
326 221
665 683
387 748
269 80
354 512
679 5
739 95
268 864
723 306
182 90
326 683
672 86
18 382
225 304
385 730
617 461
47 605
371 939
332 395
712 836
235 224
680 309
672 618
765 566
707 421
68 268
361 940
207 925
364 391
270 651
755 928
0 950
704 800
519 731
214 840
565 812
66 216
476 921
499 302
591 46
249 359
133 458
466 135
551 243
189 770
795 114
656 628
519 264
495 943
522 337
328 462
201 64
650 745
390 421
494 498
15 160
931 284
833 972
17 936
311 221
476 611
134 632
806 965
6 248
106 469
665 142
700 120
650 42
671 687
228 891
399 576
283 164
328 835
687 120
233 509
707 86
628 578
246 990
473 507
807 119
915 334
336 142
548 181
930 678
612 631
557 830
534 553
302 880
822 138
143 835
75 180
234 564
628 641
615 571
496 746
798 871
354 879
390 981
405 540
206 678
180 114
372 192
514 740
102 650
868 780
135 224
189 567
395 249
217 232
111 510
897 101
845 760
801 929
656 836
228 865
422 802
486 880
451 471
7 993
859 755
198 559
585 673
364 622
310 221
878 812
567 575
306 443
200 556
222 617
484 704
189 974
741 311
948 510
820 771
126 956
159 561
45 792
180 222
103 961
134 78
601 555
671 326
412 954
546 928
715 182
868 197
845 598
371 287
553 768
281 221
7 588
152 879
140 21
852 918
206 574
140 381
228 38
511 709
547 825
571 242
549 748
94 120
346 589
603 747
102 97
64 935
64 322
755 682
272 782
822 948
271 506
156 319
615 566
483 543
894 583
649 849
145 745
902 164
958 152
182 181
913 7
910 737
569 142
23 456
229 320
799 518
450 674
239 758
87 422
14 707
1 754
124 981
38 253
617 68
626 720
45 330
895 745
535 874
638 137
420 960
972 39
476 946
895 399
638 948
966 577
225 55
700 271
790 900
495 891
284 604
317 383
135 480
755 337
800 111
164 130
994 588
44 625
723 269
51 29
682 891
880 808
621 487
301 46
913 54
573 620
100 141
208 257
564 390
534 879
363 728
270 947
707 477
957 645
385 369
107 347
564 560
231 753
755 970
431 736
536 273
833 734
142 342
628 810
346 123
272 480
469 381
976 587
247 402
99 172
987 283
859 434
173 601
214 724
671 22
40 850
547 699
629 793
938 765
544 58
848 781
889 917
331 496
621 848
180 22
160 158
846 752
723 485
348 882
979 297
17 336
549 788
884 399
341 978
301 152
707 244
727 213
111 415
291 257
904 377
910 902
591 703
704 873
216 449
995 534
313 231
240 421
547 144
432 372
84 641
697 403
447 101
615 478
573 543
465 281
568 113
6 438
209 451
798 492
805 285
385 962
476 445
165 213
375 534
45 483
822 626
222 833
313 625
719 583
853 303
352 259
942 624
831 900
534 724
233 982
821 982
714 364
272 952
445 125
781 628
772 166
723 497
260 389
567 508
708 675
765 322
757 423
84 597
671 597
703 565
650 689
582 0
943 782
19 281
60 652
393 474
736 490
497 244
306 407
456 624
377 901
259 152
90 146
993 348
255 559
537 950
90 980
644 420
194 642
902 925
361 305
531 969
717 735
495 571
198 378
140 67
90 491
632 849
782 730
831 809
228 331
173 568
412 518
114 326
457 824
977 110
132 886
336 486
124 712
170 365
15 219
12 280
580 74
569 959
484 238
985 735
336 260
535 721
146 589
619 482
700 807
851 855
493 886
957 250
446 972
90 48
200 253
353 888
84 573
628 145
499 542
114 45
24 647
846 459
746 34
80 834
90 549
901 50
702 299
837 684
779 527
884 811
47 323
17 833
169 742
14 99
958 733
203 158
400 338
181 143
511 868
378 362
418 23
765 161
821 705
831 14
194 206
418 83
380 417
226 570
591 226
992 264
248 790
564 767
903 639
258 202
459 509
707 131
76 428
846 72
678 627
432 356
516 906
18 17
6 375
380 193
124 508
601 860
900 474
251 395
859 422
72 111
16 689
741 136
674 713
546 56
786 769
987 979
470 806
217 442
270 132
873 474
790 905
872 208
269 139
671 69
824 978
605 934
686 769
336 286
845 292
391 125
800 355
67 731
679 953
741 155
741 760
246 879
42 285
146 830
665 162
750 736
723 470
878 868
656 665
133 737
681 237
1 360
992 839
206 476
114 921
809 990
436 299
569 722
603 909
14 349
892 637
322 529
834 643
87 603
71 30
930 580
200 523
65 547
299 973
860 673
135 410
656 265
482 334
226 926
788 345
228 584
723 467
182 16
189 183
75 820
709 99
742 595
10 878
723 599
316 402
937 369
921 972
930 980
884 359
750 913
17 591
400 712
405 258
829 654
390 879
502 956
521 261
360 941
2 199
719 33
805 673
716 268
418 590
784 858
60 601
387 159
196 668
860 467
795 809
703 234
592 209
17 470
525 737
628 506
258 461
160 727
435 867
328 843
461 563
555 48
77 817
191 40
566 307
462 763
904 209
384 633
47 137
386 445
683 748
756 236
11 379
219 463
50 531
188 672
159 961
343 645
470 932
64 721
389 177
54 277
145 594
942 853
188 778
267 274
269 483
597 675
120 757
200 68
802 457
44 890
843 431
146 615
717 894
475 280
698 769
830 603
930 320
418 311
644 860
380 955
192 109
809 385
290 390
809 306
665 198
715 306
45 907
272 66
837 952
94 758
657 575
875 227
897 43
822 264
770 61
129 948
684 786
249 900
432 732
556 473
380 451
101 552
62 894
760 773
3 977
626 406
52 210
934 699
89 935
966 590
427 415
127 884
182 422
766 872
436 734
266 965
930 992
97 472
87 169
64 983
578 876
318 247
987 336
798 934
438 594
357 844
664 144
750 173
684 330
352 251
647 662
784 960
84 385
864 299
336 622
860 234
484 675
244 403
679 931
375 56
152 330
204 354
742 57
378 150
832 873
386 212
715 366
143 559
540 730
375 694
522 769
146 798
191 547
497 33
990 471
998 220
717 868
246 474
357 221
385 538
727 996
222 301
65 391
64 362
671 700
114 18
97 393
409 367
895 40
697 57
568 439
683 318
994 599
984 88
441 770
665 251
958 201
930 181
193 113
389 51
843 845
431 763
181 213
843 675
671 364
595 252
181 385
485 788
102 892
979 189
30 257
412 422
484 283
362 592
194 553
312 535
182 124
337 696
209 616
344 844
895 675
708 343
704 826
644 104
668 772
975 341
264 908
140 716
703 137
804 208
417 44
408 347
805 208
679 451
491 520
14 436
318 564
501 277
930 222
641 404
943 196
68 967
787 530
210 591
417 903
422 860
216 636
966 472
229 783
146 569
10 721
522 817
308 514
64 658
1 546
795 308
308 790
179 57
513 479
977 92
910 175
387 222
636 575
468 297
24 645
221 906
536 202
889 861
652 331
52 981
382 328
804 59
64 59
508 619
313 675
436 425
251 669
899 817
103 792
591 748
814 986
802 718
25 713
715 332
465 113
146 536
160 937
143 868
980 10
635 595
638 641
340 100
384 107
380 598
557 786
715 228
549 700
361 168
124 88
65 95
984 167
641 845
991 8
548 389
344 32
30 775
143 727
90 548
308 60
548 275
336 361
837 369
54 800
659 530
728 73
290 265
998 64
116 283
182 791
678 95
895 698
667 959
797 578
27 249
917 849
499 252
841 885
981 963
977 170
296 174
239 185
317 594
318 348
40 876
926 880
795 206
198 615
308 979
180 45
675 533
929 314
939 79
152 374
137 100
672 789
416 829
318 798
143 874
159 328
833 789
248 716
623 244
735 773
382 801
913 687
114 90
216 488
68 579
520 868
721 685
843 689
831 269
286 893
604 706
674 635
187 502
542 778
556 703
182 688
730 528
7 306
704 672
361 87
921 227
634 553
681 587
90 656
114 822
73 309
516 985
531 523
222 129
16 64
945 149
799 784
114 218
216 527
460 276
210 952
188 249
284 152
43 677
893 408
576 784
651 371
160 323
169 285
448 865
52 380
521 262
75 860
259 331
71 300
518 516
393 678
663 744
194 164
188 988
76 927
791 258
156 239
312 763
206 106
7 250
94 651
306 376
591 902
4 967
376 593
360 783
387 18
948 513
278 41
742 411
814 220
748 576
658 327
548 425
165 906
463 699
132 456
488 29
821 654
344 94
466 378
201 93
902 450
326 663
569 269
90 361
347 273
501 539
387 286
181 223
485 283
656 573
824 55
904 991
980 773
425 640
665 779
656 143
258 316
642 278
673 494
832 964
897 912
750 322
251 575
584 56
136 922
837 59
222 9
110 397
755 519
521 488
723 591
189 372
18 37
800 496
681 857
938 266
912 434
132 423
930 548
464 562
942 203
860 752
4 366
470 395
198 686
743 481
447 820
347 136
234 939
76 410
222 717
352 122
17 831
27 535
958 150
854 729
365 483
270 465
247 276
174 404
671 129
331 739
261 622
798 69
124 839
584 655
317 756
115 176
941 627
781 966
548 743
590 927
114 484
465 377
632 840
372 729
119 727
715 652
791 870
755 280
650 175
84 279
620 926
512 818
60 585
580 156
48 728
102 346
54 290
638 869
938 798
248 279
642 794
337 456
305 673
511 940
952 924
435 241
306 989
40 662
280 535
683 47
312 670
899 964
361 328
191 211
831 141
364 142
732 978
17 806
626 691
194 582
621 46
656 48
35 504
734 914
393 240
759 160
859 282
287 563
926 499
773 829
289 994
198 680
938 935
949 515
46 390
428 810
127 525
316 455
380 953
75 656
400 426
672 168
87 158
18 188
943 33
50 340
62 935
106 493
678 30
519 408
315 446
244 379
638 494
219 39
277 526
19 430
843 161
181 200
680 934
632 463
871 956
6 791
968 648
672 55
913 612
898 112
45 682
765 349
214 739
797 443
913 642
45 663
573 508
617 31
814 33
417 873
723 361
145 454
1 132
180 466
311 593
264 103
603 383
277 521
182 548
366 73
336 301
6 195
822 375
17 561
32 728
373 271
482 498
18 624
352 895
838 897
301 982
520 567
846 396
178 368
447 618
795 90
244 161
206 478
605 675
251 897
807 928
998 36
986 629
102 901
769 751
923 453
638 250
913 590
508 819
831 958
233 302
214 229
966 578
159 223
672 747
233 195
246 349
376 498
895 332
45 679
38 839
80 5
377 865
843 76
17 268
682 757
562 148
522 427
924 774
966 41
24 175
761 149
976 610
665 206
841 589
82 327
913 549
126 359
280 637
100 406
741 948
745 197
286 156
181 869
97 951
912 85
580 375
523 166
532 783
101 531
644 988
963 780
422 31
181 301
2 817
448 772
301 94
832 575
491 672
52 821
541 504
628 748
958 708
487 236
980 572
318 701
181 665
904 801
557 161
570 502
612 811
173 225
330 599
491 496
895 370
833 653
697 283
475 828
387 806
467 574
833 799
996 320
22 523
615 765
189 151
384 711
409 513
191 900
777 237
71 121
993 527
457 403
688 751
439 261
352 416
189 952
846 654
745 345
920 268
342 282
430 669
45 436
787 120
9 389
723 865
706 973
486 255
11 712
826 586
748 348
689 497
717 247
422 915
901 976
765 996
422 654
201 443
333 609
930 387
966 744
278 517
245 88
412 534
617 30
251 128
470 936
933 252
361 958
553 230
930 779
146 87
656 629
512 883
647 449
830 483
806 560
43 997
17 704
233 409
761 411
913 622
326 317
707 659
191 927
589 783
301 400
101 816
123 813
312 455
328 470
580 693
95 274
689 203
206 601
466 296
51 433
288 23
92 517
312 131
169 339
540 186
595 479
462 378
781 772
557 992
371 982
210 658
84 944
880 351
224 176
52 800
837 859
966 847
180 837
990 460
900 281
501 633
600 841
838 245
807 883
755 4
470 231
240 596
284 924
755 168
553 346
286 634
120 674
519 518
18 347
344 352
754 721
617 856
116 55
100 424
486 20
743 793
675 883
345 994
715 519
837 975
672 144
336 427
601 322
240 774
590 863
387 203
465 536
180 930
283 347
221 428
251 797
980 284
180 3
876 997
349 507
597 570
987 110
557 463
24 761
786 876
557 577
62 199
791 719
328 568
671 178
878 817
139 903
76 543
114 841
200 687
979 169
623 814
50 774
696 192
18 807
893 544
430 680
592 606
893 129
766 852
331 295
233 10
759 515
940 885
670 882
87 511
292 298
181 687
9 650
917 579
69 782
17 87
233 611
64 719
814 811
220 312
478 528
286 198
822 311
833 684
119 996
843 214
572 905
464 218
137 835
942 533
382 374
798 661
606 504
290 61
380 909
581 482
119 437
841 883
888 543
10 281
200 289
266 622
150 190
534 475
382 581
921 59
85 230
576 742
400 231
851 454
17 80
822 621
722 744
258 313
385 921
796 935
893 972
869 105
38 199
328 417
752 381
332 696
75 45
541 39
998 191
87 523
343 583
385 266
715 180
831 723
308 932
22 524
615 639
191 682
804 850
611 974
994 464
90 717
494 442
540 954
114 797
503 920
328 248
573 120
441 83
739 850
960 184
67 431
180 6
886 594
650 864
822 127
38 608
396 907
952 870
245 134
638 97
931 246
895 76
488 962
549 647
11 278
383 172
691 637
846 106
603 768
14 209
634 581
73 172
605 12
960 83
143 893
422 755
444 105
884 474
881 685
54 770
22 943
72 653
715 831
427 468
687 24
91 252
963 144
159 138
712 216
995 745
705 799
892 131
708 546
536 666
618 274
566 514
175 426
663 94
195 12
833 557
638 670
185 26
822 833
656 82
891 872
332 27
455 718
581 371
222 835
893 540
553 808
114 418
841 667
961 396
150 373
643 655
831 644
127 408
895 207
180 303
781 942
548 671
835 454
270 678
632 86
278 858
119 614
927 823
