100 1050 43 14
82 20
52 60
39 18
77 31
7 83
0 51
75 51
59 29
54 50
89 2
78 69
98 45
55 32
65 59
52 8
65 44
10 45
78 21
82 35
73 10
78 64
60 94
26 10
71 87
40 42
66 34
57 95
89 20
26 75
26 54
39 60
84 21
91 85
26 46
80 69
82 66
65 57
46 43
65 79
7 69
21 41
7 96
53 10
89 65
36 35
57 0
65 49
42 92
33 73
81 59
45 5
81 80
65 71
55 78
2 28
83 48
26 82
82 31
20 25
54 61
6 60
33 20
35 51
72 62
66 19
97 45
72 10
81 79
60 36
1 63
97 1
60 57
11 74
86 93
80 5
58 38
76 35
84 45
99 21
8 73
66 64
98 92
77 17
97 3
89 76
66 95
88 24
27 12
74 29
42 23
65 91
27 28
59 98
75 92
80 4
7 20
57 76
59 94
77 76
40 74
18 42
6 93
86 70
89 21
91 13
37 76
6 36
0 74
46 12
61 11
33 69
22 91
49 96
84 90
27 21
82 1
84 5
60 28
0 73
55 45
0 24
45 47
94 55
81 32
36 28
67 4
29 14
80 98
89 29
83 63
52 61
39 33
77 97
59 41
18 17
33 27
46 92
77 0
77 14
68 24
84 11
22 56
27 79
11 1
81 26
9 30
97 55
65 96
33 34
82 18
34 75
97 37
65 26
16 4
9 83
12 23
1 78
6 40
40 79
58 95
88 85
8 4
34 55
80 55
7 57
55 88
42 95
26 49
26 98
49 79
18 41
1 53
49 80
52 57
54 73
81 24
98 69
12 3
46 87
16 5
43 36
16 55
52 6
18 75
94 24
0 20
4 63
0 69
56 73
0 38
40 21
80 8
33 32
88 3
72 36
33 98
75 4
71 45
97 93
50 90
12 74
99 90
43 64
80 45
92 48
20 63
44 69
0 36
42 28
18 16
66 3
9 41
91 86
11 5
1 79
55 98
52 96
71 41
9 67
20 86
59 87
56 10
89 26
95 14
65 38
58 27
65 68
30 74
55 62
7 82
83 74
47 62
57 34
2 63
84 2
58 21
80 33
2 34
32 83
87 62
12 42
7 0
18 87
22 87
1 66
18 10
22 47
57 5
49 63
18 96
2 70
56 53
26 60
65 94
49 27
82 12
81 86
0 71
58 44
80 82
40 9
76 51
57 71
49 58
42 74
97 17
79 93
57 22
60 85
7 26
57 35
81 15
65 52
65 22
33 2
35 86
40 16
82 30
56 27
94 92
68 31
97 57
56 2
85 74
35 13
58 9
98 48
77 33
59 91
77 51
66 45
56 69
94 76
11 64
61 55
89 59
8 38
99 66
94 11
67 29
26 44
98 72
0 8
92 64
37 27
60 63
53 32
52 18
85 19
40 64
40 33
82 99
89 61
40 3
40 68
39 53
68 74
82 5
84 1
61 85
92 29
77 78
46 93
52 3
27 8
99 73
23 95
52 36
89 12
44 85
26 61
65 75
66 23
37 42
0 68
39 93
53 68
22 37
23 91
4 92
16 25
60 1
7 65
61 2
59 2
52 97
99 1
33 17
57 85
75 20
40 0
43 91
80 73
89 41
90 19
89 8
69 95
87 74
40 46
26 22
20 70
20 78
1 34
94 33
83 45
88 14
7 8
23 78
54 66
98 85
82 56
88 95
20 90
7 39
11 88
60 53
16 88
11 16
43 96
63 96
99 70
8 9
56 16
54 55
42 87
40 67
7 52
52 73
22 18
42 35
26 39
81 99
21 88
72 19
8 32
89 47
43 30
0 72
89 39
34 21
18 67
54 39
41 83
97 94
7 68
26 56
22 94
77 37
56 9
9 24
46 71
60 30
65 17
77 47
73 87
53 29
7 34
59 99
61 36
60 46
80 48
77 24
22 50
89 56
57 88
57 91
71 21
6 33
7 35
77 49
22 67
40 45
94 44
40 98
4 78
4 30
52 23
18 64
26 11
52 42
46 45
12 35
81 49
81 39
75 3
26 55
61 91
65 6
47 48
7 89
60 14
42 45
37 36
0 53
8 76
58 94
31 74
26 34
21 28
87 35
80 11
53 92
22 80
2 36
81 75
3 14
11 62
81 52
61 75
37 69
52 40
94 21
80 10
80 99
94 86
26 35
6 44
66 71
42 17
3 38
95 28
66 86
77 58
40 27
6 91
54 15
36 45
12 55
35 96
21 45
71 42
60 19
65 32
22 76
54 8
34 50
64 28
61 72
46 8
40 50
75 10
69 3
39 47
6 56
7 4
77 1
89 54
58 99
2 4
81 11
7 30
78 29
54 91
2 16
32 47
99 75
6 84
72 5
33 30
12 14
1 16
39 59
22 64
39 96
77 11
65 30
58 2
52 95
4 14
53 75
97 79
96 70
57 44
72 14
46 34
33 21
34 71
23 62
49 66
7 49
80 84
84 27
84 19
68 41
60 40
98 21
88 29
72 41
53 46
76 73
60 11
20 29
68 36
81 97
0 88
66 28
59 82
97 80
54 37
60 62
58 46
81 84
79 23
89 87
20 91
26 59
71 10
54 60
20 64
80 86
59 27
7 33
92 78
22 19
99 72
37 71
72 13
52 15
52 2
6 12
26 72
81 8
15 28
61 66
80 78
80 93
14 96
39 24
1 92
6 82
54 45
21 91
58 55
72 32
26 76
53 88
26 53
87 95
45 62
81 94
71 85
94 68
0 46
72 85
49 84
53 2
6 80
68 88
82 41
27 92
92 21
53 43
58 11
86 13
46 63
56 51
59 1
26 52
34 20
99 2
56 36
59 42
99 41
66 2
79 9
65 18
19 5
2 15
26 50
76 85
7 41
71 50
89 79
46 21
37 20
81 65
72 45
89 97
37 15
53 66
61 5
27 74
47 19
68 43
45 30
83 51
65 46
66 88
39 52
77 94
22 78
82 4
27 44
52 44
75 5
51 25
26 71
9 92
33 14
59 15
26 57
27 87
41 86
37 2
39 20
27 9
41 48
57 80
57 11
9 70
59 8
11 92
54 16
81 41
65 54
41 85
71 15
46 95
24 38
97 46
59 64
40 88
80 40
40 55
45 51
0 12
54 4
44 48
34 25
99 12
10 41
34 29
55 10
65 84
77 12
18 13
77 55
88 64
84 85
7 61
76 9
78 50
9 90
10 38
16 98
84 34
34 78
8 74
40 14
73 35
60 78
42 31
46 78
65 60
9 28
55 96
47 63
53 69
59 53
26 18
56 99
52 9
53 71
59 37
40 71
39 78
56 64
49 59
15 32
75 83
24 25
81 68
39 76
27 95
89 94
22 84
69 14
54 12
61 99
94 9
15 87
57 84
33 15
60 13
71 4
92 62
15 69
42 25
3 24
27 63
44 19
31 51
46 23
11 68
58 41
42 98
87 38
84 17
22 83
77 2
9 63
52 22
65 58
60 43
71 67
82 34
11 72
89 6
79 45
46 28
80 0
37 10
89 82
0 78
52 84
47 29
78 47
54 6
19 28
10 90
81 33
77 35
46 16
52 91
26 25
78 85
39 92
7 60
69 50
73 19
4 21
58 31
89 73
61 88
7 80
0 47
54 94
16 75
80 12
77 27
60 71
57 61
25 28
46 20
85 95
7 97
39 97
17 48
54 57
23 88
27 16
99 18
65 98
4 19
77 39
99 67
52 58
89 96
41 25
30 47
43 45
18 38
27 42
57 18
57 40
52 99
52 62
89 60
73 75
77 9
59 57
37 68
7 12
49 99
37 62
40 58
94 93
49 52
6 37
93 13
43 78
65 86
90 48
40 90
97 9
81 17
71 73
68 62
7 18
6 20
49 70
54 99
1 31
49 1
24 96
57 27
9 72
49 40
71 90
58 10
2 68
99 85
39 46
57 79
10 35
8 23
81 60
26 21
48 28
80 74
59 45
59 22
42 36
73 31
95 24
83 13
11 13
60 84
53 44
56 72
69 85
76 30
2 79
6 68
84 53
49 43
37 67
39 12
27 35
71 75
54 33
56 46
82 68
93 28
84 29
78 41
37 73
80 68
15 47
20 45
59 52
77 6
65 31
30 95
61 73
80 70
27 32
7 84
40 84
6 16
39 61
74 48
43 31
81 98
61 27
16 91
81 12
44 16
35 74
22 53
4 10
12 17
0 44
75 25
11 27
27 66
3 70
23 96
49 60
84 33
89 40
56 20
8 87
68 51
60 22
39 80
11 98
61 53
4 24
39 51
8 98
71 76
32 17
43 62
39 37
8 91
60 90
59 40
34 42
1 73
7 79
57 32
49 97
43 21
80 36
84 94
8 85
66 44
65 99
65 13
42 13
39 14
66 18
65 39
33 68
56 32
61 80
9 32
40 82
22 55
57 29
62 64
34 41
11 4
52 16
62 3
66 29
40 47
77 65
46 18
12 5
44 72
1 55
80 85
33 76
97 50
37 43
77 89
39 34
22 11
39 6
49 14
8 20
60 99
73 64
2 67
60 33
93 96
2 73
32 70
37 12
50 62
50 38
22 33
22 32
11 67
49 22
40 96
82 3
16 68
81 54
99 92
20 96
94 37
29 64
61 8
7 54
6 41
57 4
79 78
40 11
39 82
91 28
6 31
2 21
7 58
26 13
97 36
61 64
81 93
82 15
73 90
59 97
7 76
65 53
16 41
77 45
84 36
61 37
49 30
92 24
11 2
37 72
60 50
77 52
79 20
56 15
75 68
58 43
98 5
