200
0 99 1
0 156 1
1 17 1
1 157 1
2 45 1
2 98 1
3 89 1
3 153 1
4 119 1
4 121 1
5 23 1
5 106 1
6 33 1
6 51 1
7 32 1
7 164 1
8 128 1
8 165 1
9 172 1
9 186 1
10 16 1
10 53 1
11 100 1
11 173 1
12 73 1
12 194 1
13 20 1
13 94 1
14 62 1
14 82 1
15 176 1
15 186 1
16 86 1
17 134 1
18 57 1
18 121 1
19 122 1
19 179 1
20 84 1
21 58 1
21 137 1
22 75 1
22 152 1
23 36 1
24 28 1
24 132 1
25 41 1
25 91 1
26 96 1
26 180 1
27 63 1
27 100 1
28 168 1
29 78 1
29 137 1
30 60 1
30 86 1
31 66 1
31 138 1
32 188 1
33 197 1
34 42 1
34 166 1
35 50 1
35 58 1
36 155 1
37 136 1
37 198 1
38 87 1
38 117 1
39 170 1
39 171 1
40 131 1
40 187 1
41 80 1
42 82 1
43 171 1
43 191 1
44 67 1
44 87 1
45 119 1
46 125 1
46 190 1
47 85 1
47 104 1
48 138 1
48 192 1
49 71 1
49 110 1
50 61 1
51 109 1
52 122 1
52 151 1
53 150 1
54 129 1
54 161 1
55 107 1
55 135 1
56 115 1
56 116 1
57 162 1
59 81 1
59 185 1
60 131 1
61 165 1
62 77 1
63 81 1
64 189 1
64 195 1
65 114 1
65 118 1
66 80 1
67 184 1
68 95 1
68 154 1
69 124 1
69 144 1
70 74 1
70 176 1
71 160 1
72 104 1
72 147 1
73 88 1
74 181 1
75 134 1
76 145 1
76 159 1
77 152 1
78 93 1
79 109 1
79 170 1
83 158 1
83 182 1
84 110 1
85 105 1
88 190 1
89 108 1
90 140 1
90 177 1
91 115 1
92 117 1
92 153 1
93 95 1
94 135 1
96 108 1
97 159 1
97 184 1
98 180 1
99 141 1
101 142 1
101 183 1
102 150 1
102 168 1
103 112 1
103 166 1
105 189 1
106 128 1
107 125 1
111 175 1
111 197 1
112 141 1
113 149 1
113 163 1
114 144 1
116 172 1
118 193 1
120 127 1
120 147 1
123 177 1
124 175 1
126 130 1
126 169 1
127 161 1
129 157 1
130 181 1
132 154 1
133 143 1
133 149 1
136 169 1
139 148 1
139 167 1
140 183 1
142 196 1
143 148 1
145 156 1
146 167 1
146 178 1
151 174 1
155 198 1
158 174 1
160 182 1
162 191 1
163 173 1
164 196 1
178 187 1
185 199 1
188 192 1
193 199 1
194 195 1
10
0 1 20 3 45 67 7 8 9 100
