300
0 50 15
0 99 16
1 32 4
1 55 11
2 226 18
2 236 2
3 102 8
3 119 18
4 58 13
4 236 10
5 208 4
5 271 7
6 86 3
6 294 15
7 79 3
7 178 9
8 61 16
8 128 15
9 44 8
9 83 5
10 142 8
10 177 5
11 174 9
11 208 4
12 171 16
12 238 19
13 122 3
13 188 3
14 40 11
14 158 19
15 183 2
15 286 3
16 270 6
16 283 9
17 242 15
17 249 13
18 32 1
18 254 4
19 193 10
19 232 18
20 109 3
20 170 6
21 214 6
21 238 12
22 71 14
22 152 4
23 25 6
23 125 6
24 35 15
24 92 6
25 274 14
26 222 5
26 272 8
27 133 10
27 213 10
28 88 4
28 168 4
29 111 10
29 251 14
30 96 7
30 185 11
31 115 5
31 190 15
33 197 16
33 200 2
34 69 6
34 90 5
35 241 17
36 210 19
36 274 16
37 184 2
37 252 15
38 81 4
38 176 9
39 49 11
39 97 9
40 187 5
41 165 17
41 245 5
42 95 7
42 156 5
43 146 7
44 273 15
45 199 19
45 266 4
46 153 15
46 253 13
47 85 12
47 275 8
48 109 15
48 271 4
49 289 17
50 136 2
51 70 9
51 263 13
52 190 8
52 268 8
53 63 4
53 149 2
54 180 13
54 214 3
55 78 6
56 221 3
56 292 3
57 165 3
57 237 15
58 114 1
59 135 1
59 288 7
60 194 9
60 285 10
61 108 5
62 74 6
62 106 10
63 182 1
64 203 5
64 204 10
65 73 17
65 273 1
66 205 11
66 218 1
67 248 20
67 291 11
68 112 11
68 187 15
69 172 6
70 147 18
71 243 16
72 132 14
72 152 9
73 159 5
74 80 19
75 215 3
75 228 5
76 176 18
76 198 15
77 161 7
77 221 15
78 255 9
79 256 20
80 172 9
81 220 15
82 103 4
82 144 9
83 91 2
84 99 20
84 148 9
85 289 5
86 269 17
87 162 14
87 216 20
88 241 6
89 116 20
89 282 19
90 279 18
91 131 19
92 98 1
93 265 19
93 278 8
94 191 4
94 206 20
95 96 8
97 229 10
98 138 2
100 110 2
100 277 2
101 160 9
101 198 15
102 218 9
103 131 14
104 120 14
104 175 10
105 242 12
105 296 6
106 257 17
107 127 7
107 216 1
108 291 12
110 299 1
111 144 4
112 231 9
113 173 18
113 258 1
114 277 10
115 223 10
116 249 10
117 145 9
117 276 15
118 220 14
118 237 2
120 196 12
121 133 16
121 155 11
122 189 2
123 155 5
123 223 5
124 159 5
124 250 4
125 297 8
126 168 9
126 266 3
127 160 15
128 260 3
129 135 17
129 209 3
130 174 20
130 191 15
132 265 16
134 213 2
134 217 7
136 138 6
137 224 6
137 246 12
139 205 17
139 239 16
140 141 17
140 202 17
141 264 13
142 293 4
143 163 11
143 296 2
145 163 19
146 150 7
147 211 16
148 154 8
149 195 14
150 287 4
151 186 14
151 259 9
153 262 17
154 196 14
156 235 13
157 228 1
157 294 9
158 292 2
161 184 18
162 188 17
164 169 6
164 297 19
166 167 15
166 173 17
167 201 15
169 246 1
170 283 16
171 295 6
175 244 12
177 248 16
178 244 9
179 192 4
179 275 14
180 279 6
181 219 19
181 286 5
182 247 20
183 281 5
185 194 17
186 227 12
189 298 20
192 261 9
193 253 20
195 207 5
197 219 12
199 233 5
200 217 11
201 215 6
202 226 12
203 239 13
204 251 19
206 234 7
207 231 14
209 232 13
210 267 3
211 267 9
212 230 20
212 268 8
222 225 19
224 293 13
225 299 16
227 276 13
229 278 8
230 280 3
233 240 19
234 245 3
235 259 14
240 287 10
243 264 9
247 263 19
250 290 20
252 288 8
254 269 18
255 256 17
257 261 3
258 284 11
260 280 3
262 285 9
270 295 12
272 281 14
282 284 9
290 298 10
6
1 10 2 3 5 100
