100 1000
0 9 1 0 1000000 1
0 12 1 0 1000000 1
0 18 1 0 1000000 1
0 20 1 0 1000000 1
0 54 1 0 1000000 1
0 64 1 0 1000000 1
0 94 1 0 1000000 1
1 12 1 0 1000000 1
1 19 1 0 1000000 1
1 23 1 0 1000000 1
1 28 1 0 1000000 1
1 47 1 0 1000000 1
1 49 1 0 1000000 1
1 75 1 0 1000000 1
1 76 1 0 1000000 1
1 81 1 0 1000000 1
1 86 1 0 1000000 1
2 0 1 0 1000000 1
2 9 1 0 1000000 1
2 12 1 0 1000000 1
2 31 1 0 1000000 1
2 35 1 0 1000000 1
2 80 1 0 1000000 1
3 1 1 0 1000000 1
3 6 1 0 1000000 1
3 11 1 0 1000000 1
3 22 1 0 1000000 1
3 28 1 0 1000000 1
3 36 1 0 1000000 1
3 38 1 0 1000000 1
3 40 1 0 1000000 1
3 47 1 0 1000000 1
3 54 1 0 1000000 1
3 67 1 0 1000000 1
3 69 1 0 1000000 1
3 81 1 0 1000000 1
3 84 1 0 1000000 1
4 13 1 0 1000000 1
4 19 1 0 1000000 1
4 20 1 0 1000000 1
4 31 1 0 1000000 1
4 54 1 0 1000000 1
4 67 1 0 1000000 1
4 69 1 0 1000000 1
4 70 1 0 1000000 1
4 77 1 0 1000000 1
4 98 1 0 1000000 1
5 9 1 0 1000000 1
5 18 1 0 1000000 1
5 41 1 0 1000000 1
5 46 1 0 1000000 1
5 49 1 0 1000000 1
5 74 1 0 1000000 1
5 80 1 0 1000000 1
5 89 1 0 1000000 1
6 5 1 0 1000000 1
6 7 1 0 1000000 1
6 40 1 0 1000000 1
6 52 1 0 1000000 1
6 56 1 0 1000000 1
6 58 1 0 1000000 1
6 75 1 0 1000000 1
6 97 1 0 1000000 1
7 10 1 0 1000000 1
7 18 1 0 1000000 1
7 20 1 0 1000000 1
7 22 1 0 1000000 1
7 24 1 0 1000000 1
7 28 1 0 1000000 1
7 30 1 0 1000000 1
7 33 1 0 1000000 1
7 34 1 0 1000000 1
7 50 1 0 1000000 1
7 51 1 0 1000000 1
7 52 1 0 1000000 1
7 72 1 0 1000000 1
7 92 1 0 1000000 1
8 11 1 0 1000000 1
8 39 1 0 1000000 1
8 44 1 0 1000000 1
8 49 1 0 1000000 1
8 50 1 0 1000000 1
8 56 1 0 1000000 1
8 58 1 0 1000000 1
8 76 1 0 1000000 1
8 90 1 0 1000000 1
8 98 1 0 1000000 1
9 7 1 0 1000000 1
9 8 1 0 1000000 1
9 19 1 0 1000000 1
9 24 1 0 1000000 1
9 46 1 0 1000000 1
9 49 1 0 1000000 1
9 58 1 0 1000000 1
9 75 1 0 1000000 1
9 93 1 0 1000000 1
9 94 1 0 1000000 1
9 99 1 0 1000000 1
10 5 1 0 1000000 1
10 17 1 0 1000000 1
10 22 1 0 1000000 1
10 33 1 0 1000000 1
10 39 1 0 1000000 1
10 43 1 0 1000000 1
10 50 1 0 1000000 1
10 62 1 0 1000000 1
10 63 1 0 1000000 1
10 79 1 0 1000000 1
10 83 1 0 1000000 1
10 88 1 0 1000000 1
10 97 1 0 1000000 1
11 6 1 0 1000000 1
11 20 1 0 1000000 1
11 23 1 0 1000000 1
11 31 1 0 1000000 1
11 53 1 0 1000000 1
11 62 1 0 1000000 1
11 76 1 0 1000000 1
11 85 1 0 1000000 1
12 4 1 0 1000000 1
12 20 1 0 1000000 1
12 24 1 0 1000000 1
12 32 1 0 1000000 1
12 33 1 0 1000000 1
12 57 1 0 1000000 1
12 60 1 0 1000000 1
12 64 1 0 1000000 1
12 77 1 0 1000000 1
12 84 1 0 1000000 1
12 95 1 0 1000000 1
13 6 1 0 1000000 1
13 11 1 0 1000000 1
13 49 1 0 1000000 1
13 62 1 0 1000000 1
13 75 1 0 1000000 1
13 78 1 0 1000000 1
13 80 1 0 1000000 1
13 83 1 0 1000000 1
14 18 1 0 1000000 1
14 71 1 0 1000000 1
14 74 1 0 1000000 1
14 77 1 0 1000000 1
14 89 1 0 1000000 1
14 90 1 0 1000000 1
14 94 1 0 1000000 1
15 0 1 0 1000000 1
15 27 1 0 1000000 1
15 82 1 0 1000000 1
15 87 1 0 1000000 1
15 88 1 0 1000000 1
15 94 1 0 1000000 1
15 97 1 0 1000000 1
16 4 1 0 1000000 1
16 5 1 0 1000000 1
16 32 1 0 1000000 1
16 35 1 0 1000000 1
16 36 1 0 1000000 1
16 41 1 0 1000000 1
16 59 1 0 1000000 1
16 71 1 0 1000000 1
16 78 1 0 1000000 1
16 82 1 0 1000000 1
17 35 1 0 1000000 1
17 49 1 0 1000000 1
17 51 1 0 1000000 1
17 70 1 0 1000000 1
17 74 1 0 1000000 1
17 77 1 0 1000000 1
17 95 1 0 1000000 1
18 15 1 0 1000000 1
18 16 1 0 1000000 1
18 22 1 0 1000000 1
18 28 1 0 1000000 1
18 44 1 0 1000000 1
18 63 1 0 1000000 1
18 64 1 0 1000000 1
18 90 1 0 1000000 1
18 98 1 0 1000000 1
19 30 1 0 1000000 1
19 39 1 0 1000000 1
19 40 1 0 1000000 1
19 52 1 0 1000000 1
19 62 1 0 1000000 1
19 85 1 0 1000000 1
19 94 1 0 1000000 1
19 98 1 0 1000000 1
20 5 1 0 1000000 1
20 36 1 0 1000000 1
20 49 1 0 1000000 1
20 51 1 0 1000000 1
20 58 1 0 1000000 1
20 71 1 0 1000000 1
20 87 1 0 1000000 1
20 91 1 0 1000000 1
21 0 1 0 1000000 1
21 1 1 0 1000000 1
21 10 1 0 1000000 1
21 11 1 0 1000000 1
21 46 1 0 1000000 1
21 74 1 0 1000000 1
21 79 1 0 1000000 1
21 81 1 0 1000000 1
21 88 1 0 1000000 1
21 92 1 0 1000000 1
21 97 1 0 1000000 1
22 1 1 0 1000000 1
22 23 1 0 1000000 1
22 31 1 0 1000000 1
22 45 1 0 1000000 1
22 51 1 0 1000000 1
22 65 1 0 1000000 1
22 66 1 0 1000000 1
22 92 1 0 1000000 1
22 95 1 0 1000000 1
23 33 1 0 1000000 1
23 40 1 0 1000000 1
23 46 1 0 1000000 1
23 92 1 0 1000000 1
23 96 1 0 1000000 1
24 2 1 0 1000000 1
24 11 1 0 1000000 1
24 15 1 0 1000000 1
24 21 1 0 1000000 1
24 25 1 0 1000000 1
24 29 1 0 1000000 1
24 41 1 0 1000000 1
24 63 1 0 1000000 1
24 91 1 0 1000000 1
25 7 1 0 1000000 1
25 12 1 0 1000000 1
25 17 1 0 1000000 1
25 19 1 0 1000000 1
25 36 1 0 1000000 1
25 71 1 0 1000000 1
25 73 1 0 1000000 1
25 93 1 0 1000000 1
25 95 1 0 1000000 1
25 97 1 0 1000000 1
26 20 1 0 1000000 1
26 21 1 0 1000000 1
26 31 1 0 1000000 1
26 42 1 0 1000000 1
26 46 1 0 1000000 1
26 76 1 0 1000000 1
26 87 1 0 1000000 1
26 96 1 0 1000000 1
27 6 1 0 1000000 1
27 17 1 0 1000000 1
27 38 1 0 1000000 1
27 39 1 0 1000000 1
27 53 1 0 1000000 1
27 60 1 0 1000000 1
27 67 1 0 1000000 1
27 70 1 0 1000000 1
27 71 1 0 1000000 1
27 74 1 0 1000000 1
27 75 1 0 1000000 1
28 2 1 0 1000000 1
28 15 1 0 1000000 1
28 40 1 0 1000000 1
28 47 1 0 1000000 1
28 50 1 0 1000000 1
28 53 1 0 1000000 1
28 61 1 0 1000000 1
28 73 1 0 1000000 1
28 76 1 0 1000000 1
28 77 1 0 1000000 1
28 81 1 0 1000000 1
28 96 1 0 1000000 1
28 97 1 0 1000000 1
28 99 1 0 1000000 1
29 7 1 0 1000000 1
29 10 1 0 1000000 1
29 15 1 0 1000000 1
29 18 1 0 1000000 1
29 22 1 0 1000000 1
29 28 1 0 1000000 1
29 38 1 0 1000000 1
29 41 1 0 1000000 1
29 48 1 0 1000000 1
29 52 1 0 1000000 1
29 56 1 0 1000000 1
29 65 1 0 1000000 1
29 68 1 0 1000000 1
30 9 1 0 1000000 1
30 35 1 0 1000000 1
30 67 1 0 1000000 1
30 77 1 0 1000000 1
30 82 1 0 1000000 1
30 83 1 0 1000000 1
30 91 1 0 1000000 1
30 95 1 0 1000000 1
30 96 1 0 1000000 1
31 8 1 0 1000000 1
31 15 1 0 1000000 1
31 18 1 0 1000000 1
31 21 1 0 1000000 1
31 27 1 0 1000000 1
31 36 1 0 1000000 1
31 38 1 0 1000000 1
31 56 1 0 1000000 1
31 57 1 0 1000000 1
31 58 1 0 1000000 1
31 72 1 0 1000000 1
31 75 1 0 1000000 1
31 79 1 0 1000000 1
32 18 1 0 1000000 1
32 26 1 0 1000000 1
32 29 1 0 1000000 1
32 36 1 0 1000000 1
32 38 1 0 1000000 1
32 46 1 0 1000000 1
32 59 1 0 1000000 1
32 61 1 0 1000000 1
32 66 1 0 1000000 1
32 72 1 0 1000000 1
33 11 1 0 1000000 1
33 15 1 0 1000000 1
33 19 1 0 1000000 1
33 24 1 0 1000000 1
33 27 1 0 1000000 1
33 32 1 0 1000000 1
33 36 1 0 1000000 1
33 82 1 0 1000000 1
33 83 1 0 1000000 1
33 87 1 0 1000000 1
33 95 1 0 1000000 1
33 97 1 0 1000000 1
34 3 1 0 1000000 1
34 13 1 0 1000000 1
34 22 1 0 1000000 1
34 68 1 0 1000000 1
34 75 1 0 1000000 1
34 77 1 0 1000000 1
34 81 1 0 1000000 1
34 83 1 0 1000000 1
35 0 1 0 1000000 1
35 3 1 0 1000000 1
35 10 1 0 1000000 1
35 12 1 0 1000000 1
35 13 1 0 1000000 1
35 18 1 0 1000000 1
35 24 1 0 1000000 1
35 28 1 0 1000000 1
35 32 1 0 1000000 1
35 47 1 0 1000000 1
35 50 1 0 1000000 1
35 77 1 0 1000000 1
35 80 1 0 1000000 1
36 8 1 0 1000000 1
36 46 1 0 1000000 1
36 60 1 0 1000000 1
36 69 1 0 1000000 1
36 80 1 0 1000000 1
37 19 1 0 1000000 1
37 21 1 0 1000000 1
37 29 1 0 1000000 1
37 39 1 0 1000000 1
37 56 1 0 1000000 1
37 63 1 0 1000000 1
37 69 1 0 1000000 1
37 72 1 0 1000000 1
37 76 1 0 1000000 1
37 80 1 0 1000000 1
37 82 1 0 1000000 1
37 93 1 0 1000000 1
38 8 1 0 1000000 1
38 14 1 0 1000000 1
38 22 1 0 1000000 1
38 37 1 0 1000000 1
38 44 1 0 1000000 1
38 53 1 0 1000000 1
38 86 1 0 1000000 1
38 94 1 0 1000000 1
39 5 1 0 1000000 1
39 40 1 0 1000000 1
39 44 1 0 1000000 1
39 48 1 0 1000000 1
39 60 1 0 1000000 1
39 63 1 0 1000000 1
39 66 1 0 1000000 1
39 72 1 0 1000000 1
39 84 1 0 1000000 1
39 88 1 0 1000000 1
39 89 1 0 1000000 1
40 10 1 0 1000000 1
40 11 1 0 1000000 1
40 32 1 0 1000000 1
40 34 1 0 1000000 1
40 35 1 0 1000000 1
40 53 1 0 1000000 1
40 59 1 0 1000000 1
40 64 1 0 1000000 1
40 67 1 0 1000000 1
40 69 1 0 1000000 1
40 73 1 0 1000000 1
40 75 1 0 1000000 1
40 79 1 0 1000000 1
41 7 1 0 1000000 1
41 17 1 0 1000000 1
41 20 1 0 1000000 1
41 25 1 0 1000000 1
41 40 1 0 1000000 1
41 43 1 0 1000000 1
41 51 1 0 1000000 1
41 52 1 0 1000000 1
41 58 1 0 1000000 1
41 73 1 0 1000000 1
41 84 1 0 1000000 1
41 88 1 0 1000000 1
42 3 1 0 1000000 1
42 23 1 0 1000000 1
42 27 1 0 1000000 1
42 32 1 0 1000000 1
42 34 1 0 1000000 1
42 37 1 0 1000000 1
42 38 1 0 1000000 1
42 48 1 0 1000000 1
42 56 1 0 1000000 1
42 62 1 0 1000000 1
42 66 1 0 1000000 1
42 72 1 0 1000000 1
42 94 1 0 1000000 1
43 0 1 0 1000000 1
43 7 1 0 1000000 1
43 17 1 0 1000000 1
43 18 1 0 1000000 1
43 48 1 0 1000000 1
43 77 1 0 1000000 1
43 80 1 0 1000000 1
44 15 1 0 1000000 1
44 16 1 0 1000000 1
44 21 1 0 1000000 1
44 31 1 0 1000000 1
44 35 1 0 1000000 1
44 43 1 0 1000000 1
44 75 1 0 1000000 1
44 76 1 0 1000000 1
44 81 1 0 1000000 1
44 87 1 0 1000000 1
44 88 1 0 1000000 1
44 95 1 0 1000000 1
44 97 1 0 1000000 1
45 12 1 0 1000000 1
45 17 1 0 1000000 1
45 34 1 0 1000000 1
45 35 1 0 1000000 1
45 43 1 0 1000000 1
45 51 1 0 1000000 1
45 54 1 0 1000000 1
45 65 1 0 1000000 1
45 81 1 0 1000000 1
46 10 1 0 1000000 1
46 15 1 0 1000000 1
46 17 1 0 1000000 1
46 29 1 0 1000000 1
46 58 1 0 1000000 1
46 69 1 0 1000000 1
46 70 1 0 1000000 1
46 77 1 0 1000000 1
46 82 1 0 1000000 1
46 93 1 0 1000000 1
46 97 1 0 1000000 1
47 50 1 0 1000000 1
47 60 1 0 1000000 1
47 71 1 0 1000000 1
47 72 1 0 1000000 1
47 73 1 0 1000000 1
47 74 1 0 1000000 1
47 82 1 0 1000000 1
48 2 1 0 1000000 1
48 5 1 0 1000000 1
48 23 1 0 1000000 1
48 36 1 0 1000000 1
48 45 1 0 1000000 1
48 59 1 0 1000000 1
48 71 1 0 1000000 1
48 92 1 0 1000000 1
48 93 1 0 1000000 1
48 99 1 0 1000000 1
49 22 1 0 1000000 1
49 34 1 0 1000000 1
49 55 1 0 1000000 1
49 56 1 0 1000000 1
49 65 1 0 1000000 1
49 89 1 0 1000000 1
49 99 1 0 1000000 1
50 6 1 0 1000000 1
50 38 1 0 1000000 1
50 39 1 0 1000000 1
50 41 1 0 1000000 1
50 55 1 0 1000000 1
50 56 1 0 1000000 1
50 64 1 0 1000000 1
50 66 1 0 1000000 1
50 74 1 0 1000000 1
50 76 1 0 1000000 1
50 95 1 0 1000000 1
51 0 1 0 1000000 1
51 11 1 0 1000000 1
51 12 1 0 1000000 1
51 13 1 0 1000000 1
51 14 1 0 1000000 1
51 19 1 0 1000000 1
51 40 1 0 1000000 1
51 52 1 0 1000000 1
51 54 1 0 1000000 1
51 55 1 0 1000000 1
51 60 1 0 1000000 1
51 78 1 0 1000000 1
51 89 1 0 1000000 1
51 90 1 0 1000000 1
52 27 1 0 1000000 1
52 28 1 0 1000000 1
52 31 1 0 1000000 1
52 32 1 0 1000000 1
52 36 1 0 1000000 1
52 44 1 0 1000000 1
52 53 1 0 1000000 1
52 64 1 0 1000000 1
52 70 1 0 1000000 1
52 71 1 0 1000000 1
52 86 1 0 1000000 1
52 93 1 0 1000000 1
52 97 1 0 1000000 1
53 26 1 0 1000000 1
53 34 1 0 1000000 1
53 43 1 0 1000000 1
53 50 1 0 1000000 1
53 74 1 0 1000000 1
53 78 1 0 1000000 1
53 86 1 0 1000000 1
53 87 1 0 1000000 1
53 99 1 0 1000000 1
54 5 1 0 1000000 1
54 7 1 0 1000000 1
54 27 1 0 1000000 1
54 62 1 0 1000000 1
54 70 1 0 1000000 1
54 79 1 0 1000000 1
54 85 1 0 1000000 1
55 4 1 0 1000000 1
55 6 1 0 1000000 1
55 16 1 0 1000000 1
55 21 1 0 1000000 1
55 25 1 0 1000000 1
55 27 1 0 1000000 1
55 29 1 0 1000000 1
55 39 1 0 1000000 1
55 42 1 0 1000000 1
55 69 1 0 1000000 1
55 71 1 0 1000000 1
55 96 1 0 1000000 1
56 4 1 0 1000000 1
56 20 1 0 1000000 1
56 24 1 0 1000000 1
56 27 1 0 1000000 1
56 41 1 0 1000000 1
56 45 1 0 1000000 1
56 70 1 0 1000000 1
56 71 1 0 1000000 1
56 86 1 0 1000000 1
56 87 1 0 1000000 1
57 37 1 0 1000000 1
57 45 1 0 1000000 1
57 56 1 0 1000000 1
57 61 1 0 1000000 1
57 62 1 0 1000000 1
57 66 1 0 1000000 1
57 79 1 0 1000000 1
57 83 1 0 1000000 1
57 88 1 0 1000000 1
57 90 1 0 1000000 1
57 98 1 0 1000000 1
58 7 1 0 1000000 1
58 23 1 0 1000000 1
58 33 1 0 1000000 1
58 48 1 0 1000000 1
58 51 1 0 1000000 1
58 61 1 0 1000000 1
58 68 1 0 1000000 1
58 69 1 0 1000000 1
58 71 1 0 1000000 1
58 77 1 0 1000000 1
58 84 1 0 1000000 1
58 99 1 0 1000000 1
59 23 1 0 1000000 1
59 26 1 0 1000000 1
59 61 1 0 1000000 1
60 5 1 0 1000000 1
60 31 1 0 1000000 1
60 42 1 0 1000000 1
60 48 1 0 1000000 1
60 54 1 0 1000000 1
60 55 1 0 1000000 1
60 59 1 0 1000000 1
60 74 1 0 1000000 1
60 79 1 0 1000000 1
60 93 1 0 1000000 1
60 97 1 0 1000000 1
60 98 1 0 1000000 1
61 14 1 0 1000000 1
61 17 1 0 1000000 1
61 19 1 0 1000000 1
61 24 1 0 1000000 1
61 36 1 0 1000000 1
61 50 1 0 1000000 1
61 56 1 0 1000000 1
61 71 1 0 1000000 1
61 78 1 0 1000000 1
61 86 1 0 1000000 1
62 16 1 0 1000000 1
62 20 1 0 1000000 1
62 22 1 0 1000000 1
62 29 1 0 1000000 1
62 46 1 0 1000000 1
62 49 1 0 1000000 1
62 53 1 0 1000000 1
62 64 1 0 1000000 1
62 65 1 0 1000000 1
62 81 1 0 1000000 1
62 97 1 0 1000000 1
62 98 1 0 1000000 1
63 6 1 0 1000000 1
63 7 1 0 1000000 1
63 11 1 0 1000000 1
63 41 1 0 1000000 1
63 57 1 0 1000000 1
63 72 1 0 1000000 1
63 81 1 0 1000000 1
63 87 1 0 1000000 1
63 89 1 0 1000000 1
63 97 1 0 1000000 1
64 16 1 0 1000000 1
64 54 1 0 1000000 1
64 70 1 0 1000000 1
64 71 1 0 1000000 1
64 79 1 0 1000000 1
64 87 1 0 1000000 1
65 8 1 0 1000000 1
65 15 1 0 1000000 1
65 17 1 0 1000000 1
65 23 1 0 1000000 1
65 28 1 0 1000000 1
65 40 1 0 1000000 1
65 54 1 0 1000000 1
65 69 1 0 1000000 1
65 72 1 0 1000000 1
66 7 1 0 1000000 1
66 9 1 0 1000000 1
66 15 1 0 1000000 1
66 48 1 0 1000000 1
66 56 1 0 1000000 1
66 67 1 0 1000000 1
66 69 1 0 1000000 1
66 83 1 0 1000000 1
67 2 1 0 1000000 1
67 13 1 0 1000000 1
67 29 1 0 1000000 1
67 35 1 0 1000000 1
67 36 1 0 1000000 1
67 47 1 0 1000000 1
67 56 1 0 1000000 1
67 58 1 0 1000000 1
67 61 1 0 1000000 1
67 65 1 0 1000000 1
67 72 1 0 1000000 1
67 79 1 0 1000000 1
67 80 1 0 1000000 1
67 89 1 0 1000000 1
67 91 1 0 1000000 1
67 94 1 0 1000000 1
67 96 1 0 1000000 1
68 4 1 0 1000000 1
68 8 1 0 1000000 1
68 21 1 0 1000000 1
68 38 1 0 1000000 1
68 56 1 0 1000000 1
68 73 1 0 1000000 1
68 81 1 0 1000000 1
68 87 1 0 1000000 1
68 93 1 0 1000000 1
69 2 1 0 1000000 1
69 6 1 0 1000000 1
69 7 1 0 1000000 1
69 9 1 0 1000000 1
69 12 1 0 1000000 1
69 15 1 0 1000000 1
69 25 1 0 1000000 1
69 28 1 0 1000000 1
69 56 1 0 1000000 1
69 59 1 0 1000000 1
69 62 1 0 1000000 1
69 73 1 0 1000000 1
69 86 1 0 1000000 1
70 0 1 0 1000000 1
70 6 1 0 1000000 1
70 21 1 0 1000000 1
70 22 1 0 1000000 1
70 37 1 0 1000000 1
70 68 1 0 1000000 1
70 93 1 0 1000000 1
70 94 1 0 1000000 1
71 4 1 0 1000000 1
71 5 1 0 1000000 1
71 11 1 0 1000000 1
71 24 1 0 1000000 1
71 28 1 0 1000000 1
71 34 1 0 1000000 1
71 37 1 0 1000000 1
71 40 1 0 1000000 1
71 42 1 0 1000000 1
71 69 1 0 1000000 1
71 92 1 0 1000000 1
72 6 1 0 1000000 1
72 12 1 0 1000000 1
72 14 1 0 1000000 1
72 15 1 0 1000000 1
72 79 1 0 1000000 1
73 29 1 0 1000000 1
73 39 1 0 1000000 1
73 43 1 0 1000000 1
73 48 1 0 1000000 1
73 56 1 0 1000000 1
73 75 1 0 1000000 1
73 76 1 0 1000000 1
73 83 1 0 1000000 1
73 84 1 0 1000000 1
73 95 1 0 1000000 1
74 0 1 0 1000000 1
74 13 1 0 1000000 1
74 15 1 0 1000000 1
74 22 1 0 1000000 1
74 24 1 0 1000000 1
74 28 1 0 1000000 1
74 49 1 0 1000000 1
74 55 1 0 1000000 1
74 56 1 0 1000000 1
74 58 1 0 1000000 1
74 68 1 0 1000000 1
74 69 1 0 1000000 1
74 76 1 0 1000000 1
74 97 1 0 1000000 1
75 5 1 0 1000000 1
75 10 1 0 1000000 1
75 23 1 0 1000000 1
75 29 1 0 1000000 1
75 35 1 0 1000000 1
75 36 1 0 1000000 1
75 41 1 0 1000000 1
75 47 1 0 1000000 1
75 50 1 0 1000000 1
75 58 1 0 1000000 1
75 67 1 0 1000000 1
75 70 1 0 1000000 1
75 71 1 0 1000000 1
75 88 1 0 1000000 1
76 0 1 0 1000000 1
76 4 1 0 1000000 1
76 42 1 0 1000000 1
76 54 1 0 1000000 1
76 60 1 0 1000000 1
76 65 1 0 1000000 1
76 92 1 0 1000000 1
76 98 1 0 1000000 1
77 9 1 0 1000000 1
77 19 1 0 1000000 1
77 21 1 0 1000000 1
77 26 1 0 1000000 1
77 47 1 0 1000000 1
77 52 1 0 1000000 1
77 67 1 0 1000000 1
77 75 1 0 1000000 1
77 92 1 0 1000000 1
78 1 1 0 1000000 1
78 9 1 0 1000000 1
78 10 1 0 1000000 1
78 44 1 0 1000000 1
78 82 1 0 1000000 1
78 86 1 0 1000000 1
79 27 1 0 1000000 1
79 37 1 0 1000000 1
79 56 1 0 1000000 1
79 69 1 0 1000000 1
79 90 1 0 1000000 1
79 99 1 0 1000000 1
80 8 1 0 1000000 1
80 21 1 0 1000000 1
80 25 1 0 1000000 1
80 29 1 0 1000000 1
80 46 1 0 1000000 1
80 57 1 0 1000000 1
80 69 1 0 1000000 1
80 71 1 0 1000000 1
80 73 1 0 1000000 1
80 89 1 0 1000000 1
80 93 1 0 1000000 1
81 25 1 0 1000000 1
81 29 1 0 1000000 1
81 30 1 0 1000000 1
81 36 1 0 1000000 1
81 37 1 0 1000000 1
81 41 1 0 1000000 1
81 42 1 0 1000000 1
81 43 1 0 1000000 1
81 47 1 0 1000000 1
81 52 1 0 1000000 1
81 70 1 0 1000000 1
81 71 1 0 1000000 1
81 75 1 0 1000000 1
81 77 1 0 1000000 1
82 14 1 0 1000000 1
82 18 1 0 1000000 1
82 19 1 0 1000000 1
82 48 1 0 1000000 1
82 51 1 0 1000000 1
82 54 1 0 1000000 1
82 62 1 0 1000000 1
82 77 1 0 1000000 1
82 98 1 0 1000000 1
82 99 1 0 1000000 1
83 0 1 0 1000000 1
83 4 1 0 1000000 1
83 18 1 0 1000000 1
83 55 1 0 1000000 1
83 62 1 0 1000000 1
83 70 1 0 1000000 1
84 4 1 0 1000000 1
84 16 1 0 1000000 1
84 22 1 0 1000000 1
84 28 1 0 1000000 1
84 37 1 0 1000000 1
84 92 1 0 1000000 1
84 97 1 0 1000000 1
85 1 1 0 1000000 1
85 5 1 0 1000000 1
85 15 1 0 1000000 1
85 27 1 0 1000000 1
85 32 1 0 1000000 1
85 46 1 0 1000000 1
85 66 1 0 1000000 1
85 94 1 0 1000000 1
85 99 1 0 1000000 1
86 5 1 0 1000000 1
86 6 1 0 1000000 1
86 24 1 0 1000000 1
86 30 1 0 1000000 1
86 40 1 0 1000000 1
86 41 1 0 1000000 1
86 58 1 0 1000000 1
86 68 1 0 1000000 1
86 70 1 0 1000000 1
86 76 1 0 1000000 1
86 81 1 0 1000000 1
86 93 1 0 1000000 1
86 96 1 0 1000000 1
87 0 1 0 1000000 1
87 11 1 0 1000000 1
87 29 1 0 1000000 1
87 32 1 0 1000000 1
87 36 1 0 1000000 1
87 40 1 0 1000000 1
87 43 1 0 1000000 1
87 72 1 0 1000000 1
87 79 1 0 1000000 1
87 85 1 0 1000000 1
87 95 1 0 1000000 1
88 2 1 0 1000000 1
88 6 1 0 1000000 1
88 7 1 0 1000000 1
88 43 1 0 1000000 1
88 56 1 0 1000000 1
88 66 1 0 1000000 1
88 73 1 0 1000000 1
88 74 1 0 1000000 1
88 81 1 0 1000000 1
88 82 1 0 1000000 1
88 92 1 0 1000000 1
89 13 1 0 1000000 1
89 16 1 0 1000000 1
89 23 1 0 1000000 1
89 29 1 0 1000000 1
89 30 1 0 1000000 1
89 35 1 0 1000000 1
89 44 1 0 1000000 1
89 46 1 0 1000000 1
89 65 1 0 1000000 1
89 76 1 0 1000000 1
89 98 1 0 1000000 1
90 5 1 0 1000000 1
90 22 1 0 1000000 1
90 32 1 0 1000000 1
90 42 1 0 1000000 1
90 49 1 0 1000000 1
90 52 1 0 1000000 1
90 55 1 0 1000000 1
90 67 1 0 1000000 1
90 75 1 0 1000000 1
90 76 1 0 1000000 1
90 92 1 0 1000000 1
90 96 1 0 1000000 1
91 0 1 0 1000000 1
91 1 1 0 1000000 1
91 22 1 0 1000000 1
91 37 1 0 1000000 1
91 39 1 0 1000000 1
91 41 1 0 1000000 1
91 48 1 0 1000000 1
91 57 1 0 1000000 1
91 64 1 0 1000000 1
91 72 1 0 1000000 1
91 75 1 0 1000000 1
91 88 1 0 1000000 1
91 90 1 0 1000000 1
92 0 1 0 1000000 1
92 16 1 0 1000000 1
92 29 1 0 1000000 1
92 30 1 0 1000000 1
92 44 1 0 1000000 1
92 72 1 0 1000000 1
92 79 1 0 1000000 1
92 81 1 0 1000000 1
92 91 1 0 1000000 1
93 18 1 0 1000000 1
93 21 1 0 1000000 1
93 42 1 0 1000000 1
93 45 1 0 1000000 1
93 58 1 0 1000000 1
93 75 1 0 1000000 1
93 77 1 0 1000000 1
93 79 1 0 1000000 1
93 94 1 0 1000000 1
94 6 1 0 1000000 1
94 24 1 0 1000000 1
94 39 1 0 1000000 1
94 60 1 0 1000000 1
94 61 1 0 1000000 1
94 72 1 0 1000000 1
94 78 1 0 1000000 1
94 88 1 0 1000000 1
95 14 1 0 1000000 1
95 19 1 0 1000000 1
95 23 1 0 1000000 1
95 34 1 0 1000000 1
95 40 1 0 1000000 1
95 49 1 0 1000000 1
95 53 1 0 1000000 1
95 54 1 0 1000000 1
95 60 1 0 1000000 1
95 71 1 0 1000000 1
95 81 1 0 1000000 1
96 1 1 0 1000000 1
96 9 1 0 1000000 1
96 13 1 0 1000000 1
96 14 1 0 1000000 1
96 17 1 0 1000000 1
96 25 1 0 1000000 1
96 32 1 0 1000000 1
96 35 1 0 1000000 1
96 43 1 0 1000000 1
96 47 1 0 1000000 1
96 56 1 0 1000000 1
96 64 1 0 1000000 1
96 98 1 0 1000000 1
97 0 1 0 1000000 1
97 16 1 0 1000000 1
97 22 1 0 1000000 1
97 40 1 0 1000000 1
97 49 1 0 1000000 1
97 54 1 0 1000000 1
97 67 1 0 1000000 1
97 69 1 0 1000000 1
97 72 1 0 1000000 1
97 81 1 0 1000000 1
97 85 1 0 1000000 1
97 92 1 0 1000000 1
97 94 1 0 1000000 1
97 96 1 0 1000000 1
98 11 1 0 1000000 1
98 33 1 0 1000000 1
98 42 1 0 1000000 1
98 50 1 0 1000000 1
98 58 1 0 1000000 1
98 66 1 0 1000000 1
98 83 1 0 1000000 1
99 11 1 0 1000000 1
99 13 1 0 1000000 1
99 14 1 0 1000000 1
99 22 1 0 1000000 1
99 23 1 0 1000000 1
99 26 1 0 1000000 1
99 32 1 0 1000000 1
99 37 1 0 1000000 1
99 42 1 0 1000000 1
99 63 1 0 1000000 1
99 71 1 0 1000000 1
99 74 1 0 1000000 1
99 81 1 0 1000000 1
99 89 1 0 1000000 1
99 92 1 0 1000000 1
