1000 3000
0 357 1 10 2 2
0 631 3 7 10 3
0 677 3 14 12 5
1 381 5 11 4 8
1 592 5 13 4 6
1 882 3 14 1 3
2 289 4 4 3 6
2 429 3 3 6 4
3 93 1 6 6 5
3 183 5 13 3 14
3 883 5 2 1 13
3 928 3 0 2 2
4 63 4 13 7 6
4 380 1 4 2 2
4 548 2 10 1 2
4 623 1 6 7 3
4 831 4 12 6 8
6 4 1 10 2 13
6 16 1 6 5 5
6 202 4 12 1 2
6 268 1 16 6 11
6 518 4 8 6 5
6 781 3 0 2 12
7 540 4 11 1 3
8 183 3 16 5 4
8 356 5 10 1 2
8 481 4 16 6 2
8 566 4 17 8 5
9 120 5 17 1 5
10 77 1 7 9 3
10 84 1 17 4 4
10 398 1 8 3 2
11 323 2 3 1 4
11 632 3 13 4 9
11 637 2 10 12 2
11 645 3 4 1 16
11 723 3 5 1 3
11 727 3 15 2 4
13 109 3 1 1 12
13 162 2 7 1 1
13 717 5 1 5 3
13 821 5 13 13 2
14 239 4 9 1 1
14 425 3 5 10 3
14 459 3 15 1 5
14 665 3 9 7 10
14 906 4 14 6 10
15 186 4 3 2 5
15 337 4 5 1 3
15 684 4 1 4 4
15 693 2 0 1 1
15 972 5 3 6 5
16 354 2 8 4 2
16 774 1 13 2 6
16 956 5 16 1 1
17 2 5 11 3 2
17 292 3 7 8 3
17 493 1 11 2 5
17 723 3 17 2 7
18 237 3 12 1 5
18 377 4 14 3 8
18 491 1 5 12 4
18 960 3 15 2 5
19 72 1 2 1 2
19 215 1 9 2 4
19 466 2 15 2 4
20 253 4 10 1 5
20 625 2 8 1 7
20 829 1 13 6 5
20 932 3 3 5 8
20 981 5 0 7 5
21 934 3 13 7 9
22 28 4 11 1 12
22 171 4 3 4 2
22 684 4 9 3 2
23 18 2 7 6 8
23 56 3 2 1 10
23 333 2 8 1 5
23 750 2 16 1 16
23 957 2 10 3 3
24 9 3 15 14 2
24 304 2 16 1 1
24 441 5 13 1 4
25 394 2 0 6 9
25 878 2 4 2 3
25 917 1 1 14 2
26 493 2 3 9 2
26 702 3 6 2 10
27 78 1 2 4 3
27 577 5 3 3 5
27 694 2 14 14 3
28 381 5 6 1 1
28 485 3 15 1 9
28 688 1 7 1 4
29 17 1 6 10 3
29 166 2 4 5 9
29 479 4 12 2 8
29 500 1 6 2 11
29 537 4 6 2 2
29 853 5 16 3 2
30 58 5 12 6 4
30 145 3 9 7 2
31 211 3 6 2 3
32 49 2 10 5 3
32 386 2 1 1 8
33 294 3 10 3 5
33 450 1 11 1 1
33 819 5 12 1 8
34 59 5 7 1 4
34 386 1 17 1 2
34 885 1 17 2 2
35 145 4 8 2 4
35 266 1 3 4 8
35 680 3 16 1 2
36 145 1 6 3 12
36 386 3 14 7 3
36 698 3 13 1 2
36 857 1 0 7 3
37 25 5 8 10 3
37 257 5 16 11 2
38 164 3 10 11 3
38 321 5 11 5 3
38 515 2 15 2 7
39 335 2 2 8 3
39 480 2 0 6 2
39 712 5 15 8 8
40 984 5 3 8 5
41 334 4 1 2 8
41 724 1 15 1 15
41 941 1 11 1 3
42 488 2 13 9 6
44 324 1 3 11 3
44 623 3 11 3 4
44 800 4 10 10 7
44 932 1 11 2 5
45 57 3 5 3 3
45 155 5 9 2 4
45 812 2 9 2 15
46 49 3 13 10 2
46 311 2 16 5 5
46 736 3 2 2 8
47 713 3 3 10 3
47 830 2 11 1 3
47 890 5 7 2 6
47 929 4 12 1 2
48 182 4 11 11 6
48 275 4 14 5 7
48 564 4 14 1 2
48 752 4 6 9 3
48 754 1 14 4 7
48 857 1 1 2 2
48 966 4 9 4 2
49 290 5 14 2 11
49 563 1 8 7 9
49 678 5 2 1 2
49 694 4 9 9 2
50 41 2 15 2 10
50 116 4 12 2 2
50 254 1 6 6 2
50 433 4 11 7 9
50 492 3 0 5 3
51 154 1 4 1 3
51 200 4 1 1 3
52 46 2 7 1 8
52 889 2 10 1 3
52 960 3 0 1 1
53 100 3 3 10 4
53 381 2 4 1 2
53 411 1 17 5 7
53 746 3 10 5 3
53 870 1 8 1 8
53 939 1 14 8 2
54 345 4 8 6 7
54 966 3 10 1 10
55 187 4 13 1 5
55 868 1 10 1 3
56 418 2 14 6 6
56 869 2 5 1 2
57 356 1 4 1 3
57 601 5 7 5 9
57 947 2 6 7 9
58 180 4 12 1 2
58 551 1 16 4 6
59 209 1 8 3 2
59 229 4 13 11 3
59 638 2 6 4 11
60 748 4 14 3 2
61 654 4 14 7 2
64 75 1 11 1 1
64 603 4 14 6 3
64 842 5 8 1 1
65 291 2 10 3 13
65 723 2 5 8 6
65 901 3 16 2 2
65 974 4 6 1 2
66 84 3 16 4 8
66 276 1 10 1 1
66 299 2 6 1 1
66 359 1 11 1 9
66 627 1 6 4 9
67 333 1 7 1 9
68 286 1 3 1 2
68 343 5 3 2 2
68 491 1 7 14 2
68 613 5 11 7 3
68 696 4 14 1 2
69 636 4 11 1 3
69 896 2 14 5 10
70 136 4 7 4 2
70 430 2 8 2 3
70 965 2 16 1 5
71 100 5 0 1 9
71 139 2 2 4 9
71 534 4 5 4 4
71 615 5 6 3 4
71 782 5 5 1 4
72 462 5 1 2 2
73 221 4 5 7 9
73 291 4 8 1 4
73 481 2 2 8 2
73 666 1 8 3 8
73 718 3 17 2 3
73 889 2 4 1 13
74 279 5 12 9 3
74 958 2 8 1 7
75 26 3 9 1 2
75 362 5 8 9 2
75 586 3 5 1 12
75 928 2 3 1 3
75 964 1 14 1 2
76 9 2 9 8 3
76 36 5 7 7 5
76 116 2 0 7 4
76 528 2 3 4 3
77 753 3 12 1 9
78 75 4 6 8 7
79 32 5 17 7 6
79 201 4 16 1 4
79 293 2 2 11 3
79 527 3 11 6 9
79 714 5 7 3 10
79 743 4 3 9 7
80 933 2 13 2 4
81 268 2 10 7 3
81 526 2 5 6 7
81 599 1 10 4 5
81 771 2 14 10 2
81 899 1 10 5 3
82 107 1 1 3 3
82 124 4 1 12 2
82 833 1 12 1 7
83 757 5 8 3 4
83 790 3 16 9 7
84 39 3 8 1 6
84 634 4 17 1 2
84 798 3 11 5 8
84 933 4 2 4 13
85 12 4 7 9 6
85 69 5 12 4 2
85 273 2 0 1 11
86 296 3 1 1 3
86 345 4 15 13 3
86 987 4 5 2 14
87 408 3 10 5 3
87 682 5 8 1 7
87 700 4 5 5 3
87 870 5 1 8 7
88 923 1 10 1 3
89 236 1 11 3 4
89 427 1 10 6 9
89 459 2 9 3 2
89 476 4 16 3 3
89 650 1 6 10 2
89 693 5 15 1 2
89 726 5 0 2 7
89 879 4 7 5 4
90 378 5 10 2 9
90 731 3 12 1 4
90 789 2 1 9 5
91 415 5 7 4 11
92 97 4 2 6 10
92 486 4 9 1 3
92 488 2 12 9 7
92 761 5 10 8 4
93 32 1 5 1 6
93 521 2 17 1 15
94 257 4 10 3 4
94 303 5 15 1 8
94 779 4 6 2 4
95 358 5 6 1 9
95 741 1 8 1 1
96 860 4 17 2 4
97 251 4 10 4 8
97 491 2 10 5 2
97 597 2 9 3 5
98 705 3 11 1 4
98 906 1 3 1 2
99 5 5 10 1 1
99 224 2 17 1 3
99 275 4 13 1 1
99 345 4 0 2 6
99 431 2 13 5 2
99 533 5 11 6 9
99 784 2 3 10 3
100 112 5 9 3 8
100 120 5 5 7 6
101 171 4 15 9 8
101 480 5 3 6 2
101 674 3 8 2 4
101 800 1 15 15 2
102 68 5 14 6 2
102 662 4 0 8 5
103 516 5 6 1 9
103 779 3 13 11 6
104 149 1 15 2 6
104 741 5 0 11 4
104 964 3 14 1 10
104 980 4 17 2 9
105 503 5 9 3 2
105 610 3 5 3 12
105 642 2 3 10 4
105 796 4 13 2 11
106 243 3 9 1 1
106 301 1 1 5 9
106 356 1 7 2 3
106 776 2 12 4 6
107 178 4 10 8 3
107 363 2 3 7 3
108 318 3 0 2 6
109 104 2 8 13 3
109 355 5 8 3 12
109 575 5 5 6 6
109 850 1 6 10 7
109 971 3 12 2 14
110 67 2 16 1 2
111 704 4 9 3 3
112 99 5 16 2 5
112 203 5 13 1 4
112 536 1 4 12 2
112 550 2 6 11 2
113 517 4 11 1 15
113 579 4 12 6 3
113 672 5 3 11 3
113 961 5 4 1 6
114 4 5 2 3 9
114 638 2 5 1 3
115 190 2 16 7 3
116 8 1 7 1 9
116 270 5 15 5 7
116 412 5 5 3 9
116 417 1 8 1 4
116 677 1 6 6 7
116 710 3 5 1 1
116 741 3 15 1 1
117 561 4 4 6 3
117 641 3 9 2 3
117 647 4 11 1 3
117 879 2 12 2 15
117 993 1 10 1 1
118 51 5 10 1 3
118 395 1 13 7 4
118 546 1 7 5 3
118 673 1 1 1 1
118 694 3 8 9 4
119 5 2 6 8 6
119 356 5 2 1 2
119 358 5 17 2 3
119 553 4 13 5 7
119 841 3 13 3 3
120 160 5 17 3 13
120 520 2 8 3 2
120 633 5 4 4 5
120 634 2 9 10 6
121 283 2 16 8 3
121 883 3 9 2 13
121 941 2 8 4 4
123 338 4 15 2 2
123 462 5 5 1 2
123 600 5 0 3 7
124 786 1 17 9 3
125 180 1 9 4 2
125 690 2 0 3 5
126 193 3 12 2 5
126 258 5 0 2 4
126 445 2 0 5 4
127 707 3 12 5 12
127 842 4 17 4 7
128 417 5 2 1 5
128 476 4 0 8 9
128 516 1 4 2 2
128 732 3 0 8 8
129 381 2 1 5 7
129 588 2 1 4 9
130 20 4 16 2 2
130 44 1 10 3 6
130 445 3 11 2 9
131 331 3 9 2 3
131 467 5 13 3 10
131 595 3 9 2 5
131 645 5 1 1 2
132 445 3 16 6 7
132 604 2 8 1 3
132 841 1 9 6 2
133 162 5 5 1 3
133 321 3 10 1 15
133 327 5 7 7 6
133 555 4 8 7 9
133 858 1 7 6 2
134 418 3 3 1 1
135 234 5 6 9 3
135 637 4 5 1 7
135 642 1 17 3 4
135 757 5 3 2 3
136 214 1 7 11 5
136 229 1 6 1 6
136 244 5 16 1 2
136 386 4 14 4 4
137 202 3 1 5 9
137 258 2 17 15 2
137 508 3 14 2 2
137 705 4 8 3 6
138 345 2 6 1 6
138 744 5 16 3 4
138 995 1 11 1 8
139 167 5 11 2 10
139 209 4 15 2 4
139 420 2 9 3 8
139 754 2 5 6 5
140 161 4 10 8 2
140 602 2 2 6 2
141 100 2 15 8 7
141 414 4 14 2 2
141 458 5 6 1 14
141 464 5 4 8 8
141 880 5 2 9 3
143 165 2 3 2 2
143 464 2 7 6 8
143 500 2 10 2 4
143 939 3 7 1 10
144 156 3 3 1 5
144 249 1 3 5 10
144 921 5 13 1 5
145 254 1 14 1 2
145 300 2 7 5 10
145 661 5 10 4 7
145 988 5 5 5 7
146 271 2 1 3 11
146 693 1 7 3 6
146 818 3 12 14 3
146 899 3 1 1 8
147 523 3 16 1 1
147 706 3 5 2 12
148 62 2 15 1 1
148 547 1 5 1 16
149 579 5 6 1 16
149 700 3 10 3 2
149 725 3 5 8 8
149 820 2 5 2 2
150 676 5 13 11 5
150 775 1 3 3 4
151 209 5 6 1 4
151 388 3 13 3 4
151 638 3 5 2 12
151 838 4 0 4 3
152 216 4 1 2 13
152 490 1 5 1 2
152 659 4 17 1 3
153 151 5 9 1 4
153 155 3 11 2 2
153 279 2 15 8 8
153 724 5 14 4 5
154 897 4 4 3 2
155 178 5 11 5 3
155 228 4 9 2 11
155 803 1 15 1 3
156 248 2 15 3 4
156 253 2 17 2 7
156 695 5 8 2 11
156 758 3 2 7 2
156 802 1 7 2 3
157 90 1 17 12 2
157 486 2 3 10 2
157 548 1 8 7 7
157 590 3 11 1 11
157 771 1 5 4 2
159 593 5 16 5 8
160 228 1 14 2 4
160 586 3 9 3 7
160 795 4 16 2 2
160 819 2 11 6 3
161 226 3 12 12 2
161 249 4 0 3 12
161 260 5 15 1 7
161 432 1 2 2 2
161 807 3 13 4 2
162 42 2 6 7 4
162 145 1 0 1 2
162 477 5 3 1 6
162 548 3 13 11 2
162 880 3 13 4 12
163 144 2 13 1 1
163 258 2 8 3 10
163 309 1 15 1 2
163 575 4 1 4 5
164 43 5 15 2 6
164 731 4 14 1 6
165 677 3 1 4 3
165 703 2 11 5 5
165 796 1 16 4 9
166 751 3 9 7 4
167 285 2 15 11 5
167 737 3 16 4 5
169 276 5 6 1 1
169 607 2 4 1 4
170 96 1 10 6 6
170 186 3 1 6 3
170 364 1 13 3 11
170 516 2 15 5 2
170 534 4 0 4 2
170 543 4 6 6 7
170 602 4 1 5 9
170 867 4 7 3 7
171 134 1 17 2 13
171 881 5 4 8 5
172 229 5 4 1 1
172 409 1 11 6 6
172 483 2 11 5 5
172 830 3 0 4 6
173 363 2 12 1 1
173 433 5 9 3 7
173 645 2 0 7 3
173 743 2 8 5 8
173 969 2 9 2 9
174 227 4 2 11 3
174 460 5 2 4 2
174 892 4 12 9 4
175 443 5 0 5 11
176 462 1 15 3 14
176 632 3 5 2 8
176 906 2 14 3 3
176 965 3 13 5 4
177 5 4 10 1 7
177 433 1 17 1 2
177 597 5 3 10 5
179 549 3 10 3 13
180 219 4 14 3 8
181 168 3 4 1 4
181 195 4 10 4 6
181 249 2 0 5 12
181 276 2 4 2 5
181 427 2 7 7 6
181 644 4 13 4 8
181 668 1 3 11 2
181 831 4 10 2 13
182 2 1 10 3 3
182 42 4 7 8 5
182 505 4 14 3 3
182 673 5 13 1 2
182 691 2 11 3 10
182 848 5 12 2 12
183 43 2 10 6 4
183 467 4 0 3 10
183 514 1 1 7 2
183 702 2 16 2 8
183 833 1 17 4 3
184 45 5 1 6 2
184 563 3 5 5 3
184 647 3 3 2 3
184 899 2 14 1 3
185 231 3 17 1 6
185 545 5 0 2 3
186 3 2 8 6 5
186 268 4 15 6 8
186 558 5 3 11 2
186 640 5 2 14 3
186 792 3 13 1 1
186 898 3 4 1 14
187 602 1 13 4 4
187 744 3 15 5 4
188 34 5 17 6 11
188 172 1 1 7 8
188 380 5 3 11 3
189 695 4 17 1 4
190 577 4 9 1 12
190 588 3 11 1 16
190 824 5 5 1 3
190 909 1 14 11 6
191 68 3 3 1 10
191 698 5 10 13 2
191 909 3 17 4 4
192 138 2 16 13 4
192 436 5 2 11 3
193 333 3 8 7 7
193 680 1 0 1 3
193 992 5 11 1 13
194 19 2 0 3 14
194 44 4 12 14 2
194 135 3 1 3 7
194 403 5 2 3 11
194 642 1 2 7 7
194 857 2 9 8 6
195 41 2 8 5 8
195 678 4 3 1 2
195 765 5 12 1 1
195 885 3 3 1 4
196 952 5 0 1 15
197 240 2 10 8 8
197 575 1 1 1 2
198 379 3 4 3 2
198 470 3 11 8 3
198 474 4 3 11 4
199 554 5 1 6 8
201 55 5 7 15 2
201 318 3 10 6 2
201 379 4 0 4 13
201 450 4 7 8 3
201 788 3 3 8 9
202 17 1 13 1 2
202 174 3 14 3 12
202 224 2 17 8 5
202 290 3 0 4 2
202 463 3 4 6 6
202 529 1 11 4 13
202 607 4 1 8 4
202 901 5 9 2 7
202 978 3 13 3 2
203 263 3 6 1 3
203 705 5 14 1 1
204 185 2 8 6 3
204 309 3 1 4 4
204 315 1 8 10 7
204 349 4 16 5 8
204 480 5 7 6 10
205 228 5 9 6 6
205 243 1 15 3 4
206 785 1 14 3 2
206 817 1 17 2 3
207 710 4 9 5 11
208 132 4 17 2 2
208 168 1 14 1 2
208 643 1 15 1 8
209 517 5 16 2 5
209 700 5 11 6 10
209 701 3 6 2 8
210 548 3 0 1 8
211 75 4 12 6 7
211 205 1 15 4 11
211 219 1 9 8 4
211 285 1 6 6 7
211 467 4 0 5 11
211 564 1 4 1 2
211 975 2 7 1 1
212 490 2 14 8 4
213 457 4 11 2 3
214 326 1 7 5 3
214 477 2 2 1 3
214 505 4 17 5 2
214 708 1 16 9 4
215 44 1 9 5 6
215 149 4 5 3 2
215 283 3 2 2 11
215 788 5 9 7 2
216 42 3 8 10 7
216 441 2 0 4 11
216 583 4 10 9 2
216 745 1 1 5 3
217 559 3 2 7 10
217 723 5 6 2 2
217 948 5 5 2 8
218 42 3 7 8 7
218 225 5 12 1 2
218 278 4 9 1 8
218 420 2 15 1 6
219 126 5 3 2 2
220 324 2 6 1 2
220 782 4 4 3 6
220 911 1 9 12 2
220 937 4 15 4 11
221 34 2 11 7 6
221 75 4 6 10 4
221 240 2 14 7 6
221 558 2 2 2 6
222 282 4 0 1 1
222 348 5 5 9 4
222 778 3 17 1 3
223 122 1 12 2 13
223 706 4 14 3 3
223 930 5 4 1 6
223 997 3 7 1 2
224 449 3 4 1 1
224 476 3 1 1 1
224 752 1 17 1 5
224 859 3 0 1 2
225 253 2 2 7 9
225 311 3 4 9 4
225 630 5 1 1 13
225 746 2 6 1 2
225 877 1 9 8 4
226 7 1 1 6 5
226 75 4 5 11 2
226 965 3 6 1 15
227 208 1 17 2 8
227 285 5 6 13 3
227 394 4 14 3 2
227 545 4 1 10 7
227 836 1 17 1 2
227 982 3 15 2 2
228 265 4 4 1 1
229 7 5 1 1 5
229 735 2 15 1 1
229 744 4 1 1 1
230 566 3 9 4 6
230 787 5 12 9 6
231 96 2 4 5 6
232 131 2 1 4 8
232 848 3 8 1 9
232 943 1 4 4 9
233 292 4 13 1 2
233 302 3 0 5 10
233 625 2 16 3 8
234 610 1 14 2 8
235 140 5 16 1 1
235 167 3 0 8 5
235 309 3 11 3 5
235 468 4 2 6 2
235 565 4 17 12 3
236 182 1 10 1 5
236 206 3 8 9 5
236 599 3 11 3 14
236 618 1 16 5 8
236 651 3 3 5 6
236 675 4 16 1 2
236 815 3 12 5 4
236 896 2 3 1 14
237 145 4 7 1 16
237 483 3 16 2 6
237 496 5 1 7 3
239 640 1 8 9 3
239 642 2 14 10 2
239 672 2 11 1 12
240 115 5 16 4 2
240 135 4 13 8 6
240 140 2 1 9 2
240 902 4 2 3 5
240 918 5 13 1 5
241 154 4 2 1 1
241 420 4 11 5 3
241 567 3 4 4 9
241 874 3 11 5 7
242 27 3 4 2 4
242 34 5 2 4 5
242 360 5 9 11 3
243 676 2 3 1 2
243 853 5 10 5 3
244 654 2 12 6 9
244 755 4 7 8 3
245 70 5 16 1 13
245 293 3 1 2 7
245 447 2 4 1 5
246 590 5 14 11 3
246 895 1 17 2 2
246 897 4 5 6 6
247 567 2 0 5 4
247 618 3 13 2 6
247 955 2 9 5 12
248 14 4 12 3 2
248 175 4 7 1 2
248 531 4 2 1 4
249 292 1 6 9 7
250 13 4 14 7 2
250 109 5 3 2 5
250 150 4 14 13 3
250 404 3 3 2 2
250 499 1 1 2 2
250 543 5 15 1 7
250 917 5 3 2 9
251 340 1 13 9 5
251 404 5 10 3 3
251 503 2 11 5 2
251 822 5 1 8 6
251 912 2 16 3 4
252 1 3 11 5 5
252 11 5 3 3 2
252 628 1 0 1 3
252 635 2 2 3 7
253 96 1 7 4 5
253 493 1 2 6 7
254 156 4 13 4 7
254 607 5 11 9 8
255 351 3 10 1 6
255 382 4 16 4 4
256 204 5 10 5 3
256 241 2 13 10 2
257 5 3 15 4 9
257 406 5 13 5 11
257 570 1 13 3 6
258 654 4 15 6 3
258 672 4 5 1 4
258 898 4 3 2 14
259 152 1 12 9 5
259 457 5 11 1 8
259 735 1 9 2 3
259 756 2 13 1 2
259 931 2 6 5 2
260 64 5 4 1 5
261 56 1 5 12 5
261 834 3 15 4 13
261 835 5 17 13 2
262 920 5 17 6 4
262 938 2 1 3 5
263 894 3 12 1 2
263 900 1 14 1 11
264 396 4 11 2 3
264 942 4 9 12 2
265 151 2 16 9 6
265 580 2 12 7 10
266 382 3 13 1 7
266 553 5 7 2 3
267 180 5 14 1 1
268 607 3 9 5 9
268 770 5 15 4 13
268 836 2 12 11 2
268 984 2 17 3 13
269 516 3 9 10 4
269 528 2 8 8 2
269 787 5 5 7 3
270 125 3 3 3 14
270 925 2 15 1 9
271 664 4 4 6 5
272 850 4 6 1 15
273 422 5 8 14 2
273 472 2 11 1 12
273 798 4 15 10 5
273 917 4 6 2 2
274 186 4 10 5 10
274 762 5 16 4 5
274 933 1 8 7 2
275 274 5 16 5 3
275 744 5 0 3 3
275 750 1 2 10 3
275 767 1 17 4 2
275 912 3 17 12 3
275 995 5 14 4 4
276 148 2 8 2 2
276 166 1 12 1 2
276 400 2 7 8 4
276 594 3 11 9 7
276 791 5 4 4 2
277 153 5 1 8 6
277 271 4 2 1 5
277 373 4 13 1 8
277 433 5 7 3 3
277 583 1 14 1 10
278 110 2 7 1 1
278 869 1 1 3 14
278 927 1 4 3 10
278 975 4 2 1 3
279 124 1 14 1 2
279 174 2 17 3 3
279 284 5 17 1 8
279 366 2 10 3 5
279 967 4 7 4 5
279 997 2 8 1 3
280 125 1 3 2 9
280 686 5 6 6 4
280 899 3 2 9 5
280 971 5 0 1 1
282 314 3 12 1 3
282 442 1 4 8 4
282 512 5 0 1 1
282 751 3 6 1 5
282 781 1 4 9 3
282 812 2 4 7 4
282 971 4 17 3 3
283 631 3 7 1 6
283 853 4 5 2 8
284 517 5 5 6 3
284 599 5 15 5 10
284 723 2 11 4 10
285 737 2 16 8 3
285 827 2 12 13 3
285 847 2 0 4 9
286 347 4 16 2 10
286 757 4 15 12 2
286 839 1 6 1 1
287 670 5 1 7 5
287 687 2 6 1 9
287 722 5 6 1 3
289 92 2 7 11 3
289 111 4 12 7 9
289 838 3 3 1 6
290 150 5 10 2 3
291 99 2 11 1 3
291 106 1 16 6 5
291 508 1 4 1 13
292 324 4 8 2 6
292 339 1 15 1 2
292 544 1 13 2 3
292 671 3 7 2 8
292 861 2 13 10 5
293 90 4 6 7 10
293 241 1 3 1 2
293 780 1 16 1 3
294 83 4 6 3 6
294 495 2 2 5 2
294 984 3 13 1 11
295 730 4 4 6 11
295 940 3 7 15 2
296 82 5 17 1 2
296 375 3 10 1 7
296 533 5 17 2 7
296 535 5 10 1 2
296 715 2 16 4 8
296 933 2 1 4 12
297 211 3 15 2 8
297 243 1 0 1 7
298 33 1 13 2 15
298 34 1 9 7 2
298 64 1 7 1 3
298 870 4 15 5 7
299 127 1 2 1 1
299 634 3 14 2 12
299 798 3 1 1 2
300 194 2 15 3 7
300 511 5 16 2 2
300 570 3 6 11 3
300 673 3 4 4 7
300 688 3 7 3 13
300 750 2 1 1 1
300 776 4 14 9 2
300 799 2 12 3 5
300 952 4 11 1 1
301 200 5 4 4 2
301 275 3 7 3 5
301 516 1 13 1 12
302 16 2 8 9 4
302 246 2 7 4 8
302 538 1 15 3 8
303 114 3 6 1 16
303 241 5 4 7 9
304 273 2 14 1 1
304 729 3 7 2 5
304 760 4 17 1 5
305 14 2 17 1 1
305 22 1 7 1 5
305 160 1 11 6 2
305 630 1 12 4 5
306 934 2 13 5 6
307 308 5 17 8 4
307 885 4 3 2 2
308 2 5 10 2 6
308 43 5 12 3 10
308 125 1 11 5 3
308 188 4 1 4 8
308 195 3 16 8 4
308 270 2 13 9 2
308 289 3 0 1 16
308 309 3 5 2 4
308 521 5 10 6 3
308 551 5 15 8 7
309 42 2 17 3 4
309 701 3 15 4 4
310 1 2 11 6 7
311 478 4 4 5 6
311 723 5 9 13 3
311 857 5 3 1 1
312 304 4 5 11 6
312 778 2 0 3 6
312 979 5 8 2 15
313 136 1 15 5 10
313 274 2 3 3 3
313 562 1 3 4 13
313 666 3 12 1 1
313 764 3 2 7 8
314 470 2 6 5 3
314 911 3 6 10 4
315 848 1 9 7 6
316 185 2 13 2 4
316 802 1 15 3 3
317 581 4 12 6 5
317 643 4 12 1 3
317 867 4 12 3 5
317 905 1 5 4 4
317 956 5 16 3 8
318 220 4 3 9 4
318 417 5 11 6 5
318 735 1 10 11 2
318 981 3 6 7 4
319 358 5 12 8 9
319 690 2 13 4 2
319 942 4 3 1 1
319 961 1 4 10 6
320 113 4 13 1 4
320 583 3 10 2 6
320 611 5 16 3 3
320 711 4 12 1 2
322 278 1 6 6 3
322 306 3 12 3 14
324 407 5 1 9 2
324 745 3 8 2 6
324 872 2 5 2 9
324 904 2 16 8 6
325 236 4 3 2 3
326 296 1 2 2 5
326 366 2 10 8 4
326 569 2 5 1 11
326 938 2 11 3 2
327 101 5 12 1 1
327 647 2 3 5 5
328 226 3 7 10 4
328 470 3 11 9 8
328 631 3 8 1 2
329 802 2 9 3 13
330 388 2 16 10 6
330 720 4 15 9 6
330 941 3 1 8 2
331 253 5 9 7 3
331 359 3 0 5 3
331 365 4 2 3 7
332 152 3 16 11 5
332 693 4 6 7 3
332 792 4 2 1 10
332 951 4 0 2 10
333 102 3 8 11 4
333 487 5 4 5 4
333 765 2 13 1 3
333 815 5 11 7 3
333 899 5 17 1 5
335 95 2 15 2 12
335 406 5 9 1 15
335 473 5 1 6 6
335 485 3 17 10 4
335 876 5 1 12 3
336 528 3 10 1 13
337 6 1 2 8 7
337 213 1 3 3 8
338 330 2 6 2 6
338 425 3 7 12 5
338 587 3 6 10 5
339 157 1 13 2 11
339 334 2 2 1 3
339 613 1 16 4 10
339 889 2 8 3 9
339 903 2 14 11 2
340 105 3 2 10 7
340 687 3 2 3 11
341 105 3 4 1 16
341 480 2 4 2 7
341 710 2 12 7 8
341 764 5 6 4 4
342 74 5 15 14 2
343 386 2 17 1 4
343 393 5 7 2 2
343 692 3 9 8 9
344 38 4 3 10 4
344 644 3 4 1 7
344 943 2 5 6 7
344 948 2 0 5 12
345 282 1 9 7 8
346 408 3 17 2 3
346 475 5 4 2 7
346 908 5 16 3 3
347 8 2 12 1 3
347 318 1 9 6 4
347 371 4 10 2 12
347 386 3 4 2 5
347 662 3 9 2 2
348 225 4 16 11 3
348 385 2 10 1 8
348 876 1 10 6 7
348 914 5 2 4 3
349 312 1 15 6 3
349 923 4 3 10 5
350 443 1 2 1 14
350 960 3 13 2 2
350 991 2 7 1 4
351 566 5 3 5 7
351 618 3 16 4 9
352 235 1 3 11 6
353 104 1 12 2 3
353 689 5 8 5 8
353 966 3 2 7 3
353 975 4 8 5 3
354 89 2 8 1 3
354 135 2 6 1 1
354 324 1 15 4 12
355 179 2 2 2 10
355 699 3 0 10 2
355 813 4 1 1 2
356 208 2 5 4 4
357 803 5 2 1 1
358 484 3 12 3 7
359 372 1 0 4 10
360 39 3 7 6 2
360 683 4 7 4 10
360 896 2 5 2 14
361 646 2 14 4 11
361 765 2 8 1 3
361 900 1 6 2 12
362 20 3 16 2 12
362 41 5 7 3 4
362 85 2 13 2 5
362 545 4 2 4 3
362 553 4 17 6 2
362 743 4 4 7 3
362 926 5 5 1 2
363 118 2 11 11 2
363 215 3 7 2 2
363 315 1 1 6 3
363 510 3 15 9 5
364 204 5 6 1 2
364 938 3 15 3 3
365 414 4 7 6 6
365 869 3 14 5 4
365 972 3 15 5 9
366 335 5 15 6 11
366 358 3 4 1 4
367 218 4 14 2 3
367 669 1 0 2 7
367 917 4 6 1 3
368 557 4 6 1 7
368 625 3 12 1 2
368 744 1 10 15 2
368 852 3 11 2 2
369 155 1 1 1 4
369 947 3 13 14 2
370 128 3 14 1 1
370 266 2 13 1 9
371 90 5 2 3 14
371 208 3 3 3 6
371 530 4 0 1 1
371 758 2 0 5 2
371 762 4 16 4 3
371 816 3 6 1 2
372 59 1 9 1 3
372 152 2 1 10 5
372 284 3 10 2 2
373 890 5 8 5 4
374 348 5 0 8 2
374 579 1 2 4 10
374 604 2 15 13 2
375 71 5 11 4 3
375 178 2 7 12 4
375 457 5 1 6 8
375 567 1 0 9 3
375 857 5 6 1 1
376 248 5 12 2 11
377 214 5 7 4 9
378 885 4 7 1 2
379 409 5 2 13 2
380 60 2 3 2 15
380 246 3 1 8 3
380 375 3 7 1 5
380 616 2 9 1 8
380 893 3 16 5 7
381 48 4 7 10 2
381 130 1 1 7 8
382 201 4 0 1 2
382 463 3 14 1 2
382 511 3 2 1 9
382 633 2 3 4 7
382 704 2 1 3 7
382 771 1 11 1 5
383 775 1 17 2 5
383 779 3 6 3 11
384 83 3 6 6 6
384 731 1 1 2 5
385 574 3 17 1 1
385 718 5 4 2 14
386 624 2 15 3 8
387 256 2 3 9 3
388 329 3 0 13 3
388 858 5 0 10 5
388 915 3 5 9 8
389 25 1 15 4 3
389 297 4 6 1 11
389 529 2 16 14 2
389 556 5 1 2 7
390 124 1 16 5 4
390 376 1 13 1 1
390 456 3 12 6 8
391 87 4 3 1 13
391 886 5 0 8 5
391 949 2 15 5 6
392 279 4 2 8 4
392 442 4 10 1 13
392 931 2 5 4 2
393 119 1 10 6 10
393 456 3 14 1 4
394 9 3 16 1 4
394 44 5 3 2 6
394 387 3 15 3 8
394 563 3 0 2 2
395 167 1 8 7 2
395 607 5 13 4 9
395 741 5 3 1 9
396 628 4 13 1 4
397 540 1 1 2 11
399 221 3 1 6 6
399 943 4 3 2 2
399 968 2 12 4 2
400 132 3 7 3 3
400 892 2 12 5 2
401 133 1 10 2 2
401 431 4 1 10 6
401 997 2 9 10 2
402 40 5 11 1 16
402 306 3 1 1 4
402 343 4 7 4 3
402 515 4 14 8 6
402 516 4 1 3 12
402 728 3 16 5 7
403 53 2 16 9 3
403 152 4 6 5 10
403 185 1 15 5 7
403 188 4 17 6 10
403 236 3 3 6 2
403 268 1 6 3 13
403 572 5 15 6 4
403 737 2 12 7 6
404 179 3 17 6 7
404 190 2 13 1 1
404 238 4 3 6 10
404 345 3 13 2 4
404 712 5 6 8 2
404 937 5 5 7 3
405 398 4 7 6 7
405 531 1 6 1 1
406 17 3 4 9 5
406 110 5 17 7 6
406 532 4 17 1 12
406 862 5 11 2 4
407 502 1 1 1 1
408 644 4 17 4 7
408 931 1 12 3 3
409 133 1 16 1 1
409 174 4 8 5 7
409 269 3 15 3 11
409 393 3 8 1 5
409 968 5 9 1 2
410 104 1 2 2 7
410 848 2 3 8 9
411 254 1 12 4 2
411 307 3 13 1 2
412 79 4 4 4 6
412 120 1 6 14 2
412 268 1 16 6 7
412 330 4 12 8 4
412 497 3 8 3 4
412 942 5 7 2 4
413 320 2 5 1 5
413 321 3 8 4 7
413 511 5 0 5 5
413 719 4 4 7 10
413 755 3 17 3 5
413 816 3 13 9 6
413 859 5 1 3 5
414 515 1 15 3 3
414 676 3 11 1 1
415 24 3 9 7 5
415 27 2 12 5 8
415 174 5 9 1 13
415 499 1 9 1 3
416 775 3 9 14 2
417 890 1 10 4 11
418 838 1 5 3 8
419 224 5 8 1 14
419 401 4 13 11 6
419 513 1 15 11 6
419 770 3 3 1 2
419 942 2 3 1 5
420 301 5 15 1 4
421 783 3 9 4 13
422 15 1 15 6 3
422 777 5 1 9 2
423 56 1 5 6 6
423 723 1 13 1 1
424 485 2 3 12 4
424 720 2 5 3 5
425 85 2 16 14 2
425 90 1 6 2 4
425 230 4 6 2 4
426 445 1 13 3 2
426 551 5 11 5 11
426 855 4 2 1 3
427 291 1 5 8 5
427 871 4 14 3 8
428 130 4 16 1 4
428 136 5 10 6 3
428 204 2 5 6 4
428 547 5 12 1 5
429 17 1 14 4 3
429 212 4 7 5 5
429 336 1 14 2 3
429 528 5 17 1 8
429 619 1 7 2 9
429 810 3 3 3 8
430 25 3 15 8 6
430 119 3 10 14 3
430 147 2 12 6 3
431 203 3 1 1 2
431 857 4 0 3 2
431 861 3 14 10 7
432 196 2 7 2 5
432 258 2 10 3 3
432 806 5 6 7 5
432 969 2 0 2 3
433 542 1 6 1 1
433 826 2 0 9 3
433 980 5 3 6 6
434 877 3 15 3 5
435 771 5 15 4 5
436 158 2 1 10 2
436 363 5 12 1 10
437 18 1 2 1 10
437 283 5 4 2 5
437 912 2 8 3 5
438 115 3 0 2 5
438 322 2 11 2 3
439 279 1 12 1 1
439 286 3 15 1 1
439 623 5 5 3 8
440 606 3 10 3 6
440 657 3 1 2 8
440 673 3 5 7 4
440 968 5 11 4 2
441 26 3 10 2 14
441 63 2 16 1 8
441 234 5 13 6 9
441 292 3 2 5 3
442 335 4 12 5 3
442 526 4 13 14 3
442 960 4 14 1 5
444 397 3 7 4 7
444 481 5 7 6 5
444 714 5 17 4 2
445 262 2 14 7 10
445 493 2 12 7 9
445 500 4 8 12 2
445 640 4 7 9 3
445 676 2 16 4 7
445 995 2 13 4 11
446 294 4 8 4 11
446 742 3 6 1 5
447 410 1 8 1 15
447 942 5 9 1 4
448 961 1 14 3 12
450 134 4 6 7 7
450 420 5 3 1 2
450 674 1 8 5 3
451 672 3 6 4 8
451 698 1 14 1 10
452 22 1 4 1 14
452 390 4 5 4 3
452 656 4 2 1 2
453 436 1 5 2 8
453 904 4 7 1 3
454 100 2 9 1 2
454 183 5 5 4 6
454 369 1 4 1 3
454 796 4 0 1 4
456 70 3 2 7 4
456 433 5 7 6 5
456 834 3 1 1 15
457 430 2 0 9 3
458 150 2 4 1 5
458 261 3 11 1 3
458 380 5 10 1 7
459 42 3 0 5 11
459 233 2 6 5 6
459 498 4 7 2 5
459 704 1 11 4 3
459 830 1 4 1 1
461 96 4 1 3 3
461 176 3 14 10 4
461 321 3 10 3 9
461 562 3 5 2 2
462 738 3 3 3 10
462 835 3 17 1 7
462 972 4 9 8 3
463 228 5 4 6 2
463 660 2 4 2 2
463 783 5 0 1 1
463 931 3 15 1 8
464 900 4 12 1 1
464 942 1 14 3 6
465 9 1 17 5 8
465 47 1 9 3 11
465 891 1 4 3 7
466 121 1 10 10 7
467 190 2 2 7 5
468 382 3 3 1 3
468 437 2 4 1 4
468 623 3 13 1 1
468 783 1 11 8 8
468 967 3 17 1 2
469 50 2 11 1 3
469 197 2 11 2 3
469 814 3 17 3 5
469 995 4 17 3 11
470 456 2 10 1 2
470 617 5 5 7 3
470 635 4 17 12 5
470 933 3 14 6 7
471 607 1 15 1 3
471 854 2 9 9 4
472 910 2 2 1 4
472 936 2 1 3 3
472 991 4 10 3 2
473 22 2 15 5 7
473 328 4 0 1 2
473 691 5 5 5 4
473 913 1 1 3 3
474 120 2 8 2 2
474 172 1 1 2 3
474 323 2 0 5 9
474 497 2 6 6 3
474 616 3 9 1 5
474 695 1 15 1 12
474 853 1 3 2 9
474 926 3 15 2 3
475 56 1 15 9 3
475 202 2 0 1 2
475 268 1 3 2 10
476 547 4 0 4 8
477 442 5 6 11 4
477 445 3 5 1 1
477 730 4 14 8 2
478 209 3 4 3 6
478 429 1 2 6 3
478 918 3 12 2 8
478 955 1 6 6 3
478 969 2 0 7 3
479 295 1 10 1 3
479 335 5 17 13 2
479 446 1 6 3 13
479 898 4 14 1 4
480 494 3 8 3 4
480 709 4 0 3 8
480 783 2 0 2 11
481 692 3 2 8 7
481 864 3 9 5 2
482 309 2 15 1 2
482 534 4 9 1 1
482 643 3 11 3 4
483 67 2 13 3 4
483 131 4 12 1 4
483 457 4 9 5 11
483 505 2 14 2 6
483 748 2 7 7 2
484 521 4 1 3 3
484 810 4 17 4 5
484 828 2 12 1 4
485 584 1 9 1 12
485 614 1 4 4 11
486 103 5 7 10 2
486 284 1 6 1 14
486 325 4 9 1 15
486 334 1 9 2 9
486 414 2 17 3 2
487 4 3 17 3 4
487 265 4 7 6 5
487 848 1 11 11 5
488 297 5 8 8 8
488 587 4 17 3 4
489 514 1 1 1 2
489 942 2 0 1 2
489 943 4 17 5 10
490 87 4 4 12 5
490 130 2 14 4 7
490 151 4 10 3 2
490 735 3 16 7 2
490 771 2 9 6 3
490 797 5 11 3 10
491 389 3 2 8 2
492 367 5 14 1 6
492 495 2 0 1 3
492 662 5 13 7 3
493 968 5 8 2 3
494 369 4 16 5 2
494 499 3 14 6 3
495 177 5 9 3 7
495 442 3 6 8 6
495 477 1 0 1 1
495 919 4 8 9 6
496 49 3 3 3 2
496 53 3 1 6 3
496 868 3 12 4 2
497 615 4 17 1 1
497 913 4 14 5 9
497 981 4 16 2 10
498 23 3 2 1 1
498 375 5 11 3 2
499 265 5 6 10 5
500 450 5 13 15 2
500 610 3 16 1 6
501 102 4 16 6 5
501 233 4 4 4 6
501 753 4 4 2 5
502 65 1 2 1 15
502 258 5 15 2 7
502 770 4 0 1 3
503 528 3 5 1 8
503 674 1 17 3 2
504 45 5 11 13 3
504 70 3 16 2 13
504 796 3 12 1 13
505 18 5 14 2 2
505 436 5 0 1 10
505 829 5 6 2 3
506 34 3 3 6 5
506 716 1 15 2 7
507 181 1 5 1 16
507 432 5 3 2 2
507 482 5 0 1 1
507 614 1 13 7 6
507 995 4 4 2 3
508 11 3 13 1 7
508 48 4 5 5 3
508 72 2 1 8 5
508 83 1 17 1 6
508 811 2 5 4 4
509 7 1 7 12 3
509 715 2 17 3 2
509 747 1 7 3 11
509 841 3 10 2 2
509 926 4 11 1 6
511 34 5 14 1 8
512 358 2 8 13 2
512 557 4 12 2 9
513 164 4 8 3 7
513 822 1 1 3 8
514 68 5 4 5 5
514 92 2 14 3 2
514 99 1 15 1 3
514 345 2 9 1 5
514 580 2 16 1 2
514 673 2 2 8 8
515 297 3 12 3 7
515 424 2 15 3 3
515 639 1 10 2 8
515 992 4 16 5 4
516 80 5 15 2 7
516 404 1 4 7 4
516 903 1 1 2 5
517 884 5 7 2 2
518 237 4 4 4 3
518 284 1 11 5 4
518 679 4 3 3 4
519 92 2 14 2 6
519 393 4 11 2 3
519 648 3 17 1 9
519 736 2 15 8 3
521 330 4 12 10 2
521 336 2 0 3 10
521 344 5 9 1 7
521 470 5 11 5 9
522 217 2 5 1 2
522 451 5 2 12 3
522 677 1 1 10 2
522 987 4 4 1 4
523 630 2 14 4 2
523 836 1 2 7 8
523 922 2 14 7 5
525 821 2 5 6 11
526 165 3 12 8 3
526 509 5 4 3 3
526 555 3 11 1 2
526 597 5 14 3 5
527 138 2 7 1 1
527 257 5 0 3 6
527 269 3 3 2 2
527 713 1 6 4 7
527 786 2 8 4 9
528 527 5 6 3 10
528 803 3 15 3 4
528 910 4 15 8 7
529 38 4 10 7 4
529 461 2 14 5 6
530 113 1 8 2 3
530 226 5 0 1 7
530 398 1 17 2 2
530 655 4 4 1 1
530 696 4 15 3 6
530 728 2 0 2 2
530 824 3 13 11 2
530 891 3 12 6 4
531 79 5 4 8 4
531 107 3 0 4 7
531 134 4 17 2 3
531 295 1 16 1 11
531 543 4 15 2 10
532 856 4 15 12 3
533 76 5 17 4 3
533 199 3 2 6 6
533 402 1 13 2 4
533 450 1 9 10 4
533 479 4 1 7 5
533 766 4 17 8 4
533 794 1 9 10 2
533 989 2 12 1 2
534 27 1 11 3 2
534 573 2 12 1 3
534 599 2 14 1 1
535 99 4 0 3 5
535 240 2 0 8 9
535 346 4 15 11 5
535 413 2 16 1 8
535 491 5 11 1 7
535 590 5 11 1 6
535 916 5 8 4 10
535 988 4 6 4 7
536 221 1 7 2 9
536 443 1 4 11 3
536 515 5 3 4 9
536 806 1 10 2 3
537 100 2 4 3 6
537 114 2 6 5 11
537 165 2 6 1 1
537 493 1 4 1 1
538 228 4 17 5 6
538 270 4 8 1 15
538 967 5 10 5 9
539 135 1 9 6 2
539 209 1 7 4 11
539 261 3 7 4 13
539 796 3 7 1 2
539 850 2 6 10 3
540 754 5 8 6 8
540 794 3 9 1 1
541 74 1 11 11 4
541 83 5 10 8 7
541 112 1 17 7 5
541 922 4 7 5 2
542 103 2 13 14 3
542 254 2 3 1 7
542 507 2 7 1 5
542 509 4 6 1 1
543 146 1 3 1 5
543 179 4 2 1 2
543 540 5 1 6 5
543 625 2 7 2 3
543 713 1 9 3 5
543 764 4 15 5 9
543 790 1 5 3 7
544 22 2 17 7 4
544 259 1 9 3 9
544 372 4 12 9 4
544 866 5 7 2 2
544 922 1 9 2 12
545 15 2 7 1 2
545 995 2 2 7 4
546 283 2 3 1 1
547 183 1 1 10 6
547 559 3 14 4 6
547 884 4 10 6 9
547 945 4 1 1 5
547 949 1 11 4 8
548 106 1 15 4 9
551 791 2 17 1 2
551 849 3 17 7 5
551 976 2 0 2 3
552 402 5 10 1 1
552 448 1 6 1 9
552 816 2 14 6 4
553 634 5 15 11 4
553 734 2 7 4 6
553 920 3 4 8 6
554 407 1 17 3 11
554 956 1 15 6 11
555 5 5 16 1 7
555 202 2 11 2 2
555 957 1 7 6 6
556 21 4 13 1 4
556 104 2 14 3 2
556 254 4 13 1 5
556 278 2 1 5 2
556 419 1 8 1 3
556 559 3 8 2 8
556 640 5 11 8 6
556 882 4 4 4 2
556 906 1 16 1 2
556 942 5 9 8 7
556 960 5 9 2 3
557 112 4 2 2 2
557 540 3 5 6 3
557 843 1 2 2 14
558 12 1 9 6 3
558 15 5 10 1 1
558 444 5 11 3 2
558 632 1 11 5 10
558 717 5 3 8 5
558 917 5 4 1 5
559 545 1 2 15 2
559 798 3 1 1 9
559 854 2 16 5 2
559 932 2 14 2 2
560 150 3 1 4 3
560 239 2 6 1 14
560 321 2 8 6 2
560 493 4 12 3 5
560 543 5 10 4 8
560 609 3 7 1 2
561 135 2 12 9 3
561 506 5 0 4 10
561 997 1 9 1 2
562 924 3 9 4 9
563 69 5 4 1 5
564 267 3 12 9 7
564 574 1 3 1 1
564 695 1 11 1 5
564 789 1 12 3 9
565 390 1 9 1 2
565 465 5 6 1 10
565 786 3 15 8 2
565 877 2 2 1 1
565 948 2 16 3 6
566 169 5 13 3 3
566 328 3 15 2 4
566 333 2 7 6 2
566 457 3 16 2 5
566 936 3 5 3 3
567 134 2 1 8 3
568 166 2 6 3 8
569 2 4 0 1 2
570 223 4 5 1 1
570 586 2 16 1 1
570 942 1 2 12 5
572 308 2 6 1 2
572 749 1 10 6 2
573 68 4 1 4 13
573 285 2 15 10 6
574 646 4 14 2 7
574 671 2 8 1 1
574 785 1 0 6 11
574 903 1 1 5 4
575 462 1 1 8 2
575 577 2 3 2 10
575 925 2 8 2 4
576 91 3 10 10 7
576 412 5 10 11 5
576 741 4 0 1 1
577 36 5 2 11 3
577 228 3 3 8 4
577 489 5 5 1 2
577 867 2 10 5 5
577 958 3 3 5 7
579 203 5 8 4 7
579 668 3 9 1 7
580 109 1 5 3 10
580 937 4 0 2 3
581 40 5 8 1 4
581 362 2 15 1 7
581 372 2 0 1 2
581 466 2 1 5 5
581 488 1 0 1 2
581 954 3 4 1 15
582 416 5 7 1 2
582 448 1 4 9 6
582 461 3 17 8 7
582 575 2 1 3 7
583 323 5 9 1 1
583 967 5 15 2 14
584 181 3 1 11 6
584 960 3 2 1 1
586 31 2 3 3 12
586 419 3 5 3 3
586 689 3 3 6 6
587 915 5 8 6 5
588 4 4 3 1 2
588 810 5 17 1 2
589 22 1 0 2 7
589 119 3 12 4 2
589 524 1 0 9 6
589 546 4 3 2 3
589 798 1 10 4 2
590 374 3 6 5 6
590 437 5 3 9 8
590 444 2 0 2 8
590 544 2 5 4 12
590 665 4 16 1 5
590 677 1 5 5 5
591 16 4 2 6 6
591 19 2 4 1 1
591 74 3 10 1 1
591 158 1 10 4 8
591 237 1 16 4 2
591 554 5 13 8 2
591 749 3 5 8 3
591 817 2 5 2 14
591 877 2 4 1 2
592 123 2 16 2 2
592 145 3 8 1 3
592 721 3 7 2 11
593 569 1 8 2 2
593 640 5 2 5 2
594 367 1 12 3 2
594 413 5 0 8 8
594 543 1 1 2 13
594 567 3 5 1 3
595 787 3 2 4 2
596 558 4 11 6 10
597 492 1 10 3 2
597 533 4 4 1 2
597 776 5 12 5 6
598 421 3 13 3 4
598 691 4 7 1 2
599 30 2 16 9 4
599 311 5 7 1 3
599 398 1 6 1 9
599 422 1 4 3 5
599 547 5 0 1 6
599 654 4 5 5 8
601 6 1 6 3 14
601 320 3 3 8 8
601 380 3 6 3 12
601 635 3 17 13 3
602 260 1 12 1 9
603 29 2 17 2 3
603 223 1 9 7 4
603 394 4 1 12 2
603 569 1 15 1 15
603 841 2 8 4 7
604 73 1 10 7 7
605 340 1 1 3 2
605 669 5 13 3 3
605 876 2 12 6 8
605 948 2 10 7 6
606 332 1 2 8 5
606 460 5 11 6 3
606 501 4 14 1 2
607 0 3 3 4 3
607 60 4 5 1 13
607 438 3 10 1 1
608 925 2 11 8 3
608 989 2 17 7 5
609 49 4 9 10 2
609 597 4 4 2 5
610 78 3 12 1 7
610 683 2 2 8 3
610 769 1 17 5 10
610 866 5 7 4 3
610 952 1 10 2 3
611 694 2 13 2 6
611 799 4 2 4 3
611 841 5 17 3 4
612 429 5 3 3 9
612 548 4 15 4 12
613 545 2 5 4 2
613 767 2 14 2 3
613 840 2 16 2 3
614 71 2 8 2 5
614 129 3 12 2 10
614 719 4 3 12 2
616 69 3 16 1 13
616 142 2 3 4 2
616 656 2 3 3 10
616 938 2 7 8 7
616 953 5 10 5 8
617 481 1 14 1 10
617 784 1 14 1 1
618 322 1 1 1 12
618 423 4 16 3 7
618 540 5 16 6 9
618 699 1 6 3 4
618 988 1 2 7 3
619 98 4 9 10 7
619 287 5 10 11 3
620 558 5 8 4 9
621 872 4 8 7 2
622 24 1 1 1 15
622 350 3 5 1 2
622 537 4 2 6 8
622 884 3 14 2 5
623 154 1 12 2 11
623 336 4 15 3 12
623 494 2 13 1 8
623 834 5 2 1 4
624 134 4 2 2 12
624 878 2 15 6 2
624 927 3 9 1 10
625 95 3 7 7 4
626 98 1 5 3 6
626 552 5 8 3 4
627 168 1 8 1 2
627 289 1 8 7 2
628 320 1 1 1 5
628 347 3 0 1 6
629 801 1 9 3 10
629 808 5 12 2 2
630 18 5 15 10 3
630 140 4 6 1 1
630 175 2 3 1 5
630 261 5 11 5 7
630 593 1 5 6 10
631 493 5 7 8 8
631 912 3 5 5 3
632 76 2 3 10 3
632 177 2 13 2 2
632 444 2 15 6 2
632 730 1 12 10 3
633 397 3 2 2 8
634 204 4 3 10 4
634 210 2 15 1 13
634 601 3 10 2 6
635 349 2 14 1 1
635 435 2 5 9 8
635 514 4 3 1 3
635 608 3 11 1 10
635 707 1 11 1 6
635 953 4 4 13 2
636 18 1 0 6 8
636 141 1 16 1 1
636 244 1 13 1 3
636 384 5 4 7 6
636 499 3 5 1 2
637 18 2 9 9 2
637 162 5 8 1 1
637 329 1 15 3 2
637 528 3 8 5 2
637 835 3 4 5 4
637 875 2 8 8 4
638 349 5 16 2 3
638 382 3 12 4 9
639 47 5 14 1 1
639 969 1 11 8 3
640 746 1 17 5 4
640 934 1 17 2 2
641 81 4 16 10 7
642 95 1 10 7 4
642 364 2 3 8 4
642 438 1 4 3 2
643 78 2 16 1 1
643 370 2 2 5 2
643 829 3 0 5 2
644 81 3 13 9 4
644 471 4 12 4 5
644 568 1 13 1 2
644 678 5 7 4 2
644 690 5 1 1 3
645 229 2 1 6 11
645 651 4 14 9 2
645 809 4 5 8 5
646 246 3 11 5 3
646 248 5 8 1 5
646 394 1 7 4 9
647 62 2 8 3 12
647 335 3 17 4 3
647 921 2 17 3 3
648 6 3 13 1 1
648 447 2 14 4 3
648 633 3 13 7 6
649 93 4 10 1 3
649 128 2 8 7 6
649 524 3 13 1 2
649 661 3 9 2 6
649 975 1 6 9 7
650 809 5 2 11 4
651 391 5 9 3 3
651 711 3 7 6 4
651 914 3 14 4 6
652 808 2 7 2 3
653 784 4 7 2 2
653 789 3 0 4 8
653 798 3 0 4 12
654 491 2 6 3 6
654 493 5 5 1 1
654 697 3 3 10 5
654 754 4 17 7 3
654 925 3 5 6 4
655 259 1 9 1 4
657 111 4 7 11 5
657 274 3 13 3 3
657 546 3 2 3 2
658 64 4 12 3 8
658 176 1 11 2 9
658 478 5 11 5 6
658 639 4 10 6 3
658 703 5 12 3 10
659 330 3 17 9 7
659 422 3 6 11 2
660 40 3 10 4 7
660 232 3 8 2 3
660 339 4 6 5 4
660 622 4 2 7 4
661 335 1 0 3 3
661 580 1 6 8 7
662 95 3 6 1 2
662 110 1 7 6 3
662 231 1 3 5 6
662 421 2 11 1 3
662 618 3 1 15 2
663 8 5 13 4 2
663 729 5 17 4 13
665 370 2 8 2 9
665 524 2 4 8 4
665 785 3 1 1 10
666 498 3 11 1 1
666 537 5 1 2 2
666 978 3 4 1 3
667 202 4 2 2 14
667 515 1 13 3 14
667 580 1 5 2 2
667 747 2 14 1 1
667 938 3 11 2 13
668 81 4 0 8 3
668 153 4 4 2 2
668 690 2 5 1 2
668 954 2 8 10 3
669 372 5 15 7 4
670 81 3 2 3 5
670 297 3 9 9 8
670 332 1 3 1 1
670 357 5 11 2 4
670 534 4 3 1 5
670 635 5 3 5 7
670 814 3 12 5 5
671 833 1 16 4 3
671 840 5 13 1 14
672 836 5 8 1 3
672 964 2 1 2 2
673 105 3 14 1 2
674 109 2 8 2 2
674 132 4 8 1 7
674 228 3 10 5 8
674 983 2 15 8 6
675 53 1 14 2 3
675 690 3 4 3 9
675 831 2 4 3 9
676 342 4 6 3 3
676 691 2 5 8 3
676 863 2 7 3 13
676 864 1 2 4 3
677 802 3 4 3 4
678 24 2 5 2 2
678 175 1 17 4 11
678 218 5 8 9 2
678 242 3 2 1 2
678 811 2 12 3 2
679 726 3 13 3 4
679 781 4 6 5 2
679 973 2 4 5 2
681 69 1 11 2 2
681 497 1 2 7 9
681 614 2 13 1 2
681 635 1 14 3 3
681 677 1 2 1 5
681 805 2 5 6 4
682 278 4 0 3 2
682 570 1 10 12 4
682 650 4 17 2 4
683 10 3 5 3 2
683 704 3 11 5 7
683 774 5 8 4 3
684 4 3 2 5 2
684 30 2 8 10 5
684 75 3 9 1 8
684 208 3 4 4 7
684 477 1 4 2 2
685 171 2 0 4 4
685 596 1 13 9 6
685 783 3 6 4 2
685 869 3 0 4 2
685 935 2 14 6 2
686 431 2 14 2 11
686 478 4 13 9 8
686 605 3 7 10 7
686 919 1 5 1 4
687 248 4 13 12 5
689 306 3 14 3 2
690 92 1 4 1 4
690 259 3 16 1 2
690 377 5 10 6 4
690 822 5 15 6 4
690 880 5 9 1 1
690 915 2 14 7 8
690 968 5 12 8 8
691 314 3 6 5 9
691 844 4 7 7 7
691 872 4 5 2 4
691 876 1 10 1 9
692 232 5 13 1 10
692 486 1 0 1 8
692 940 3 1 2 6
693 46 3 6 4 3
693 176 4 17 4 2
693 274 3 17 4 9
693 289 3 0 1 13
693 300 1 7 1 1
693 509 4 17 15 2
693 601 4 6 4 8
693 924 5 4 4 2
694 151 5 8 1 5
694 169 1 1 5 6
694 629 4 1 1 16
694 781 5 6 4 3
694 907 1 1 2 7
694 931 4 3 13 3
695 16 5 8 10 3
695 410 4 16 6 7
695 534 1 15 11 5
696 211 5 7 3 2
696 496 5 1 8 3
696 575 1 1 5 6
697 119 3 8 1 10
697 529 2 8 1 13
697 560 1 14 12 5
697 621 5 9 11 4
697 658 3 4 7 2
698 68 4 2 4 11
698 454 2 2 2 12
699 484 5 12 1 1
699 537 1 2 5 3
699 976 3 4 10 3
701 96 1 8 1 1
701 163 3 15 7 2
701 200 2 4 2 2
701 329 1 14 1 1
701 591 2 9 3 6
701 622 5 12 5 4
702 41 3 2 8 5
702 553 1 13 2 10
702 706 2 11 6 5
703 509 1 11 2 8
703 616 3 8 1 5
704 326 5 3 3 4
704 392 4 12 1 3
704 394 5 16 6 9
705 121 5 1 3 5
705 524 3 16 1 8
705 889 2 0 4 2
706 335 1 11 5 5
707 273 4 7 1 1
707 617 3 7 1 6
708 46 1 17 1 3
708 218 4 12 1 1
708 362 3 0 4 8
708 432 5 7 1 13
708 509 1 9 13 2
708 550 4 0 1 5
708 836 5 9 6 2
709 337 4 6 2 4
709 873 4 5 2 3
709 907 4 4 4 3
710 474 2 15 3 13
710 748 4 14 1 3
711 21 3 0 10 3
711 384 1 8 1 2
711 668 2 8 1 15
711 874 3 10 1 1
712 55 1 13 1 1
712 516 5 3 10 5
712 537 5 9 2 7
713 48 2 14 1 2
713 223 5 1 10 5
713 293 3 8 8 5
713 634 3 4 4 12
714 310 5 1 5 3
714 772 3 2 2 15
714 997 3 8 5 2
715 25 3 14 6 5
716 37 5 6 14 3
716 356 5 10 1 7
716 505 3 7 1 1
717 727 5 0 6 2
718 321 3 11 3 3
718 420 4 14 5 4
718 650 2 16 2 6
719 317 2 17 1 2
719 491 1 1 4 2
719 592 5 8 4 8
719 744 5 8 1 11
720 50 2 0 1 3
720 385 2 7 7 2
720 867 2 7 9 2
721 223 5 15 5 5
721 410 3 4 3 2
722 94 2 0 1 8
722 190 4 9 1 2
722 311 1 17 3 3
722 358 2 16 1 15
722 719 1 8 14 3
723 546 2 10 1 4
723 567 5 2 1 5
724 984 5 17 1 2
725 396 2 9 6 11
725 491 2 13 1 1
725 592 2 12 5 5
725 623 4 12 2 2
726 190 2 12 1 1
726 222 3 0 11 3
726 361 1 5 1 10
726 512 2 7 1 2
726 820 3 2 3 5
726 883 3 10 1 1
727 134 5 15 1 11
727 351 3 7 5 4
727 854 2 1 7 5
728 593 4 2 2 2
729 272 2 16 2 9
729 434 3 16 2 8
729 687 3 10 1 13
729 884 5 16 3 5
730 57 1 1 2 14
730 140 2 16 12 4
731 263 3 5 6 7
731 442 3 3 5 5
731 919 4 3 12 2
732 127 1 13 2 5
732 764 1 1 8 9
733 484 3 4 1 13
734 73 5 6 8 8
734 218 1 15 1 8
734 997 5 0 5 5
735 267 1 11 1 2
736 212 5 3 8 8
737 131 1 8 10 3
737 703 3 6 4 3
737 740 4 16 7 9
737 949 5 10 5 3
738 393 3 8 1 10
738 680 1 17 1 2
738 815 1 15 1 2
738 936 3 9 1 2
739 261 2 4 2 5
739 321 1 2 3 5
739 640 4 10 6 10
740 837 3 9 4 2
740 847 2 0 2 9
741 583 5 10 3 8
742 1 1 11 4 8
742 939 5 16 9 3
744 100 4 1 5 3
744 448 1 8 8 8
744 470 2 11 1 6
744 650 5 10 1 2
744 653 2 14 3 2
746 95 3 5 3 3
746 258 5 7 1 2
746 364 3 4 2 8
746 457 1 15 1 7
746 629 2 10 3 5
746 850 2 15 3 5
746 868 5 7 7 8
746 907 4 17 6 2
747 234 3 9 11 5
747 404 3 15 7 3
747 490 5 6 3 10
747 552 2 17 1 2
747 983 1 10 1 2
748 374 1 9 1 7
749 18 4 14 11 6
749 362 4 11 3 7
750 656 4 4 15 2
751 558 1 7 8 9
752 841 5 10 6 3
753 798 1 15 1 2
753 910 2 16 15 2
753 950 1 15 9 2
753 989 4 6 3 6
753 999 4 9 1 7
754 94 1 11 3 2
754 706 3 1 2 2
755 310 5 1 5 2
755 661 5 14 5 8
756 459 3 8 4 2
756 586 4 16 1 16
756 600 2 4 3 4
757 39 1 2 2 3
757 241 3 7 6 3
757 363 5 15 6 4
758 168 3 6 9 6
758 187 2 3 9 6
760 17 3 2 1 5
760 157 1 7 2 8
760 278 2 7 5 8
760 487 5 12 8 6
761 610 3 4 3 3
761 800 3 15 1 1
762 44 2 13 8 5
762 45 2 9 5 2
762 571 1 14 3 3
763 974 5 14 1 11
765 261 2 7 5 12
765 467 1 0 4 6
765 655 5 6 1 2
766 140 4 1 4 5
766 447 3 17 1 4
766 453 5 12 3 10
767 194 1 15 3 2
767 325 4 8 7 6
767 366 5 10 1 1
768 180 5 13 12 4
768 240 3 10 3 14
769 19 3 4 1 2
769 507 3 3 7 9
769 680 5 6 11 6
769 790 3 2 5 8
769 951 4 2 3 8
770 88 2 7 5 11
771 815 3 1 1 14
771 923 4 4 8 4
772 379 2 0 10 5
773 718 2 2 5 6
773 750 2 4 2 3
774 281 4 12 7 10
774 905 2 1 1 15
775 92 2 5 1 9
775 442 4 5 3 7
775 687 1 12 1 1
775 872 3 7 1 1
775 919 4 2 3 10
776 265 1 9 7 6
776 625 5 15 1 4
777 863 2 16 7 10
778 596 2 1 1 1
778 641 2 2 4 10
779 4 3 14 2 13
779 614 1 0 3 5
779 966 5 5 7 3
780 221 2 2 12 5
780 251 1 17 4 3
780 380 1 0 13 3
780 444 3 8 5 4
780 686 1 16 1 3
780 988 5 8 1 3
781 316 4 13 11 4
781 407 3 13 8 8
781 497 2 17 1 2
781 615 5 17 2 6
781 661 2 3 9 5
781 792 1 9 4 10
782 31 2 11 2 10
782 428 5 11 1 7
782 647 3 15 9 3
782 693 3 1 1 2
782 962 2 7 9 3
783 119 1 10 7 2
783 650 5 6 1 2
783 937 3 6 1 9
784 261 5 2 1 15
784 396 4 12 7 4
785 200 1 8 11 2
785 442 1 11 2 6
785 563 3 9 4 12
785 780 2 1 3 4
785 888 1 14 5 5
786 464 4 17 2 8
786 501 1 16 6 4
786 552 4 5 3 3
786 626 5 5 4 12
787 5 3 15 6 9
787 106 3 10 12 5
787 150 3 7 1 5
787 421 5 11 1 7
787 455 1 4 4 4
787 884 1 4 1 1
788 674 2 5 1 1
788 678 5 14 6 5
788 774 2 2 4 4
788 834 5 10 3 11
789 106 4 4 2 12
789 389 1 10 7 8
789 392 3 17 5 5
789 402 5 11 1 4
789 451 3 0 10 4
789 496 3 14 4 3
789 508 5 12 9 3
789 534 1 0 3 7
789 718 4 4 3 6
789 779 3 15 7 2
790 188 1 12 1 5
790 915 1 0 2 14
791 134 5 7 1 1
791 381 5 8 1 11
791 396 3 2 1 2
792 701 5 3 1 2
792 707 3 4 5 3
792 728 2 4 3 6
792 844 1 8 9 4
793 183 4 5 2 15
793 779 4 10 1 1
793 903 4 16 8 4
794 12 4 6 1 4
794 894 4 4 2 7
794 912 3 14 4 2
795 723 5 7 1 1
796 536 2 8 4 9
796 627 3 3 5 10
796 633 2 7 4 5
796 697 5 11 1 2
797 760 3 1 3 5
797 880 1 14 10 3
798 0 3 8 1 9
798 158 4 15 5 4
799 304 3 4 1 2
799 348 2 17 3 9
799 584 5 11 4 2
800 755 1 9 1 3
800 865 2 10 1 7
801 516 4 5 2 3
801 522 3 13 10 3
801 523 4 5 2 5
801 580 2 15 4 4
801 611 1 12 8 6
801 863 5 8 9 6
802 193 3 7 3 6
802 547 4 12 12 4
802 603 3 16 9 2
802 769 4 2 7 8
802 796 3 5 4 6
802 897 1 7 4 13
803 470 1 1 4 7
803 472 1 8 2 2
804 39 5 12 3 2
804 495 1 1 6 8
806 129 4 15 11 4
806 467 4 15 9 7
806 877 3 9 2 2
807 287 2 16 3 12
807 362 2 0 4 2
807 389 2 5 7 3
807 822 5 11 1 2
808 171 5 15 1 6
808 759 5 15 1 10
809 126 5 17 7 2
809 303 2 16 4 7
809 498 2 9 4 2
809 861 1 4 8 5
810 163 1 12 1 9
810 475 4 8 3 13
811 264 5 3 2 3
811 594 5 3 5 5
811 694 2 4 6 5
811 807 4 5 3 10
812 22 3 16 2 6
812 641 2 13 1 1
813 248 5 6 7 10
813 300 3 1 4 9
813 896 5 3 5 2
813 924 1 2 7 6
813 927 2 2 2 12
814 346 5 11 2 5
814 509 3 7 4 5
814 935 1 17 2 2
815 313 1 13 9 7
815 457 3 1 7 6
816 527 1 10 4 3
816 859 4 13 1 1
816 932 1 17 3 11
817 140 5 11 5 11
817 544 3 14 1 5
817 578 2 7 2 2
817 630 5 16 4 5
818 846 1 9 4 3
818 941 5 2 1 1
818 984 4 13 1 10
819 50 5 6 2 2
819 328 5 4 9 7
819 569 1 1 4 8
819 927 2 13 2 6
820 144 3 0 3 8
820 797 5 5 8 5
821 85 5 2 2 2
821 295 5 5 2 3
821 811 4 1 4 4
821 977 5 13 9 6
822 118 4 0 12 4
822 132 1 1 1 16
822 192 3 8 1 13
822 321 4 16 7 4
822 909 4 17 2 4
823 312 2 17 4 13
823 428 2 17 2 2
823 502 3 13 1 2
823 544 3 3 2 14
823 723 4 12 2 2
823 984 5 13 1 3
824 381 2 5 8 2
824 435 2 15 7 8
824 571 5 10 11 4
824 599 5 10 1 1
824 699 1 5 1 1
825 45 2 12 3 6
825 253 5 13 1 2
825 658 4 3 2 10
825 889 1 11 5 4
826 467 4 5 7 10
826 554 4 13 7 7
827 132 4 15 1 14
827 263 3 9 1 9
827 287 5 16 5 4
827 628 4 17 4 2
828 859 4 10 2 7
829 640 5 3 1 1
829 868 1 4 13 4
829 962 2 14 1 6
830 4 5 12 6 8
830 298 2 14 3 12
830 905 5 1 4 6
831 225 4 7 3 4
831 641 4 16 2 2
831 690 2 16 1 1
832 247 1 8 6 3
832 580 3 11 3 13
832 816 3 17 1 2
833 51 3 8 2 2
833 229 1 16 8 4
833 577 4 12 1 1
834 20 4 9 1 1
834 273 4 15 14 3
835 581 3 6 9 6
836 56 5 13 3 3
836 292 2 0 1 5
836 318 5 1 2 10
836 405 4 10 3 9
836 885 1 2 3 4
836 887 2 5 8 7
837 414 5 10 13 3
837 611 2 10 9 4
837 645 2 7 1 3
837 888 4 5 2 13
839 759 3 2 7 2
840 91 2 6 12 5
840 129 3 4 1 9
840 201 5 6 2 10
840 233 2 11 1 2
840 272 2 15 3 2
840 610 1 15 1 2
840 734 1 4 6 7
840 849 4 12 2 8
841 210 5 3 1 7
841 412 2 1 1 7
841 569 4 14 5 7
841 879 1 8 6 3
841 921 4 0 7 5
842 163 4 1 3 7
842 443 5 0 3 4
842 901 2 1 2 8
844 213 1 1 3 9
844 758 1 1 1 14
845 294 3 9 1 7
845 350 1 12 1 2
845 463 3 0 7 3
845 769 2 10 1 4
846 220 3 11 5 5
846 644 5 1 1 13
846 849 4 6 13 3
847 379 2 1 1 2
847 773 4 11 4 13
848 82 3 6 5 8
848 809 1 1 1 2
849 3 4 1 2 2
849 19 4 6 5 11
849 186 4 10 3 13
849 409 3 9 3 2
850 428 4 9 7 8
850 669 3 11 2 13
850 846 3 2 2 11
851 128 2 2 8 4
851 234 1 8 12 3
852 75 2 7 1 10
852 238 4 3 1 1
852 901 3 8 7 4
852 984 3 3 9 5
853 354 1 7 1 16
853 576 5 2 1 4
853 941 1 4 2 8
854 42 5 10 1 7
854 240 2 13 10 2
854 464 2 3 1 2
854 593 1 2 6 7
854 647 2 17 8 5
856 149 2 1 9 4
856 420 4 7 2 9
856 906 1 11 10 2
857 757 5 0 2 15
858 197 5 6 2 4
858 473 1 3 2 3
858 556 2 9 9 8
858 942 1 6 2 7
859 271 3 6 6 9
859 337 2 0 1 1
859 445 4 6 13 3
859 637 5 10 4 5
859 814 4 11 1 16
859 909 3 6 6 2
860 167 3 0 8 5
860 332 4 14 3 3
860 897 5 1 2 5
862 496 4 13 1 2
862 604 5 3 5 2
863 248 1 10 2 2
863 373 1 14 3 12
863 649 5 14 2 4
863 775 5 9 1 1
864 570 3 1 1 1
864 988 4 4 2 9
865 958 3 3 2 3
866 273 1 6 2 12
866 571 5 3 1 5
866 763 1 9 1 11
866 793 2 15 2 5
866 906 4 17 8 8
868 18 2 16 8 4
868 202 3 12 3 2
868 218 2 0 3 2
868 309 2 1 9 4
870 98 5 17 1 5
870 256 1 14 1 2
870 726 4 5 4 3
871 400 4 12 6 11
872 433 3 6 1 2
872 759 1 14 8 7
873 332 3 16 1 2
873 619 3 11 1 2
874 654 1 6 1 2
875 110 5 14 7 10
875 525 3 5 3 3
875 895 1 11 12 5
876 105 4 8 3 5
876 171 5 7 7 5
876 355 1 10 1 6
876 374 1 4 1 1
876 384 1 13 9 3
876 401 3 8 11 2
876 804 3 6 3 3
876 949 4 10 6 8
876 962 3 15 6 2
877 90 1 0 4 3
877 178 2 2 11 3
877 428 4 16 11 4
877 624 3 3 3 8
878 76 1 0 14 3
878 521 2 0 7 8
878 943 5 9 10 6
879 36 5 1 11 4
879 247 3 17 4 11
879 279 1 12 4 5
879 453 3 0 1 1
879 640 4 6 2 5
879 653 4 15 5 8
880 337 4 8 8 8
880 541 3 15 1 5
880 913 1 3 1 2
881 699 2 10 1 1
882 734 3 5 5 11
883 40 1 1 2 2
883 588 2 16 3 9
883 677 5 9 8 3
884 153 1 4 3 8
884 872 1 13 7 5
884 906 5 5 12 3
885 295 1 8 2 5
886 300 4 8 2 5
886 630 2 2 4 4
886 877 4 5 2 6
886 887 2 5 9 2
887 100 4 8 2 3
887 605 4 7 1 1
887 612 2 16 1 5
887 651 2 0 8 2
888 40 3 9 1 1
888 835 5 15 2 3
888 966 5 14 4 2
889 2 5 12 8 7
889 488 3 9 7 6
889 596 5 16 3 11
890 204 3 16 2 15
890 371 2 17 5 7
890 716 4 8 15 2
890 739 3 6 4 4
890 888 2 4 3 13
891 90 1 17 3 5
892 56 4 6 7 3
892 429 4 1 4 5
892 770 2 4 13 4
893 64 4 9 4 5
893 92 4 7 8 4
893 120 5 6 2 11
893 143 4 1 4 9
893 290 1 9 5 5
893 742 5 6 6 2
894 282 2 11 1 3
894 344 3 7 4 12
894 365 3 11 6 11
894 937 2 8 4 13
895 68 3 4 5 3
895 564 4 16 5 3
895 817 5 7 6 5
896 28 5 4 1 5
896 716 2 3 5 3
896 905 3 6 7 2
897 633 3 14 1 9
897 853 3 3 1 2
897 938 5 14 5 2
898 161 4 10 4 3
898 436 1 16 4 12
898 814 2 6 4 5
898 917 5 4 4 4
899 80 4 8 2 6
899 93 4 5 3 11
899 254 4 6 6 7
900 1 3 1 9 5
900 45 2 17 1 6
900 127 4 15 2 4
901 382 4 4 2 2
901 567 1 0 2 10
901 671 3 13 12 3
902 69 2 10 1 2
902 154 2 10 3 6
902 163 1 16 1 4
902 199 5 7 8 2
902 836 5 5 1 2
903 257 4 2 4 8
903 408 5 3 14 2
904 237 2 1 4 3
904 584 3 13 4 12
905 16 3 3 3 11
905 144 5 17 12 5
905 440 5 3 12 4
905 692 3 5 5 3
906 35 5 6 4 3
907 141 1 1 1 10
907 252 3 11 1 3
907 299 4 11 3 3
908 90 2 8 4 2
908 514 4 16 3 5
908 654 4 10 4 9
908 756 1 11 1 1
908 761 1 10 10 2
909 179 3 7 8 3
909 879 1 7 9 7
910 110 2 5 1 14
910 207 3 4 1 2
910 986 3 13 7 10
911 21 3 1 1 2
911 282 4 17 1 14
911 293 5 12 7 7
911 344 2 8 10 2
912 51 3 5 1 3
912 671 2 15 8 3
912 824 3 7 10 3
913 843 5 8 1 2
914 215 4 13 8 8
915 48 1 2 1 2
915 441 5 0 2 3
915 537 1 11 3 3
915 807 4 11 8 5
916 410 1 2 1 2
916 568 3 10 3 7
916 643 3 16 6 3
917 504 2 0 11 4
918 182 1 13 2 3
918 204 1 10 10 6
918 296 4 13 2 3
918 510 5 15 11 2
918 986 2 16 15 2
919 214 1 10 6 8
919 682 5 0 2 4
920 32 4 2 4 5
921 109 5 3 5 5
921 442 3 13 3 3
922 13 5 1 1 1
922 515 1 10 2 8
922 565 3 15 1 12
923 87 2 1 6 5
923 161 4 17 1 1
923 801 1 9 6 9
923 848 4 0 1 2
924 136 1 6 1 2
924 950 3 8 1 15
925 415 1 13 1 3
925 771 2 0 9 8
926 515 2 1 3 12
926 562 4 10 2 3
928 19 4 2 1 7
928 372 5 6 2 2
928 411 1 2 5 6
929 295 5 10 2 3
929 459 2 0 15 2
929 784 3 6 12 4
931 321 5 16 2 13
931 418 3 10 8 5
931 427 2 15 14 2
931 804 4 2 9 2
931 982 5 8 7 7
932 199 1 0 3 7
932 396 1 3 7 4
932 405 1 0 7 6
932 701 2 9 1 3
933 770 2 7 1 2
934 510 2 6 2 14
934 759 3 1 4 4
935 45 5 10 3 3
935 657 5 5 7 5
935 991 3 15 1 2
936 8 5 6 3 10
936 116 5 14 10 3
936 118 3 12 1 1
936 383 1 2 10 3
936 388 2 13 11 4
936 908 5 3 5 12
936 914 1 17 2 14
937 144 1 0 2 2
937 263 5 4 9 8
937 477 1 12 1 3
937 680 1 16 2 9
937 715 3 0 1 10
937 830 1 13 1 1
937 995 1 14 7 7
938 625 3 14 1 1
938 727 4 12 3 7
938 729 5 17 1 4
939 277 4 15 9 2
939 321 2 2 7 10
939 456 3 10 7 6
939 688 2 17 4 10
940 419 3 2 1 2
940 447 5 17 1 2
940 975 3 17 1 12
941 216 5 13 3 2
941 822 2 6 11 3
942 79 4 2 2 10
942 124 2 3 2 4
942 212 5 2 2 2
942 251 5 14 2 5
942 377 4 14 7 5
942 509 5 7 8 5
944 194 4 3 1 10
944 810 4 7 1 3
944 851 3 11 7 5
945 133 4 13 2 2
945 331 5 0 6 4
945 772 4 4 1 1
946 402 4 4 3 3
946 478 2 7 1 5
946 540 2 0 4 11
946 805 1 9 4 5
947 123 4 9 3 5
948 535 3 7 2 2
948 621 4 7 6 9
949 52 2 13 1 7
949 462 2 10 1 9
949 492 3 1 2 3
950 150 1 16 5 3
950 769 5 8 4 8
950 954 5 13 8 9
951 39 5 5 8 7
952 213 4 4 1 8
952 814 5 5 3 4
952 926 5 0 9 6
953 55 2 15 3 6
954 447 5 3 1 3
954 731 3 3 1 2
954 739 2 12 3 13
954 902 3 3 2 5
954 953 4 8 2 9
955 257 4 13 1 3
955 788 5 4 2 2
955 803 3 6 2 3
956 163 3 4 4 7
956 862 3 11 4 4
957 295 2 10 13 4
957 422 4 12 1 1
957 434 4 13 1 12
957 506 2 6 3 4
958 132 3 10 3 3
958 345 4 2 9 2
958 520 2 6 1 12
958 542 3 6 1 3
958 909 4 9 1 9
959 22 1 15 1 8
959 177 5 9 7 3
959 829 5 12 1 3
961 102 2 17 2 3
961 178 2 2 2 2
961 383 5 4 1 3
961 384 5 17 3 3
962 501 4 12 6 9
963 90 1 15 3 4
963 534 5 5 5 6
964 702 2 12 1 3
964 716 3 7 2 2
964 993 2 15 3 2
965 57 4 3 1 1
965 151 3 12 2 5
965 446 1 5 7 7
965 497 5 15 4 4
966 91 1 5 8 7
966 302 5 7 6 6
966 821 5 11 3 12
966 919 3 9 1 9
967 397 5 11 5 12
967 571 4 13 1 1
968 12 3 9 1 5
968 126 4 11 6 4
968 175 1 1 2 14
968 317 1 12 3 3
968 512 1 16 1 5
968 604 4 4 6 6
968 820 5 7 1 5
969 376 4 7 3 2
970 600 1 3 4 4
970 883 1 11 4 10
970 943 2 13 8 6
971 38 2 16 1 3
971 424 4 6 1 2
971 479 3 7 5 6
971 555 2 6 9 4
971 726 2 1 2 9
971 796 5 10 3 3
972 186 2 17 2 6
972 753 3 11 2 4
972 990 1 6 1 2
973 477 1 12 1 1
973 627 4 7 5 4
974 929 5 11 7 2
975 92 3 13 7 4
975 482 5 10 1 9
975 636 4 15 4 11
976 226 3 16 3 4
976 235 3 4 1 1
976 668 2 9 4 13
977 103 2 13 12 4
977 264 3 14 2 13
977 406 4 2 1 1
977 730 5 9 2 5
977 833 1 11 8 5
978 40 1 9 4 3
978 77 2 11 4 3
978 211 2 4 4 6
978 454 4 6 3 6
978 632 4 10 4 4
978 679 4 10 4 8
979 493 5 15 1 1
979 638 1 0 1 8
979 826 1 14 3 7
980 266 4 4 6 7
981 88 4 6 11 2
982 61 1 8 6 10
983 479 1 13 1 8
983 704 5 3 14 3
983 958 3 10 7 8
984 392 2 12 6 4
984 548 3 13 3 7
985 328 4 12 5 5
985 465 4 6 12 2
985 533 1 16 12 5
985 546 2 14 2 4
986 332 4 15 12 2
986 717 2 0 7 6
986 855 5 6 3 14
986 909 3 16 7 6
987 456 3 1 4 8
988 221 2 6 9 3
988 376 2 11 8 3
988 462 5 1 4 10
988 886 2 12 7 4
988 928 4 12 8 3
989 9 3 6 8 3
989 367 4 1 1 2
989 484 2 11 10 3
990 256 5 3 1 2
990 639 5 9 1 1
990 721 4 11 1 1
990 732 1 16 9 3
990 914 2 12 12 4
991 310 2 5 1 1
991 460 2 14 1 9
991 795 1 12 2 10
991 858 2 0 2 9
992 582 2 5 1 3
992 849 5 10 4 4
993 206 3 6 3 2
993 370 3 14 4 11
993 528 3 12 5 5
994 541 3 6 2 3
994 836 4 6 5 7
994 839 3 0 1 1
995 148 2 11 3 3
995 173 2 12 4 3
995 641 3 14 5 10
995 802 2 15 2 2
995 954 2 4 13 2
996 346 4 0 8 8
996 466 5 15 4 4
996 691 1 10 5 6
996 992 2 4 4 9
997 386 3 13 6 11
997 884 4 1 2 8
998 101 4 9 3 8
998 286 3 15 3 2
998 376 5 14 1 1
998 606 2 6 11 4
998 752 1 17 9 5
999 125 1 5 1 5
999 758 3 9 2 3
999 856 1 15 4 2
999 890 4 11 11 2
