2432 7099 0
435 1449 1499
601 834 1
2379 1694 1
493 2219 1
422 1237 1
1320 876 1
258 1093 1
472 586 1
1285 1320 1
312 429 1
1982 452 1
1833 2378 1
1074 1093 1
1760 610 1
1761 721 1
687 1642 1
187 1388 1
1146 178 1
434 2138 1
1869 2267 1
1775 48 1
791 2286 1
453 1513 1
1899 2116 1
1005 278 1
1227 2048 1
38 1320 1
1002 96 1
86 2312 1
448 1700 1
883 1330 1
2358 1272 1
450 2390 1
965 1504 1
985 1187 1
1462 1492 1
591 1746 1
1616 1964 1
245 2126 1
327 482 1
309 2317 1
1241 56 1
116 1798 1
1260 2072 1
158 220 1
2338 189 1
1351 457 1
796 1468 1
1133 1123 1
824 2297 1
2217 1192 1
738 1073 1
1856 757 1
1567 2399 1
1752 2314 1
394 1410 1
555 1343 1
72 1862 1
1269 708 1
2371 1502 1
724 481 1
1357 1334 1
1005 450 1
1423 667 1
1204 1447 1
668 1832 1
2107 1055 1
472 58 1
1680 798 1
573 1933 1
658 1941 1
798 1109 1
987 1285 1
705 266 1
161 981 1
481 2139 1
2407 1637 1
1338 1784 1
542 2045 1
2087 1307 1
102 282 1
1116 2299 1
629 1884 1
1391 310 1
96 2354 1
2201 833 1
2308 2335 1
2050 430 1
733 278 1
298 1861 1
1570 1810 1
1699 701 1
2219 911 1
1818 1789 1
1087 576 1
34 2207 1
426 9 1
242 2421 1
11 1505 1
320 796 1
1440 819 1
659 590 1
2249 2290 1
2384 2182 1
1246 1841 1
2337 169 1
2078 1884 1
599 216 1
1452 1458 1
875 1252 1
1905 2008 1
1020 1128 1
618 367 1
2320 2184 1
184 850 1
1893 753 1
13 52 1
965 636 1
1862 1113 1
1402 963 1
2155 2341 1
686 1658 1
1066 97 1
1227 1995 1
1789 2293 1
58 1950 1
1908 799 1
911 924 1
891 1730 1
732 1013 1
167 288 1
1928 2417 1
118 325 1
799 1219 1
1884 1856 1
68 263 1
665 1718 1
353 2075 1
1241 2252 1
1102 2306 1
2254 158 1
313 2421 1
1550 218 1
2248 1851 1
315 933 1
2279 1318 1
2414 1642 1
1902 932 1
943 699 1
1915 514 1
617 903 1
2103 2373 1
1574 1401 1
525 816 1
495 255 1
2089 1931 1
731 714 1
43 707 1
382 412 1
2212 1525 1
1108 2257 1
622 69 1
2012 858 1
106 477 1
251 1174 1
944 397 1
1222 1924 1
1252 876 1
2108 2261 1
704 2146 1
1064 476 1
1216 1786 1
517 1603 1
1319 513 1
591 207 1
700 1440 1
2019 1463 1
1609 1587 1
1597 2130 1
1291 1485 1
431 659 1
2155 882 1
2050 602 1
591 761 1
966 742 1
738 1672 1
2019 1915 1
2100 1654 1
999 533 1
2308 786 1
1879 1760 1
1096 852 1
649 118 1
363 2226 1
1416 1812 1
214 1568 1
2056 1504 1
638 1340 1
1398 110 1
1111 38 1
1959 981 1
1932 1567 1
2317 1150 1
1333 1348 1
1271 1445 1
1263 985 1
2399 1219 1
1428 1820 1
500 576 1
1045 1423 1
1938 2286 1
1961 1616 1
701 724 1
220 2299 1
1567 1854 1
447 442 1
690 639 1
1040 7 1
1739 1914 1
1463 1045 1
550 2204 1
1098 443 1
1729 1183 1
1336 246 1
44 595 1
622 1485 1
1974 584 1
1037 1074 1
1320 1556 1
2029 629 1
1619 311 1
1451 18 1
1025 193 1
2365 2082 1
514 1463 1
2011 2101 1
723 541 1
733 724 1
1279 1587 1
1884 586 1
1320 678 1
2050 1574 1
1673 2341 1
1423 635 1
1531 932 1
1046 2372 1
1850 2349 1
1908 2019 1
1730 801 1
70 600 1
1829 1569 1
1904 2304 1
1383 1679 1
1375 1358 1
238 883 1
329 1284 1
591 970 1
2425 1530 1
1741 253 1
493 2019 1
1530 2394 1
240 511 1
883 642 1
821 1596 1
604 1789 1
379 1763 1
1870 1400 1
1912 545 1
1807 2056 1
983 570 1
2317 1981 1
1015 2391 1
1768 1618 1
1534 2166 1
1991 522 1
158 2068 1
987 1266 1
875 1631 1
2333 1022 1
2131 2301 1
1285 1981 1
2240 2398 1
844 1504 1
914 464 1
506 473 1
56 362 1
1162 1288 1
1341 1471 1
176 425 1
1021 558 1
230 210 1
2083 1158 1
2347 2210 1
538 814 1
872 1028 1
1095 851 1
277 558 1
258 761 1
1034 332 1
2192 983 1
2146 1005 1
810 331 1
2406 425 1
2379 412 1
649 440 1
1876 734 1
2242 1286 1
342 223 1
217 1884 1
1991 2263 1
970 708 1
148 1737 1
884 1869 1
187 2317 1
1697 2319 1
2376 721 1
2227 1556 1
1520 1568 1
2021 2302 1
1585 1379 1
254 1172 1
506 1545 1
1912 1103 1
1998 2320 1
511 888 1
1858 661 1
1310 1039 1
591 201 1
325 509 1
374 559 1
876 223 1
247 2051 1
1717 906 1
1850 887 1
2197 29 1
653 973 1
6 1610 1
1291 1938 1
1599 2019 1
620 812 1
1189 1391 1
882 1074 1
1356 1926 1
769 2177 1
451 570 1
1150 1567 1
982 664 1
889 1171 1
570 704 1
2184 1635 1
305 114 1
1569 31 1
201 965 1
271 1296 1
733 220 1
1226 324 1
683 2108 1
1321 1405 1
952 1310 1
1208 1500 1
450 2085 1
476 299 1
2195 1456 1
1491 426 1
1861 736 1
1985 432 1
205 176 1
1023 1575 1
1102 1087 1
2192 1856 1
2419 140 1
2362 785 1
2315 2068 1
969 2344 1
194 1688 1
2160 468 1
228 124 1
302 1149 1
2102 1937 1
1011 721 1
644 885 1
689 1893 1
1269 574 1
685 650 1
680 968 1
1271 450 1
1866 295 1
1969 760 1
2260 1070 1
660 1258 1
1386 1150 1
1715 1000 1
1908 2227 1
2305 2084 1
1687 2391 1
649 1197 1
995 1596 1
557 447 1
1673 1271 1
1161 1257 1
176 1482 1
455 307 1
974 1735 1
403 430 1
482 308 1
191 75 1
1935 1370 1
2354 1673 1
2198 163 1
1502 1697 1
1763 1509 1
242 1338 1
301 2328 1
1278 1538 1
2357 1336 1
1987 594 1
1923 903 1
375 503 1
1766 670 1
107 491 1
774 289 1
1320 1269 1
1285 269 1
153 620 1
1498 1382 1
1310 1278 1
349 86 1
2391 216 1
457 1880 1
943 1485 1
1856 133 1
294 1303 1
1340 2029 1
2423 678 1
1224 709 1
2003 1878 1
1240 2029 1
567 1977 1
1002 699 1
1335 47 1
1271 574 1
1199 1272 1
2312 223 1
1624 1393 1
2354 1070 1
288 1105 1
1792 758 1
81 889 1
2002 204 1
307 452 1
125 1518 1
2010 45 1
1500 620 1
2242 1719 1
1271 1679 1
1526 1919 1
1116 872 1
1873 764 1
1255 980 1
2249 2395 1
639 1673 1
1211 1412 1
1357 2184 1
801 1458 1
555 155 1
724 591 1
444 6 1
1488 1369 1
1981 915 1
1077 262 1
2366 976 1
1996 1212 1
825 792 1
201 987 1
885 1097 1
485 1746 1
2388 1335 1
1295 1021 1
1147 2013 1
25 321 1
2344 468 1
957 2193 1
498 1226 1
1044 107 1
1023 159 1
2113 870 1
636 1005 1
1088 1466 1
799 131 1
1120 258 1
2002 1485 1
1563 1211 1
1147 1058 1
850 2191 1
812 1150 1
156 438 1
1315 2322 1
378 379 1
639 158 1
1351 361 1
2151 539 1
2261 1134 1
86 704 1
1070 1624 1
973 1991 1
2281 946 1
733 574 1
215 1663 1
1419 1673 1
1989 1996 1
478 651 1
307 1120 1
382 1214 1
1317 841 1
634 2315 1
1709 2006 1
791 2421 1
2396 76 1
733 791 1
1234 69 1
2396 1923 1
754 977 1
2139 485 1
1790 2367 1
1107 911 1
876 38 1
1401 586 1
1511 1340 1
1707 869 1
1052 1383 1
23 1282 1
2316 640 1
1934 2055 1
91 2004 1
1899 1383 1
2085 278 1
1527 453 1
847 510 1
1317 1391 1
634 1631 1
1531 1390 1
1249 634 1
746 2348 1
314 852 1
701 2414 1
2078 1111 1
57 1292 1
1340 1538 1
704 1208 1
812 2286 1
2034 2086 1
1570 2428 1
401 498 1
1154 1434 1
1807 0 1
1383 1006 1
1353 99 1
786 849 1
1834 2049 1
2265 2368 1
941 437 1
2400 493 1
2421 574 1
1043 924 1
970 2354 1
2181 1231 1
1599 2219 1
1340 187 1
2016 384 1
884 925 1
1471 117 1
579 1041 1
2037 515 1
1093 636 1
436 183 1
231 829 1
2298 490 1
1860 1399 1
1168 1875 1
1028 635 1
2231 1814 1
1485 313 1
687 151 1
2192 1393 1
555 2170 1
263 1270 1
678 1899 1
1264 2421 1
1037 1005 1
812 952 1
55 589 1
2050 1511 1
2395 1541 1
1981 875 1
687 1120 1
1038 659 1
1093 1291 1
153 198 1
876 1908 1
28 219 1
381 1498 1
2133 1943 1
1538 1602 1
1086 1080 1
1111 498 1
459 2051 1
2149 1493 1
952 2315 1
1111 1093 1
995 15 1
1135 1801 1
2431 316 1
690 1445 1
686 1677 1
2273 1233 1
1821 377 1
1249 198 1
1130 888 1
481 597 1
288 1474 1
1495 447 1
1881 68 1
854 544 1
715 1356 1
2177 2423 1
964 223 1
116 1528 1
812 1423 1
1028 324 1
1679 269 1
1855 1070 1
2292 1376 1
859 1912 1
2045 828 1
639 151 1
2212 1741 1
1765 1840 1
1801 144 1
1669 1544 1
86 769 1
1982 1463 1
642 2249 1
676 746 1
2177 2260 1
305 1316 1
972 1434 1
2322 1898 1
1419 1891 1
1994 2313 1
2227 1107 1
204 2106 1
1856 876 1
882 1278 1
2071 566 1
877 1870 1
2066 285 1
1599 701 1
266 552 1
762 2015 1
694 1253 1
1554 1411 1
930 1858 1
1329 983 1
2072 1770 1
2123 2360 1
1809 1118 1
1891 278 1
2214 1759 1
1814 235 1
1504 269 1
1440 726 1
915 1285 1
1120 635 1
0 915 1
1675 1076 1
201 1419 1
1919 2305 1
210 1182 1
1684 1407 1
1045 1602 1
2269 1746 1
2002 1401 1
2395 1760 1
1683 1931 1
984 1895 1
2299 498 1
758 700 1
1074 1950 1
1434 198 1
972 1784 1
1486 1135 1
2241 1832 1
1364 837 1
2227 1511 1
2263 91 1
743 868 1
245 2050 1
1641 514 1
1209 1622 1
735 2383 1
1340 1120 1
1845 427 1
1193 1139 1
909 1478 1
1378 2189 1
190 63 1
1159 2413 1
1560 259 1
2266 2055 1
1633 839 1
421 2072 1
2085 1856 1
1828 787 1
1259 2340 1
227 2202 1
1739 2361 1
1099 508 1
1574 1114 1
1883 1257 1
1736 778 1
901 70 1
2009 1339 1
1909 727 1
19 1683 1
688 1949 1
1076 416 1
924 1045 1
907 2006 1
1039 911 1
1419 1219 1
1448 1259 1
295 958 1
658 723 1
1631 1150 1
1669 1169 1
2295 1512 1
2106 242 1
349 1278 1
1721 620 1
964 1556 1
1884 791 1
246 1142 1
1807 970 1
2030 61 1
2059 772 1
578 2133 1
313 1005 1
1758 1346 1
2129 1230 1
2336 47 1
468 1974 1
886 1626 1
430 2423 1
2178 1849 1
22 1020 1
313 733 1
1721 158 1
458 1397 1
313 1266 1
1104 1129 1
1394 885 1
1131 1636 1
2175 2267 1
626 1680 1
1777 25 1
1658 2163 1
1097 1762 1
170 1834 1
1040 1745 1
812 1850 1
217 493 1
54 1437 1
670 69 1
481 1329 1
180 490 1
1120 187 1
1621 730 1
2117 898 1
524 105 1
140 1680 1
757 1618 1
1869 684 1
292 2234 1
2224 43 1
1361 2103 1
1708 1281 1
1500 2068 1
1636 1777 1
1052 987 1
983 591 1
1454 1295 1
1158 1307 1
1291 687 1
476 1003 1
1369 1680 1
2414 455 1
2152 1193 1
1383 2390 1
1269 1679 1
4 72 1
2103 2162 1
1810 1234 1
642 302 1
610 2174 1
640 67 1
199 2230 1
1003 2365 1
1854 220 1
220 96 1
1266 1338 1
1338 1226 1
1885 387 1
1203 820 1
784 710 1
1386 1766 1
324 629 1
356 895 1
1631 450 1
6 571 1
802 1724 1
434 2263 1
391 369 1
430 1168 1
62 873 1
759 734 1
1675 348 1
1090 606 1
2388 1966 1
566 745 1
313 1445 1
568 4 1
1075 382 1
2102 943 1
32 613 1
667 278 1
1965 2001 1
1730 754 1
1176 1935 1
162 1610 1
96 307 1
1353 937 1
58 450 1
1038 307 1
98 252 1
870 2254 1
853 794 1
30 1232 1
870 1310 1
2014 22 1
2343 2086 1
477 2413 1
1818 64 1
511 868 1
1401 1807 1
1732 1894 1
602 987 1
184 2349 1
165 1381 1
997 2050 1
2349 574 1
1496 37 1
2146 1028 1
2030 1738 1
1510 1246 1
1960 869 1
1022 1467 1
903 1378 1
1291 2355 1
780 432 1
1066 1838 1
1779 1502 1
2264 1451 1
1950 501 1
1032 982 1
860 1392 1
96 1168 1
1329 58 1
2335 1301 1
446 156 1
1005 882 1
1068 1566 1
733 258 1
1081 272 1
1690 747 1
1208 1908 1
701 96 1
1676 541 1
206 2279 1
602 662 1
223 2286 1
629 2286 1
1834 2330 1
821 381 1
501 2068 1
1962 1326 1
268 2236 1
757 2102 1
2407 2065 1
1002 452 1
415 1715 1
763 466 1
96 620 1
60 123 1
591 135 1
144 1104 1
69 1039 1
1043 1937 1
455 1855 1
1076 1732 1
485 1006 1
1746 38 1
1440 888 1
1736 1063 1
614 91 1
2125 969 1
1238 673 1
2085 1401 1
1356 251 1
288 1953 1
112 2137 1
1388 1750 1
416 752 1
1272 482 1
2282 891 1
349 629 1
2249 24 1
1080 1490 1
1536 598 1
1912 994 1
29 2 1
69 900 1
1721 844 1
257 1750 1
73 2087 1
1602 1810 1
1681 1110 1
726 60 1
2355 1599 1
366 2130 1
812 198 1
69 1511 1
642 1980 1
10 1359 1
160 1738 1
503 53 1
1 502 1
701 2312 1
750 526 1
403 850 1
386 1224 1
634 307 1
1226 857 1
1083 2162 1
133 622 1
1445 662 1
818 516 1
902 2428 1
2034 1707 1
1393 1070 1
1661 1681 1
1388 1150 1
1114 324 1
334 962 1
1574 153 1
998 2378 1
50 1799 1
2155 2019 1
1419 2116 1
1779 1904 1
1634 1879 1
611 1585 1
1154 1504 1
1965 563 1
1831 1424 1
979 396 1
745 2305 1
965 69 1
1050 1816 1
1506 1860 1
1445 2355 1
5 1787 1
328 701 1
279 406 1
2182 1894 1
280 1398 1
1631 1249 1
1340 2146 1
2076 762 1
1663 1707 1
1940 109 1
1766 1599 1
1190 621 1
603 1104 1
2367 594 1
659 1937 1
220 153 1
1984 689 1
983 1875 1
431 1278 1
718 1920 1
470 532 1
88 422 1
158 1208 1
1345 393 1
660 1883 1
1567 704 1
2139 2390 1
981 1615 1
367 1745 1
511 1755 1
651 35 1
2315 987 1
292 811 1
1226 1434 1
881 500 1
1669 2325 1
872 1500 1
2422 478 1
1393 1127 1
1626 2252 1
1971 1075 1
621 1737 1
2354 1706 1
146 145 1
2138 1958 1
1771 2214 1
911 1599 1
768 1156 1
622 2050 1
1448 2416 1
295 794 1
2194 1186 1
153 872 1
553 186 1
814 417 1
2219 1679 1
1709 855 1
258 441 1
2093 243 1
184 1538 1
1385 864 1
498 1556 1
1750 1950 1
597 1908 1
1217 2387 1
1485 1074 1
258 701 1
174 225 1
1987 615 1
2393 2183 1
1974 1801 1
1908 1249 1
1908 2113 1
1572 2067 1
1114 915 1
873 553 1
264 2292 1
1038 2414 1
1093 269 1
924 195 1
635 1401 1
241 1484 1
1772 657 1
1994 1038 1
1356 1737 1
1110 1867 1
1301 295 1
430 2341 1
1296 2020 1
1878 763 1
1482 1968 1
1272 890 1
970 2286 1
2042 1755 1
632 539 1
799 328 1
2356 27 1
1150 242 1
2431 148 1
1676 359 1
1650 281 1
635 481 1
1312 313 1
2002 313 1
2414 1950 1
2177 1567 1
69 430 1
842 959 1
1208 1423 1
1833 1578 1
325 364 1
1570 597 1
67 1648 1
505 770 1
828 357 1
1511 485 1
1574 452 1
1260 446 1
2423 2102 1
1058 2358 1
72 110 1
1373 2273 1
152 723 1
2107 552 1
1257 992 1
462 2160 1
1407 303 1
2301 2302 1
1455 2344 1
1630 2216 1
1427 621 1
62 589 1
909 836 1
1235 1790 1
21 1122 1
915 245 1
351 1892 1
1354 67 1
1354 1079 1
2182 692 1
201 586 1
2130 758 1
1874 1042 1
812 1219 1
116 2281 1
403 2155 1
1621 291 1
242 1850 1
2154 605 1
1331 1399 1
2106 716 1
369 874 1
2380 1397 1
2019 704 1
793 478 1
6 1242 1
1716 2066 1
1782 251 1
857 2349 1
449 422 1
2254 187 1
438 1707 1
1601 2322 1
257 455 1
1916 579 1
1383 667 1
463 1672 1
1888 2042 1
1576 212 1
1994 1721 1
1743 1448 1
803 748 1
37 1461 1
1280 1981 1
2356 682 1
1302 30 1
1750 349 1
165 1033 1
975 831 1
1819 1926 1
891 1435 1
2142 1824 1
207 1642 1
2057 132 1
847 1336 1
70 491 1
1434 1045 1
2146 911 1
2355 952 1
1567 1538 1
1558 453 1
365 1769 1
2359 674 1
1897 2290 1
180 145 1
1283 632 1
1904 2017 1
2294 2228 1
2359 2229 1
1863 538 1
1932 636 1
1070 915 1
2365 1847 1
175 801 1
1915 716 1
1885 845 1
2414 501 1
38 1038 1
972 1278 1
257 1252 1
1902 390 1
965 964 1
1721 2254 1
821 1261 1
1624 2155 1
201 2192 1
721 813 1
1504 498 1
2047 347 1
1281 986 1
1226 2068 1
485 2315 1
1478 825 1
970 481 1
2259 1686 1
2273 467 1
952 1556 1
2210 296 1
612 1951 1
1574 757 1
1314 1286 1
1045 2428 1
713 2268 1
236 404 1
827 2077 1
536 1684 1
370 700 1
1038 911 1
1642 1401 1
1511 220 1
2177 635 1
2355 431 1
1444 557 1
1775 228 1
2390 2400 1
458 378 1
1150 1854 1
2285 1306 1
1037 878 1
934 1299 1
2398 1517 1
2042 1304 1
662 1434 1
1254 389 1
2062 1626 1
603 1827 1
336 1675 1
2259 527 1
1369 854 1
1504 1784 1
1084 1408 1
1107 1434 1
1071 118 1
1430 281 1
1009 623 1
595 185 1
1269 590 1
2004 536 1
554 2224 1
208 1621 1
2029 1310 1
231 2016 1
2267 846 1
2423 1679 1
1908 2192 1
1029 1325 1
372 1592 1
1596 1333 1
624 645 1
2024 1262 1
137 88 1
2213 30 1
1570 1679 1
1732 1583 1
1574 2390 1
1067 2311 1
1856 1208 1
2023 2347 1
198 1285 1
1328 1941 1
2230 1839 1
1433 1349 1
1522 680 1
1234 1045 1
918 1693 1
337 2394 1
1679 812 1
1801 24 1
1986 1044 1
2043 440 1
2195 773 1
396 1705 1
562 2409 1
1917 1089 1
2034 1290 1
1193 1904 1
1327 560 1
705 1476 1
1226 1320 1
734 1198 1
2341 1994 1
597 1043 1
1642 1511 1
733 620 1
2390 1915 1
2078 716 1
1423 2399 1
1026 1666 1
1005 2312 1
2384 44 1
468 170 1
1667 1757 1
812 455 1
2314 539 1
1534 414 1
1219 313 1
1070 498 1
1266 2219 1
724 1269 1
1052 875 1
2126 708 1
2006 59 1
290 2189 1
2222 2130 1
1864 2188 1
1463 922 1
1917 1515 1
1052 1445 1
510 468 1
2309 2073 1
2384 632 1
135 328 1
84 1057 1
2227 1699 1
2097 848 1
819 2004 1
1164 1487 1
544 929 1
1039 1624 1
1891 952 1
324 659 1
2390 1111 1
340 691 1
1500 887 1
2346 965 1
301 655 1
800 1983 1
1370 695 1
315 36 1
1266 1419 1
735 1738 1
1613 1303 1
2248 1780 1
1279 2088 1
2354 1746 1
131 2227 1
573 1870 1
1607 2205 1
1348 173 1
817 842 1
917 2148 1
1718 675 1
852 1050 1
2052 1876 1
1962 989 1
1609 556 1
357 2303 1
1038 38 1
667 2354 1
629 1093 1
1168 943 1
1963 1047 1
1558 2140 1
2293 1868 1
669 60 1
715 1096 1
736 2333 1
335 449 1
298 1491 1
22 1370 1
332 883 1
1244 677 1
2000 199 1
1799 2066 1
667 875 1
1908 1393 1
2312 1419 1
1423 131 1
911 514 1
573 800 1
1674 908 1
642 73 1
597 2260 1
1709 91 1
1047 1151 1
2227 2313 1
1696 1547 1
679 1882 1
1335 1190 1
126 326 1
2233 1474 1
2361 2059 1
2385 668 1
1548 890 1
1052 922 1
2269 96 1
1759 334 1
342 943 1
983 1768 1
1861 1082 1
872 1269 1
1873 1284 1
2389 564 1
108 916 1
799 217 1
636 638 1
1002 1830 1
336 1151 1
47 865 1
265 1601 1
882 96 1
2308 1010 1
2312 639 1
129 1663 1
1303 1552 1
1113 530 1
429 445 1
1043 151 1
1249 701 1
2297 2097 1
1305 671 1
1470 2258 1
272 2366 1
1805 2265 1
195 133 1
1059 1106 1
2119 663 1
2106 2191 1
418 2240 1
947 1135 1
858 165 1
2399 757 1
1111 86 1
1485 2139 1
2113 278 1
2134 668 1
307 431 1
1811 2262 1
701 586 1
1310 184 1
1463 342 1
1378 825 1
658 228 1
2027 1101 1
168 1553 1
2323 998 1
1922 1716 1
405 2199 1
1082 794 1
1038 1043 1
2358 560 1
1730 1451 1
639 1070 1
2254 1280 1
2261 483 1
1164 1735 1
1574 2135 1
2018 2080 1
2291 1314 1
2400 69 1
1768 493 1
2366 2234 1
900 622 1
997 1006 1
2113 1127 1
1618 964 1
635 757 1
2428 201 1
1350 1241 1
933 1428 1
844 1393 1
271 1827 1
1711 1923 1
759 243 1
659 278 1
2236 1121 1
2277 1232 1
2219 1750 1
1899 2126 1
770 1901 1
2345 166 1
2370 1429 1
151 328 1
158 1388 1
2028 537 1
664 737 1
322 348 1
501 2102 1
53 805 1
2312 198 1
1419 2192 1
1450 1332 1
1549 2171 1
2063 211 1
2218 721 1
1208 69 1
2050 1266 1
1004 737 1
915 662 1
638 2219 1
1813 1139 1
2338 1530 1
1406 768 1
1233 1992 1
185 1520 1
1641 1037 1
1817 968 1
2428 485 1
1602 620 1
2295 2382 1
379 1905 1
1759 839 1
1210 1885 1
636 498 1
556 824 1
493 687 1
1021 623 1
1278 629 1
155 386 1
139 525 1
910 1446 1
547 1878 1
857 882 1
1041 1204 1
727 1069 1
2315 1340 1
1038 1388 1
699 2312 1
993 534 1
2313 204 1
2323 1661 1
451 1599 1
1299 843 1
164 1979 1
1272 1665 1
1642 257 1
1016 1428 1
2322 1825 1
2418 1612 1
1076 734 1
2191 2400 1
2116 2286 1
1672 2112 1
1045 501 1
895 374 1
983 403 1
2179 1559 1
2216 2062 1
1504 1234 1
1784 349 1
2205 1695 1
2113 1499 1
798 356 1
1729 873 1
1249 2399 1
658 782 1
1929 2052 1
360 863 1
2029 1269 1
2311 411 1
1211 39 1
201 1856 1
2399 1856 1
2341 876 1
1108 321 1
1554 520 1
1234 96 1
401 701 1
1005 313 1
1632 2345 1
997 1673 1
2081 2386 1
1887 100 1
1200 2282 1
2364 1973 1
1810 769 1
485 1750 1
572 343 1
1722 797 1
1403 2093 1
1505 1374 1
2050 2219 1
58 2139 1
0 1884 1
943 1856 1
1234 431 1
20 763 1
1035 2426 1
1339 626 1
1706 38 1
1279 2274 1
2056 187 1
791 1111 1
2382 1325 1
639 58 1
1338 586 1
716 2355 1
81 1194 1
721 995 1
1781 2102 1
75 163 1
2268 343 1
2346 1338 1
1383 217 1
2346 451 1
2281 2301 1
330 1023 1
1157 1835 1
924 586 1
1107 2400 1
342 724 1
1538 1982 1
528 2201 1
2146 875 1
1437 1703 1
1485 2135 1
678 733 1
266 1613 1
564 2239 1
892 1863 1
32 533 1
2315 1854 1
1746 514 1
1296 1440 1
2367 256 1
350 1440 1
787 332 1
2102 2019 1
554 594 1
1695 159 1
1377 1503 1
991 1713 1
1856 1445 1
2361 752 1
661 138 1
2423 96 1
1256 1173 1
1740 1017 1
2161 125 1
1192 868 1
1423 1037 1
2315 757 1
1221 1331 1
761 1070 1
1854 872 1
1468 1562 1
671 338 1
2149 1540 1
1556 309 1
6 135 1
964 987 1
1523 1468 1
1594 2395 1
1538 1070 1
1552 1537 1
2404 1802 1
1320 987 1
2068 1070 1
2304 61 1
2017 461 1
2229 2307 1
1942 188 1
1937 761 1
674 1934 1
728 707 1
1556 1854 1
133 878 1
1910 381 1
2388 1587 1
799 485 1
204 2126 1
1788 789 1
300 947 1
452 2155 1
1240 2421 1
1473 1 1
431 639 1
1891 2191 1
2067 2388 1
1574 952 1
141 654 1
1697 2426 1
602 586 1
776 2353 1
882 1781 1
1570 1005 1
915 1699 1
151 1383 1
1388 1994 1
2127 2094 1
2235 853 1
1102 1563 1
878 1784 1
1987 672 1
1088 2152 1
1950 151 1
220 2269 1
342 2355 1
2062 1896 1
1738 1506 1
1854 634 1
1643 1789 1
2267 1741 1
1856 187 1
264 1148 1
1796 357 1
2244 420 1
805 1787 1
1127 431 1
2018 414 1
953 1970 1
1168 622 1
430 590 1
2078 704 1
50 402 1
307 269 1
1080 297 1
878 887 1
850 878 1
1291 915 1
1146 1703 1
151 2390 1
1033 1011 1
212 2 1
8 2316 1
1673 697 1
2126 1320 1
1576 856 1
1695 291 1
1740 1241 1
450 636 1
609 1758 1
116 318 1
2397 749 1
1507 2232 1
199 1327 1
1734 1102 1
481 1981 1
707 1973 1
1641 900 1
623 2230 1
986 2238 1
1437 809 1
1709 1076 1
891 62 1
2203 2109 1
1882 898 1
1862 859 1
1240 1264 1
2260 586 1
82 337 1
857 269 1
1016 1325 1
1683 926 1
129 276 1
2040 2081 1
1401 622 1
1934 2404 1
996 641 1
1681 191 1
69 812 1
2106 2423 1
1039 307 1
266 1543 1
1193 1294 1
1329 2349 1
1556 2313 1
987 2428 1
1389 787 1
2155 1114 1
351 197 1
865 1596 1
280 1587 1
946 933 1
1959 1972 1
1311 2115 1
1980 1009 1
1388 1915 1
1861 894 1
1119 519 1
757 2227 1
657 271 1
608 1244 1
997 1766 1
59 1824 1
2112 494 1
1280 1127 1
1432 1788 1
29 319 1
266 1799 1
130 1416 1
700 1259 1
1316 626 1
1252 349 1
597 223 1
1883 232 1
654 291 1
942 1625 1
870 452 1
14 1290 1
2278 1398 1
1491 1729 1
485 86 1
870 187 1
2317 2254 1
667 441 1
2269 690 1
1463 1127 1
1952 1048 1
1237 1324 1
1431 34 1
777 92 1
1351 1853 1
1323 2261 1
915 708 1
1093 1388 1
302 1501 1
1137 1296 1
482 2326 1
2304 1113 1
1599 2346 1
844 911 1
1235 1062 1
1324 429 1
1382 1702 1
1618 1266 1
1 1121 1
432 1372 1
757 1511 1
342 1271 1
1635 1435 1
187 1891 1
1938 670 1
924 1624 1
1111 1538 1
2253 1275 1
1064 1713 1
715 2213 1
2029 964 1
912 2401 1
699 2155 1
757 514 1
761 791 1
2107 2082 1
1856 1252 1
1724 2196 1
893 1851 1
1562 410 1
1330 725 1
1148 1287 1
1819 676 1
57 1767 1
254 1117 1
151 911 1
2355 1556 1
1991 939 1
1509 33 1
743 2209 1
1349 1612 1
969 1033 1
562 408 1
1760 1376 1
94 1680 1
693 1021 1
1915 1856 1
1032 2406 1
1981 2126 1
1618 1556 1
2428 69 1
1950 1070 1
976 2014 1
840 1886 1
479 82 1
820 1780 1
1117 311 1
143 994 1
728 2069 1
43 1999 1
1097 2093 1
887 708 1
726 897 1
1660 30 1
1112 1687 1
843 1493 1
2174 497 1
1851 444 1
1927 2409 1
1240 493 1
639 1252 1
1338 481 1
1574 878 1
1682 114 1
195 2254 1
2086 832 1
545 57 1
1335 364 1
1388 1899 1
1485 1830 1
1686 1214 1
925 1245 1
1074 1810 1
2414 441 1
1219 1154 1
2421 638 1
1039 135 1
1463 2346 1
1111 697 1
1037 2227 1
1841 378 1
1300 2197 1
1835 181 1
1981 970 1
634 342 1
2321 1676 1
1392 1347 1
670 952 1
1912 712 1
147 1201 1
2294 1833 1
119 106 1
93 2060 1
564 167 1
451 1570 1
645 1584 1
1259 1835 1
2256 1527 1
2135 2019 1
938 1737 1
1252 1280 1
1223 800 1
606 2180 1
1105 1224 1
1804 84 1
2113 307 1
1798 1374 1
1702 2290 1
1876 37 1
2135 38 1
1310 812 1
887 1114 1
573 2417 1
1446 1036 1
844 307 1
450 812 1
308 159 1
1043 1602 1
1159 764 1
485 857 1
968 2361 1
1198 154 1
491 1247 1
1134 747 1
1375 2342 1
1570 965 1
701 498 1
1520 1251 1
837 2129 1
590 1807 1
2106 1006 1
1426 748 1
794 1416 1
1060 1191 1
1072 675 1
1750 1338 1
2117 2161 1
1728 1731 1
1094 648 1
1229 155 1
456 1700 1
1884 1093 1
1039 1006 1
1722 371 1
936 760 1
2189 1384 1
1134 1104 1
1082 2431 1
1807 761 1
1869 71 1
258 757 1
443 1905 1
1037 1511 1
1389 358 1
1699 430 1
2370 810 1
1589 1413 1
317 2067 1
604 1430 1
294 1739 1
816 990 1
1477 604 1
493 629 1
2106 1810 1
2226 262 1
591 1485 1
781 1356 1
1326 778 1
2199 1748 1
882 1641 1
323 1798 1
2019 2050 1
98 1177 1
450 1511 1
1439 1181 1
70 1447 1
1537 729 1
1472 298 1
1100 1683 1
1246 1088 1
2227 1884 1
281 582 1
1072 1617 1
1320 2019 1
841 2298 1
1128 1918 1
523 1928 1
970 1383 1
2064 276 1
223 812 1
1240 769 1
19 2026 1
1026 93 1
2304 1459 1
1641 716 1
2340 789 1
450 911 1
1030 1816 1
1615 2217 1
582 1398 1
1388 1312 1
1329 997 1
1111 2191 1
7 1270 1
640 344 1
978 984 1
1836 2011 1
1950 1285 1
1908 1038 1
253 492 1
1002 900 1
2334 1723 1
875 1234 1
328 2139 1
1445 195 1
153 1052 1
1748 2092 1
1310 1312 1
514 724 1
779 1067 1
502 231 1
1249 1127 1
371 1853 1
1800 435 1
574 704 1
282 1701 1
1320 450 1
688 626 1
697 887 1
2247 2379 1
2069 2061 1
1993 399 1
757 1981 1
1006 2056 1
1230 913 1
2153 2030 1
773 1452 1
498 769 1
354 541 1
1938 1393 1
28 406 1
560 588 1
507 2206 1
8 426 1
1615 1779 1
2116 328 1
1985 354 1
914 1758 1
1637 1449 1
1312 278 1
1665 225 1
1641 207 1
474 1277 1
929 2181 1
1280 922 1
1787 2166 1
1893 2350 1
223 1855 1
2311 1516 1
987 498 1
1538 187 1
1653 2394 1
1278 1419 1
1818 1814 1
1932 86 1
77 1765 1
2398 653 1
1932 1850 1
2103 1381 1
710 2268 1
2113 716 1
844 1039 1
1455 796 1
952 2116 1
1052 1982 1
1367 2225 1
2079 631 1
1842 1805 1
1706 2414 1
745 1823 1
1702 222 1
662 757 1
752 1353 1
470 147 1
1340 1249 1
783 896 1
394 1864 1
1867 532 1
1844 2062 1
1518 728 1
1368 1895 1
405 739 1
2075 2110 1
723 17 1
1208 2002 1
699 1074 1
1973 1890 1
1856 983 1
2327 954 1
622 451 1
1346 548 1
1641 799 1
1285 791 1
1825 1361 1
2232 1124 1
709 286 1
1622 165 1
2277 1301 1
527 1486 1
1140 1832 1
2312 716 1
1706 2315 1
1124 657 1
1107 501 1
2313 1005 1
2299 2346 1
590 622 1
1432 2311 1
2113 983 1
1567 313 1
541 1792 1
147 1232 1
833 1053 1
1871 1510 1
1514 1824 1
1425 2172 1
299 681 1
2428 349 1
2064 1 1
1120 620 1
2080 2386 1
403 1043 1
1056 2371 1
206 1753 1
435 2339 1
980 2324 1
1066 1913 1
882 1932 1
1120 965 1
965 2135 1
2355 697 1
765 1591 1
1365 2045 1
181 781 1
52 1495 1
1838 2320 1
204 1485 1
745 1086 1
2249 1220 1
83 1691 1
1408 1082 1
505 1936 1
997 455 1
2293 1255 1
374 1211 1
1019 2408 1
2409 1595 1
1468 229 1
1490 2193 1
1140 410 1
2182 1976 1
2421 485 1
693 1216 1
758 1432 1
1480 366 1
1601 1517 1
763 1754 1
1285 451 1
1982 1028 1
349 1226 1
472 1116 1
1583 1198 1
1624 187 1
779 646 1
2325 2147 1
1264 1038 1
1712 1348 1
1721 441 1
548 1959 1
1411 1918 1
919 715 1
220 2139 1
1057 1442 1
2313 952 1
2177 1499 1
819 1216 1
1043 257 1
2354 1111 1
58 586 1
697 431 1
2269 634 1
1310 1574 1
307 2286 1
1593 2224 1
2357 2036 1
1994 1855 1
1695 475 1
2090 2250 1
46 2221 1
1679 1574 1
61 1297 1
1753 1023 1
617 1736 1
751 1077 1
916 1685 1
513 249 1
193 977 1
1467 2215 1
1002 911 1
2118 1368 1
1853 1913 1
258 431 1
876 2315 1
940 2296 1
523 1126 1
577 2362 1
1963 1586 1
1970 2425 1
790 1516 1
1393 1234 1
1648 2009 1
1662 2281 1
1749 2141 1
1767 748 1
255 1019 1
43 1137 1
2260 850 1
1106 1732 1
1424 2093 1
1031 1244 1
306 992 1
2136 2356 1
1285 1641 1
690 1850 1
2129 579 1
548 2210 1
2221 1696 1
1481 1188 1
309 1419 1
1546 1358 1
563 1287 1
1121 1319 1
1619 177 1
979 339 1
2334 2328 1
1967 480 1
122 28 1
1837 840 1
1720 1510 1
1079 1846 1
2317 441 1
713 1017 1
2139 151 1
152 998 1
222 2066 1
239 1764 1
1230 265 1
667 1854 1
1187 931 1
765 2351 1
628 2293 1
1735 1603 1
547 1903 1
2423 158 1
1087 1036 1
1827 1652 1
2112 2304 1
2110 1984 1
2149 2415 1
1349 1613 1
431 1074 1
131 431 1
1185 2424 1
204 1285 1
672 63 1
1943 164 1
2374 1484 1
2252 982 1
2061 1090 1
1588 214 1
2299 133 1
209 216 1
1781 38 1
1642 1570 1
399 545 1
1074 1338 1
448 806 1
1816 1362 1
2349 2313 1
1004 2252 1
1946 2267 1
634 922 1
1755 2277 1
1679 472 1
2421 1556 1
2155 38 1
701 1679 1
2002 309 1
2299 430 1
878 1781 1
733 451 1
1599 1006 1
481 1618 1
1490 2108 1
1845 899 1
1765 656 1
2431 1197 1
1240 1721 1
1504 1386 1
156 1524 1
30 711 1
1518 1828 1
342 1226 1
1897 489 1
1431 218 1
474 2295 1
704 1329 1
1895 546 1
289 55 1
1314 1309 1
1618 878 1
2313 1423 1
2260 2116 1
1875 1556 1
45 1726 1
1166 219 1
430 1252 1
1840 1809 1
1524 2121 1
441 269 1
808 982 1
2254 1511 1
1477 1621 1
1320 2085 1
1916 522 1
223 2002 1
1933 1134 1
1348 516 1
1960 2359 1
278 1856 1
1783 1137 1
1447 24 1
1422 1025 1
9 1091 1
96 1463 1
1634 170 1
705 171 1
1027 2224 1
1174 2074 1
220 1039 1
896 1202 1
952 1856 1
1269 1721 1
959 1812 1
2363 1364 1
1547 720 1
1563 623 1
1359 52 1
1307 2231 1
781 1966 1
497 83 1
1986 1939 1
1518 486 1
282 126 1
659 1320 1
1816 369 1
1895 2250 1
961 240 1
1984 138 1
760 582 1
710 695 1
2048 2272 1
1817 439 1
269 724 1
742 706 1
2355 570 1
2103 2221 1
952 1781 1
1942 2089 1
1544 2347 1
1150 902 1
1285 2056 1
1854 1855 1
1257 354 1
1661 663 1
699 620 1
1250 1062 1
360 46 1
821 929 1
836 444 1
172 222 1
1998 1343 1
634 1006 1
1706 441 1
1767 1409 1
1258 2115 1
886 1740 1
1660 1836 1
306 1376 1
2188 1403 1
980 18 1
1045 1679 1
760 2321 1
1716 323 1
476 1214 1
349 1264 1
1241 2031 1
288 322 1
441 2177 1
620 1340 1
830 801 1
1778 804 1
1541 776 1
1721 1504 1
1978 1871 1
1401 902 1
184 135 1
1186 2326 1
2056 1383 1
1856 198 1
80 1639 1
2368 1529 1
351 2275 1
1768 1386 1
1131 2431 1
1487 2005 1
1721 1107 1
2215 1360 1
635 924 1
635 151 1
876 1781 1
1404 1842 1
870 1434 1
481 2191 1
2043 1727 1
146 3 1
1411 1482 1
1844 884 1
697 2286 1
949 2324 1
1665 1644 1
1500 2102 1
774 132 1
360 895 1
1975 522 1
2363 1422 1
2225 240 1
402 1955 1
444 36 1
1756 1166 1
1394 460 1
2219 0 1
2272 238 1
1583 1452 1
1273 1526 1
1025 443 1
465 405 1
1706 1111 1
2058 569 1
895 1161 1
1950 876 1
498 620 1
1470 608 1
2148 1761 1
1635 1496 1
1321 2066 1
2244 418 1
313 309 1
799 850 1
2319 1144 1
2246 1837 1
489 2327 1
771 397 1
1924 1961 1
1401 2078 1
1787 1965 1
133 2102 1
1411 2366 1
902 2135 1
1287 1049 1
325 2348 1
1941 283 1
847 1588 1
1479 2058 1
1333 1448 1
687 670 1
1201 1929 1
464 1613 1
648 1079 1
1114 2354 1
1468 291 1
1938 662 1
1139 1572 1
759 1369 1
1466 1919 1
287 2244 1
1117 254 1
407 1333 1
25 1941 1
1891 1093 1
2071 1239 1
1770 1438 1
2209 1242 1
2053 1450 1
1050 1861 1
1973 1056 1
1235 1867 1
143 1239 1
1854 1264 1
1412 1533 1
2029 1120 1
2250 2404 1
716 1721 1
835 648 1
920 1758 1
347 2211 1
79 630 1
629 952 1
843 2394 1
223 1340 1
1684 5 1
956 2338 1
1150 498 1
791 2227 1
1315 802 1
0 514 1
2408 300 1
1152 2391 1
597 1111 1
1841 346 1
855 2026 1
1699 1002 1
845 1755 1
912 2193 1
2420 2207 1
1005 1329 1
1562 300 1
689 435 1
2186 1700 1
343 27 1
658 1481 1
153 242 1
1191 353 1
986 79 1
1676 104 1
535 1075 1
1855 1434 1
1011 456 1
1699 2219 1
1913 1667 1
493 1320 1
1952 1605 1
1256 644 1
899 55 1
1982 1766 1
2002 1631 1
1253 2025 1
1975 352 1
1968 784 1
1469 1841 1
2404 405 1
322 1438 1
334 548 1
603 2114 1
307 1434 1
635 1234 1
2421 1252 1
1200 2020 1
1197 2264 1
1586 893 1
2303 141 1
1000 1668 1
117 2101 1
1500 2177 1
2381 1883 1
1994 1269 1
855 1720 1
2333 2194 1
1666 2043 1
2223 1743 1
2190 127 1
498 1908 1
1278 602 1
2416 2335 1
2177 2313 1
1677 1577 1
38 1994 1
2315 1884 1
589 61 1
2176 956 1
2135 258 1
949 1075 1
491 2099 1
220 1908 1
1810 1766 1
493 223 1
2329 1067 1
1721 38 1
78 234 1
1472 1658 1
2192 964 1
1251 211 1
2344 717 1
591 1006 1
1946 1848 1
1028 1419 1
1116 1111 1
1776 1999 1
1009 1771 1
2241 2189 1
2313 1567 1
783 542 1
1338 133 1
636 431 1
948 459 1
102 2214 1
1801 599 1
445 2212 1
2116 242 1
501 1499 1
1542 1060 1
663 1814 1
834 979 1
195 878 1
445 2014 1
2106 1310 1
1291 902 1
1028 493 1
1687 1777 1
965 1280 1
1918 928 1
1685 1415 1
586 757 1
989 2098 1
389 208 1
2022 1455 1
560 1289 1
1806 469 1
38 2269 1
1921 205 1
690 452 1
1487 735 1
547 1754 1
1838 616 1
1461 1342 1
1624 733 1
1037 328 1
1142 1501 1
2078 2155 1
773 2330 1
1236 2252 1
14 1573 1
2312 667 1
2020 1674 1
2002 1226 1
2346 2106 1
828 676 1
145 2233 1
591 498 1
1653 2098 1
494 749 1
150 2032 1
1228 951 1
2154 657 1
373 182 1
2389 1607 1
975 679 1
134 1153 1
485 1891 1
202 333 1
2165 1178 1
177 88 1
485 472 1
1504 2269 1
594 1822 1
2113 342 1
1452 103 1
1460 1155 1
893 2196 1
2268 719 1
2070 1643 1
1627 375 1
96 1312 1
1946 1402 1
1497 1254 1
2234 1176 1
1339 129 1
316 87 1
1644 3 1
2038 2164 1
1009 617 1
857 1005 1
2405 637 1
1141 1371 1
1748 1976 1
2427 105 1
1519 542 1
1702 2333 1
2312 970 1
636 697 1
1240 1052 1
1245 205 1
2254 328 1
1486 2181 1
1602 1120 1
119 1590 1
200 1906 1
1009 1086 1
983 761 1
785 83 1
1994 622 1
211 913 1
125 2416 1
984 261 1
1124 495 1
1995 1297 1
608 1248 1
1807 924 1
799 38 1
590 629 1
590 245 1
1252 1208 1
2112 1945 1
1280 2191 1
2002 1037 1
2183 1012 1
935 1551 1
31 1730 1
2005 160 1
1087 115 1
759 213 1
1624 1280 1
1037 2068 1
1310 697 1
777 1071 1
2038 2069 1
297 367 1
1513 993 1
591 195 1
234 1580 1
452 586 1
606 1734 1
378 285 1
342 1766 1
756 2229 1
2415 2041 1
2191 324 1
1791 1657 1
1109 631 1
96 401 1
2428 403 1
1823 1834 1
1981 952 1
636 1631 1
1483 1775 1
1162 2154 1
2317 1556 1
1430 235 1
848 180 1
809 615 1
401 964 1
687 697 1
2256 698 1
2423 1419 1
1574 1538 1
453 1845 1
996 596 1
1721 1830 1
2312 1234 1
2023 2149 1
932 2356 1
1055 360 1
575 1357 1
2341 634 1
1453 407 1
1849 1557 1
1808 827 1
637 2153 1
153 670 1
701 757 1
1010 373 1
2001 673 1
1675 2284 1
1508 1465 1
1978 759 1
1683 1777 1
1820 85 1
1877 449 1
198 2106 1
1410 2250 1
1675 1022 1
670 2227 1
2008 966 1
2219 1271 1
872 639 1
2225 143 1
326 1300 1
1280 876 1
1891 1750 1
638 2191 1
1750 220 1
38 2254 1
1156 2140 1
1751 1235 1
189 1223 1
1727 1321 1
924 2341 1
2102 450 1
2265 65 1
1289 728 1
994 280 1
1970 21 1
2085 514 1
2121 1716 1
966 1369 1
1174 796 1
942 253 1
2351 568 1
1340 1891 1
2257 1295 1
324 1285 1
2353 1414 1
1442 1496 1
1567 1434 1
1269 1766 1
1280 1624 1
708 269 1
537 833 1
163 1638 1
972 2414 1
1715 117 1
689 1460 1
1016 940 1
1664 929 1
2399 2019 1
1166 2070 1
1291 307 1
1476 41 1
1329 1120 1
324 2068 1
1886 801 1
1538 915 1
1326 689 1
1523 2320 1
565 1062 1
1950 997 1
484 2363 1
2260 349 1
1582 1205 1
702 2038 1
1646 1366 1
38 2299 1
1567 667 1
1086 2164 1
622 2102 1
1069 2424 1
2062 2406 1
1149 79 1
1896 1411 1
2417 271 1
1694 1753 1
431 970 1
1141 587 1
1085 2165 1
714 1630 1
1393 857 1
1163 2287 1
487 621 1
1946 2406 1
2205 2015 1
1793 601 1
2001 652 1
2059 2327 1
2191 1994 1
1605 1066 1
2313 1810 1
1280 1264 1
1332 250 1
1938 2421 1
1388 1463 1
373 1157 1
864 1182 1
256 1247 1
591 217 1
2313 902 1
570 1679 1
811 106 1
1038 1706 1
1132 2076 1
87 370 1
280 1330 1
1647 927 1
2155 2146 1
1610 1173 1
1801 1359 1
1912 1597 1
534 541 1
1280 1938 1
1371 152 1
1971 580 1
1641 472 1
340 358 1
235 2054 1
791 2349 1
2243 2426 1
1320 455 1
1226 450 1
1700 19 1
2185 2042 1
1202 2377 1
307 1899 1
663 891 1
1240 791 1
1551 1664 1
2110 2091 1
1420 1828 1
1932 634 1
1538 184 1
761 441 1
1219 2400 1
894 94 1
401 1810 1
501 634 1
1494 39 1
107 1608 1
2116 1386 1
1602 876 1
1045 1932 1
471 2170 1
1029 2408 1
1711 2080 1
1232 1588 1
417 50 1
946 1119 1
2380 209 1
516 1617 1
2290 382 1
1584 1260 1
1028 1932 1
1066 538 1
2424 1917 1
253 1032 1
2167 1989 1
1039 242 1
677 2032 1
904 2376 1
1124 1898 1
1510 1502 1
678 1093 1
799 791 1
755 2098 1
682 1402 1
202 8 1
3 1292 1
704 450 1
219 1426 1
761 1005 1
1902 1020 1
2317 1329 1
2177 207 1
778 1645 1
1311 1 1
2144 2361 1
363 1688 1
1318 1587 1
496 13 1
1322 239 1
1116 678 1
1651 1115 1
1191 2277 1
1132 672 1
844 2146 1
868 871 1
2120 1978 1
963 932 1
815 113 1
1851 658 1
1789 771 1
221 1072 1
503 1205 1
151 1499 1
100 1606 1
1499 1750 1
492 390 1
1210 2209 1
1150 2317 1
408 2180 1
717 1656 1
1269 924 1
2024 838 1
341 1611 1
922 1673 1
2104 205 1
1830 1810 1
1485 1511 1
1338 1419 1
2262 1090 1
1117 1081 1
255 871 1
1768 2428 1
1020 1439 1
1512 1195 1
2336 1954 1
2126 1679 1
1199 1223 1
258 697 1
812 900 1
1499 1915 1
549 1625 1
1709 1717 1
2341 1111 1
971 1922 1
171 823 1
1220 1929 1
1511 1950 1
1020 2014 1
1938 1401 1
1968 2407 1
1111 2085 1
878 2341 1
659 1264 1
1891 1269 1
1847 816 1
1475 315 1
1357 1842 1
1618 799 1
2343 879 1
259 2021 1
1342 923 1
1856 697 1
1052 313 1
1291 733 1
2260 590 1
2183 1090 1
245 1908 1
567 18 1
481 198 1
2155 2299 1
207 597 1
22 1439 1
1260 1292 1
439 2384 1
472 659 1
697 1434 1
1826 2412 1
216 66 1
258 2102 1
1008 51 1
506 310 1
723 1441 1
1999 432 1
2116 307 1
634 1074 1
1321 1898 1
878 1154 1
2033 709 1
1426 2238 1
2106 1485 1
414 2023 1
1091 265 1
1129 1406 1
1321 1417 1
829 1620 1
1565 2185 1
684 520 1
952 2219 1
999 2404 1
418 1064 1
621 1747 1
486 741 1
2095 1838 1
113 10 1
1252 1006 1
1266 1768 1
1428 1333 1
217 1005 1
2329 168 1
2164 454 1
584 2265 1
1755 2183 1
441 1937 1
1885 52 1
693 858 1
1352 2305 1
1647 315 1
1778 698 1
1569 238 1
833 1058 1
2185 1015 1
403 761 1
89 1572 1
115 611 1
2307 1743 1
1463 1116 1
1679 943 1
455 1750 1
1178 1635 1
1008 2248 1
99 1944 1
2364 1103 1
1874 2327 1
2069 1049 1
670 2254 1
469 1042 1
2132 1178 1
1937 158 1
757 1329 1
1598 42 1
2135 2177 1
1972 1702 1
481 1271 1
1725 21 1
1266 1485 1
997 687 1
808 1482 1
590 195 1
2390 2177 1
1749 1309 1
1179 758 1
1511 900 1
1233 471 1
1101 2420 1
1993 950 1
1397 2072 1
1445 158 1
1857 1429 1
1271 1950 1
172 458 1
1077 2179 1
832 1601 1
418 1691 1
95 1591 1
647 1032 1
2269 965 1
1225 496 1
34 2090 1
1524 1162 1
143 822 1
261 1803 1
994 1420 1
1876 2028 1
1038 472 1
943 2299 1
2137 268 1
1781 1463 1
2056 1875 1
1096 756 1
2390 441 1
713 445 1
2342 1004 1
688 585 1
1390 1411 1
1873 581 1
851 2093 1
268 2221 1
2426 237 1
1280 1908 1
2269 158 1
352 1196 1
2010 420 1
1334 822 1
1699 2269 1
1630 2062 1
358 169 1
258 1856 1
361 2000 1
2287 1408 1
2106 2355 1
377 1742 1
1264 131 1
53 1239 1
1038 635 1
716 1005 1
716 2269 1
1065 2385 1
2105 1859 1
905 1297 1
115 1579 1
39 474 1
1774 1637 1
1556 1641 1
2056 1074 1
2227 1673 1
626 556 1
1805 80 1
1093 2428 1
1280 187 1
1499 1855 1
2258 1920 1
1429 974 1
1680 1294 1
2236 25 1
1176 312 1
441 455 1
245 257 1
815 41 1
1441 93 1
108 604 1
663 926 1
643 589 1
1859 2418 1
184 870 1
2336 480 1
2180 505 1
357 1053 1
1242 1092 1
2191 639 1
1464 1276 1
617 1887 1
1280 403 1
1807 662 1
1445 349 1
1234 701 1
1587 1000 1
133 900 1
1438 1749 1
1850 498 1
2271 185 1
591 242 1
514 620 1
556 1399 1
455 1423 1
359 2108 1
1882 862 1
2312 1445 1
1164 1082 1
1190 2408 1
184 699 1
1593 986 1
1168 1642 1
533 509 1
1390 1896 1
2078 622 1
364 649 1
406 330 1
1561 914 1
1573 1738 1
493 983 1
2312 1937 1
2056 922 1
1567 850 1
1502 73 1
106 88 1
576 1534 1
634 135 1
812 597 1
1781 403 1
1602 184 1
2050 2116 1
1791 464 1
1575 175 1
1165 40 1
1852 655 1
276 192 1
403 1285 1
2068 678 1
1074 452 1
147 1707 1
1024 1129 1
469 543 1
1872 1867 1
2217 1314 1
1896 477 1
708 2113 1
574 2029 1
2201 2403 1
2139 1005 1
1892 782 1
541 2238 1
214 1837 1
2177 153 1
664 1873 1
1323 1898 1
1697 1824 1
489 1729 1
1929 2339 1
1318 1762 1
2286 1982 1
824 1211 1
1249 733 1
2418 474 1
1328 2025 1
1570 2399 1
888 967 1
2085 2177 1
86 204 1
1366 1019 1
667 1768 1
1936 421 1
4 658 1
2126 450 1
0 1807 1
900 485 1
1812 436 1
1854 1038 1
1045 704 1
1624 1599 1
64 969 1
970 514 1
1430 1140 1
1195 892 1
1915 902 1
545 1528 1
785 1130 1
795 524 1
452 687 1
1584 2338 1
1803 1778 1
699 1154 1
1591 718 1
173 488 1
2428 1599 1
2133 2338 1
519 1629 1
254 1525 1
313 1746 1
1320 1045 1
1050 404 1
450 278 1
2096 306 1
1915 1271 1
1711 1671 1
1032 1571 1
1151 1893 1
1598 339 1
1817 446 1
1635 76 1
1854 133 1
1507 762 1
1044 495 1
324 498 1
1884 1039 1
1531 1439 1
1711 1818 1
938 1157 1
589 2142 1
267 1990 1
253 682 1
794 741 1
1338 844 1
1625 1877 1
1291 342 1
2351 410 1
1014 409 1
2166 1014 1
568 1360 1
943 1915 1
1343 212 1
2349 501 1
1757 1073 1
1397 2152 1
1631 184 1
1890 1145 1
131 309 1
295 160 1
621 1309 1
559 2006 1
823 2001 1
1426 264 1
2310 558 1
1006 1329 1
2177 349 1
1618 1856 1
498 1499 1
133 1937 1
117 2263 1
587 2240 1
1511 195 1
857 574 1
2063 99 1
578 1963 1
639 983 1
1150 0 1
1526 1800 1
1953 2248 1
922 1618 1
596 1218 1
1401 2349 1
348 1678 1
133 701 1
0 882 1
1253 765 1
1208 1111 1
699 2346 1
508 1299 1
808 2014 1
631 487 1
307 1234 1
574 924 1
328 324 1
226 236 1
2234 466 1
1556 2423 1
1579 1059 1
1857 607 1
2402 1298 1
56 884 1
2324 2066 1
1652 1263 1
2327 1094 1
1325 509 1
452 591 1
1677 2396 1
972 1679 1
1467 934 1
1386 574 1
2087 945 1
2401 2172 1
2110 834 1
546 603 1
271 1345 1
708 1093 1
7 1971 1
459 484 1
1606 2298 1
1123 1786 1
1107 1249 1
1070 2019 1
2193 559 1
2102 799 1
1289 1356 1
1231 827 1
63 815 1
326 1179 1
1184 1906 1
708 2050 1
75 1033 1
20 2171 1
1008 593 1
1899 733 1
1392 2384 1
1069 1078 1
850 876 1
1983 428 1
61 462 1
2155 2390 1
1925 2310 1
263 2332 1
1228 1194 1
2395 896 1
1409 162 1
1899 2346 1
2209 1565 1
1089 891 1
1649 105 1
1271 970 1
671 92 1
2126 1981 1
1160 2104 1
1337 128 1
1296 2320 1
1631 1642 1
1511 1504 1
2184 203 1
2124 2277 1
2088 1261 1
284 2232 1
410 927 1
1308 1443 1
1994 1043 1
1791 12 1
2354 634 1
1154 1150 1
1721 2312 1
1386 86 1
309 970 1
1383 204 1
629 2269 1
592 2328 1
833 663 1
882 857 1
133 2227 1
556 1405 1
1567 2116 1
1395 427 1
211 1282 1
483 1894 1
1798 2088 1
2191 761 1
1118 1295 1
2413 886 1
1276 1165 1
724 1264 1
2288 529 1
547 808 1
965 2068 1
236 2296 1
586 307 1
2065 1741 1
870 1028 1
1497 821 1
1957 2387 1
2407 2212 1
997 403 1
41 898 1
258 2286 1
2414 2191 1
1891 223 1
36 621 1
1257 1363 1
2349 1485 1
720 1703 1
659 485 1
882 1039 1
2421 586 1
1442 806 1
915 1038 1
690 1891 1
2372 188 1
1743 608 1
924 430 1
791 1266 1
1580 387 1
1762 1919 1
1563 1893 1
586 1150 1
945 2242 1
799 591 1
1173 700 1
1897 1569 1
692 613 1
1240 620 1
1020 1590 1
1537 2204 1
2039 1593 1
1707 1690 1
1277 2022 1
2192 670 1
1799 1967 1
486 803 1
920 215 1
1713 938 1
1209 479 1
699 1699 1
1331 736 1
1340 1423 1
2160 1014 1
1556 307 1
1917 2416 1
597 887 1
1687 653 1
1594 1292 1
1705 2052 1
591 636 1
1914 696 1
1645 1555 1
1477 2332 1
38 2155 1
2247 1890 1
531 1681 1
1670 1303 1
2118 1897 1
639 217 1
1844 2175 1
1766 1784 1
2286 902 1
1801 1221 1
2036 529 1
414 655 1
1184 2187 1
114 2107 1
350 936 1
2007 1609 1
88 1004 1
234 446 1
1132 2046 1
1152 1701 1
1643 511 1
1810 2116 1
610 2339 1
1237 886 1
2428 38 1
451 481 1
1567 597 1
309 441 1
468 1231 1
2408 522 1
217 151 1
707 1909 1
1908 1899 1
1628 2329 1
2260 2106 1
525 318 1
122 130 1
1116 2078 1
2019 1618 1
498 86 1
1127 1499 1
2102 622 1
1411 429 1
1485 1249 1
722 1774 1
1994 857 1
980 463 1
246 95 1
1618 697 1
1570 1884 1
158 198 1
2159 67 1
850 1388 1
2260 1114 1
625 1636 1
2349 983 1
1320 708 1
2114 773 1
1965 1713 1
463 1175 1
2294 2053 1
183 2197 1
1188 807 1
2195 2080 1
2102 1120 1
1567 2317 1
2423 1642 1
1168 1269 1
1362 1026 1
1310 452 1
2358 588 1
1994 451 1
228 1770 1
1591 54 1
2403 1267 1
2430 2218 1
1716 748 1
1039 870 1
1789 855 1
947 2038 1
1556 135 1
349 1120 1
931 2027 1
2251 702 1
425 867 1
851 2225 1
2299 1784 1
178 353 1
1540 1911 1
875 441 1
1950 2260 1
179 32 1
1294 1146 1
1251 2278 1
195 2227 1
1168 245 1
1312 2113 1
2180 1169 1
876 597 1
2319 284 1
1363 2305 1
2129 2172 1
1848 244 1
1641 1994 1
1338 870 1
184 1463 1
690 1271 1
1965 468 1
2234 362 1
1326 1400 1
164 1275 1
1680 1389 1
1570 455 1
1340 441 1
119 20 1
324 1168 1
1985 1606 1
368 2238 1
1165 628 1
1168 1028 1
1618 911 1
309 2219 1
1562 1581 1
1459 841 1
424 1912 1
878 1271 1
377 2011 1
884 492 1
2142 1471 1
875 1386 1
1226 1070 1
2011 2396 1
1212 2280 1
602 1401 1
915 2400 1
1173 1634 1
1074 1154 1
1375 22 1
1284 1546 1
1363 1352 1
2263 2100 1
1539 415 1
433 2179 1
1891 1266 1
246 1008 1
1354 443 1
1396 1724 1
769 844 1
206 2150 1
1051 1804 1
590 493 1
1283 302 1
2419 1649 1
345 206 1
133 217 1
1340 242 1
258 1500 1
1116 455 1
990 1587 1
851 2393 1
508 2035 1
1393 2029 1
1423 1388 1
643 180 1
37 1520 1
1915 1340 1
1755 361 1
1750 1679 1
1120 1039 1
699 970 1
455 636 1
777 1223 1
1981 1850 1
922 1269 1
344 233 1
581 731 1
1874 1913 1
747 802 1
1313 465 1
706 566 1
2251 821 1
767 46 1
1982 1567 1
2134 1223 1
814 1943 1
1386 451 1
307 2068 1
2308 2069 1
2078 131 1
543 2389 1
2260 501 1
805 576 1
594 1472 1
1855 850 1
303 1205 1
2219 1556 1
521 1256 1
65 2178 1
639 1423 1
1915 1850 1
591 1766 1
1401 1038 1
888 657 1
596 1930 1
1950 586 1
1499 997 1
2260 481 1
513 2034 1
1552 616 1
2254 597 1
1966 266 1
2317 2113 1
41 13 1
656 143 1
853 1897 1
2388 606 1
1398 10 1
1318 16 1
2140 830 1
870 602 1
2178 1056 1
183 1767 1
1511 1005 1
2156 1946 1
1401 2227 1
436 743 1
186 1963 1
1419 1768 1
421 883 1
2271 2353 1
1706 69 1
207 1249 1
1574 1932 1
1855 1320 1
832 179 1
425 312 1
312 1619 1
384 1462 1
319 1432 1
887 690 1
836 2242 1
1578 1430 1
71 1921 1
2286 1618 1
778 2165 1
1499 1856 1
71 1935 1
335 1878 1
86 882 1
1240 2050 1
1234 887 1
2210 860 1
2270 2080 1
1321 2391 1
1093 1830 1
636 1538 1
146 1973 1
1262 1931 1
1867 2000 1
769 1982 1
2274 538 1
1101 146 1
1772 546 1
2113 591 1
1045 2219 1
1160 1004 1
1087 609 1
737 20 1
1693 1576 1
603 465 1
211 285 1
1247 2284 1
1797 998 1
645 1255 1
1388 1768 1
1237 137 1
624 1540 1
514 1884 1
119 1172 1
1142 1019 1
502 1089 1
915 590 1
1052 1269 1
2113 570 1
1206 825 1
2312 2390 1
522 975 1
133 2349 1
1794 774 1
2234 149 1
88 2156 1
1987 978 1
1234 602 1
111 482 1
1984 1522 1
1921 445 1
2126 1746 1
756 909 1
2331 750 1
2414 1556 1
572 355 1
1317 1187 1
1747 1163 1
1945 1140 1
634 987 1
1781 622 1
401 857 1
1855 636 1
2190 68 1
500 89 1
1280 1504 1
2135 2029 1
2418 2367 1
2102 1280 1
1226 602 1
1857 2225 1
2083 1379 1
1500 1679 1
769 1699 1
733 1706 1
857 1950 1
1901 2088 1
660 1616 1
1287 2359 1
2112 888 1
1764 2411 1
1850 1252 1
1095 1933 1
1682 838 1
701 349 1
2099 222 1
94 1161 1
1924 1725 1
2218 1849 1
1568 760 1
388 577 1
452 2113 1
328 1463 1
1638 766 1
408 1163 1
1160 205 1
2029 965 1
1168 1240 1
133 2390 1
928 1946 1
311 572 1
1614 175 1
662 915 1
1664 507 1
1746 501 1
961 676 1
161 1323 1
1043 452 1
2383 1290 1
1393 678 1
852 408 1
982 1236 1
2111 2220 1
2390 1899 1
520 1449 1
1365 522 1
1015 23 1
305 1225 1
506 833 1
225 2128 1
417 2140 1
1192 1103 1
431 1445 1
155 904 1
481 131 1
662 2313 1
1037 1208 1
597 924 1
965 1208 1
1574 257 1
872 1401 1
1977 1551 1
1124 1049 1
1402 1439 1
128 2419 1
1183 1046 1
1719 1749 1
187 670 1
2046 17 1
2353 1799 1
473 822 1
2135 220 1
1463 133 1
531 1763 1
1107 629 1
23 2236 1
309 1856 1
1073 1283 1
1144 1926 1
1737 1887 1
1345 561 1
872 1434 1
693 127 1
1780 2402 1
2049 1780 1
1439 1630 1
481 1434 1
2315 1120 1
1477 259 1
76 703 1
2078 2317 1
697 769 1
1678 2150 1
134 1258 1
1046 880 1
2313 1721 1
1296 619 1
337 1221 1
1103 147 1
2313 2315 1
953 2378 1
1034 1420 1
2262 1514 1
325 94 1
597 2227 1
73 1563 1
739 1132 1
1081 1571 1
605 805 1
131 514 1
792 1487 1
1232 2237 1
636 158 1
2116 2135 1
925 1590 1
1107 223 1
269 309 1
1769 2071 1
147 240 1
943 1624 1
2238 386 1
1897 1167 1
1105 880 1
1361 1374 1
1310 2192 1
135 472 1
277 712 1
1673 952 1
1469 183 1
1066 1492 1
1161 1065 1
149 1935 1
1563 1544 1
2269 245 1
342 1631 1
39 601 1
2219 324 1
2387 937 1
2219 2399 1
711 448 1
1072 578 1
2286 131 1
1240 687 1
346 1770 1
1266 2312 1
2399 493 1
570 716 1
252 1827 1
1071 536 1
22 1449 1
1153 585 1
1728 2247 1
1616 255 1
149 1128 1
395 1288 1
1678 1022 1
1393 2102 1
1666 994 1
2106 1127 1
1154 1485 1
1910 2010 1
2272 2033 1
1899 1746 1
639 1329 1
1376 521 1
2300 308 1
1649 936 1
464 356 1
285 1389 1
667 450 1
380 2253 1
212 1733 1
1800 1861 1
490 770 1
131 1285 1
1027 1136 1
2213 270 1
844 1127 1
1766 38 1
961 656 1
0 431 1
0 629 1
1581 229 1
1045 1855 1
1754 1546 1
711 116 1
856 948 1
723 1835 1
534 754 1
2259 780 1
1494 494 1
1908 983 1
915 1504 1
498 2139 1
184 597 1
1150 2400 1
158 245 1
26 2051 1
153 1114 1
971 658 1
2211 632 1
799 1419 1
1168 1249 1
1650 1648 1
244 925 1
913 435 1
998 1080 1
870 678 1
757 2399 1
411 2 1
1222 1683 1
1784 1950 1
1338 1127 1
637 1677 1
1837 1325 1
1884 1810 1
2205 665 1
262 868 1
921 1845 1
2267 492 1
153 1602 1
1950 1500 1
680 821 1
2266 2251 1
1895 1437 1
472 965 1
901 1577 1
74 1714 1
1354 395 1
708 401 1
763 719 1
931 1294 1
1947 345 1
1766 1463 1
1696 1632 1
2172 1389 1
692 2037 1
1410 7 1
2190 1158 1
937 180 1
1746 1039 1
600 2360 1
155 779 1
224 1573 1
1005 187 1
332 843 1
498 2177 1
638 733 1
1493 863 1
2166 1453 1
1891 987 1
1533 2253 1
379 1418 1
1536 2304 1
2106 769 1
1803 1047 1
1961 1684 1
258 812 1
2270 767 1
918 475 1
1746 1891 1
2411 1690 1
694 379 1
753 1669 1
1526 1715 1
719 963 1
1625 713 1
769 965 1
1280 1856 1
647 982 1
2241 197 1
1763 157 1
822 394 1
184 451 1
2068 857 1
2400 1463 1
1070 198 1
1045 701 1
1994 133 1
752 1588 1
1316 2092 1
2206 42 1
15 173 1
498 1574 1
384 978 1
1270 1821 1
1078 1823 1
1186 895 1
2146 1538 1
140 494 1
652 2229 1
403 574 1
2197 614 1
243 598 1
914 573 1
1673 431 1
1002 1932 1
1013 155 1
792 14 1
1208 1028 1
1004 492 1
293 499 1
2243 1980 1
2019 1320 1
1199 1213 1
1320 2106 1
1245 390 1
1463 2399 1
2074 546 1
2344 1007 1
1716 1167 1
2264 467 1
137 1554 1
683 783 1
2148 129 1
1908 678 1
2429 555 1
1274 1993 1
525 506 1
776 1874 1
593 1829 1
2274 1029 1
1436 805 1
2088 2017 1
467 1849 1
1813 241 1
761 1938 1
2175 808 1
657 392 1
690 86 1
1350 925 1
577 64 1
1674 306 1
878 915 1
2163 2332 1
1987 779 1
1618 220 1
1802 809 1
2049 2319 1
485 1037 1
1064 1789 1
2346 2078 1
739 1868 1
1915 1891 1
2282 1793 1
406 550 1
403 38 1
1033 1273 1
456 1861 1
1982 1915 1
1264 258 1
1949 569 1
590 1673 1
241 1594 1
1129 109 1
1928 711 1
1205 175 1
1744 2089 1
174 1305 1
27 1375 1
1905 471 1
2240 1247 1
1207 1896 1
1450 1515 1
1855 1706 1
1549 2366 1
348 1331 1
2219 2135 1
450 2423 1
1557 1543 1
1234 1310 1
1850 223 1
2299 258 1
2101 471 1
1633 1477 1
1747 1209 1
2073 1354 1
446 1864 1
1089 1655 1
410 2083 1
876 207 1
1994 278 1
2150 852 1
245 2192 1
1995 17 1
1496 1687 1
1286 26 1
1655 134 1
876 1093 1
2171 1571 1
1236 1531 1
67 1530 1
2164 1235 1
1641 943 1
1150 1249 1
2070 303 1
2380 2321 1
1093 58 1
1701 491 1
1393 1602 1
1899 131 1
1668 1125 1
620 1093 1
1439 1741 1
2135 638 1
1748 2170 1
1979 531 1
2312 1570 1
2167 287 1
1582 1862 1
325 470 1
1177 409 1
757 1271 1
360 2285 1
302 2330 1
769 242 1
697 328 1
1045 915 1
554 11 1
1532 161 1
1854 987 1
1309 933 1
2113 900 1
2344 1627 1
220 924 1
1226 2177 1
1300 1351 1
2421 591 1
158 902 1
153 309 1
1528 2119 1
1278 2191 1
1188 732 1
2350 795 1
424 881 1
38 2400 1
324 670 1
520 477 1
1271 207 1
497 5 1
1414 1650 1
882 184 1
51 1660 1
2074 208 1
2245 1782 1
2275 1952 1
1343 734 1
36 1936 1
1760 1763 1
1876 767 1
69 2219 1
2250 1125 1
2314 1974 1
1704 933 1
2207 823 1
2360 931 1
1721 1884 1
1240 2428 1
497 326 1
1074 2116 1
1017 1439 1
648 1403 1
1239 2123 1
1536 1272 1
278 1938 1
1291 451 1
1726 1957 1
2146 455 1
961 369 1
1641 1499 1
899 1102 1
2015 130 1
488 2289 1
2346 876 1
2122 592 1
882 1423 1
681 1294 1
2317 902 1
106 1611 1
533 1003 1
1721 1114 1
2275 1764 1
2341 2414 1
983 217 1
1347 190 1
964 1266 1
972 2068 1
1427 102 1
1369 322 1
2254 313 1
1180 1313 1
1396 641 1
888 1661 1
2213 2162 1
1049 1381 1
284 1980 1
582 1095 1
987 1388 1
342 704 1
1388 1005 1
2113 965 1
622 597 1
1964 199 1
12 1286 1
1381 2087 1
450 1383 1
1932 403 1
2301 1686 1
1344 418 1
1723 921 1
732 2364 1
1750 761 1
2196 1469 1
2280 44 1
335 1017 1
1772 1381 1
16 15 1
667 245 1
475 1414 1
1168 58 1
2399 1766 1
257 1423 1
2428 701 1
1951 165 1
158 812 1
1400 2007 1
1257 803 1
577 721 1
1922 1969 1
1500 258 1
349 2029 1
2196 967 1
1975 2241 1
2075 920 1
48 1914 1
1766 1271 1
1520 356 1
1288 657 1
1402 227 1
1039 2355 1
1074 1850 1
876 349 1
926 273 1
59 627 1
1530 912 1
1169 1441 1
878 1830 1
349 2428 1
2037 889 1
481 915 1
1039 1093 1
777 2284 1
1142 1198 1
1107 195 1
1088 1965 1
137 343 1
1500 659 1
1485 716 1
673 1201 1
1909 1864 1
58 1116 1
176 664 1
613 2114 1
870 278 1
1329 635 1
798 107 1
1654 2255 1
1807 1891 1
1906 856 1
451 2126 1
275 768 1
431 872 1
1297 618 1
812 2019 1
2320 199 1
408 1054 1
1509 2319 1
318 2272 1
269 2106 1
1706 791 1
1418 633 1
441 2260 1
952 2414 1
274 1973 1
1458 858 1
2349 2113 1
2346 1252 1
1539 454 1
2279 1071 1
1994 602 1
641 2221 1
1954 1998 1
324 1463 1
2346 1673 1
1576 1094 1
667 2315 1
201 1266 1
1387 528 1
865 1662 1
349 1981 1
1443 2111 1
1582 1998 1
254 1877 1
708 757 1
699 1445 1
761 876 1
198 133 1
365 1905 1
638 1383 1
720 1677 1
1258 419 1
2267 808 1
761 2312 1
94 347 1
908 97 1
1112 182 1
1588 2206 1
2261 2036 1
1070 1045 1
2213 1658 1
1958 1969 1
1459 77 1
2410 2083 1
1585 1472 1
454 738 1
163 955 1
899 2016 1
616 1222 1
850 131 1
1334 1035 1
218 1682 1
1691 1141 1
1356 2397 1
313 1116 1
1032 2014 1
118 145 1
92 569 1
764 710 1
1070 1679 1
1196 1857 1
1306 1757 1
332 150 1
1151 1654 1
297 692 1
666 642 1
1692 2132 1
412 679 1
462 1251 1
669 147 1
313 1154 1
178 1113 1
381 1507 1
1285 1950 1
1172 844 1
1081 1630 1
2134 2024 1
420 1189 1
2226 910 1
902 2078 1
2068 313 1
170 1700 1
708 324 1
365 899 1
915 1463 1
2106 1981 1
940 2251 1
2126 878 1
1118 1776 1
1885 2327 1
1038 1264 1
1915 217 1
1836 1608 1
2189 2410 1
602 481 1
2276 1593 1
58 1932 1
670 151 1
2006 87 1
423 1468 1
1606 1895 1
1014 2053 1
2277 877 1
133 430 1
410 1210 1
963 385 1
1964 59 1
2299 620 1
53 833 1
1574 812 1
2034 2001 1
963 205 1
1577 562 1
498 882 1
2430 2073 1
1504 195 1
1718 538 1
445 329 1
331 1272 1
1990 2188 1
195 2050 1
431 1642 1
233 503 1
325 1217 1
1052 2135 1
153 687 1
409 1732 1
440 172 1
1641 309 1
826 1466 1
964 844 1
1660 571 1
2406 1207 1
2119 2373 1
1622 919 1
1338 635 1
2384 339 1
1110 2186 1
90 142 1
876 1116 1
1111 2423 1
1649 1412 1
1154 662 1
2150 1229 1
503 351 1
1236 520 1
2122 1364 1
1267 192 1
972 943 1
468 1069 1
764 2413 1
2194 2130 1
626 1865 1
1271 670 1
2428 158 1
2332 1542 1
812 687 1
310 2013 1
1997 2204 1
1982 204 1
922 1574 1
1554 1903 1
825 2369 1
1125 1112 1
761 342 1
1039 1266 1
1500 972 1
1620 836 1
588 1568 1
634 2286 1
1339 936 1
201 1423 1
1043 2355 1
1092 196 1
1127 1884 1
1618 1679 1
2192 1950 1
2334 787 1
2191 1855 1
617 923 1
909 644 1
1405 1444 1
1624 1855 1
1856 965 1
653 316 1
168 1267 1
1268 1024 1
1359 978 1
1884 924 1
951 1007 1
972 2113 1
2032 858 1
1675 689 1
1933 1956 1
1411 1358 1
1208 690 1
757 1338 1
547 1350 1
133 1434 1
2140 199 1
2169 1890 1
118 573 1
528 1989 1
97 1200 1
540 1212 1
2113 1810 1
638 997 1
1938 924 1
2065 664 1
945 1448 1
1427 686 1
1465 1483 1
291 1454 1
2136 56 1
2291 2365 1
785 284 1
1847 2329 1
421 179 1
0 2116 1
1249 1320 1
514 1116 1
2320 1516 1
218 2063 1
573 1283 1
574 1750 1
1229 2084 1
671 239 1
876 451 1
1291 1807 1
171 2166 1
2050 493 1
1419 257 1
2002 2146 1
501 2192 1
1880 1900 1
2116 86 1
142 2239 1
1199 378 1
1881 1952 1
219 527 1
688 460 1
1709 438 1
1721 1891 1
812 915 1
296 1521 1
461 1747 1
1266 699 1
1555 98 1
897 2405 1
1764 832 1
1043 2002 1
2156 362 1
1425 723 1
1518 1182 1
403 639 1
1589 1519 1
1545 2217 1
1549 2031 1
1593 517 1
1855 875 1
472 636 1
1606 1943 1
1248 2403 1
201 1915 1
2286 586 1
2105 1909 1
857 195 1
2056 2399 1
538 1933 1
1505 971 1
1612 790 1
1417 1952 1
2260 997 1
1631 1111 1
1106 1629 1
2156 355 1
1911 467 1
875 1618 1
387 1688 1
1478 1133 1
1097 1058 1
316 788 1
225 2072 1
520 2267 1
757 258 1
1987 1148 1
2304 1387 1
1278 1673 1
2142 1941 1
925 682 1
987 724 1
834 1018 1
328 2050 1
2222 1341 1
1954 1718 1
324 158 1
1673 201 1
306 2001 1
1116 195 1
2076 1752 1
982 1525 1
861 1537 1
1242 162 1
607 1385 1
2272 1988 1
667 620 1
878 1642 1
2306 2425 1
1298 743 1
911 699 1
2207 568 1
59 2178 1
1011 1722 1
568 489 1
69 1043 1
2052 347 1
850 704 1
1039 761 1
786 191 1
1953 1133 1
1286 1098 1
2188 286 1
1264 1291 1
1421 1939 1
564 1999 1
341 1902 1
2362 2169 1
2195 2129 1
220 1511 1
1936 1677 1
278 943 1
1028 403 1
1304 1708 1
1062 683 1
2110 734 1
1441 1289 1
627 1311 1
160 1382 1
2056 602 1
687 198 1
704 844 1
1181 311 1
699 307 1
254 1844 1
1712 1018 1
1511 2349 1
1850 2421 1
697 2312 1
687 1291 1
1127 964 1
1822 1313 1
2267 385 1
1482 884 1
2342 1350 1
2106 1908 1
1564 1659 1
450 857 1
1111 769 1
660 1719 1
880 334 1
1854 1706 1
598 365 1
1850 455 1
2385 630 1
2414 922 1
42 1179 1
2130 2241 1
69 1127 1
1576 2070 1
2340 365 1
151 430 1
342 1310 1
472 1504 1
616 305 1
798 1820 1
1020 976 1
2259 894 1
2038 1051 1
1031 1658 1
2328 658 1
441 922 1
629 1618 1
254 1284 1
849 1838 1
2080 1153 1
1456 1819 1
242 135 1
1564 1835 1
1419 430 1
327 609 1
876 1807 1
251 2195 1
1487 1169 1
132 2280 1
2348 728 1
724 96 1
639 131 1
361 829 1
635 1388 1
2135 1746 1
1446 2215 1
900 911 1
1982 2299 1
1285 1854 1
974 790 1
2276 1418 1
2400 2390 1
534 247 1
1956 534 1
1891 2146 1
1515 540 1
284 194 1
1401 1111 1
1926 1581 1
583 792 1
872 670 1
135 1981 1
1418 1201 1
1291 1618 1
964 2428 1
1114 1208 1
2216 713 1
1226 629 1
239 7 1
1774 2156 1
965 1624 1
1005 667 1
2399 602 1
561 816 1
1610 1469 1
372 1772 1
2426 148 1
1949 1083 1
645 1509 1
2102 597 1
1999 1103 1
1899 485 1
1150 1264 1
23 1954 1
1127 2428 1
847 755 1
220 38 1
1588 1974 1
704 761 1
514 902 1
201 659 1
2355 791 1
1111 2102 1
550 24 1
324 570 1
761 1875 1
1958 1550 1
1689 1709 1
116 1098 1
2054 225 1
1976 2134 1
960 1547 1
368 826 1
872 697 1
1554 1004 1
616 383 1
2402 1378 1
755 1889 1
1127 133 1
20 2014 1
86 1278 1
639 924 1
514 1310 1
135 922 1
1599 1950 1
2017 1021 1
929 189 1
220 184 1
1459 1612 1
1107 922 1
2313 1784 1
1994 1504 1
815 1727 1
1250 179 1
992 860 1
1615 321 1
239 1031 1
233 725 1
1698 73 1
1937 1264 1
2252 1081 1
1137 1444 1
551 2095 1
1401 878 1
1043 2269 1
107 1748 1
1981 667 1
2189 575 1
962 1215 1
1271 2192 1
0 2002 1
1873 684 1
1850 602 1
2385 161 1
549 205 1
1280 1116 1
902 223 1
1105 1152 1
148 2199 1
395 2176 1
229 1395 1
972 1002 1
1052 257 1
1084 838 1
526 351 1
455 635 1
1893 1495 1
1760 1589 1
2381 2295 1
102 1332 1
1340 769 1
1553 1692 1
2391 815 1
1111 2146 1
801 1317 1
760 175 1
195 1884 1
1434 2227 1
1233 1369 1
761 2116 1
1393 1500 1
2098 1951 1
26 2082 1
2423 2355 1
1745 1948 1
2002 1750 1
1035 1512 1
2097 2281 1
866 673 1
196 1762 1
1586 2242 1
1611 520 1
1029 546 1
2203 607 1
466 1411 1
401 878 1
493 0 1
1388 1074 1
1374 1458 1
60 2246 1
2050 245 1
93 448 1
1899 591 1
704 983 1
1915 1937 1
222 1634 1
487 665 1
277 1584 1
615 1136 1
219 988 1
256 741 1
162 246 1
309 1052 1
1478 2380 1
1408 1694 1
258 1234 1
932 2156 1
667 1074 1
669 2090 1
2236 1735 1
812 1338 1
1269 699 1
976 2136 1
840 1913 1
187 911 1
201 2315 1
2289 1053 1
40 2246 1
2416 1484 1
2171 1370 1
775 2201 1
907 824 1
1383 1673 1
733 844 1
2015 1614 1
2317 1850 1
747 1509 1
652 1507 1
1656 1027 1
1696 1795 1
1996 1281 1
1484 2138 1
1218 325 1
924 2354 1
1004 1241 1
1401 184 1
1419 1810 1
1367 917 1
1057 191 1
1401 997 1
331 519 1
269 69 1
1585 934 1
2202 2136 1
924 872 1
173 1153 1
1156 407 1
2061 1272 1
1680 203 1
1525 429 1
1045 1445 1
1560 210 1
324 1982 1
1434 791 1
430 1673 1
1403 1276 1
902 2126 1
257 570 1
145 1783 1
855 789 1
1608 1180 1
2073 1809 1
2173 2033 1
2376 1583 1
328 629 1
915 697 1
1196 1817 1
1388 1784 1
1174 947 1
1357 2100 1
2321 41 1
1004 2065 1
1128 2003 1
798 582 1
398 372 1
485 987 1
1846 2143 1
1900 1209 1
2418 563 1
1138 1549 1
269 639 1
1457 2173 1
703 1431 1
867 884 1
952 1038 1
43 989 1
690 983 1
1563 1417 1
2050 636 1
1950 1037 1
170 95 1
1401 1642 1
1215 889 1
2290 376 1
1954 567 1
1616 1955 1
869 2057 1
2346 1679 1
320 1885 1
2231 552 1
1093 2400 1
1749 400 1
701 964 1
1868 1633 1
1458 2223 1
2378 2377 1
708 1006 1
598 685 1
2227 887 1
120 1754 1
596 1603 1
2062 477 1
2030 277 1
2409 132 1
2354 638 1
2089 512 1
492 1630 1
146 2372 1
2278 457 1
493 902 1
2186 15 1
1070 1538 1
1511 1028 1
148 236 1
427 740 1
1127 586 1
556 1222 1
159 1342 1
363 1584 1
977 393 1
2371 118 1
1007 1270 1
1049 739 1
660 347 1
2091 2149 1
1063 619 1
799 1052 1
1130 751 1
788 1179 1
667 1766 1
1808 866 1
915 1830 1
791 2155 1
401 2390 1
1934 2087 1
2219 2341 1
590 970 1
1565 974 1
1711 104 1
1617 1143 1
955 1085 1
948 314 1
2414 431 1
1940 608 1
2269 1052 1
1832 1793 1
1403 1598 1
2043 2045 1
1340 2106 1
1721 699 1
1746 697 1
1585 905 1
515 849 1
1535 817 1
1383 1784 1
1482 764 1
307 2428 1
309 1005 1
2356 2171 1
1113 315 1
1104 136 1
922 850 1
1685 259 1
1533 1811 1
1504 2400 1
266 1277 1
182 1857 1
2026 1728 1
2390 217 1
1752 930 1
697 1045 1
1917 839 1
2313 634 1
567 1605 1
1156 300 1
1908 1850 1
915 634 1
2346 2390 1
2337 1192 1
1419 451 1
838 1206 1
586 2254 1
1084 2293 1
355 2104 1
478 243 1
2386 898 1
1516 2233 1
629 452 1
830 1373 1
1818 297 1
472 2135 1
60 861 1
659 1116 1
1659 2122 1
1317 2239 1
677 2169 1
2390 915 1
1612 2370 1
983 307 1
999 2378 1
2349 1340 1
1154 2146 1
249 2159 1
970 1830 1
2313 1393 1
2422 2039 1
1765 1287 1
278 1154 1
943 1269 1
1158 777 1
533 1094 1
512 314 1
1600 1852 1
2285 772 1
1093 307 1
872 1807 1
2414 1768 1
278 690 1
1483 400 1
1794 1814 1
2157 2309 1
872 997 1
1472 2409 1
1111 911 1
898 333 1
1038 2219 1
590 1320 1
1721 1037 1
1514 1886 1
1162 383 1
1422 1547 1
1155 405 1
743 42 1
812 501 1
748 877 1
1721 983 1
1703 861 1
1932 1006 1
1715 327 1
1670 999 1
1930 1966 1
507 715 1
708 1329 1
1699 1768 1
1380 1666 1
1244 1453 1
2001 1348 1
257 2219 1
725 304 1
373 1494 1
204 1114 1
1393 1005 1
327 2119 1
887 716 1
2407 1159 1
1269 1154 1
1506 236 1
17 171 1
740 1345 1
1343 2321 1
1693 1302 1
514 876 1
1292 1813 1
1384 2249 1
2315 1463 1
1981 1766 1
1459 127 1
1566 380 1
1329 2354 1
24 551 1
378 1289 1
1037 902 1
839 2294 1
482 2111 1
349 2106 1
166 1413 1
2227 1285 1
1168 1766 1
1721 670 1
57 265 1
751 1677 1
1856 1768 1
983 2315 1
1889 1800 1
635 882 1
1398 1650 1
2242 1930 1
2313 2050 1
875 952 1
1844 1630 1
2163 995 1
2201 438 1
286 2243 1
2115 1347 1
844 2192 1
622 1673 1
324 485 1
328 472 1
2067 945 1
2139 887 1
983 1266 1
1503 212 1
2048 1475 1
307 704 1
803 1364 1
246 423 1
496 1147 1
1122 139 1
1181 1774 1
2229 909 1
1886 1840 1
201 972 1
460 1843 1
1943 971 1
678 1340 1
2382 1013 1
1056 284 1
2150 1652 1
184 639 1
1766 1240 1
845 1288 1
2062 1449 1
771 940 1
761 207 1
2351 1258 1
474 2111 1
2192 2029 1
1217 1797 1
147 1040 1
1714 1995 1
867 2031 1
1016 2283 1
104 1698 1
1769 2367 1
1167 646 1
1219 1499 1
1784 911 1
273 583 1
439 1426 1
1269 2056 1
2113 629 1
58 1168 1
543 2321 1
86 2019 1
914 845 1
272 963 1
1879 2350 1
103 1224 1
915 943 1
1556 1768 1
2228 1592 1
761 659 1
121 379 1
2399 761 1
2357 1311 1
1781 349 1
1567 900 1
635 1150 1
799 724 1
970 153 1
950 628 1
245 1038 1
270 219 1
1731 1703 1
1642 2312 1
1280 1045 1
1234 850 1
2010 240 1
1631 875 1
1969 2314 1
85 338 1
370 183 1
573 2348 1
2159 1940 1
1066 828 1
1434 58 1
717 1604 1
1548 1432 1
187 1599 1
1086 132 1
1447 2020 1
1264 1570 1
131 1884 1
188 1725 1
887 1266 1
1561 533 1
1897 2021 1
86 2317 1
339 1387 1
481 1291 1
1211 1545 1
1854 1781 1
3 2264 1
2346 662 1
1214 1897 1
955 559 1
136 1447 1
1944 228 1
887 1116 1
1850 708 1
466 942 1
1824 1363 1
2377 84 1
162 2009 1
875 131 1
638 481 1
1690 1536 1
1222 1382 1
539 1600 1
2056 204 1
1281 1843 1
798 1952 1
2388 2157 1
1172 2156 1
1666 542 1
1004 292 1
349 761 1
2168 1892 1
2128 1479 1
703 805 1
131 574 1
1592 2430 1
1127 1856 1
2346 131 1
187 1266 1
1441 1273 1
472 1631 1
1463 328 1
1948 249 1
1729 2047 1
1111 1226 1
1029 894 1
1558 2307 1
1051 946 1
552 666 1
1247 252 1
0 242 1
2068 2254 1
866 305 1
2318 692 1
1312 441 1
1115 1783 1
1123 1560 1
1145 1653 1
570 342 1
844 1423 1
866 369 1
1903 647 1
2006 2394 1
2267 2212 1
2111 2187 1
2016 1813 1
1770 1866 1
1653 780 1
121 1357 1
1261 1487 1
135 662 1
917 108 1
636 195 1
471 2410 1
848 2117 1
2029 1856 1
690 878 1
1757 1488 1
859 2144 1
2209 879 1
2390 2421 1
471 999 1
1699 1599 1
2282 2336 1
670 2135 1
573 2055 1
346 237 1
1226 791 1
586 983 1
1576 2275 1
619 1030 1
286 801 1
635 708 1
41 252 1
1597 958 1
1556 699 1
2208 2222 1
416 76 1
1106 164 1
2177 269 1
382 1536 1
1361 929 1
729 1100 1
2296 945 1
749 1347 1
342 1875 1
1309 2151 1
943 799 1
0 1781 1
783 1058 1
2083 1722 1
818 283 1
1830 1891 1
2049 1647 1
1178 3 1
784 492 1
2104 684 1
401 133 1
603 100 1
153 2177 1
257 699 1
548 1250 1
824 2108 1
678 1511 1
1463 1810 1
915 911 1
597 1252 1
1418 1457 1
878 1624 1
324 733 1
195 1423 1
1372 1436 1
383 2323 1
31 41 1
695 647 1
878 952 1
634 1602 1
1500 2219 1
1753 1367 1
2116 667 1
1114 2260 1
41 1561 1
1784 972 1
1316 89 1
983 1052 1
1556 187 1
220 1500 1
910 2012 1
942 2065 1
1037 850 1
2317 1168 1
1062 1339 1
697 570 1
1854 1574 1
882 1567 1
1768 2219 1
1615 1684 1
2201 1283 1
158 133 1
1395 2150 1
1574 2139 1
1437 1268 1
1570 2313 1
1460 1345 1
1201 174 1
788 1651 1
235 398 1
2192 2056 1
659 133 1
872 450 1
442 1794 1
1233 577 1
1111 472 1
1338 590 1
1175 144 1
1152 592 1
1966 2100 1
1111 2399 1
600 61 1
915 857 1
1423 328 1
678 2002 1
2041 1446 1
922 403 1
970 1706 1
514 1043 1
1150 2135 1
1434 1511 1
1225 725 1
1721 922 1
403 878 1
634 1045 1
771 1846 1
1869 549 1
390 1207 1
2326 2298 1
580 1752 1
972 307 1
66 1604 1
116 200 1
2301 694 1
932 2406 1
556 2181 1
1001 689 1
436 793 1
403 1111 1
2304 260 1
195 708 1
1234 2423 1
965 349 1
459 433 1
1363 1427 1
1365 1796 1
672 1319 1
532 1072 1
1070 2056 1
1521 1561 1
609 2367 1
1899 349 1
1435 388 1
1865 1480 1
157 1335 1
1950 1434 1
1301 1464 1
2413 2366 1
0 1538 1
1784 2313 1
211 558 1
1002 1070 1
602 158 1
2341 850 1
385 811 1
954 1785 1
1385 490 1
575 2222 1
58 1226 1
2044 1997 1
662 158 1
1504 217 1
1226 1721 1
1984 706 1
117 961 1
924 1500 1
210 1710 1
542 1243 1
1219 2002 1
275 918 1
967 2008 1
1502 200 1
1338 198 1
468 2117 1
203 2300 1
712 1646 1
2135 257 1
1126 1682 1
207 245 1
92 336 1
1810 757 1
2186 1076 1
2012 1010 1
815 2415 1
594 49 1
782 340 1
1937 2002 1
2094 1261 1
1657 1001 1
2139 1856 1
2 1640 1
2013 136 1
1710 33 1
918 1143 1
1039 799 1
1033 2319 1
1525 71 1
1112 1034 1
290 660 1
1603 2247 1
1555 306 1
548 1598 1
749 1108 1
1572 2020 1
1252 602 1
812 2299 1
2068 586 1
49 2393 1
100 1744 1
1554 2202 1
557 957 1
1899 2349 1
2307 1627 1
1737 874 1
1810 636 1
342 485 1
1938 1706 1
387 1535 1
2214 936 1
878 1810 1
1038 1226 1
1109 65 1
2171 1439 1
1626 886 1
867 149 1
326 1572 1
2063 949 1
731 385 1
1266 602 1
726 478 1
1413 1394 1
1036 2221 1
2286 704 1
1027 2426 1
893 931 1
571 78 1
1527 2324 1
1759 1414 1
1815 2323 1
970 1329 1
952 2269 1
1602 622 1
952 638 1
1842 1668 1
1939 783 1
696 1793 1
1411 1390 1
694 1802 1
1208 1154 1
287 2090 1
542 2427 1
1028 307 1
2125 2208 1
1541 1099 1
518 115 1
1572 755 1
1606 1308 1
400 1548 1
1628 1300 1
1030 1476 1
419 554 1
1045 1642 1
2016 1304 1
911 1932 1
1291 1338 1
1501 1987 1
1417 1513 1
831 1461 1
1746 1768 1
1234 1093 1
1015 596 1
1252 1850 1
69 1641 1
2007 888 1
2116 597 1
734 1356 1
741 9 1
1618 1045 1
2401 644 1
987 204 1
2328 1355 1
376 2271 1
725 2281 1
2003 808 1
1901 2417 1
13 320 1
819 1758 1
1355 2270 1
1866 121 1
787 2204 1
764 1032 1
506 2179 1
124 433 1
1742 2232 1
458 643 1
2382 945 1
2062 329 1
1474 90 1
1246 1654 1
1574 634 1
1900 1789 1
2146 659 1
2257 2017 1
1127 2349 1
1455 64 1
517 1872 1
1074 1234 1
944 330 1
480 1711 1
1049 2142 1
2146 987 1
1485 2113 1
1500 687 1
1639 230 1
690 2349 1
974 2326 1
455 2423 1
1114 1721 1
1388 761 1
1252 2400 1
1005 2428 1
54 284 1
1830 1599 1
1070 2029 1
129 1910 1
1280 1070 1
438 1404 1
170 2320 1
633 108 1
1278 258 1
1472 1077 1
1271 258 1
1088 1108 1
999 2103 1
1480 1912 1
1419 1784 1
1096 1805 1
423 2391 1
540 1887 1
522 621 1
2147 797 1
2139 450 1
1642 1899 1
1797 287 1
682 244 1
564 567 1
576 1799 1
428 835 1
1500 2078 1
2095 2325 1
850 1252 1
2163 2245 1
344 2063 1
1830 201 1
698 1421 1
2116 342 1
972 1875 1
661 1509 1
507 1826 1
735 274 1
1245 1237 1
2399 844 1
878 431 1
862 1868 1
184 1445 1
1982 850 1
183 73 1
362 2342 1
1744 1365 1
1629 901 1
597 309 1
1270 377 1
1167 2291 1
2392 2014 1
444 1380 1
791 452 1
481 269 1
629 1329 1
1170 129 1
2246 1092 1
105 226 1
1826 2376 1
659 403 1
1139 396 1
1864 1140 1
997 850 1
1152 1664 1
901 756 1
1383 1234 1
876 965 1
1807 1074 1
2114 533 1
1686 375 1
813 2396 1
1937 697 1
1795 802 1
369 1371 1
852 1355 1
1154 761 1
833 368 1
509 259 1
75 1731 1
278 1168 1
1727 9 1
800 2276 1
1341 392 1
2288 1008 1
226 617 1
359 2105 1
1189 304 1
2139 1045 1
14 122 1
2269 662 1
569 301 1
1619 2003 1
2061 2151 1
733 1485 1
2025 756 1
1622 1885 1
223 328 1
158 217 1
1052 1875 1
198 708 1
2151 677 1
2120 1427 1
1424 486 1
1310 724 1
1937 875 1
675 1874 1
1570 1107 1
67 542 1
1595 821 1
1795 996 1
2162 1791 1
2056 1226 1
927 2143 1
959 1655 1
1454 2200 1
1340 708 1
1087 995 1
401 153 1
1615 752 1
1775 1326 1
312 1630 1
973 608 1
529 1638 1
875 1320 1
29 1069 1
769 875 1
1490 2308 1
1758 2200 1
441 1383 1
614 677 1
1256 2266 1
987 96 1
768 2193 1
1183 1368 1
532 1497 1
597 911 1
254 1531 1
627 237 1
307 591 1
841 2288 1
413 248 1
1774 1411 1
1926 818 1
329 722 1
249 1087 1
223 697 1
459 2290 1
2381 331 1
1513 2089 1
484 243 1
394 1403 1
938 827 1
724 1168 1
2354 1388 1
1973 1657 1
220 678 1
1036 456 1
612 907 1
704 1485 1
1351 152 1
357 1121 1
1639 517 1
2158 1862 1
1630 244 1
2100 593 1
1120 403 1
812 1038 1
1216 1487 1
1182 2331 1
1894 2118 1
313 1310 1
1443 2209 1
239 1671 1
685 689 1
283 1147 1
184 2155 1
636 757 1
2378 413 1
1898 1334 1
1507 77 1
1608 282 1
1401 2299 1
1631 1556 1
1549 1172 1
2399 2286 1
2394 344 1
2341 2254 1
900 1154 1
1154 639 1
2057 1227 1
387 742 1
1068 654 1
748 2166 1
2131 1498 1
911 1982 1
374 160 1
1512 1345 1
2204 275 1
2 891 1
131 2102 1
271 1164 1
943 2085 1
1854 2400 1
1733 786 1
1393 1388 1
2317 2177 1
1043 2349 1
574 2390 1
1217 568 1
1328 2235 1
2375 174 1
1649 2005 1
2286 1937 1
2313 58 1
1807 2219 1
857 769 1
2286 943 1
1822 1157 1
197 1649 1
1766 724 1
169 776 1
773 705 1
1602 687 1
1042 1225 1
407 1409 1
1773 1712 1
284 111 1
1136 1096 1
823 1578 1
132 2224 1
876 1338 1
1278 590 1
1045 1005 1
2121 2064 1
2280 1559 1
233 2205 1
744 1203 1
1779 388 1
2200 625 1
2398 2370 1
58 1884 1
1671 1344 1
1631 2349 1
1121 1075 1
1240 1499 1
441 1485 1
135 1111 1
2069 7 1
2078 1746 1
639 431 1
797 1620 1
1245 2062 1
297 539 1
2019 1045 1
501 902 1
1161 575 1
2113 678 1
1291 870 1
1807 1070 1
850 1052 1
1038 1234 1
1237 477 1
1208 1280 1
278 1127 1
2165 1507 1
939 1825 1
1746 2085 1
1280 1291 1
367 596 1
844 2341 1
1012 1315 1
2366 1236 1
2253 1192 1
570 307 1
481 1285 1
1507 1309 1
887 1154 1
850 1602 1
2010 1214 1
2265 1558 1
158 2139 1
204 2269 1
797 2378 1
1000 892 1
1419 342 1
892 1396 1
1037 2341 1
2283 1130 1
1809 1217 1
1875 2102 1
1383 1856 1
1766 1114 1
749 1429 1
1039 1511 1
1139 104 1
690 1499 1
442 1051 1
121 1257 1
878 493 1
403 1120 1
204 911 1
1915 2227 1
702 949 1
2109 759 1
1939 1210 1
2260 620 1
1002 431 1
223 1320 1
704 1423 1
2220 1907 1
1850 1631 1
2308 2228 1
964 1312 1
441 501 1
1461 1274 1
1041 1415 1
1289 2167 1
1040 1562 1
2002 1338 1
1127 699 1
304 2141 1
1271 2414 1
2182 1498 1
1604 6 1
1568 74 1
2116 204 1
46 51 1
1234 1618 1
1003 1744 1
2315 1899 1
1155 2157 1
2355 1002 1
992 624 1
1876 2418 1
134 504 1
1244 732 1
646 1669 1
804 981 1
1070 151 1
329 867 1
733 697 1
1168 1850 1
1875 1127 1
342 207 1
2000 156 1
687 131 1
514 184 1
902 58 1
2195 1972 1
2412 70 1
1236 2413 1
806 633 1
844 1269 1
349 1768 1
1264 1114 1
273 1635 1
724 1915 1
2040 1297 1
1719 2334 1
1299 1628 1
925 341 1
1779 665 1
724 441 1
176 272 1
687 269 1
1340 915 1
2150 357 1
666 2103 1
1046 1030 1
939 1016 1
2132 1670 1
2068 1463 1
733 481 1
1507 1927 1
498 2019 1
1974 1864 1
823 1659 1
1514 1409 1
1045 2102 1
612 2189 1
1574 96 1
1541 780 1
186 2168 1
850 670 1
2227 1855 1
980 206 1
1673 1240 1
1039 2390 1
2123 2343 1
673 807 1
1249 882 1
1377 770 1
530 169 1
2371 21 1
863 505 1
699 1784 1
972 2126 1
655 1279 1
2301 340 1
361 2040 1
2033 935 1
1981 1329 1
42 1184 1
292 2202 1
1411 205 1
1095 2228 1
1485 970 1
1384 1048 1
897 499 1
2358 847 1
1499 699 1
2229 45 1
791 501 1
997 1338 1
1931 1298 1
250 1515 1
56 2104 1
870 220 1
602 872 1
2199 1942 1
708 875 1
321 1541 1
2090 2380 1
1094 941 1
213 1528 1
76 1304 1
1777 2069 1
2160 1084 1
1063 1920 1
1839 296 1
1357 1044 1
2143 1959 1
799 2414 1
1832 1988 1
1679 870 1
650 1888 1
2192 687 1
225 1639 1
757 1120 1
1234 2354 1
1614 285 1
269 2260 1
1275 434 1
1734 2357 1
1887 1806 1
1015 1987 1
1565 736 1
1238 1986 1
1280 1781 1
307 2313 1
678 952 1
708 2399 1
132 2246 1
1172 1525 1
2046 2228 1
925 886 1
993 2238 1
2082 806 1
2391 2127 1
1485 1107 1
828 1535 1
890 1689 1
1133 1520 1
220 133 1
1506 1997 1
1820 447 1
2045 2140 1
850 38 1
1768 1937 1
636 514 1
1243 2047 1
1096 1044 1
429 2366 1
1241 2406 1
1054 1925 1
2254 943 1
1615 1187 1
2346 349 1
1414 1322 1
2106 1168 1
1434 1504 1
1226 1037 1
831 935 1
1493 1425 1
2056 0 1
2364 1455 1
1473 1047 1
1151 1978 1
1439 1449 1
2258 1433 1
1981 636 1
217 1599 1
232 2131 1
622 2317 1
203 1412 1
695 120 1
662 1937 1
195 2192 1
924 2227 1
1517 904 1
153 1781 1
1388 2315 1
900 1264 1
1681 693 1
922 716 1
103 835 1
943 1618 1
1605 1953 1
1264 2260 1
2172 944 1
701 1338 1
959 2337 1
908 394 1
1982 1038 1
678 1269 1
243 1839 1
1252 1768 1
590 313 1
2068 635 1
1534 1881 1
1158 1431 1
1176 2065 1
558 479 1
1022 1639 1
627 2200 1
1711 1687 1
2145 293 1
708 2085 1
1013 423 1
633 755 1
1053 1489 1
28 1969 1
949 1471 1
192 688 1
319 2064 1
184 878 1
471 339 1
1028 258 1
670 1264 1
494 2368 1
1972 132 1
1982 2227 1
601 1450 1
1290 1727 1
1295 2160 1
242 1386 1
177 1245 1
419 1589 1
785 2123 1
1234 2106 1
393 138 1
1293 1808 1
887 882 1
1208 586 1
462 1047 1
635 1249 1
754 2337 1
2278 1648 1
1120 964 1
1371 62 1
1276 1145 1
586 924 1
1679 1938 1
856 1255 1
269 1168 1
1703 538 1
549 1918 1
882 570 1
2249 2200 1
1208 591 1
1972 1199 1
1070 1329 1
338 399 1
1453 1170 1
1149 2195 1
1417 1954 1
1602 1386 1
1121 613 1
201 2078 1
297 1863 1
1593 438 1
431 769 1
2392 547 1
686 41 1
583 599 1
1932 401 1
1291 153 1
2346 1219 1
877 270 1
988 1470 1
1191 736 1
2041 1295 1
1995 694 1
639 972 1
622 1570 1
687 857 1
871 1796 1
1729 489 1
58 2355 1
2274 2418 1
1169 2046 1
247 264 1
1523 575 1
679 2209 1
1065 440 1
747 1728 1
2060 378 1
1424 751 1
1618 1002 1
2373 2427 1
2268 647 1
269 403 1
1168 1285 1
1575 669 1
2428 590 1
1932 1338 1
911 1234 1
278 629 1
222 2429 1
2146 2315 1
35 2060 1
1653 1986 1
588 939 1
1595 535 1
2187 1513 1
1278 1642 1
2330 111 1
1057 1248 1
1311 231 1
1475 1577 1
1570 201 1
430 1699 1
1060 797 1
2092 1042 1
2344 1495 1
1314 1352 1
217 1982 1
1640 366 1
220 1810 1
2058 379 1
1734 2018 1
2084 1539 1
136 2422 1
485 187 1
1240 983 1
700 962 1
1919 107 1
230 1916 1
2135 1899 1
1637 976 1
1947 1770 1
2294 1079 1
110 1582 1
401 943 1
2364 391 1
1875 1240 1
1694 979 1
349 922 1
1194 1866 1
2115 1121 1
2254 441 1
697 1781 1
687 1052 1
2339 1952 1
1160 1017 1
132 2236 1
1230 1228 1
635 2286 1
2192 217 1
1006 430 1
741 1987 1
1213 39 1
1320 1511 1
990 282 1
905 914 1
1071 314 1
1208 324 1
1201 350 1
2402 47 1
2068 1278 1
791 2085 1
1500 58 1
947 822 1
131 2126 1
2116 2068 1
1526 2206 1
66 1025 1
791 245 1
570 791 1
2069 1216 1
1871 1435 1
269 1252 1
1920 1265 1
1878 719 1
814 605 1
2227 687 1
1241 362 1
499 611 1
2068 2002 1
807 101 1
2260 1038 1
1352 777 1
255 703 1
761 2423 1
1364 116 1
1402 1017 1
1079 439 1
1329 1567 1
1401 2219 1
2154 387 1
58 2050 1
1070 1002 1
2279 2005 1
878 1388 1
697 857 1
1748 1300 1
1631 151 1
1417 267 1
2270 240 1
503 509 1
2408 674 1
898 1761 1
704 1445 1
1754 1370 1
2178 458 1
205 1740 1
585 612 1
1018 2044 1
1932 485 1
2284 775 1
1028 1538 1
392 1494 1
853 1465 1
670 662 1
1819 652 1
86 455 1
1510 1828 1
1907 905 1
820 1459 1
2399 1005 1
198 1624 1
2360 2025 1
153 269 1
2071 1084 1
1411 2342 1
1147 1623 1
1197 2096 1
1489 209 1
89 2319 1
970 574 1
739 1429 1
1485 217 1
726 483 1
872 761 1
1868 899 1
204 2312 1
86 1875 1
1148 2079 1
968 840 1
1833 2198 1
452 2355 1
201 1028 1
123 1148 1
2354 1234 1
1019 991 1
1781 1981 1
1220 2115 1
1768 242 1
574 2192 1
2264 2042 1
2191 699 1
1330 2158 1
604 5 1
401 1679 1
731 684 1
452 670 1
1025 2347 1
976 1873 1
793 1327 1
576 648 1
1679 2399 1
2031 581 1
397 564 1
906 1589 1
237 1146 1
512 1305 1
874 1532 1
2317 639 1
1005 1340 1
2237 236 1
284 2223 1
1740 1375 1
342 1850 1
2135 1249 1
3 864 1
394 5 1
584 1874 1
442 361 1
1219 1766 1
2077 224 1
331 1302 1
2255 180 1
1492 960 1
1250 527 1
603 801 1
1714 545 1
2057 1328 1
1463 911 1
902 639 1
1143 2381 1
1073 2184 1
467 1472 1
1880 2367 1
893 1783 1
2056 622 1
496 1148 1
536 1947 1
2419 1024 1
1830 2399 1
846 2212 1
617 541 1
1379 1337 1
602 313 1
766 1998 1
1532 1789 1
590 1899 1
1107 1699 1
1264 278 1
1312 699 1
1127 153 1
303 483 1
1282 1473 1
390 1390 1
733 1329 1
1234 716 1
2354 659 1
854 840 1
1850 135 1
127 838 1
2363 192 1
1771 2011 1
426 2259 1
333 2383 1
1162 60 1
1915 2341 1
943 1855 1
2211 279 1
1527 1985 1
1679 1401 1
958 2203 1
428 1751 1
661 202 1
1176 719 1
2302 771 1
1981 1679 1
844 1784 1
90 1478 1
691 744 1
519 2125 1
2055 705 1
482 1195 1
1294 383 1
1320 1641 1
2130 57 1
1632 1970 1
2412 1034 1
2300 487 1
1571 808 1
716 699 1
2227 799 1
1624 878 1
1202 962 1
723 955 1
947 1502 1
1772 2295 1
2030 565 1
135 1320 1
2352 1377 1
769 1574 1
1110 490 1
145 1355 1
952 1631 1
924 602 1
2005 2133 1
1435 1678 1
837 2422 1
1784 2269 1
1219 514 1
1033 2190 1
1512 1975 1
1927 363 1
138 803 1
1386 635 1
1948 1942 1
477 1138 1
2040 1318 1
1950 697 1
2083 1003 1
1915 1994 1
714 2175 1
1285 1219 1
358 1351 1
658 1042 1
218 108 1
1639 1286 1
956 2364 1
147 1075 1
101 1672 1
271 1157 1
431 1038 1
2077 1701 1
55 2374 1
983 187 1
910 1658 1
1624 1219 1
1278 875 1
198 659 1
902 591 1
1641 1266 1
2144 1811 1
1786 49 1
2158 865 1
1529 1061 1
1852 1565 1
548 1046 1
365 2186 1
1688 1460 1
1785 2027 1
456 77 1
733 2349 1
772 1016 1
776 28 1
647 1117 1
630 1162 1
2051 1185 1
1709 1825 1
1499 2354 1
514 708 1
351 1376 1
1980 423 1
1094 2122 1
1265 1105 1
1449 764 1
1720 391 1
887 1285 1
853 1947 1
1383 1884 1
1984 1223 1
1159 149 1
2269 1423 1
1543 1628 1
96 204 1
1750 697 1
1559 523 1
1391 1130 1
730 52 1
1450 413 1
638 278 1
2085 2029 1
965 1052 1
458 656 1
493 2078 1
2106 965 1
886 1630 1
887 1807 1
164 76 1
2346 220 1
260 645 1
777 1130 1
887 876 1
1406 49 1
987 983 1
1520 1163 1
1084 1453 1
18 1227 1
965 915 1
262 1756 1
1114 2400 1
1815 745 1
1103 564 1
1624 153 1
1116 349 1
1596 1508 1
1114 2135 1
2035 2180 1
639 1950 1
870 1746 1
399 190 1
799 1234 1
1700 1417 1
1739 424 1
1291 431 1
581 1176 1
57 2357 1
1240 1037 1
1716 576 1
2141 336 1
1388 2299 1
590 1932 1
1214 1772 1
1623 1928 1
943 2177 1
687 278 1
923 1131 1
1599 201 1
2170 2352 1
761 2341 1
1950 1570 1
1043 964 1
1344 2225 1
86 2299 1
1291 1028 1
662 2341 1
915 1856 1
724 1830 1
2036 409 1
1946 137 1
1329 574 1
634 670 1
1291 1599 1
1787 1509 1
1116 1908 1
1118 2207 1
1322 1895 1
38 1981 1
1785 1959 1
1827 94 1
1834 767 1
154 1068 1
1358 335 1
1048 614 1
1696 1391 1
2411 735 1
1822 996 1
222 1299 1
442 2145 1
873 2083 1
1614 1217 1
1369 2323 1
332 1587 1
2062 1402 1
1468 1134 1
1393 1038 1
629 769 1
2390 485 1
1423 1150 1
1192 2385 1
1289 262 1
437 2124 1
789 1760 1
1269 207 1
1280 900 1
1002 1386 1
2260 2135 1
1629 191 1
2346 2135 1
1484 1173 1
1023 1529 1
1590 1625 1
1258 2132 1
196 326 1
1360 506 1
169 2280 1
1988 290 1
185 686 1
1312 1278 1
804 2072 1
1003 2306 1
2425 470 1
1752 1654 1
2352 463 1
1906 2360 1
1002 2317 1
382 2300 1
334 1342 1
69 2400 1
1504 2317 1
713 119 1
2334 170 1
701 1107 1
2400 1312 1
2014 176 1
2227 1602 1
109 1218 1
1399 2375 1
1376 1800 1
1297 222 1
451 757 1
559 1975 1
1150 2078 1
1185 2127 1
1537 1126 1
86 636 1
2227 1249 1
1558 855 1
753 54 1
2174 46 1
1409 762 1
2354 207 1
313 1320 1
133 245 1
1608 1729 1
1028 791 1
135 1673 1
2040 656 1
258 1291 1
1955 2318 1
2019 1028 1
591 586 1
1171 1831 1
1762 439 1
2357 1450 1
1620 2176 1
2116 1107 1
2349 201 1
1338 1768 1
2239 702 1
818 277 1
922 634 1
1890 70 1
1013 1429 1
2212 2268 1
241 1460 1
1792 1142 1
1120 2056 1
2414 769 1
2384 2383 1
2056 1850 1
1249 1116 1
1864 2266 1
2179 1826 1
1964 973 1
939 1523 1
1192 1838 1
716 257 1
1434 697 1
964 1850 1
2177 690 1
546 2041 1
687 328 1
2050 2068 1
1119 1357 1
1854 1271 1
313 2002 1
970 135 1
839 1225 1
464 395 1
757 2192 1
335 846 1
1450 1704 1
504 2276 1
701 2126 1
404 1835 1
1856 1499 1
878 2269 1
1642 1107 1
454 1371 1
330 2247 1
2369 518 1
187 1037 1
2119 863 1
432 1063 1
450 2106 1
1574 258 1
875 1994 1
1929 1293 1
1338 2355 1
217 204 1
166 1066 1
667 2056 1
423 1727 1
690 1114 1
2342 1160 1
1157 1238 1
728 1545 1
1252 1070 1
1482 1619 1
160 404 1
813 1686 1
776 536 1
1167 1009 1
666 2055 1
1278 915 1
2325 2009 1
1168 96 1
902 1915 1
2423 1045 1
184 690 1
1061 294 1
1597 1970 1
972 1602 1
717 1515 1
1045 1291 1
1024 1564 1
2065 2392 1
1169 317 1
1698 2091 1
1619 1449 1
1072 239 1
838 2204 1
38 670 1
828 953 1
1044 2365 1
349 472 1
1843 2076 1
1624 667 1
565 2101 1
2222 347 1
2355 639 1
383 200 1
1899 1642 1
1388 1266 1
2431 1960 1
1992 1818 1
878 1006 1
1266 223 1
1419 1005 1
2400 1932 1
845 1798 1
570 1340 1
2007 463 1
1768 1234 1
1734 832 1
56 272 1
460 988 1
937 2120 1
1856 2313 1
1571 1903 1
943 708 1
1830 1721 1
1618 1850 1
682 2413 1
1810 1393 1
1291 2002 1
826 77 1
1884 1005 1
309 620 1
1641 431 1
844 151 1
591 1252 1
1434 1750 1
248 1773 1
1415 1102 1
314 81 1
912 712 1
775 112 1
96 1908 1
1804 1962 1
2383 1259 1
1168 349 1
147 2373 1
313 1249 1
33 398 1
258 1383 1
2102 187 1
1306 1815 1
1545 1667 1
967 1704 1
1434 69 1
209 1050 1
935 940 1
2196 165 1
1280 1271 1
1044 221 1
2427 1456 1
2414 1856 1
684 2356 1
1556 493 1
1278 1271 1
879 2256 1
836 1259 1
516 1683 1
668 1451 1
668 59 1
46 1628 1
1043 629 1
2143 489 1
282 741 1
1014 1720 1
452 1006 1
