114 231 65
32 96 91
1 15 3
41 64 2
64 83 2
64 15 2
100 52 2
61 2 2
71 112 2
72 21 3
2 61 1
83 2 3
60 9 2
57 64 2
3 36 3
15 84 2
86 87 1
1 61 3
100 81 3
2 84 2
112 17 3
55 109 2
58 49 2
5 31 2
17 71 3
41 84 2
76 72 2
70 10 2
22 71 2
109 17 1
17 40 2
90 88 3
100 22 3
55 71 2
109 100 1
17 112 3
64 110 3
96 75 1
81 109 3
15 110 3
10 7 3
2 110 2
29 63 2
9 85 1
40 112 2
83 61 1
2 1 2
56 3 3
61 83 2
15 64 1
83 64 3
112 52 3
15 2 1
107 45 2
81 100 3
112 109 2
100 17 2
83 15 3
61 57 2
64 41 1
2 64 2
55 17 3
94 29 2
55 52 2
24 107 2
61 41 1
83 1 1
81 22 3
64 2 3
84 41 3
71 100 2
61 1 3
63 78 1
57 61 1
84 110 2
49 95 1
32 81 1
84 64 3
39 76 3
17 55 1
20 73 1
112 81 3
22 55 2
52 22 1
61 15 2
71 40 3
75 56 3
61 110 1
57 83 2
57 84 3
109 112 2
1 83 1
32 5 1
84 15 1
88 86 3
1 64 2
57 110 2
110 1 2
51 18 1
41 2 3
96 64 3
57 41 3
31 94 3
18 37 1
52 109 1
52 17 3
83 84 2
71 22 2
16 65 3
17 81 1
2 57 3
52 40 1
110 84 2
55 100 3
57 15 1
112 40 1
84 1 2
109 40 2
32 54 2
64 84 1
87 16 1
81 52 3
2 15 3
1 41 3
54 60 3
1 2 3
96 26 3
64 57 2
81 40 2
110 41 2
81 112 2
97 8 3
100 109 3
17 52 2
22 52 2
110 61 1
40 71 3
15 41 1
73 69 3
1 57 2
1 84 1
65 11 2
17 109 1
15 83 2
40 17 1
71 55 1
83 57 3
100 40 2
41 83 3
37 90 3
41 15 1
36 58 3
96 104 1
22 100 1
96 42 1
71 109 1
52 71 2
78 50 1
109 81 2
32 70 3
7 24 2
110 2 3
22 17 3
17 100 2
84 57 1
50 89 3
95 105 2
112 100 1
2 83 1
81 55 3
64 1 2
100 71 1
84 83 2
55 112 1
15 1 1
57 1 1
40 109 3
71 81 2
83 41 2
41 57 1
109 52 1
100 55 2
109 22 1
41 61 3
22 109 2
57 2 1
40 100 2
40 52 1
22 40 1
40 22 1
40 55 3
110 83 2
112 71 1
8 39 1
2 41 2
52 81 2
21 20 2
61 64 3
110 15 2
110 64 3
55 40 2
105 97 3
81 71 1
109 55 3
71 52 2
15 61 2
81 17 2
52 55 1
22 81 1
84 61 1
110 57 2
22 112 3
41 1 2
84 2 2
85 51 3
15 57 3
55 22 1
40 81 3
41 110 2
109 71 1
55 81 3
61 84 2
17 22 3
45 30 2
112 22 1
64 61 3
52 112 2
1 110 2
52 100 3
100 112 2
71 17 3
112 55 3
83 110 1
74 98 3 49
68 53 42 1000
46 106 42 1000
43 13 42 1000
102 113 3 49
80 68 3 49
23 68 42 1000
38 53 3 49
82 12 42 1000
48 12 3 49
99 98 42 1000
92 43 3 49
6 103 3 49
14 91 3 49
44 106 3 49
6 28 3 49
101 77 3 49
74 66 3 49
53 99 42 1000
13 108 42 1000
35 74 3 49
79 44 3 49
67 101 3 49
44 102 3 49
38 35 3 49
79 46 3 49
66 34 3 49
113 62 42 1000
103 0 3 49
28 0 42 1000
34 43 42 1000
98 34 42 1000
47 6 3 49
67 4 3 49
32 82 42 1000
47 62 3 49
80 38 3 49
35 99 3 49
48 79 3 49
33 19 42 1000
103 93 3 49
59 42 3 49
77 33 3 49
93 23 3 49
42 48 3 49
4 25 42 1000
25 33 42 1000
42 82 3 49
12 46 42 1000
62 28 42 1000
111 13 3 49
32 59 3 49
108 4 42 1000
101 25 3 49
111 27 3 49
92 111 3 49
106 113 42 1000
77 14 3 49
66 92 3 49
93 80 3 49
19 91 42 1000
0 23 42 1000
27 108 3 49
27 67 3 49
102 47 3 49
