2364 6525 0
2052 402 622
2046 1159 1
1286 794 1
589 2301 1
662 766 1
807 308 1
147 350 1
446 201 1
289 342 1
1587 773 1
709 749 1
303 1256 1
1019 263 1
275 2059 1
2238 1019 1
1845 1744 1
2248 2159 1
1534 924 1
482 554 1
1941 119 1
594 1562 1
1890 148 1
1527 51 1
2296 799 1
2299 570 1
40 1033 1
1242 758 1
42 2280 1
2082 633 1
149 713 1
933 1664 1
1280 1613 1
312 1058 1
2208 1453 1
798 1662 1
1340 2346 1
159 1449 1
171 1221 1
1798 2180 1
784 1119 1
1139 1576 1
2087 1129 1
396 450 1
1373 1233 1
2071 1676 1
349 1322 1
1668 1487 1
1850 1457 1
1346 1933 1
2220 2250 1
1437 2103 1
1614 2298 1
519 1009 1
1869 2098 1
634 494 1
1743 1198 1
461 1672 1
1250 865 1
1209 376 1
306 883 1
1007 784 1
271 1222 1
1356 329 1
1901 449 1
1918 1951 1
1516 701 1
600 427 1
1495 473 1
1710 324 1
862 1274 1
1363 2092 1
563 1740 1
373 2234 1
1996 84 1
586 1340 1
1487 509 1
685 1974 1
1548 2226 1
1353 1230 1
1359 927 1
1962 2262 1
2321 1074 1
1938 1665 1
1739 598 1
1029 1216 1
249 503 1
2023 530 1
1556 505 1
2188 655 1
1379 1292 1
81 837 1
771 577 1
507 1359 1
2043 2117 1
1241 1556 1
2076 1193 1
1639 1206 1
1741 1811 1
1805 535 1
926 2019 1
1523 83 1
294 323 1
1751 1497 1
718 1226 1
2265 1584 1
553 404 1
2321 1865 1
299 1019 1
446 681 1
608 1237 1
1863 1867 1
1845 428 1
1207 869 1
537 20 1
934 998 1
1452 1850 1
2276 1751 1
1245 1193 1
301 1327 1
180 2353 1
206 628 1
693 555 1
884 1780 1
478 398 1
356 381 1
2263 444 1
1994 1676 1
213 142 1
648 1671 1
1321 1006 1
1290 814 1
1737 1804 1
347 81 1
421 1133 1
630 515 1
1636 1340 1
1708 1076 1
111 1066 1
400 405 1
1295 376 1
1773 319 1
607 133 1
1596 2346 1
1754 1905 1
1199 995 1
720 247 1
1780 188 1
327 1217 1
719 973 1
1283 1252 1
569 1991 1
47 440 1
602 2107 1
761 1226 1
1449 802 1
1648 1308 1
429 42 1
2037 521 1
1462 1911 1
1545 1256 1
990 147 1
2357 1196 1
1262 144 1
773 2283 1
1502 1688 1
1948 2051 1
225 1959 1
1276 35 1
370 1665 1
2073 400 1
153 716 1
1419 825 1
1229 1232 1
1929 1082 1
1138 1906 1
2259 0 1
1494 1978 1
2256 1375 1
2194 1988 1
293 483 1
1904 1824 1
760 400 1
1406 1849 1
262 1504 1
296 1416 1
60 1684 1
1015 191 1
108 1469 1
2046 101 1
939 1532 1
668 1103 1
1211 1415 1
1488 260 1
2219 929 1
184 28 1
354 307 1
344 2348 1
1900 1288 1
659 725 1
75 420 1
324 2282 1
451 840 1
29 1143 1
744 272 1
777 654 1
2074 524 1
1351 171 1
470 1207 1
1191 2006 1
665 455 1
2292 1603 1
1833 445 1
1991 25 1
1772 823 1
910 587 1
662 234 1
531 317 1
456 1224 1
1612 1164 1
2260 375 1
318 1471 1
724 121 1
1518 290 1
2071 1040 1
1974 497 1
453 1907 1
428 2157 1
1444 1397 1
1402 1988 1
1342 20 1
1981 1955 1
1547 437 1
679 1322 1
1491 2284 1
1989 1215 1
286 237 1
1857 527 1
1965 1299 1
507 196 1
1721 1011 1
1995 2170 1
1988 593 1
1647 1953 1
2099 1234 1
159 1492 1
1190 1719 1
2088 1694 1
133 45 1
995 973 1
751 1630 1
1552 1822 1
1729 545 1
550 1510 1
1170 422 1
692 837 1
188 1287 1
686 176 1
1043 902 1
279 1960 1
653 2107 1
2068 2261 1
1357 1692 1
2118 420 1
1792 206 1
1122 2086 1
1485 614 1
387 1964 1
917 91 1
722 1006 1
1629 625 1
1548 1999 1
1222 794 1
1100 1306 1
535 1132 1
328 411 1
1066 150 1
811 1321 1
1676 1430 1
1733 746 1
1636 612 1
1613 317 1
1291 1535 1
215 1406 1
970 1908 1
1171 1334 1
1324 1455 1
1313 559 1
52 1109 1
892 698 1
162 2043 1
703 202 1
788 2094 1
1380 85 1
665 1600 1
152 350 1
1945 157 1
2100 2212 1
1420 1015 1
698 2075 1
847 2259 1
1632 552 1
2299 148 1
1861 288 1
350 439 1
1540 44 1
284 802 1
1480 1742 1
1220 575 1
1624 2061 1
735 1777 1
787 2286 1
106 1244 1
1353 657 1
25 756 1
1291 1346 1
1163 2293 1
1664 1202 1
1013 1407 1
442 1252 1
1929 581 1
1889 58 1
2115 822 1
2003 65 1
705 231 1
593 2059 1
2307 728 1
168 659 1
731 847 1
583 1294 1
449 789 1
1699 109 1
167 633 1
1641 1902 1
1582 216 1
1528 439 1
1448 5 1
290 439 1
1257 98 1
5 2289 1
1722 459 1
766 1388 1
1031 2111 1
1015 111 1
1598 614 1
106 1285 1
624 1233 1
479 999 1
2229 665 1
241 411 1
1288 270 1
2233 1505 1
1471 741 1
1202 1064 1
889 857 1
1757 2149 1
1898 1787 1
1011 1199 1
631 1571 1
234 1472 1
1268 1495 1
1154 661 1
2057 623 1
333 1708 1
2001 634 1
1160 1607 1
713 2260 1
790 1716 1
1836 351 1
316 1297 1
1226 173 1
715 2227 1
1234 2345 1
1865 1898 1
79 264 1
957 2132 1
2133 416 1
1858 518 1
109 2322 1
780 1226 1
1064 1823 1
1968 623 1
155 1864 1
2230 2182 1
1168 1372 1
960 790 1
1239 833 1
439 1557 1
1273 1 1
2358 1160 1
197 1001 1
1095 1561 1
977 832 1
815 685 1
620 2183 1
1094 1650 1
128 1571 1
249 941 1
1115 346 1
1221 1075 1
309 1706 1
2007 2276 1
1914 1260 1
1364 368 1
1252 985 1
1947 508 1
2178 140 1
2026 2135 1
2092 1684 1
372 792 1
354 1375 1
0 1200 1
181 1308 1
1930 1237 1
1572 1825 1
919 356 1
1109 746 1
155 1732 1
845 52 1
234 1734 1
505 820 1
2303 1374 1
694 402 1
2028 615 1
1921 2335 1
1976 862 1
1783 430 1
1462 1054 1
1813 194 1
1959 1899 1
1133 866 1
1944 1526 1
2287 1320 1
181 1856 1
1623 821 1
1853 2173 1
36 1251 1
2023 1279 1
878 1021 1
35 445 1
1638 1260 1
1744 11 1
826 1409 1
2135 2246 1
2049 1789 1
1070 608 1
1673 1760 1
2071 938 1
852 931 1
122 1840 1
1797 677 1
584 1230 1
2013 2068 1
583 1546 1
331 1446 1
1616 815 1
1333 749 1
528 1200 1
1075 659 1
1413 1320 1
2339 444 1
944 1977 1
2071 289 1
202 666 1
1843 567 1
156 165 1
2267 361 1
556 66 1
1325 1459 1
674 235 1
190 437 1
2045 931 1
961 182 1
904 1394 1
294 1861 1
1589 2197 1
32 1575 1
839 764 1
2019 1691 1
2301 11 1
522 474 1
2283 1875 1
2131 1055 1
2143 828 1
1544 1675 1
169 1091 1
381 462 1
33 987 1
2314 2102 1
2038 1607 1
127 2165 1
1217 1245 1
2264 970 1
2046 1563 1
1386 741 1
1722 1212 1
1015 516 1
651 1001 1
1088 956 1
958 501 1
1245 1374 1
797 1955 1
1219 29 1
888 513 1
7 85 1
1710 106 1
1454 1890 1
1172 1234 1
214 74 1
1699 1269 1
1219 1494 1
2152 1701 1
1843 908 1
2063 829 1
1385 1451 1
964 1617 1
1058 436 1
868 1825 1
2203 478 1
1602 1571 1
617 968 1
1897 2123 1
2051 1971 1
1291 2209 1
1800 861 1
1391 51 1
1705 857 1
1486 1412 1
502 608 1
339 933 1
362 332 1
236 55 1
1366 128 1
968 2053 1
364 663 1
800 361 1
1302 977 1
376 216 1
1180 7 1
221 1734 1
175 2342 1
2252 1863 1
1806 2344 1
1060 501 1
382 2255 1
1615 68 1
1603 18 1
887 443 1
2245 1640 1
1380 355 1
1021 230 1
2305 1018 1
179 890 1
2343 2090 1
897 801 1
1673 1056 1
466 1207 1
2049 2034 1
2236 379 1
605 200 1
1595 765 1
1964 278 1
9 1106 1
800 937 1
1299 540 1
2304 461 1
1025 1427 1
786 636 1
1922 2136 1
2285 1803 1
1425 2109 1
1550 955 1
789 845 1
213 1735 1
2133 119 1
832 1604 1
1453 1898 1
2290 927 1
1349 896 1
1783 1785 1
2329 1386 1
471 121 1
1634 2084 1
1804 81 1
752 1594 1
1498 1936 1
34 761 1
1120 835 1
2193 751 1
2347 1328 1
1672 1350 1
1612 248 1
1916 967 1
1575 935 1
1448 1581 1
587 1726 1
1403 1916 1
546 1910 1
1895 203 1
1648 1566 1
278 2003 1
1753 1383 1
2033 1329 1
1704 320 1
1 817 1
866 1863 1
1289 1476 1
1377 271 1
185 1132 1
1846 846 1
1484 1196 1
1178 1625 1
2010 1924 1
1831 212 1
1767 327 1
1531 1987 1
1383 1070 1
931 2351 1
1560 1476 1
1690 1915 1
661 2231 1
2030 1270 1
38 2240 1
1258 1033 1
123 2363 1
947 2292 1
1835 428 1
1085 517 1
1749 527 1
852 1940 1
23 957 1
1035 2073 1
684 69 1
367 454 1
1003 1247 1
1838 604 1
239 2297 1
1979 1942 1
492 1487 1
1462 1193 1
95 295 1
22 2345 1
1928 1946 1
733 2069 1
1691 1639 1
2073 2180 1
2090 1847 1
796 188 1
1751 464 1
1567 1162 1
322 1483 1
30 602 1
109 604 1
591 2206 1
1250 1406 1
1492 1402 1
1855 2350 1
2056 967 1
1949 168 1
1481 240 1
464 602 1
2323 2216 1
32 370 1
1107 747 1
236 1981 1
1619 2178 1
59 324 1
963 1117 1
1758 662 1
16 1564 1
651 2285 1
146 1819 1
209 1951 1
402 1255 1
216 716 1
737 1235 1
578 2034 1
429 1823 1
652 367 1
0 1127 1
2346 1009 1
965 2031 1
1346 2075 1
1454 2347 1
1747 871 1
564 1577 1
1749 2263 1
1408 1603 1
309 142 1
33 1187 1
954 1583 1
72 567 1
1258 675 1
536 357 1
1641 879 1
1406 2240 1
1644 2064 1
592 893 1
2243 1261 1
2020 172 1
2177 1968 1
2270 160 1
424 2188 1
2013 468 1
389 1473 1
38 2153 1
1785 2064 1
1777 1416 1
1372 1061 1
866 1204 1
818 1823 1
1587 310 1
514 497 1
57 1583 1
142 1002 1
969 195 1
1190 1091 1
768 1871 1
173 2271 1
157 1296 1
1476 61 1
2242 2020 1
813 683 1
163 311 1
2062 357 1
1932 932 1
2077 1525 1
282 2308 1
175 1030 1
586 1415 1
1627 2336 1
1316 2249 1
1696 1449 1
689 459 1
1350 355 1
1005 1149 1
1810 1385 1
599 1238 1
159 2303 1
1759 1222 1
713 1440 1
501 690 1
2130 573 1
1535 1920 1
472 327 1
1937 813 1
2222 863 1
495 1358 1
1379 770 1
794 1842 1
16 76 1
563 2233 1
1010 835 1
1948 2306 1
1918 208 1
38 848 1
772 1280 1
499 123 1
1147 1947 1
985 1531 1
2321 1192 1
1075 1081 1
807 267 1
503 32 1
1601 1149 1
451 907 1
2160 928 1
2111 652 1
1464 1169 1
1359 503 1
581 1900 1
1387 1716 1
403 772 1
256 639 1
1730 1518 1
889 653 1
1049 1641 1
169 2004 1
119 660 1
1688 362 1
1710 2035 1
473 858 1
339 559 1
1849 519 1
1889 789 1
13 1213 1
2314 1002 1
362 733 1
884 894 1
1183 1328 1
951 1528 1
2061 371 1
79 1825 1
600 621 1
529 1853 1
557 2157 1
2277 38 1
2345 1396 1
125 935 1
2127 806 1
1927 44 1
55 116 1
2010 1053 1
146 1084 1
1157 2030 1
258 1695 1
366 1158 1
2320 1066 1
2172 72 1
1065 2167 1
2217 27 1
809 698 1
800 2171 1
215 953 1
1474 2100 1
1968 1857 1
1155 1432 1
1585 402 1
874 304 1
1714 431 1
719 1589 1
698 1723 1
2103 1854 1
82 96 1
2083 1582 1
1759 1079 1
1098 1467 1
1995 1180 1
810 982 1
562 1312 1
1643 1807 1
273 425 1
1978 1750 1
59 1004 1
1784 1994 1
2006 1154 1
2043 2233 1
2150 1801 1
969 1132 1
1022 751 1
268 640 1
1669 127 1
1560 788 1
593 1204 1
1411 1642 1
2257 584 1
956 2223 1
1702 1948 1
205 1052 1
650 678 1
1066 2040 1
1975 2123 1
1344 131 1
2016 833 1
2306 1679 1
1465 1350 1
1815 617 1
100 904 1
1874 1748 1
1218 2337 1
1410 1582 1
1868 935 1
1255 114 1
17 79 1
243 165 1
906 496 1
319 792 1
1574 1194 1
2109 1849 1
31 1817 1
929 1471 1
1839 1 1
2164 1687 1
300 477 1
138 146 1
206 2268 1
1441 895 1
1114 2072 1
62 2313 1
1181 1829 1
2082 548 1
2287 2186 1
2077 930 1
1965 584 1
1469 752 1
110 1892 1
651 90 1
1882 41 1
1240 1286 1
1296 1217 1
59 747 1
1035 1686 1
1285 2310 1
2324 326 1
1819 1312 1
1615 515 1
361 336 1
1749 2137 1
1145 360 1
1661 1380 1
1384 435 1
662 501 1
332 1269 1
2049 50 1
830 464 1
552 1696 1
1642 2269 1
1009 48 1
899 1283 1
1203 1133 1
197 1110 1
1091 1243 1
1724 128 1
985 103 1
1694 862 1
1899 650 1
588 266 1
1263 2243 1
831 921 1
823 610 1
1452 1268 1
1442 588 1
1558 1826 1
1582 1245 1
167 252 1
637 1991 1
490 1842 1
1923 785 1
999 1899 1
2305 1693 1
1894 1774 1
1819 1100 1
1788 1644 1
2083 618 1
439 967 1
1090 1891 1
678 1107 1
1878 1294 1
2323 728 1
845 434 1
402 106 1
1806 1629 1
96 1322 1
315 1648 1
2194 1693 1
279 2134 1
12 938 1
164 406 1
2335 1814 1
1814 2226 1
1433 1446 1
2209 730 1
1292 350 1
754 1020 1
182 1433 1
1689 1637 1
2071 682 1
2053 136 1
1004 1795 1
849 2076 1
431 694 1
974 727 1
1783 2025 1
493 2268 1
1083 1110 1
1152 812 1
872 915 1
1359 340 1
2170 408 1
878 1185 1
81 1330 1
1781 1085 1
1080 280 1
2074 2158 1
1281 1428 1
391 984 1
1340 158 1
1511 170 1
1148 1338 1
1389 221 1
1013 651 1
847 695 1
1919 1495 1
1458 88 1
1150 740 1
2313 1277 1
1895 1619 1
363 789 1
1349 583 1
1078 1145 1
436 268 1
2104 117 1
2232 1304 1
253 1868 1
260 2002 1
648 2281 1
971 13 1
1121 552 1
1691 652 1
2201 2115 1
1954 1040 1
2231 2199 1
1051 2074 1
1925 610 1
1062 1632 1
2157 430 1
1193 2363 1
2030 330 1
2146 2089 1
485 1996 1
1355 140 1
1308 2031 1
565 1079 1
2217 993 1
1592 422 1
54 45 1
2022 2261 1
597 489 1
1910 1529 1
989 1512 1
1363 1355 1
1664 1713 1
244 1604 1
135 737 1
703 2108 1
903 391 1
1868 1297 1
1650 2221 1
1054 1298 1
382 777 1
1127 605 1
1663 1776 1
619 836 1
1281 405 1
340 1205 1
1639 1151 1
753 1774 1
1263 1415 1
799 2251 1
36 37 1
550 649 1
490 1967 1
828 908 1
831 1832 1
1011 1868 1
564 825 1
1177 163 1
574 1168 1
692 635 1
382 1044 1
1012 273 1
890 536 1
1785 1194 1
743 1052 1
1452 2147 1
1817 2358 1
1505 498 1
1724 223 1
1362 1470 1
2335 2073 1
1076 242 1
1326 1316 1
2337 1825 1
1327 1044 1
268 955 1
716 1269 1
2128 2201 1
307 1274 1
325 788 1
2034 1138 1
1327 654 1
1987 990 1
1074 1773 1
1987 155 1
928 1545 1
2234 1297 1
1464 233 1
277 2115 1
281 238 1
1629 1306 1
2117 115 1
1950 410 1
472 2258 1
946 1474 1
1944 687 1
182 460 1
1555 1867 1
2247 601 1
1814 668 1
370 418 1
2111 104 1
1819 548 1
513 2064 1
755 1124 1
1230 2125 1
1278 2270 1
420 680 1
1589 1424 1
96 325 1
1905 272 1
1949 1582 1
1763 750 1
1012 978 1
1892 491 1
704 311 1
949 369 1
478 1689 1
1317 120 1
1440 2236 1
557 1484 1
624 1379 1
220 2348 1
330 1550 1
1355 1029 1
2271 1464 1
2094 215 1
666 1408 1
2095 1696 1
1522 2152 1
2333 1996 1
2360 1161 1
2330 365 1
2128 942 1
2166 878 1
838 828 1
748 1581 1
1068 1769 1
876 1838 1
1725 561 1
344 2094 1
1398 731 1
642 523 1
1376 234 1
2069 1569 1
1761 1617 1
145 697 1
128 446 1
1152 1108 1
748 2044 1
1438 1886 1
1013 22 1
1808 157 1
1707 1845 1
540 217 1
2272 1119 1
1799 844 1
481 350 1
642 1641 1
1272 1442 1
1691 1272 1
1867 355 1
1904 95 1
1770 1176 1
1650 1707 1
617 1723 1
1688 404 1
1982 920 1
1519 505 1
643 1336 1
2242 1895 1
1479 1743 1
722 1590 1
987 603 1
177 1706 1
863 2073 1
138 1306 1
1822 1742 1
293 326 1
732 141 1
1703 202 1
1605 2237 1
1468 2131 1
952 1489 1
287 271 1
1990 1247 1
1589 1229 1
15 2193 1
870 1167 1
1851 1879 1
779 482 1
1389 1848 1
2200 469 1
1315 1576 1
1888 1023 1
1253 1519 1
988 2198 1
362 1475 1
303 500 1
1955 796 1
787 887 1
1459 1449 1
78 1738 1
110 1719 1
1244 1037 1
547 876 1
1118 210 1
664 1904 1
1143 2215 1
2198 492 1
1756 2007 1
1375 122 1
725 802 1
419 2282 1
2113 1165 1
456 2021 1
1849 1551 1
652 719 1
1364 428 1
527 1642 1
1736 1512 1
98 621 1
142 1067 1
1037 488 1
1901 1734 1
1280 1065 1
1421 244 1
271 170 1
412 1370 1
2042 654 1
716 2338 1
1193 865 1
568 141 1
2286 618 1
523 1704 1
1257 1673 1
1319 2247 1
1730 1231 1
185 2071 1
348 527 1
1008 1140 1
246 2148 1
1524 1372 1
819 311 1
1038 1173 1
1458 382 1
89 341 1
735 1641 1
2170 1511 1
434 238 1
2075 892 1
359 1098 1
1638 444 1
495 1506 1
728 322 1
1094 1795 1
398 2322 1
631 1646 1
1361 1647 1
1174 963 1
1799 780 1
1692 1413 1
1324 1720 1
2304 1403 1
2289 2257 1
659 338 1
2205 1718 1
122 634 1
1247 1731 1
1603 1344 1
1140 2274 1
1941 1435 1
1680 1821 1
1902 2009 1
261 227 1
1205 2092 1
1850 329 1
551 1648 1
1081 577 1
265 59 1
328 796 1
2212 490 1
250 910 1
327 2353 1
1716 372 1
430 1585 1
2023 1431 1
1330 1041 1
1138 263 1
1345 969 1
11 465 1
2100 1419 1
1843 1769 1
1401 642 1
355 1940 1
2284 1522 1
993 903 1
779 1804 1
1657 1887 1
1442 1883 1
1677 970 1
2234 294 1
982 2324 1
856 2161 1
1379 173 1
2241 2011 1
1604 2011 1
2181 2049 1
371 1201 1
137 316 1
5 1958 1
2282 1547 1
2346 1581 1
1645 285 1
873 1483 1
1532 1654 1
932 1730 1
1986 40 1
2049 2273 1
724 2304 1
44 1071 1
2003 1300 1
1070 1090 1
843 343 1
300 2222 1
2253 2243 1
1103 1279 1
566 1155 1
1038 2327 1
2156 304 1
1630 1428 1
1404 835 1
1899 623 1
1161 1587 1
1624 1040 1
90 122 1
838 703 1
285 739 1
1106 56 1
1758 2219 1
1394 1951 1
1385 1276 1
1782 1093 1
1889 1875 1
139 1126 1
1498 455 1
2007 1812 1
2049 2283 1
363 2008 1
518 1115 1
2362 1712 1
2121 370 1
1217 220 1
873 456 1
2018 1848 1
739 354 1
92 2343 1
1128 1683 1
1462 725 1
346 2229 1
526 144 1
174 2008 1
759 2262 1
2134 1960 1
1639 2229 1
162 1888 1
15 1621 1
1111 1366 1
923 418 1
1567 496 1
986 1352 1
1132 1236 1
1271 645 1
1233 460 1
1675 40 1
2214 1549 1
2229 604 1
986 1918 1
87 1553 1
496 265 1
1117 1961 1
1415 1944 1
2292 630 1
2306 455 1
1717 1683 1
819 1852 1
1522 1078 1
191 866 1
469 1590 1
1316 1142 1
1428 1668 1
2221 891 1
1197 870 1
2361 1683 1
1084 661 1
1002 1907 1
877 1022 1
1895 1971 1
494 1418 1
1235 805 1
1800 1941 1
334 1260 1
30 2276 1
725 1106 1
1457 763 1
2327 911 1
425 1980 1
988 1202 1
1023 395 1
2301 647 1
352 2002 1
1085 581 1
1105 145 1
936 415 1
1120 2129 1
2072 1345 1
978 275 1
1981 1300 1
309 1735 1
1868 2283 1
1655 1519 1
403 433 1
876 1531 1
1047 2248 1
1392 378 1
276 1888 1
1135 102 1
512 2303 1
130 178 1
2265 122 1
1124 2049 1
772 1189 1
320 1905 1
167 96 1
833 279 1
2078 2268 1
550 1912 1
384 995 1
1866 2323 1
1415 52 1
1150 785 1
1269 113 1
2237 640 1
1280 1898 1
998 1851 1
1133 27 1
2048 1947 1
452 2158 1
1499 969 1
322 534 1
1731 1894 1
2089 2288 1
1573 1671 1
636 851 1
1576 1745 1
1185 1903 1
158 1570 1
709 228 1
3 972 1
1833 1840 1
2251 2302 1
1225 1813 1
205 1190 1
921 2124 1
1110 493 1
616 2256 1
1145 1254 1
1593 154 1
1056 15 1
223 620 1
553 1466 1
1400 1350 1
1199 112 1
2053 811 1
260 809 1
997 2298 1
1165 243 1
835 1470 1
2132 879 1
2325 1996 1
1252 38 1
1092 2142 1
2004 1392 1
1793 2160 1
1099 2194 1
1143 1116 1
2057 647 1
227 2041 1
123 1101 1
1017 138 1
1411 1574 1
1306 160 1
477 1596 1
1409 9 1
1997 1115 1
548 97 1
1852 907 1
228 1750 1
202 692 1
15 1299 1
1127 288 1
2236 1955 1
978 493 1
2102 1394 1
2126 447 1
1024 290 1
1082 405 1
1782 192 1
1368 412 1
167 302 1
1018 1381 1
725 2305 1
1394 889 1
122 793 1
29 804 1
265 1922 1
83 338 1
2223 1525 1
1747 1304 1
1842 648 1
691 751 1
1040 1531 1
847 917 1
2026 1090 1
1334 724 1
1371 243 1
2272 1194 1
1135 211 1
80 2090 1
862 28 1
757 511 1
2136 2263 1
1890 2242 1
2001 1817 1
502 1661 1
30 1327 1
950 1501 1
885 2281 1
344 1283 1
2297 1422 1
1126 111 1
1890 1524 1
1079 5 1
82 1214 1
322 1229 1
802 608 1
2274 591 1
2083 2104 1
5 519 1
984 1436 1
838 254 1
949 738 1
1206 2080 1
611 908 1
1937 117 1
2127 1917 1
544 1626 1
2142 1557 1
1459 1890 1
524 237 1
1591 643 1
606 1342 1
355 2313 1
1320 1807 1
27 1595 1
201 1834 1
1220 190 1
59 869 1
248 783 1
823 1925 1
2341 1557 1
1405 1820 1
1072 721 1
2267 1994 1
132 468 1
2173 452 1
1162 1723 1
1418 217 1
1485 236 1
1347 1202 1
688 1513 1
1862 392 1
2014 108 1
1564 1006 1
580 2130 1
101 400 1
5 1832 1
1249 453 1
488 107 1
2298 998 1
862 1326 1
1228 1188 1
752 70 1
1505 1059 1
1209 2208 1
1823 953 1
689 308 1
673 68 1
655 576 1
2055 1380 1
1352 924 1
1569 1800 1
1190 2253 1
1334 1540 1
1082 983 1
1016 1076 1
1096 1152 1
1568 696 1
1614 770 1
1123 134 1
753 334 1
1045 1596 1
151 2295 1
1448 230 1
804 834 1
1543 1638 1
1955 1593 1
768 933 1
1179 111 1
280 1624 1
1771 975 1
45 1247 1
1244 541 1
496 1223 1
2142 32 1
301 1653 1
2196 113 1
1429 1628 1
784 1360 1
1412 326 1
1470 51 1
1688 197 1
2005 1726 1
1998 817 1
2062 2294 1
1298 2337 1
1429 595 1
119 1082 1
975 840 1
1022 313 1
691 1846 1
929 257 1
855 400 1
478 62 1
1546 582 1
2351 1325 1
1677 966 1
450 497 1
555 33 1
16 677 1
929 314 1
543 1945 1
1692 1438 1
678 352 1
377 1797 1
1692 336 1
1146 549 1
1041 1241 1
728 2159 1
792 2126 1
1395 2017 1
2309 1981 1
471 886 1
1529 2152 1
1982 2022 1
1392 636 1
218 46 1
23 507 1
1219 2315 1
1190 1466 1
9 1559 1
2270 2358 1
555 1718 1
323 1045 1
702 2001 1
2053 368 1
190 1646 1
823 777 1
1119 2129 1
1145 2359 1
72 2108 1
1522 2125 1
2239 55 1
229 1343 1
1185 963 1
361 547 1
1005 1895 1
1009 577 1
25 969 1
114 1725 1
1387 950 1
741 326 1
314 1387 1
1976 1936 1
2027 473 1
1993 1639 1
1621 1689 1
2219 1526 1
975 2241 1
2058 654 1
363 715 1
666 1471 1
1433 50 1
1194 1365 1
923 2148 1
1311 479 1
463 2233 1
857 2086 1
803 907 1
2250 507 1
1072 849 1
981 613 1
1401 23 1
1771 593 1
1085 718 1
2152 1949 1
1740 907 1
1388 686 1
1117 1131 1
1809 1356 1
2032 1183 1
1593 116 1
1365 356 1
2288 628 1
2149 1141 1
1818 1978 1
1135 780 1
1170 227 1
2157 2025 1
214 714 1
754 643 1
579 1094 1
1903 410 1
1189 714 1
60 2324 1
1630 1341 1
1013 26 1
2151 652 1
463 2131 1
1110 624 1
263 2321 1
1720 1309 1
129 1831 1
1581 902 1
1742 375 1
1769 388 1
1078 1596 1
144 1789 1
239 2190 1
1224 392 1
1947 84 1
344 1932 1
1808 1328 1
25 956 1
1112 1984 1
451 1418 1
1030 2184 1
2118 10 1
1859 164 1
1681 944 1
797 1670 1
2235 328 1
1577 1181 1
28 1389 1
1509 1544 1
2237 1330 1
34 323 1
806 1120 1
338 1984 1
1818 76 1
401 1039 1
189 662 1
268 429 1
1038 1847 1
1781 1095 1
1252 1338 1
1080 2325 1
2233 872 1
937 1825 1
161 1020 1
600 12 1
2300 1147 1
1104 1413 1
2246 1606 1
509 137 1
674 1653 1
291 1728 1
1312 576 1
1071 1844 1
905 1085 1
929 1761 1
643 1763 1
720 1394 1
827 2113 1
1765 1361 1
1272 837 1
2199 326 1
1639 2023 1
68 523 1
127 757 1
1813 2025 1
448 1153 1
1149 1913 1
1824 1870 1
599 159 1
1224 1303 1
1769 1331 1
1182 302 1
53 1253 1
846 38 1
730 2130 1
2079 403 1
1155 2300 1
219 2279 1
578 717 1
1640 1849 1
953 2288 1
1791 1118 1
1884 1246 1
2249 2298 1
69 1846 1
2173 1168 1
2287 1398 1
1325 1356 1
1714 1321 1
1378 1375 1
855 1868 1
2158 1551 1
5 1398 1
225 2118 1
2094 686 1
961 2150 1
814 877 1
989 705 1
1946 2133 1
92 1541 1
1879 1177 1
955 2323 1
612 1206 1
460 687 1
15 285 1
132 1549 1
836 1830 1
1539 2108 1
2307 586 1
81 1784 1
50 1632 1
1154 373 1
2169 1248 1
1169 611 1
1880 456 1
1993 53 1
622 2194 1
833 1745 1
820 1654 1
2298 480 1
829 582 1
1649 1720 1
189 1702 1
1346 1469 1
732 1156 1
1510 2176 1
2326 355 1
1998 2176 1
892 1966 1
64 1964 1
1792 1180 1
383 142 1
1285 749 1
1314 1564 1
966 1785 1
2162 1376 1
1473 1728 1
950 1357 1
185 690 1
370 174 1
2241 1023 1
1996 1833 1
427 1200 1
1120 2357 1
1907 383 1
1282 1401 1
1740 405 1
1139 754 1
2050 772 1
608 1345 1
1260 1057 1
1441 146 1
883 1569 1
213 2134 1
2216 1428 1
107 2352 1
2082 319 1
2053 1565 1
2050 1023 1
952 633 1
812 1751 1
1336 1534 1
1467 39 1
254 792 1
1639 230 1
1341 2205 1
2286 2133 1
756 337 1
1417 1322 1
2135 413 1
1581 1052 1
1116 2297 1
251 453 1
1506 2300 1
626 912 1
108 385 1
1601 1191 1
46 1020 1
1213 1104 1
1732 52 1
366 632 1
667 2356 1
502 1760 1
480 1992 1
383 986 1
680 811 1
1503 1101 1
2195 430 1
1186 366 1
604 1149 1
2240 1043 1
210 1050 1
222 119 1
1832 197 1
1395 1525 1
1914 2177 1
241 1981 1
2154 1699 1
339 1440 1
1237 1450 1
1933 1225 1
1336 629 1
135 1443 1
2064 1004 1
1122 857 1
2247 1330 1
1202 1943 1
319 798 1
1671 1904 1
1860 451 1
190 1333 1
1913 2055 1
1922 1364 1
1324 121 1
75 1362 1
2363 896 1
1296 703 1
700 1474 1
386 532 1
1098 2356 1
698 1920 1
1451 1468 1
2024 1371 1
2246 1150 1
1911 1183 1
1019 504 1
1838 414 1
919 959 1
1290 2063 1
171 1016 1
2162 2259 1
1463 916 1
299 1280 1
1933 1658 1
163 1065 1
1982 1409 1
1702 1867 1
397 1042 1
440 1733 1
287 1616 1
2027 1417 1
129 884 1
690 1339 1
1386 429 1
1258 713 1
1585 1599 1
1842 2236 1
1822 671 1
279 1327 1
988 1878 1
543 196 1
986 1239 1
23 1516 1
313 326 1
1659 969 1
568 1082 1
855 1100 1
451 339 1
1307 637 1
2150 311 1
177 510 1
2006 1544 1
1795 1749 1
159 434 1
824 483 1
637 139 1
236 2090 1
1124 1099 1
433 1709 1
1789 2229 1
1818 126 1
1374 2096 1
451 567 1
957 438 1
1656 1526 1
2281 767 1
2250 1240 1
1788 749 1
556 1916 1
1846 478 1
361 591 1
332 1499 1
2206 1127 1
817 1003 1
1077 624 1
1255 1361 1
900 387 1
147 1721 1
460 997 1
223 888 1
358 1453 1
434 2338 1
1507 504 1
1948 1709 1
562 122 1
288 1188 1
2299 591 1
537 728 1
865 193 1
1756 453 1
2195 1244 1
2317 1353 1
1942 543 1
1043 152 1
814 165 1
311 840 1
2105 550 1
1897 1674 1
362 689 1
66 566 1
633 1028 1
492 406 1
2226 491 1
404 836 1
540 439 1
1453 1491 1
2002 1162 1
740 1227 1
732 1192 1
364 58 1
2110 2294 1
1982 340 1
142 382 1
1085 2006 1
1977 932 1
1992 952 1
2033 2147 1
658 678 1
1807 215 1
551 1178 1
1804 307 1
1186 2354 1
1274 1424 1
123 266 1
940 313 1
210 87 1
1508 1937 1
556 354 1
722 128 1
1666 1530 1
1727 797 1
279 1745 1
1484 105 1
573 641 1
1012 148 1
1563 989 1
2249 705 1
1760 1281 1
919 551 1
2172 1928 1
136 431 1
2177 722 1
1957 1837 1
1755 445 1
1691 1513 1
334 417 1
688 1977 1
724 1341 1
1130 120 1
1846 873 1
1482 755 1
1328 1971 1
2226 667 1
2238 1828 1
56 1192 1
603 563 1
2237 1313 1
990 1127 1
1029 1621 1
405 2078 1
541 906 1
503 1031 1
441 1530 1
1589 1193 1
2147 2240 1
1517 1335 1
2284 1938 1
1324 1085 1
660 1738 1
1766 72 1
401 144 1
1820 1512 1
964 945 1
1632 369 1
500 1523 1
2303 1440 1
1855 1190 1
2021 1781 1
254 2341 1
123 2043 1
1141 873 1
1069 1254 1
2066 2193 1
907 1323 1
2002 1119 1
1341 2170 1
951 2316 1
1654 1855 1
2161 656 1
399 781 1
2003 1150 1
824 1106 1
2060 332 1
886 2166 1
1037 2352 1
1521 843 1
2294 1732 1
2033 705 1
2293 220 1
1209 1197 1
1418 303 1
366 115 1
131 1293 1
2266 2263 1
2050 1408 1
1424 1524 1
393 2156 1
1165 472 1
30 904 1
560 1041 1
484 1970 1
83 1235 1
1696 851 1
1086 2068 1
1360 265 1
1657 882 1
481 608 1
1995 135 1
2177 265 1
106 1215 1
2093 1053 1
1415 1618 1
1184 1806 1
616 1342 1
1302 1614 1
1086 1624 1
1982 1885 1
1497 1907 1
1339 1921 1
1642 194 1
2254 92 1
705 2213 1
1523 1895 1
808 873 1
1308 658 1
1558 524 1
900 78 1
1486 1463 1
308 1165 1
1663 1031 1
1733 1354 1
1212 1692 1
1256 1613 1
1572 824 1
2252 1587 1
2195 417 1
2255 247 1
2024 1542 1
842 1681 1
2064 1835 1
1061 569 1
1766 2295 1
897 333 1
2091 1852 1
1311 970 1
1959 385 1
2235 341 1
1834 1535 1
232 675 1
1128 2097 1
2001 895 1
2092 712 1
1987 1560 1
1500 104 1
264 1608 1
1676 2356 1
1193 992 1
490 2082 1
1261 1134 1
432 1897 1
484 2324 1
337 166 1
734 533 1
43 2275 1
2205 391 1
2124 328 1
1165 2186 1
284 421 1
2327 941 1
758 300 1
1616 1870 1
1108 646 1
1466 92 1
827 1183 1
901 1335 1
2279 1328 1
671 915 1
668 1428 1
1911 1736 1
1887 1929 1
396 2140 1
1270 2047 1
0 1431 1
1261 1257 1
806 1314 1
1459 2206 1
516 137 1
1424 2189 1
1729 1458 1
1608 1180 1
356 1917 1
785 1517 1
2235 890 1
103 613 1
1227 2325 1
1477 1867 1
1258 2224 1
1766 1888 1
334 2015 1
777 1698 1
2017 461 1
614 1246 1
1202 1572 1
2021 1158 1
1848 1355 1
449 729 1
875 2013 1
2212 1506 1
1358 1972 1
2312 960 1
1685 580 1
2011 1562 1
592 1289 1
1830 2036 1
124 1148 1
1258 1142 1
1208 80 1
1660 169 1
1461 1539 1
1357 493 1
368 226 1
2161 1467 1
629 2086 1
1070 2166 1
480 24 1
788 1732 1
683 1932 1
525 935 1
1084 688 1
999 1566 1
294 864 1
1271 1821 1
1795 437 1
703 1209 1
538 2102 1
1652 1488 1
1092 1375 1
1447 2265 1
1535 1578 1
775 2180 1
1861 65 1
1500 1349 1
1633 1131 1
1417 77 1
349 565 1
860 1461 1
1813 465 1
621 1022 1
774 176 1
555 1439 1
2323 1344 1
1732 755 1
726 1626 1
1163 975 1
1812 2052 1
1463 1246 1
1083 42 1
2039 528 1
638 2231 1
637 2126 1
291 75 1
1108 1152 1
1388 1669 1
985 917 1
10 1700 1
1705 1756 1
314 2292 1
149 2249 1
853 2232 1
1935 414 1
1221 2231 1
1195 423 1
368 871 1
1895 2135 1
1530 933 1
2354 118 1
345 178 1
1978 2064 1
1853 949 1
272 1935 1
1836 133 1
553 1206 1
584 1503 1
1257 346 1
2355 273 1
642 525 1
1001 193 1
232 1455 1
33 1019 1
539 1695 1
152 1555 1
2069 738 1
561 437 1
1329 1863 1
1272 1777 1
1940 471 1
2065 721 1
1140 2287 1
1317 368 1
2218 187 1
1543 1725 1
1119 1998 1
2017 779 1
351 2278 1
1378 2050 1
1033 859 1
2259 2143 1
460 165 1
506 132 1
1503 197 1
280 651 1
415 1846 1
295 2204 1
247 2291 1
1719 48 1
838 284 1
2265 1135 1
274 903 1
1027 2027 1
1503 1721 1
319 2216 1
1058 935 1
1746 756 1
1545 2048 1
788 1559 1
421 1405 1
79 2032 1
1185 1821 1
1572 562 1
658 749 1
982 1630 1
515 1753 1
114 1990 1
414 526 1
456 2236 1
1375 1616 1
2359 1257 1
1599 919 1
1549 2189 1
1795 1602 1
2011 858 1
1584 17 1
1978 762 1
1881 1937 1
549 818 1
2061 1504 1
1627 1038 1
1843 1622 1
1121 4 1
1796 1965 1
128 834 1
907 61 1
2017 502 1
1442 788 1
636 1911 1
1465 1804 1
508 1241 1
1741 1462 1
2339 1130 1
1962 1549 1
1281 567 1
1201 1876 1
1594 835 1
2325 2258 1
2091 84 1
418 937 1
850 62 1
413 917 1
230 127 1
1572 793 1
2211 1488 1
1089 479 1
1606 20 1
830 1706 1
1843 855 1
1723 2269 1
1521 1855 1
1054 1101 1
1925 386 1
37 539 1
2281 2153 1
601 673 1
2355 2199 1
656 231 1
1107 617 1
1126 174 1
2126 789 1
525 898 1
694 228 1
1521 1040 1
1572 55 1
504 930 1
1605 196 1
567 2216 1
4 1085 1
1591 1877 1
979 1579 1
1264 1000 1
1410 661 1
1922 573 1
1872 105 1
1765 2269 1
1412 957 1
2071 1787 1
2104 130 1
1853 940 1
1721 633 1
1966 764 1
457 2201 1
876 1833 1
590 1530 1
166 1844 1
1605 1012 1
141 1737 1
2133 1640 1
1113 545 1
241 1048 1
1610 1318 1
1370 1756 1
50 1612 1
875 687 1
842 1384 1
2327 1078 1
1185 299 1
587 164 1
1154 2001 1
921 732 1
1750 1273 1
977 936 1
1421 1443 1
2044 252 1
837 2066 1
2343 35 1
1951 1705 1
6 776 1
2130 1361 1
90 2045 1
268 772 1
1473 670 1
388 639 1
51 1710 1
520 892 1
1574 417 1
439 495 1
760 1389 1
1629 2298 1
726 990 1
912 1661 1
1959 2025 1
2177 2053 1
790 89 1
1630 18 1
1313 2296 1
1858 134 1
2130 183 1
1515 1213 1
1283 493 1
775 2296 1
147 2225 1
294 1167 1
1147 1435 1
2000 292 1
529 369 1
639 1928 1
474 1687 1
1495 1671 1
2334 616 1
2156 461 1
1663 1050 1
244 1128 1
329 898 1
201 1836 1
1705 247 1
980 2264 1
1549 240 1
1114 1169 1
829 1969 1
1609 663 1
2357 2157 1
1553 1388 1
2256 594 1
617 1362 1
455 1612 1
1401 827 1
129 537 1
46 2042 1
2317 2103 1
1998 1130 1
1230 1930 1
628 885 1
525 803 1
821 1213 1
844 1601 1
877 1987 1
1829 800 1
663 2220 1
1406 936 1
1896 380 1
2051 1124 1
587 358 1
1625 465 1
2183 1566 1
300 1433 1
1279 1300 1
1476 1472 1
433 1228 1
1287 305 1
1939 1101 1
696 1072 1
1160 328 1
2208 741 1
1435 1378 1
811 324 1
1890 768 1
396 1838 1
1626 626 1
801 820 1
1754 572 1
1148 174 1
74 1592 1
833 235 1
2210 2215 1
966 1291 1
681 446 1
1464 702 1
313 2048 1
237 85 1
664 961 1
2351 1376 1
1771 660 1
2151 1777 1
311 759 1
1138 1173 1
1106 259 1
948 69 1
923 429 1
567 1409 1
253 2335 1
1369 1590 1
2343 634 1
699 11 1
2113 1895 1
2224 110 1
301 904 1
328 988 1
2268 186 1
65 1713 1
2078 2097 1
1832 1001 1
835 2210 1
78 207 1
1321 2352 1
146 1358 1
490 514 1
350 1201 1
1060 2024 1
655 1514 1
2037 168 1
673 305 1
41 1768 1
162 1050 1
1073 1154 1
258 1855 1
829 1618 1
495 682 1
363 668 1
429 1131 1
783 2240 1
1405 2346 1
70 709 1
2007 2291 1
1013 1821 1
1768 41 1
195 189 1
466 352 1
1446 1478 1
1581 1821 1
650 607 1
49 1938 1
1501 1775 1
1786 798 1
1414 1861 1
667 1651 1
976 1654 1
546 507 1
331 1715 1
1794 1036 1
916 514 1
1878 1915 1
38 2286 1
8 1811 1
1238 1619 1
589 1311 1
2027 2334 1
12 1524 1
609 528 1
1606 1808 1
1817 712 1
361 244 1
1859 62 1
545 532 1
791 919 1
556 2341 1
1057 734 1
1325 1389 1
363 1676 1
1039 205 1
2098 2193 1
439 1258 1
971 1293 1
34 1514 1
2207 460 1
596 832 1
517 322 1
1274 407 1
317 1610 1
1295 350 1
510 2007 1
1493 1086 1
1308 817 1
571 1565 1
743 2330 1
1294 1867 1
1335 679 1
1662 365 1
40 2267 1
1813 1590 1
148 642 1
588 556 1
1069 1022 1
835 809 1
2005 2247 1
1284 2203 1
1188 87 1
2167 926 1
1971 1234 1
323 176 1
164 1630 1
232 826 1
865 1983 1
1107 647 1
646 924 1
2061 1592 1
1956 2005 1
1604 859 1
1709 1811 1
1496 1944 1
1119 579 1
1935 504 1
1746 2091 1
1611 771 1
695 1519 1
1104 2321 1
1589 2302 1
1323 978 1
2197 1110 1
646 301 1
902 1528 1
731 83 1
1352 218 1
786 1049 1
1780 974 1
2134 213 1
962 282 1
683 1390 1
681 909 1
343 2333 1
1893 1510 1
436 1148 1
1734 700 1
2302 421 1
2251 1875 1
750 610 1
1668 1114 1
1078 2153 1
163 636 1
1801 1011 1
1599 1707 1
281 2262 1
439 2005 1
1788 1207 1
389 580 1
771 1318 1
2157 1361 1
1851 1477 1
1066 480 1
1018 1820 1
1142 158 1
2311 2073 1
806 1744 1
2237 132 1
1728 1010 1
1235 531 1
2127 420 1
2021 1809 1
666 456 1
956 1623 1
1952 703 1
277 827 1
1795 201 1
1997 1829 1
1436 1073 1
1766 1628 1
166 600 1
1984 769 1
113 2328 1
1931 1010 1
1177 374 1
1415 1777 1
621 408 1
925 1250 1
1209 94 1
576 1437 1
2113 77 1
1296 2119 1
2087 1713 1
600 1133 1
2172 1210 1
618 1483 1
1465 2360 1
515 333 1
1854 1739 1
1299 1434 1
1559 387 1
2250 2202 1
31 1277 1
246 928 1
498 875 1
1453 1066 1
703 2257 1
2217 483 1
145 1854 1
2136 1989 1
158 1956 1
2267 189 1
1802 24 1
1481 951 1
1989 315 1
734 334 1
1018 1189 1
1813 389 1
162 1676 1
789 490 1
1939 1762 1
197 1629 1
387 1974 1
1622 483 1
1564 970 1
822 253 1
1708 493 1
668 1992 1
1026 2262 1
1824 1042 1
2272 1364 1
582 1721 1
1149 373 1
2072 910 1
2202 655 1
392 782 1
1004 1724 1
1136 1730 1
1686 2298 1
177 1315 1
554 1056 1
96 2228 1
1289 1801 1
1470 1220 1
931 492 1
45 1894 1
1983 56 1
1795 558 1
2234 2196 1
342 1755 1
313 724 1
705 1757 1
1309 276 1
296 1075 1
2180 121 1
233 210 1
1658 324 1
655 861 1
562 449 1
1739 992 1
645 763 1
587 775 1
1671 609 1
1869 542 1
373 2039 1
2320 1129 1
1979 1632 1
1686 1238 1
89 701 1
1675 1384 1
1470 45 1
821 1829 1
2232 315 1
504 1529 1
2179 2118 1
1487 1722 1
971 2284 1
1915 808 1
2070 973 1
739 2218 1
995 1864 1
104 95 1
1633 2277 1
776 337 1
2016 453 1
1447 340 1
2067 1382 1
1910 211 1
1398 756 1
2213 1593 1
38 2256 1
2244 1421 1
1953 2085 1
2041 60 1
1265 2112 1
107 2137 1
238 1910 1
322 1027 1
1214 528 1
1069 1487 1
1737 979 1
2260 1516 1
1869 543 1
134 1768 1
2075 2191 1
2349 1799 1
733 2244 1
429 310 1
382 1002 1
1214 2169 1
1772 2134 1
2175 144 1
276 433 1
1818 1788 1
599 955 1
1344 1313 1
51 2313 1
943 2239 1
1996 1695 1
946 1734 1
307 1932 1
2164 2181 1
1926 1871 1
828 1296 1
292 189 1
1995 932 1
1884 564 1
275 1808 1
557 1834 1
1973 1161 1
2195 368 1
2168 2023 1
60 1873 1
1200 778 1
1930 1201 1
1107 753 1
1162 1966 1
2120 1509 1
766 219 1
192 2130 1
699 377 1
1565 2352 1
1371 1109 1
508 908 1
284 1727 1
2119 1597 1
330 546 1
411 15 1
777 986 1
1424 1717 1
1168 1060 1
13 519 1
1392 1640 1
1056 1572 1
1994 274 1
2252 526 1
260 752 1
800 1694 1
1344 1151 1
999 1785 1
748 2202 1
112 1186 1
704 537 1
1168 1445 1
107 1747 1
216 1674 1
385 520 1
893 343 1
684 837 1
588 436 1
1409 861 1
1392 1376 1
1651 451 1
1447 688 1
707 1630 1
1911 27 1
249 284 1
961 837 1
681 1314 1
1022 1816 1
897 332 1
1100 2300 1
1305 352 1
2329 257 1
1574 1602 1
1432 1195 1
377 804 1
1050 578 1
1192 1261 1
1250 414 1
1303 2185 1
1750 1788 1
1273 469 1
2279 1976 1
623 791 1
1970 354 1
1652 1920 1
803 946 1
353 43 1
1014 1892 1
770 1026 1
2186 1024 1
122 1372 1
886 1072 1
1911 1286 1
1108 986 1
1186 2087 1
1652 2085 1
2275 1527 1
1390 971 1
282 1051 1
1275 1833 1
646 833 1
1104 345 1
2288 436 1
1405 1025 1
2145 1969 1
2058 1343 1
1705 986 1
2335 1607 1
183 557 1
316 2029 1
1270 427 1
761 954 1
2029 507 1
1939 946 1
1007 1311 1
695 1842 1
2215 1783 1
1267 2228 1
952 582 1
1810 1991 1
172 1688 1
817 201 1
762 1731 1
1233 818 1
686 1065 1
1767 1657 1
686 2189 1
1747 1365 1
608 2228 1
524 63 1
1429 293 1
2156 2159 1
2137 488 1
2132 845 1
754 2239 1
1733 1618 1
785 2360 1
1951 1497 1
769 2174 1
1236 672 1
2328 2174 1
1148 522 1
1984 440 1
2091 1850 1
1492 1015 1
2188 1496 1
17 230 1
760 1523 1
1419 1262 1
867 863 1
1463 1764 1
1284 1353 1
522 2196 1
2309 257 1
128 2136 1
1731 1053 1
1217 1270 1
2094 1325 1
748 1630 1
2309 2133 1
1800 1299 1
890 973 1
215 316 1
1900 2169 1
304 1825 1
572 555 1
2288 1842 1
1468 1400 1
80 1568 1
392 408 1
2322 467 1
1806 512 1
790 1492 1
1933 351 1
465 2263 1
66 1792 1
1429 2331 1
2228 1604 1
458 1279 1
2271 1938 1
2065 1939 1
953 1684 1
769 535 1
1018 373 1
1731 2010 1
178 232 1
1513 1320 1
1237 1939 1
318 1507 1
1479 2052 1
1774 1571 1
128 1215 1
1570 1480 1
845 326 1
2008 2073 1
566 254 1
842 2012 1
1901 448 1
1406 103 1
930 1993 1
1099 1786 1
967 350 1
437 2093 1
474 1150 1
920 1876 1
1164 1489 1
2228 1561 1
2151 733 1
523 1297 1
1794 675 1
812 750 1
2335 207 1
1443 1258 1
1465 166 1
1462 746 1
842 1294 1
2219 905 1
1006 558 1
1134 362 1
14 422 1
1489 1475 1
1046 805 1
1736 1117 1
1164 1460 1
2242 1485 1
695 1472 1
1738 426 1
143 2310 1
260 2209 1
2039 2213 1
1561 2226 1
186 13 1
1844 1663 1
652 1862 1
2156 1126 1
1450 1340 1
1793 525 1
1877 382 1
1554 1527 1
1644 19 1
1128 683 1
167 2095 1
842 1528 1
1630 1155 1
922 1237 1
750 247 1
391 940 1
1435 1498 1
1600 1712 1
1713 2329 1
1163 1730 1
68 1040 1
2005 782 1
1713 1776 1
851 2098 1
776 2008 1
785 2307 1
72 1552 1
956 302 1
1052 2249 1
1372 1775 1
1652 2 1
625 2158 1
917 2142 1
980 2015 1
211 1559 1
1073 145 1
678 781 1
661 416 1
554 863 1
240 243 1
1700 1247 1
924 538 1
422 652 1
1512 1759 1
1313 795 1
1785 1143 1
371 1115 1
193 435 1
1095 1862 1
1659 748 1
1955 2220 1
1970 1337 1
2315 470 1
1761 432 1
2331 907 1
1394 510 1
528 460 1
541 1346 1
723 819 1
274 463 1
307 2309 1
1486 109 1
1021 1381 1
1294 802 1
1435 31 1
2063 858 1
2043 1238 1
418 2325 1
1466 1354 1
745 2038 1
1291 620 1
414 245 1
1982 36 1
1890 1828 1
241 1025 1
2014 399 1
602 833 1
1189 540 1
2155 830 1
557 1747 1
1554 631 1
1240 2252 1
1113 2107 1
1360 589 1
499 1627 1
1836 541 1
2322 124 1
1393 671 1
754 1763 1
1562 413 1
2097 58 1
839 470 1
1261 1738 1
2003 1896 1
1449 2146 1
1651 2316 1
1560 841 1
89 882 1
1302 849 1
2021 1503 1
1980 1056 1
590 1430 1
920 685 1
1893 1914 1
696 67 1
805 1906 1
2291 1743 1
605 611 1
1745 412 1
1306 1514 1
1540 284 1
1499 930 1
825 562 1
196 1358 1
590 1261 1
261 701 1
383 1706 1
1704 613 1
622 1289 1
1255 1107 1
2313 2330 1
170 1341 1
189 2038 1
1312 1464 1
1226 1850 1
1208 1441 1
372 1697 1
1056 217 1
785 1222 1
1010 1989 1
2080 281 1
34 2182 1
1908 680 1
1620 441 1
1477 1499 1
1431 1448 1
310 487 1
1721 918 1
137 1799 1
992 1013 1
506 1282 1
274 1780 1
719 983 1
383 1113 1
886 1971 1
1826 1614 1
2299 2296 1
396 1148 1
1101 935 1
247 830 1
416 2242 1
1945 943 1
748 170 1
475 578 1
2232 1348 1
935 2004 1
1559 2046 1
408 149 1
947 350 1
1719 1866 1
1852 1984 1
1754 908 1
2157 694 1
2100 1949 1
2282 1291 1
886 2243 1
789 706 1
1044 209 1
1775 204 1
1038 2132 1
542 1400 1
1159 746 1
2245 1555 1
972 1123 1
1450 2316 1
651 347 1
1382 1894 1
2142 1716 1
285 2298 1
2155 1113 1
755 300 1
1893 2191 1
548 109 1
1401 1197 1
1451 321 1
990 1675 1
99 2181 1
1544 942 1
1478 978 1
767 1032 1
1970 1392 1
1443 1011 1
2291 208 1
1254 1946 1
476 419 1
627 970 1
2029 808 1
198 1417 1
1325 2298 1
807 312 1
1504 2238 1
788 1580 1
19 43 1
1628 595 1
1471 1106 1
105 239 1
2027 483 1
458 1568 1
728 316 1
1457 1972 1
1707 466 1
527 2085 1
871 1836 1
2292 1615 1
1369 1797 1
918 1354 1
378 2154 1
1001 1832 1
1695 426 1
206 907 1
1873 2062 1
794 1137 1
253 1823 1
323 1481 1
331 1930 1
1814 1505 1
1745 720 1
445 156 1
242 2351 1
223 353 1
523 96 1
1931 2209 1
2171 1166 1
61 89 1
1832 581 1
479 906 1
2079 1704 1
1966 2085 1
503 411 1
1746 656 1
2211 1527 1
1649 1237 1
1909 1073 1
959 888 1
1873 2040 1
1267 1491 1
374 83 1
533 51 1
1092 1939 1
1934 404 1
138 771 1
736 375 1
1399 2018 1
1538 614 1
297 1089 1
1902 738 1
1342 945 1
853 389 1
1346 1638 1
708 2162 1
1831 958 1
126 1470 1
1672 2022 1
2228 37 1
1794 1526 1
1881 1517 1
100 889 1
1122 1096 1
1151 2204 1
944 2236 1
1530 849 1
66 1099 1
1075 1160 1
1132 2026 1
1749 1469 1
2123 1437 1
653 857 1
1279 4 1
2097 1157 1
906 352 1
477 1734 1
223 730 1
133 2179 1
1007 419 1
2054 649 1
1352 88 1
1674 628 1
1088 1188 1
303 2289 1
1005 1001 1
1512 1542 1
1454 1288 1
1776 1542 1
2052 1729 1
440 829 1
115 150 1
1236 1498 1
115 933 1
1165 1768 1
2119 129 1
1339 1711 1
2290 1748 1
744 2069 1
2320 1675 1
38 865 1
70 1003 1
1056 2345 1
1705 1706 1
1148 199 1
790 1881 1
1669 112 1
817 479 1
1804 1270 1
1041 1883 1
209 279 1
155 1410 1
154 1841 1
143 2272 1
943 2133 1
778 1016 1
1388 2203 1
1127 1851 1
1019 876 1
1902 255 1
1269 786 1
581 257 1
2143 506 1
242 2044 1
2193 144 1
1369 784 1
124 1935 1
1511 2189 1
2036 1992 1
403 1345 1
2034 1252 1
1635 323 1
1377 347 1
431 2137 1
2136 2200 1
1950 923 1
1301 627 1
1790 405 1
113 624 1
1585 1650 1
92 882 1
152 1692 1
999 114 1
202 5 1
1953 470 1
346 1453 1
893 401 1
1316 1883 1
1716 134 1
2000 2212 1
1920 19 1
1677 16 1
1925 602 1
2004 825 1
2316 901 1
2195 891 1
708 285 1
2069 948 1
2261 927 1
1850 2260 1
1146 1948 1
1886 1231 1
1690 1824 1
1747 29 1
1744 488 1
2086 1745 1
1052 2242 1
2122 1937 1
76 513 1
2025 853 1
1355 1091 1
1609 2277 1
57 1077 1
763 2142 1
1667 628 1
2063 895 1
2294 2223 1
608 1377 1
1438 2168 1
1898 1624 1
410 1493 1
2313 1572 1
2328 435 1
1179 829 1
1383 2359 1
914 1189 1
633 1668 1
1621 935 1
1883 1950 1
1840 1965 1
450 993 1
2361 770 1
1274 2158 1
23 842 1
42 2096 1
235 2052 1
2040 1559 1
282 512 1
1438 2101 1
1926 2284 1
2344 481 1
1858 300 1
1220 1818 1
1031 1670 1
1911 130 1
1277 473 1
525 268 1
2145 1948 1
2248 2121 1
1688 2076 1
480 404 1
1343 1745 1
860 1405 1
1828 2132 1
312 97 1
2140 1300 1
125 22 1
885 199 1
288 1690 1
1425 961 1
2327 1274 1
2361 264 1
2211 1834 1
2018 41 1
224 536 1
1045 875 1
1192 1605 1
1116 1747 1
1548 553 1
2127 623 1
2304 876 1
675 637 1
209 2042 1
670 1953 1
1358 1329 1
1914 1647 1
1030 710 1
2313 1095 1
339 83 1
2172 1627 1
1188 1884 1
2175 2037 1
1085 15 1
793 1891 1
12 32 1
1654 1850 1
710 1588 1
2199 1974 1
1316 1077 1
73 1377 1
784 183 1
209 1591 1
708 785 1
756 287 1
1454 793 1
310 1854 1
693 327 1
428 11 1
1649 1047 1
1986 467 1
1539 283 1
328 1822 1
2180 1593 1
272 1688 1
267 1351 1
562 984 1
680 420 1
684 1056 1
192 1554 1
928 905 1
386 1096 1
619 1032 1
2176 1207 1
1005 2162 1
2204 321 1
1249 1352 1
2284 572 1
1130 1648 1
205 1746 1
1801 693 1
2054 1815 1
401 899 1
1520 489 1
708 66 1
1423 1047 1
1877 1772 1
50 1910 1
63 1746 1
2263 107 1
1847 2145 1
351 869 1
87 1796 1
879 759 1
105 1215 1
1566 722 1
1482 47 1
215 1209 1
855 837 1
522 3 1
1241 2121 1
1712 816 1
1941 361 1
141 1863 1
2174 922 1
1475 2362 1
2150 1490 1
1901 21 1
67 991 1
1310 514 1
165 1758 1
696 2119 1
2205 1928 1
629 177 1
70 1650 1
580 2315 1
2115 1296 1
1158 214 1
1567 1194 1
1812 1479 1
216 2163 1
523 1524 1
810 378 1
981 2219 1
946 546 1
1878 2099 1
1204 149 1
1073 1659 1
625 1821 1
1680 2229 1
1789 1334 1
1220 2266 1
727 1971 1
914 455 1
408 1091 1
1698 279 1
1016 1915 1
759 1459 1
2319 1131 1
91 1833 1
1542 255 1
633 1456 1
911 962 1
1929 2254 1
1226 832 1
743 1573 1
1744 2339 1
1783 133 1
2003 1944 1
426 442 1
2176 462 1
364 2356 1
1876 1900 1
1971 1838 1
1745 30 1
497 1396 1
1783 699 1
1505 1399 1
308 2319 1
326 405 1
262 1988 1
1575 1822 1
2272 2053 1
1204 701 1
2115 489 1
561 1348 1
1512 1465 1
2060 130 1
385 1093 1
1740 457 1
637 997 1
828 588 1
1245 676 1
97 691 1
1637 130 1
976 1274 1
1412 1719 1
152 1224 1
1715 1457 1
548 1891 1
2039 327 1
792 275 1
1321 2129 1
769 1463 1
848 1827 1
488 677 1
2251 366 1
1961 1167 1
913 724 1
920 37 1
1514 796 1
693 621 1
2018 1577 1
124 1324 1
90 518 1
483 1417 1
502 1753 1
451 713 1
735 2171 1
730 575 1
1587 1879 1
718 1195 1
2211 1304 1
280 408 1
2286 1419 1
1774 2266 1
85 2084 1
1500 2044 1
116 2360 1
738 1697 1
1918 2255 1
948 1500 1
1642 2002 1
398 1307 1
963 9 1
1175 256 1
1409 1155 1
1008 1651 1
2127 2191 1
110 1828 1
494 463 1
624 52 1
462 561 1
624 1397 1
1669 2235 1
888 980 1
365 53 1
1028 931 1
664 1027 1
813 1332 1
198 956 1
1661 1869 1
176 1376 1
611 1987 1
1074 1954 1
1784 246 1
502 342 1
1582 1673 1
1787 736 1
777 1458 1
662 574 1
1775 2059 1
2056 1611 1
283 1962 1
1710 1856 1
1107 1037 1
645 1684 1
815 1177 1
532 1096 1
709 811 1
1171 40 1
521 1345 1
3 648 1
1537 1481 1
1377 594 1
1506 696 1
2207 1192 1
32 158 1
2148 1482 1
965 919 1
1240 266 1
1612 818 1
145 1446 1
788 1282 1
81 398 1
587 175 1
187 2189 1
2314 213 1
4 1268 1
2024 2316 1
2223 2219 1
1612 741 1
231 1523 1
2101 58 1
1660 978 1
321 325 1
981 2311 1
1843 1487 1
606 145 1
2029 1386 1
2269 183 1
1130 1920 1
2336 1544 1
281 197 1
2185 1502 1
578 1937 1
233 1380 1
1796 1157 1
512 1016 1
1653 643 1
1961 1126 1
674 1698 1
116 2216 1
1093 1097 1
1174 451 1
2173 2174 1
1035 596 1
485 2220 1
623 834 1
1575 1302 1
1890 921 1
877 1530 1
193 718 1
1621 1798 1
1292 424 1
707 672 1
1374 868 1
1042 1679 1
1900 1241 1
1540 543 1
1078 872 1
2168 2082 1
2298 1146 1
490 1145 1
1482 708 1
1984 1892 1
1287 1337 1
671 390 1
1631 992 1
2084 1967 1
2180 514 1
1724 2297 1
896 719 1
1304 1725 1
1003 1305 1
1050 1128 1
1813 1143 1
2332 56 1
970 968 1
1647 650 1
53 655 1
2191 1311 1
2055 270 1
674 1576 1
741 1926 1
2043 2187 1
1646 1291 1
170 358 1
1057 752 1
2112 1935 1
2248 594 1
1238 1395 1
69 1776 1
1034 1268 1
1708 416 1
1963 1157 1
487 83 1
1260 126 1
2057 2221 1
2076 320 1
530 1441 1
1332 1598 1
266 153 1
1788 239 1
2208 2044 1
2007 46 1
1472 1531 1
2287 149 1
1060 682 1
1734 1351 1
120 1714 1
1467 1267 1
144 275 1
764 2010 1
700 2029 1
79 1250 1
1318 2076 1
649 334 1
293 2344 1
2320 335 1
985 844 1
516 2013 1
1486 1467 1
1194 114 1
65 2316 1
1407 600 1
1059 2347 1
255 1424 1
1904 1880 1
1008 2034 1
1207 575 1
1329 1618 1
1597 1878 1
1810 1913 1
1125 1901 1
1513 1589 1
641 834 1
375 1454 1
1746 289 1
1445 1021 1
1694 129 1
874 405 1
1033 1201 1
1836 402 1
547 358 1
708 578 1
277 364 1
1966 269 1
1312 339 1
45 2357 1
1294 1063 1
1998 871 1
893 733 1
554 770 1
1256 553 1
1126 1413 1
1718 687 1
1386 1958 1
2073 1324 1
1267 1674 1
467 540 1
686 7 1
770 1287 1
1999 2072 1
2078 697 1
2290 49 1
1779 1791 1
994 330 1
2026 895 1
677 54 1
1162 2315 1
218 1367 1
159 1970 1
1592 1701 1
530 364 1
1689 813 1
1470 1749 1
1265 2343 1
2113 1761 1
458 1028 1
763 2290 1
1067 2042 1
2080 367 1
1479 2107 1
816 1030 1
1338 1147 1
1669 2322 1
1322 1372 1
2281 2112 1
9 1645 1
589 2282 1
1071 1264 1
824 53 1
953 1112 1
203 868 1
2124 751 1
1186 1203 1
1805 1337 1
2330 2165 1
2171 443 1
644 711 1
996 93 1
1291 351 1
475 660 1
579 1120 1
1466 2069 1
84 1838 1
2258 592 1
2290 636 1
24 1699 1
999 2010 1
2262 1568 1
949 304 1
1025 460 1
1804 528 1
187 221 1
775 921 1
495 22 1
279 464 1
758 1478 1
1411 1321 1
934 392 1
653 812 1
1607 1891 1
631 1856 1
396 125 1
1917 348 1
1773 566 1
1371 1481 1
1251 1799 1
2109 363 1
2326 8 1
2289 224 1
1376 2199 1
1589 1211 1
16 469 1
1882 200 1
2259 198 1
2205 1169 1
660 2171 1
987 1258 1
2231 421 1
973 1212 1
1910 2151 1
972 1827 1
929 53 1
249 1155 1
1791 1680 1
433 1190 1
1670 1045 1
807 736 1
850 763 1
1432 393 1
1522 1852 1
2284 499 1
400 1771 1
1021 340 1
98 913 1
2153 1080 1
230 1512 1
760 1517 1
1573 2293 1
2121 1307 1
360 910 1
2192 128 1
1564 627 1
1373 630 1
669 806 1
1787 703 1
716 1193 1
1622 1794 1
1953 1857 1
2105 641 1
604 2302 1
635 824 1
1679 1228 1
2298 1807 1
1362 2278 1
1869 160 1
2049 1005 1
184 845 1
1715 1206 1
1232 849 1
1912 1857 1
1490 2328 1
878 1492 1
2354 1730 1
1619 2290 1
627 966 1
423 1577 1
1564 1646 1
243 1589 1
477 1393 1
1992 748 1
150 596 1
481 1142 1
965 2190 1
1916 2171 1
1516 1870 1
1312 2220 1
2192 1178 1
11 2275 1
77 1515 1
2122 2236 1
1973 766 1
663 1766 1
12 1883 1
1359 1227 1
909 381 1
1246 716 1
2103 358 1
2341 1634 1
1137 1927 1
791 1750 1
2052 46 1
208 545 1
1416 1395 1
1866 1051 1
1472 281 1
34 994 1
2258 1056 1
570 486 1
351 764 1
1090 137 1
1875 1701 1
1210 167 1
390 799 1
279 904 1
917 938 1
1598 86 1
1809 1179 1
869 351 1
1259 471 1
1687 962 1
1457 484 1
542 936 1
507 176 1
1376 981 1
1620 1560 1
649 2053 1
1629 468 1
801 1402 1
58 626 1
1698 1352 1
424 2141 1
2138 436 1
1742 800 1
1856 1543 1
1924 1220 1
1747 520 1
1599 201 1
2280 1193 1
1041 2308 1
139 1878 1
1676 931 1
1380 504 1
18 866 1
1159 12 1
754 1336 1
1386 2227 1
354 1904 1
90 2224 1
840 870 1
1495 2277 1
1960 1951 1
577 2101 1
1453 1395 1
1229 1906 1
1529 1545 1
1570 1717 1
1091 1031 1
1082 37 1
719 1722 1
1515 1338 1
1517 2224 1
669 1219 1
149 1546 1
2286 2120 1
416 1603 1
440 1112 1
1333 51 1
1693 400 1
1120 368 1
1000 504 1
1166 274 1
503 998 1
1340 936 1
1210 345 1
1747 1602 1
597 1986 1
1574 430 1
1774 1586 1
1508 1511 1
132 531 1
1159 212 1
811 1111 1
588 1550 1
729 829 1
1022 2330 1
2330 1741 1
2336 880 1
908 2203 1
824 2256 1
1586 781 1
760 1971 1
1373 1013 1
1431 1994 1
835 764 1
358 608 1
1834 2057 1
221 2349 1
1332 1069 1
1194 2137 1
1864 2241 1
1997 478 1
1583 2096 1
1601 1014 1
666 199 1
1615 881 1
941 2267 1
1289 1400 1
225 1765 1
757 1719 1
433 1518 1
2223 1810 1
134 1512 1
1011 684 1
1146 1110 1
134 1058 1
1998 1893 1
1276 979 1
2223 2154 1
950 1284 1
1244 1966 1
1242 1420 1
1389 1809 1
432 1753 1
1561 1954 1
279 229 1
1587 2236 1
833 177 1
2050 512 1
2276 1108 1
1871 1704 1
2140 1347 1
940 438 1
323 475 1
152 802 1
713 1041 1
549 2253 1
371 1501 1
598 1609 1
1500 49 1
1536 1031 1
799 1170 1
1650 1362 1
369 1691 1
944 528 1
1507 704 1
596 512 1
1140 501 1
2193 2141 1
160 549 1
498 397 1
1026 1384 1
368 965 1
1211 1736 1
1990 1470 1
2288 938 1
1354 841 1
1801 1145 1
1287 2207 1
2209 749 1
505 789 1
657 1432 1
836 1913 1
1655 850 1
355 1632 1
2237 1794 1
579 1578 1
1992 94 1
2236 612 1
974 1606 1
2248 856 1
1307 371 1
1215 1835 1
608 1889 1
992 222 1
307 596 1
1330 242 1
363 2103 1
1653 1705 1
1768 450 1
1686 2144 1
2126 2247 1
2342 1885 1
2215 784 1
1762 1208 1
1079 196 1
838 2116 1
316 1746 1
822 455 1
235 251 1
586 634 1
1072 2131 1
2234 2110 1
266 1038 1
851 2116 1
669 749 1
733 2037 1
695 1559 1
493 505 1
1218 2324 1
1586 297 1
1795 1308 1
760 47 1
1151 518 1
1556 1680 1
1233 481 1
1036 742 1
1870 1203 1
610 1249 1
648 1320 1
2212 193 1
140 1793 1
2014 1682 1
375 1399 1
2130 891 1
977 768 1
1626 230 1
935 331 1
1070 918 1
303 2033 1
1909 1549 1
754 383 1
1150 837 1
631 1685 1
97 1403 1
646 2291 1
1690 2294 1
1176 1864 1
1644 75 1
2041 2175 1
174 1000 1
1103 71 1
1116 1599 1
97 1985 1
2015 2137 1
199 1069 1
50 64 1
419 1931 1
165 2087 1
1279 1385 1
374 2212 1
1407 42 1
916 1852 1
1354 250 1
1529 1776 1
1342 852 1
276 2219 1
638 306 1
1183 4 1
22 1739 1
474 1792 1
357 946 1
1449 494 1
1863 2299 1
1682 1647 1
712 238 1
752 1834 1
938 637 1
1859 1085 1
1402 1666 1
2277 84 1
732 780 1
723 885 1
101 286 1
802 1217 1
86 1257 1
1779 1775 1
243 1468 1
547 1186 1
1561 164 1
1226 1895 1
2163 2059 1
874 1661 1
1055 2138 1
1227 1806 1
869 1642 1
1859 2318 1
198 1414 1
330 36 1
834 106 1
1468 1876 1
648 2117 1
1150 797 1
995 898 1
246 1687 1
489 1976 1
752 108 1
386 1239 1
1711 1050 1
267 1718 1
2289 2274 1
1985 2113 1
496 1723 1
133 1990 1
208 750 1
1616 2122 1
1308 128 1
2178 1870 1
1811 1460 1
1111 1872 1
214 1778 1
1239 1327 1
314 1342 1
1773 331 1
447 1243 1
2326 1778 1
625 1928 1
153 1529 1
1579 394 1
251 30 1
246 31 1
105 1010 1
2030 1981 1
609 977 1
497 661 1
2159 1994 1
915 319 1
994 844 1
1246 2300 1
406 2218 1
545 510 1
827 1666 1
437 1527 1
2272 1097 1
2296 410 1
697 1982 1
1567 615 1
224 2290 1
2224 273 1
816 1406 1
977 829 1
93 737 1
1196 1247 1
1099 1028 1
1687 1623 1
647 1567 1
484 1175 1
442 2119 1
1264 77 1
1978 1333 1
345 1392 1
1594 1260 1
326 1794 1
1619 1266 1
1695 860 1
1519 2358 1
901 2334 1
572 1932 1
1631 2090 1
1556 1447 1
374 1773 1
659 876 1
883 447 1
1709 2023 1
1328 1425 1
1585 1364 1
160 164 1
1223 1007 1
1749 136 1
2235 2070 1
1100 1561 1
643 213 1
1981 1187 1
1445 1702 1
1540 671 1
1841 1878 1
1059 2342 1
1843 1349 1
277 988 1
313 391 1
958 349 1
133 1650 1
478 1667 1
2255 2102 1
228 2015 1
1188 400 1
1833 841 1
2058 161 1
1043 940 1
91 1286 1
1440 2113 1
259 1603 1
11 1301 1
947 207 1
1634 1389 1
1187 2022 1
226 762 1
2075 1391 1
2112 2099 1
728 1424 1
827 1267 1
486 925 1
455 307 1
834 968 1
323 1703 1
245 1313 1
706 2229 1
2056 267 1
1887 1513 1
110 731 1
328 789 1
881 1014 1
526 1490 1
1187 1052 1
2011 214 1
1444 560 1
796 1274 1
217 86 1
2026 982 1
77 543 1
2084 832 1
1583 1992 1
366 1342 1
2287 358 1
1725 399 1
1255 353 1
94 1539 1
434 2149 1
443 320 1
2052 1653 1
2225 1672 1
640 1804 1
2078 2359 1
2127 1346 1
1820 12 1
697 159 1
1038 56 1
2038 2047 1
560 2126 1
411 1087 1
217 2087 1
312 1487 1
17 934 1
1311 1749 1
715 211 1
2267 523 1
1845 999 1
741 53 1
93 1168 1
1589 56 1
2355 2162 1
2257 1757 1
2245 715 1
239 2192 1
1275 1439 1
54 1107 1
1823 396 1
1531 842 1
700 1622 1
727 2197 1
1797 1225 1
1785 1917 1
497 729 1
260 1586 1
1445 3 1
963 1703 1
1257 1792 1
400 1028 1
950 1811 1
2117 406 1
39 1447 1
1038 1802 1
1074 864 1
1147 1493 1
2106 1996 1
287 1092 1
2139 1585 1
1139 986 1
1872 225 1
578 250 1
2169 1183 1
101 1272 1
661 1432 1
1611 176 1
1552 861 1
1889 1979 1
1576 1327 1
817 2195 1
1285 1247 1
1358 2108 1
2161 1102 1
68 289 1
2241 1851 1
21 1319 1
1084 929 1
613 2245 1
402 1094 1
1381 1831 1
302 2143 1
444 1260 1
1812 830 1
1809 1874 1
1690 1088 1
466 1924 1
1112 1521 1
369 597 1
2253 1916 1
339 58 1
1172 1263 1
687 1508 1
1337 1589 1
207 912 1
28 899 1
1165 259 1
2024 152 1
1023 407 1
2057 580 1
800 515 1
359 1630 1
137 2345 1
1028 366 1
1642 353 1
1608 241 1
782 361 1
1110 1062 1
623 580 1
2233 1528 1
1483 335 1
1661 1822 1
1956 2243 1
759 619 1
702 614 1
1297 2214 1
2165 913 1
684 1182 1
1919 1027 1
1280 1471 1
1322 1754 1
174 1541 1
2206 1043 1
1561 1118 1
1104 206 1
1958 1634 1
201 670 1
386 1763 1
320 2296 1
858 1940 1
85 760 1
687 1226 1
2057 1845 1
1117 231 1
33 2099 1
1093 1968 1
1506 1402 1
2276 629 1
1334 918 1
2008 521 1
1241 1563 1
134 1809 1
7 2142 1
1294 1240 1
986 1122 1
763 597 1
585 438 1
259 1284 1
2228 672 1
1637 1690 1
1794 325 1
105 2176 1
1097 2129 1
560 304 1
160 1098 1
529 1533 1
726 1575 1
1767 621 1
1072 2049 1
2073 1386 1
2045 1991 1
1557 1643 1
1167 1563 1
1273 669 1
1504 1898 1
826 339 1
881 1649 1
30 720 1
2178 2294 1
1524 178 1
1405 2193 1
768 1449 1
1419 1345 1
1541 1831 1
1083 645 1
1042 1109 1
1441 883 1
1102 1584 1
1906 396 1
58 738 1
2156 505 1
1943 414 1
126 1391 1
921 64 1
975 755 1
2129 1089 1
1481 2340 1
344 468 1
2273 880 1
1380 458 1
685 524 1
1846 2083 1
476 351 1
1277 1399 1
2297 551 1
1173 350 1
1135 687 1
661 195 1
1337 1969 1
765 2110 1
1205 961 1
999 51 1
1214 1559 1
186 518 1
1658 620 1
742 1697 1
1113 229 1
1198 1044 1
1107 1599 1
661 2121 1
41 944 1
1590 2221 1
2125 74 1
565 1213 1
2001 1702 1
968 2210 1
818 157 1
2189 2261 1
1227 1753 1
717 68 1
156 1770 1
227 1884 1
1293 1514 1
259 1181 1
2238 854 1
1696 2097 1
1029 1355 1
324 1723 1
805 271 1
1294 971 1
1158 1482 1
1143 2263 1
2190 446 1
767 984 1
1194 192 1
277 726 1
1934 1522 1
114 2129 1
791 1097 1
573 558 1
1983 1649 1
752 76 1
1147 302 1
1234 1061 1
983 53 1
332 36 1
529 864 1
436 1027 1
1435 299 1
2044 2182 1
1281 1846 1
440 1426 1
2351 1068 1
119 502 1
793 1081 1
2021 1127 1
1055 1559 1
1434 61 1
1376 82 1
1089 16 1
1694 1157 1
11 1003 1
2207 1860 1
1505 1217 1
302 872 1
1952 606 1
341 250 1
1016 1702 1
72 2070 1
1733 824 1
2257 1979 1
1042 1561 1
12 1078 1
1677 2301 1
2024 1651 1
1719 1323 1
658 669 1
886 2340 1
146 874 1
81 1387 1
1816 1503 1
48 1030 1
744 332 1
1961 1381 1
1680 733 1
646 1497 1
539 452 1
727 861 1
1798 188 1
1950 286 1
355 957 1
1329 147 1
190 1364 1
1580 577 1
1208 355 1
731 1849 1
356 1652 1
1580 988 1
1515 31 1
495 1956 1
1464 240 1
1048 1099 1
936 160 1
1661 1942 1
1651 690 1
52 597 1
1345 766 1
69 1630 1
569 846 1
1706 1152 1
1102 1670 1
2184 1439 1
351 1644 1
1392 349 1
2051 363 1
1884 1269 1
440 2109 1
2155 1653 1
1463 600 1
716 594 1
2260 2320 1
1644 1547 1
1553 1462 1
1600 180 1
490 415 1
1155 1319 1
1571 2028 1
1318 1272 1
302 79 1
2227 1902 1
2315 1535 1
1621 1105 1
68 1068 1
280 460 1
808 1632 1
367 952 1
684 2337 1
407 238 1
417 734 1
2034 726 1
933 2024 1
1664 1596 1
2283 1941 1
71 609 1
2301 965 1
868 1064 1
690 553 1
1421 2163 1
190 2054 1
1857 466 1
48 1634 1
896 1485 1
1931 694 1
974 713 1
1099 586 1
1014 1092 1
954 1019 1
1678 1691 1
782 1176 1
491 963 1
966 1845 1
464 382 1
519 974 1
1276 387 1
1941 294 1
435 744 1
60 1949 1
1249 1534 1
730 2177 1
1880 1542 1
2075 476 1
455 1596 1
1018 1383 1
420 1219 1
1531 816 1
1118 1184 1
1283 1889 1
2169 1048 1
1530 972 1
2130 520 1
2356 726 1
1642 1484 1
1455 1074 1
2085 1223 1
1663 1882 1
1483 2126 1
1681 832 1
2289 280 1
2222 1506 1
2338 1620 1
2194 448 1
1978 2010 1
1824 807 1
500 1302 1
1797 1364 1
2227 1079 1
923 810 1
2076 1261 1
2056 2113 1
721 320 1
1956 1715 1
1891 1419 1
1303 1405 1
177 309 1
877 619 1
585 1895 1
1148 1506 1
246 1985 1
1439 987 1
641 2209 1
492 685 1
194 1836 1
627 909 1
1840 293 1
2042 646 1
192 228 1
1594 839 1
1841 1063 1
1726 973 1
1537 1702 1
731 887 1
1476 1563 1
1647 620 1
1501 1045 1
1746 2199 1
126 190 1
1467 302 1
42 1906 1
47 184 1
530 1309 1
1525 2285 1
1673 1600 1
1904 1374 1
885 1676 1
2315 1652 1
1563 2034 1
1483 1717 1
1005 1293 1
2313 2142 1
366 948 1
176 1609 1
1074 842 1
1602 430 1
1384 2033 1
802 331 1
1794 342 1
795 692 1
2045 296 1
1814 1259 1
1787 2099 1
1366 105 1
1899 1968 1
1279 744 1
164 1350 1
1322 1132 1
571 1382 1
1366 2282 1
1385 1790 1
181 51 1
186 409 1
2180 2146 1
1916 281 1
479 297 1
1123 1737 1
1279 1117 1
1745 100 1
102 622 1
669 181 1
241 485 1
187 1890 1
1937 824 1
542 570 1
1110 2092 1
2277 2246 1
1193 99 1
795 5 1
2096 1374 1
619 1954 1
861 1008 1
109 1660 1
2058 2086 1
1440 2140 1
151 795 1
368 1990 1
233 1627 1
1119 1321 1
559 870 1
1792 507 1
1365 105 1
358 803 1
1812 2314 1
615 143 1
516 605 1
906 631 1
672 96 1
2116 1824 1
619 498 1
2192 2127 1
1610 1026 1
91 318 1
331 1886 1
990 384 1
1125 2205 1
747 551 1
506 1426 1
303 831 1
1929 726 1
1551 1416 1
1381 1386 1
1372 1035 1
90 1740 1
1049 1041 1
531 2040 1
253 1046 1
2142 1515 1
1243 1182 1
1188 613 1
2165 684 1
1766 2103 1
187 2131 1
909 839 1
2177 1998 1
2163 2056 1
134 840 1
524 2222 1
767 475 1
1878 819 1
117 1866 1
1966 1543 1
1436 1011 1
184 1243 1
1925 1020 1
410 1407 1
1882 1140 1
9 1082 1
3 1117 1
1772 674 1
2237 1455 1
2248 1982 1
40 2321 1
1754 964 1
2063 272 1
1796 1679 1
456 2151 1
31 484 1
1157 2328 1
1527 2025 1
1645 1713 1
383 1198 1
1535 70 1
2202 1363 1
1248 934 1
1001 1573 1
513 839 1
1058 1965 1
1737 923 1
2340 1299 1
836 2163 1
1894 1920 1
269 2136 1
1450 744 1
2342 1854 1
1967 640 1
2309 1430 1
360 1955 1
755 544 1
821 439 1
1525 536 1
84 1417 1
1744 999 1
264 1197 1
990 2178 1
327 2115 1
1437 2173 1
1442 1131 1
105 722 1
2231 2225 1
1105 591 1
1367 2058 1
1956 28 1
1896 32 1
1596 1412 1
953 1708 1
781 1097 1
539 1275 1
986 2042 1
1302 1310 1
88 100 1
1929 13 1
47 1679 1
863 1187 1
937 2082 1
1978 1797 1
502 1691 1
808 2106 1
1841 281 1
128 324 1
313 788 1
1125 990 1
2132 2103 1
2030 1887 1
2022 721 1
2109 1626 1
943 2030 1
221 132 1
965 1602 1
1765 1646 1
1708 2228 1
456 1496 1
558 1818 1
1783 223 1
712 1248 1
926 135 1
904 1368 1
2117 232 1
416 933 1
1259 167 1
1612 1613 1
1122 1751 1
700 597 1
1936 17 1
2255 2007 1
932 2316 1
1319 221 1
2353 2222 1
654 754 1
1187 2351 1
1581 1759 1
735 451 1
1917 1494 1
1296 528 1
733 1386 1
482 865 1
1538 1760 1
1761 1386 1
2217 42 1
1653 1336 1
2245 1848 1
1582 702 1
2136 747 1
1778 900 1
75 1305 1
951 1633 1
1114 2256 1
1572 1916 1
815 1798 1
752 1543 1
1458 2052 1
866 174 1
1942 1295 1
1199 1553 1
1804 187 1
1461 2159 1
2252 1409 1
1215 2266 1
1364 105 1
663 2124 1
2130 1749 1
1835 260 1
2145 184 1
1798 207 1
1891 1081 1
282 1090 1
846 1137 1
567 1557 1
1294 151 1
257 15 1
1391 764 1
866 818 1
1748 1271 1
802 1575 1
1687 317 1
1143 906 1
10 1744 1
564 2286 1
592 1211 1
439 1168 1
299 1498 1
989 1115 1
77 310 1
853 105 1
1816 1446 1
1426 2345 1
2020 0 1
1702 2293 1
1952 597 1
2169 1340 1
2043 1432 1
998 379 1
1781 445 1
2193 648 1
2138 2326 1
1471 1159 1
117 1587 1
863 21 1
403 648 1
1060 42 1
1161 1312 1
2065 1489 1
2083 1175 1
918 2262 1
492 1762 1
581 1596 1
984 636 1
1565 647 1
1367 161 1
1000 1980 1
2093 2266 1
2164 1583 1
2279 372 1
2085 2127 1
1431 1241 1
1782 579 1
1455 1849 1
1651 222 1
222 438 1
1442 121 1
879 876 1
2113 555 1
169 1072 1
508 1157 1
1197 141 1
550 1625 1
730 1 1
165 2312 1
2097 2056 1
1703 1187 1
83 1101 1
1658 1494 1
753 1922 1
2280 1242 1
108 136 1
1591 1239 1
1325 438 1
1876 2168 1
2318 179 1
1424 1853 1
462 1391 1
766 1814 1
1727 2066 1
200 2213 1
1680 2141 1
1331 2163 1
1535 753 1
1043 2167 1
1557 668 1
2049 461 1
503 418 1
324 1872 1
1551 727 1
2074 957 1
2175 2316 1
1323 1184 1
409 916 1
2163 202 1
458 939 1
1774 1314 1
1751 1002 1
1619 2350 1
1174 1550 1
132 252 1
73 957 1
1358 873 1
1456 406 1
1795 1006 1
1046 2361 1
1197 1548 1
1701 492 1
2098 1282 1
1573 2353 1
149 955 1
365 1859 1
2033 633 1
2349 2088 1
493 528 1
1087 1193 1
576 503 1
1256 1588 1
2264 368 1
489 1221 1
533 2209 1
1457 687 1
1223 417 1
1926 1018 1
333 2114 1
1487 1214 1
1860 198 1
1092 2109 1
1470 617 1
1507 1859 1
1213 786 1
369 666 1
1053 647 1
912 330 1
469 315 1
2077 1643 1
536 585 1
711 810 1
2259 1046 1
729 261 1
1837 341 1
736 939 1
2213 1071 1
1935 1672 1
708 1979 1
2187 702 1
1460 2327 1
347 1508 1
78 1941 1
2230 515 1
1466 378 1
652 1032 1
543 2074 1
898 1454 1
1536 1197 1
1691 2300 1
2247 1052 1
2197 1208 1
1041 2056 1
2041 1112 1
675 1083 1
951 1092 1
963 1187 1
2014 105 1
514 335 1
2050 1661 1
813 899 1
543 188 1
1137 1009 1
656 1284 1
204 1719 1
2163 1326 1
568 1319 1
2352 561 1
1251 598 1
1497 229 1
572 2257 1
256 525 1
1806 1776 1
415 2012 1
1768 55 1
945 600 1
82 1607 1
224 2286 1
953 1398 1
255 1408 1
1416 1769 1
2120 1844 1
994 1135 1
1806 1558 1
931 1091 1
1876 656 1
1393 18 1
1346 1931 1
1896 1504 1
491 2253 1
2228 2017 1
933 1017 1
1121 582 1
2109 1190 1
778 13 1
368 2129 1
321 463 1
1081 522 1
2073 159 1
2035 631 1
1655 1954 1
1894 470 1
2144 495 1
1107 1411 1
486 1711 1
1144 1790 1
923 1963 1
1560 2131 1
2175 152 1
2116 323 1
1291 669 1
1174 427 1
1050 1434 1
1115 1842 1
647 1220 1
276 1436 1
816 1121 1
515 815 1
676 848 1
2194 1864 1
1749 1097 1
500 914 1
1703 82 1
893 1939 1
1581 755 1
822 1245 1
191 119 1
1089 649 1
459 572 1
8 243 1
949 542 1
2015 2269 1
1514 1963 1
457 1533 1
1090 109 1
379 1205 1
497 767 1
317 1641 1
2363 1570 1
90 1524 1
635 1891 1
2013 1188 1
438 1662 1
1088 983 1
2010 2191 1
602 2081 1
2182 258 1
989 852 1
667 2299 1
1294 1704 1
417 649 1
127 1849 1
1888 432 1
1271 1465 1
1662 881 1
446 1130 1
2196 36 1
1864 1489 1
1266 568 1
2155 889 1
1233 675 1
1506 1206 1
26 767 1
136 1404 1
2234 2084 1
916 943 1
2064 1422 1
2121 1529 1
1220 381 1
2270 1021 1
376 1246 1
776 1008 1
406 540 1
310 1997 1
1982 756 1
1874 1739 1
1225 2232 1
2308 77 1
134 261 1
250 2082 1
879 303 1
233 1326 1
1699 95 1
1166 2330 1
2101 632 1
2255 777 1
614 1965 1
1845 1247 1
34 495 1
2046 1318 1
397 1245 1
452 2207 1
1762 1338 1
1847 1618 1
2192 1093 1
563 1958 1
45 571 1
319 877 1
1305 10 1
626 1874 1
1902 759 1
2352 1346 1
1697 1500 1
1546 2196 1
1508 398 1
945 2307 1
1136 2079 1
668 1477 1
254 727 1
471 1843 1
1118 486 1
213 247 1
1120 2269 1
1285 444 1
2290 242 1
234 1752 1
1070 1611 1
1007 1564 1
2279 298 1
276 1846 1
8 1156 1
1680 1123 1
1687 1233 1
2054 1194 1
1308 2118 1
357 2165 1
796 1423 1
1644 1585 1
776 210 1
726 976 1
1611 989 1
1388 1070 1
1397 1165 1
124 1769 1
495 2201 1
300 1163 1
2068 590 1
1499 2257 1
1885 102 1
2070 372 1
539 1309 1
2236 1105 1
985 1038 1
689 1668 1
3 939 1
395 1656 1
586 743 1
538 1877 1
341 1338 1
2245 1666 1
1460 622 1
121 687 1
329 1520 1
570 1736 1
1840 1796 1
862 618 1
749 1094 1
1929 745 1
1227 2344 1
1468 1226 1
142 1591 1
1512 2178 1
12 1755 1
351 680 1
280 996 1
1711 67 1
761 742 1
1942 77 1
1946 920 1
415 298 1
1098 896 1
222 153 1
471 1009 1
1184 1201 1
457 628 1
885 1431 1
168 1332 1
687 2359 1
1898 71 1
1988 129 1
1167 1172 1
2243 903 1
2041 2088 1
2262 175 1
95 1390 1
1356 461 1
418 2363 1
2249 1901 1
567 1372 1
1348 1510 1
1611 503 1
2103 1129 1
117 1456 1
30 1925 1
263 1995 1
1294 1558 1
256 374 1
1484 1301 1
1395 2346 1
1735 1108 1
2276 1152 1
801 408 1
2310 649 1
1209 746 1
2182 1868 1
1432 2151 1
534 2005 1
706 503 1
1313 212 1
1898 499 1
394 960 1
1969 1353 1
1121 1628 1
1037 1933 1
42 2288 1
1622 874 1
409 42 1
1112 163 1
2169 1867 1
1520 1865 1
585 1169 1
1611 1613 1
1679 2284 1
1216 611 1
685 1903 1
1546 82 1
169 2178 1
1682 677 1
156 227 1
1494 2075 1
138 394 1
547 274 1
746 232 1
2258 1150 1
632 99 1
1926 1991 1
2293 1533 1
1212 1792 1
786 410 1
1667 1282 1
1849 217 1
1918 2016 1
640 1742 1
1222 715 1
701 1446 1
806 108 1
577 2247 1
828 1890 1
1756 247 1
1782 2211 1
1201 1903 1
388 2087 1
2110 2273 1
70 1894 1
2068 1318 1
2336 544 1
681 1362 1
37 2159 1
1153 1059 1
158 1631 1
209 629 1
1108 100 1
2057 781 1
1369 1599 1
2362 1660 1
2129 1625 1
1429 159 1
1618 1997 1
413 1342 1
2242 1300 1
1243 384 1
2198 270 1
1255 1317 1
1473 496 1
993 807 1
1051 1117 1
1253 2184 1
443 1149 1
2031 749 1
1944 1384 1
1991 1956 1
17 1059 1
2137 1255 1
1566 1744 1
28 154 1
653 610 1
773 1626 1
1493 1351 1
1821 1481 1
1225 419 1
196 1522 1
1618 487 1
2050 548 1
812 1139 1
738 277 1
649 681 1
298 1395 1
2231 1350 1
595 1784 1
641 1411 1
1648 2 1
1277 2307 1
1400 2036 1
118 1161 1
2350 725 1
939 474 1
2246 1316 1
2082 2246 1
2102 1315 1
1355 1932 1
187 2300 1
236 360 1
909 871 1
1262 763 1
351 444 1
1717 60 1
2199 2305 1
2053 2139 1
398 2298 1
1623 1791 1
1801 499 1
1495 983 1
314 243 1
905 1354 1
452 1923 1
2306 1901 1
511 1805 1
1594 1470 1
1566 183 1
2330 1589 1
792 2302 1
1150 1717 1
1681 1886 1
1012 1412 1
2149 1202 1
858 894 1
640 320 1
914 480 1
626 1537 1
431 1968 1
1503 1556 1
1201 591 1
1682 1638 1
974 312 1
1792 1570 1
888 734 1
1080 98 1
66 1339 1
2092 1722 1
1246 1395 1
105 2075 1
729 587 1
288 1538 1
628 2023 1
1879 1163 1
1230 1257 1
1621 1485 1
298 1945 1
444 2272 1
2015 694 1
502 2362 1
803 94 1
979 20 1
292 1080 1
2231 1621 1
745 2132 1
387 1300 1
1984 1958 1
1905 597 1
1659 1452 1
1333 1273 1
1905 79 1
1113 2102 1
237 1843 1
741 2249 1
554 23 1
1676 976 1
707 1552 1
1996 576 1
358 1337 1
441 1242 1
308 1713 1
990 594 1
671 2000 1
182 169 1
518 867 1
1910 933 1
1471 365 1
2244 278 1
1216 1937 1
2066 1322 1
674 1951 1
2050 125 1
2208 487 1
272 1507 1
575 1094 1
841 314 1
267 1814 1
499 1146 1
846 333 1
998 1459 1
2336 1372 1
1169 361 1
595 1330 1
1212 2097 1
1394 218 1
533 2035 1
273 535 1
233 1331 1
616 2070 1
409 0 1
1796 1661 1
870 836 1
1839 1162 1
1476 2051 1
1640 1471 1
1800 1210 1
849 1401 1
414 489 1
1509 1372 1
176 2220 1
447 1106 1
1422 551 1
486 805 1
1704 2340 1
675 306 1
1479 1067 1
2307 1713 1
66 18 1
211 1163 1
270 923 1
407 1587 1
71 481 1
1648 2035 1
985 1123 1
859 175 1
1685 1797 1
1778 2099 1
14 723 1
1726 2091 1
829 1176 1
2100 1505 1
131 969 1
1727 1821 1
18 1764 1
1880 1864 1
980 2310 1
1243 1562 1
371 1487 1
110 1755 1
2334 2106 1
77 441 1
2047 249 1
1394 1756 1
306 796 1
1854 542 1
1109 603 1
229 750 1
1423 1171 1
701 435 1
1821 1392 1
2360 151 1
406 1515 1
2052 2314 1
1686 1864 1
843 1805 1
1678 798 1
1130 677 1
1503 2004 1
92 1106 1
1752 925 1
288 1840 1
2022 1441 1
204 1025 1
765 530 1
2326 273 1
568 2021 1
1346 1116 1
1139 177 1
2359 1622 1
1093 784 1
648 80 1
2127 1953 1
2231 2060 1
605 1521 1
1946 1213 1
2145 795 1
762 51 1
1090 1896 1
329 499 1
2072 2077 1
1546 1517 1
580 29 1
472 875 1
335 2317 1
250 154 1
90 2231 1
2290 878 1
2164 1230 1
2227 1379 1
2261 599 1
700 1253 1
854 724 1
412 1108 1
891 192 1
1843 2244 1
252 1058 1
1868 931 1
1814 890 1
2300 1885 1
708 1416 1
1727 256 1
1785 1510 1
212 979 1
706 92 1
1469 1366 1
1828 1005 1
1292 182 1
599 140 1
1286 826 1
2200 2263 1
1885 308 1
1937 97 1
1936 1937 1
604 554 1
493 1726 1
111 1418 1
480 1019 1
681 1677 1
894 293 1
2272 2315 1
691 1418 1
1160 1179 1
1938 1909 1
599 1496 1
603 967 1
58 1145 1
454 423 1
89 1637 1
2114 1550 1
791 1782 1
483 1531 1
358 1943 1
771 796 1
1825 500 1
938 2237 1
1130 133 1
1568 1775 1
2048 2046 1
913 1278 1
1257 360 1
1603 772 1
399 669 1
1254 1874 1
927 2000 1
578 2036 1
1932 25 1
315 1566 1
305 1286 1
1909 1997 1
1080 1480 1
2172 656 1
145 1158 1
187 39 1
594 249 1
31 601 1
608 358 1
1467 2319 1
575 2232 1
1684 1973 1
1761 1226 1
1023 1461 1
1320 1467 1
1264 2262 1
2119 576 1
441 1463 1
1583 2115 1
300 799 1
379 1505 1
1834 476 1
216 1635 1
722 2025 1
2031 2014 1
2176 1723 1
2019 740 1
1883 1015 1
1665 1689 1
2352 1057 1
290 2024 1
1606 322 1
686 403 1
1374 101 1
989 2332 1
2122 941 1
952 821 1
895 1583 1
654 1576 1
1094 1535 1
1291 2054 1
306 1460 1
282 1732 1
241 2322 1
1239 1705 1
1233 1754 1
480 735 1
2347 688 1
1654 1066 1
189 71 1
315 1273 1
2243 1248 1
1010 1990 1
535 1880 1
1109 241 1
2363 450 1
877 1165 1
1076 2234 1
255 911 1
973 1340 1
169 1528 1
52 216 1
920 185 1
997 512 1
1515 1363 1
632 2330 1
1539 495 1
760 626 1
2066 354 1
508 1615 1
1100 1294 1
702 1246 1
1227 1507 1
1395 2022 1
261 1325 1
1486 475 1
396 1199 1
616 2346 1
1355 2133 1
398 138 1
1380 1670 1
609 2143 1
2087 2182 1
1903 472 1
696 2214 1
2349 693 1
1776 388 1
858 493 1
1196 356 1
750 1067 1
1350 2069 1
488 573 1
1658 181 1
833 1743 1
1231 1136 1
2060 949 1
2344 516 1
1289 1809 1
2198 1509 1
1020 1479 1
718 591 1
170 1601 1
2087 298 1
446 1097 1
314 1038 1
1246 1687 1
904 208 1
434 1290 1
1688 1881 1
2200 1723 1
1409 326 1
531 874 1
1578 909 1
830 1108 1
1526 1444 1
494 1665 1
166 1758 1
1532 1419 1
2278 1750 1
1033 1217 1
1156 1267 1
679 1779 1
1736 1233 1
1893 1360 1
51 1470 1
1484 561 1
1092 2308 1
61 1328 1
971 1687 1
2195 649 1
2 226 1
2234 1277 1
2235 2160 1
1647 2 1
2021 248 1
486 1155 1
952 374 1
1696 664 1
1459 372 1
160 1062 1
1405 831 1
2161 831 1
213 1743 1
798 1903 1
734 834 1
1594 1107 1
1057 1638 1
821 1975 1
1946 395 1
372 717 1
1610 671 1
223 120 1
168 1577 1
407 2001 1
967 1275 1
251 2052 1
2108 1863 1
493 1420 1
803 757 1
1588 2164 1
1275 2308 1
912 897 1
891 658 1
2213 950 1
1024 1581 1
772 1310 1
2285 872 1
1864 1468 1
1790 1678 1
1292 934 1
1700 1650 1
991 1017 1
1360 1308 1
693 1459 1
2076 745 1
1648 1247 1
2051 118 1
1746 2344 1
576 1222 1
2255 720 1
1937 1870 1
2295 1858 1
1427 1754 1
521 2065 1
2348 2355 1
1077 1125 1
1545 285 1
349 1607 1
344 1081 1
149 570 1
871 136 1
669 1527 1
643 2107 1
1163 1283 1
2300 1192 1
701 1993 1
486 81 1
714 2116 1
2222 712 1
1163 1984 1
2310 239 1
1048 233 1
1838 596 1
757 2363 1
1166 606 1
454 248 1
1883 1691 1
1430 1349 1
118 963 1
237 1897 1
728 1830 1
864 1103 1
1157 725 1
987 758 1
1084 376 1
538 1729 1
1736 2341 1
29 1725 1
1396 1697 1
560 1390 1
1063 1957 1
1284 14 1
1053 2067 1
1226 1267 1
2301 1411 1
2006 56 1
173 2026 1
1721 92 1
2141 638 1
1972 207 1
1480 57 1
2266 753 1
1422 1839 1
1777 826 1
1126 2154 1
1184 1994 1
639 1001 1
1133 707 1
222 1203 1
1260 1685 1
701 1134 1
1297 1881 1
353 223 1
2299 1767 1
1404 1783 1
2116 574 1
189 1696 1
334 1912 1
885 1080 1
472 1175 1
1885 1778 1
1532 1323 1
2103 956 1
818 2361 1
161 382 1
1870 454 1
283 1477 1
323 2363 1
359 2096 1
1467 1452 1
1724 1488 1
1781 187 1
2237 1819 1
2226 930 1
551 1255 1
1297 884 1
730 1723 1
1347 1258 1
1138 1796 1
2100 287 1
100 1698 1
1944 648 1
1436 2170 1
1217 539 1
1292 1200 1
936 905 1
2153 729 1
2221 1782 1
930 996 1
1418 1631 1
1048 973 1
546 2110 1
1040 1072 1
1014 1083 1
1502 360 1
889 2155 1
663 1144 1
919 804 1
915 592 1
1871 1584 1
1657 1026 1
1638 2067 1
791 76 1
1374 886 1
1870 338 1
1949 502 1
2219 697 1
1992 2146 1
1506 1655 1
2054 1273 1
1924 1225 1
679 2050 1
1895 140 1
982 1575 1
1792 1235 1
1445 2337 1
1148 977 1
1265 594 1
533 1914 1
2141 1491 1
144 224 1
1714 1111 1
299 2121 1
852 1371 1
982 947 1
2191 2315 1
570 2175 1
1474 554 1
2319 298 1
334 641 1
783 2146 1
476 2 1
2060 964 1
429 441 1
1196 2137 1
2035 2105 1
1013 955 1
1610 644 1
299 2328 1
5 202 1
758 2212 1
1394 646 1
1634 1017 1
740 1829 1
691 1217 1
350 262 1
940 2219 1
331 1866 1
1788 2297 1
1615 2267 1
1343 833 1
895 1237 1
1333 126 1
2039 842 1
1176 1465 1
394 472 1
153 612 1
616 1229 1
1026 1919 1
1465 1628 1
1718 2128 1
1426 73 1
510 2291 1
1915 814 1
633 1202 1
1580 2047 1
420 1836 1
1972 1981 1
1322 1438 1
2 1093 1
1753 964 1
1827 1144 1
701 1234 1
2329 2230 1
2107 1951 1
2318 1988 1
461 2114 1
304 981 1
1783 1225 1
682 155 1
2099 1211 1
1533 344 1
175 210 1
843 1447 1
809 747 1
574 1309 1
1829 6 1
2333 1407 1
56 2038 1
2238 1487 1
1908 1273 1
2301 465 1
79 755 1
976 509 1
1971 2344 1
2342 2267 1
1156 2187 1
230 1730 1
1252 1550 1
814 774 1
2344 2253 1
2089 357 1
818 536 1
2311 222 1
348 291 1
1403 1430 1
4 2251 1
380 1486 1
1707 488 1
312 67 1
771 1841 1
1682 1914 1
1887 2138 1
134 1295 1
559 635 1
443 2287 1
362 685 1
259 1191 1
2253 1167 1
1422 108 1
2233 1144 1
1025 174 1
1750 1894 1
689 1753 1
1402 1663 1
211 295 1
1396 1149 1
2158 1173 1
1775 1636 1
927 1559 1
1032 1387 1
381 1547 1
1803 280 1
1065 582 1
778 2257 1
240 2084 1
2160 1934 1
2060 58 1
678 430 1
1605 40 1
1217 1359 1
1326 489 1
2145 340 1
797 621 1
1310 206 1
1621 1784 1
1906 2205 1
2193 2185 1
375 1034 1
20 1806 1
1875 338 1
2309 473 1
845 2229 1
1184 1536 1
739 601 1
2137 43 1
1935 182 1
141 2045 1
781 1178 1
568 553 1
2137 385 1
2174 1676 1
459 484 1
127 264 1
1702 1446 1
467 1185 1
1815 356 1
1811 757 1
498 591 1
2247 433 1
1596 1230 1
2092 612 1
2101 1290 1
381 1321 1
1701 655 1
1954 1148 1
1764 1265 1
436 162 1
44 2308 1
1221 110 1
1262 1039 1
2341 519 1
366 1082 1
563 2024 1
1781 1716 1
942 564 1
1786 769 1
1664 1373 1
2106 1179 1
521 2121 1
1676 2184 1
2059 529 1
144 2098 1
1442 2345 1
1952 185 1
882 1085 1
477 862 1
1636 2350 1
866 624 1
1516 73 1
820 1218 1
101 897 1
1226 415 1
19 2035 1
1683 1954 1
2012 851 1
1488 1247 1
1001 1039 1
519 711 1
1363 0 1
1058 2271 1
364 787 1
1128 40 1
2128 981 1
1739 1553 1
1343 1152 1
166 1560 1
532 1743 1
1470 126 1
2149 1810 1
2363 37 1
1341 1448 1
780 327 1
283 2196 1
2264 678 1
380 766 1
801 1555 1
978 1433 1
2287 1374 1
870 2308 1
2265 2280 1
1597 1240 1
594 1208 1
954 745 1
304 2254 1
912 1675 1
1781 116 1
2046 741 1
782 34 1
1946 1631 1
598 97 1
2280 1821 1
1300 838 1
1160 1302 1
2047 1560 1
1108 309 1
706 1251 1
1308 891 1
336 994 1
1625 2014 1
2251 174 1
364 1200 1
724 1823 1
276 2168 1
1179 2323 1
387 26 1
2346 501 1
1350 12 1
365 1523 1
1631 1313 1
1400 1655 1
1082 2172 1
1976 556 1
1633 1226 1
637 778 1
880 173 1
1151 1438 1
1830 204 1
1617 359 1
1548 1878 1
2217 918 1
1626 231 1
2081 1534 1
1131 1952 1
449 1168 1
744 2338 1
2313 2331 1
320 2008 1
2054 1006 1
1113 1368 1
1162 1369 1
967 1429 1
1687 896 1
1372 1421 1
524 1454 1
693 1462 1
877 1766 1
734 2192 1
1412 2217 1
2009 893 1
2167 1011 1
1790 2166 1
2058 1067 1
2272 607 1
574 1693 1
815 1043 1
1203 2013 1
125 139 1
468 1300 1
194 297 1
624 516 1
230 1047 1
1445 913 1
1565 1304 1
1186 2068 1
1137 150 1
1573 1525 1
1547 1321 1
1129 792 1
1782 1590 1
1261 1407 1
1015 2032 1
213 1497 1
1497 653 1
918 1174 1
552 739 1
1959 809 1
1421 398 1
1903 710 1
1853 117 1
1557 200 1
304 2226 1
991 405 1
1830 962 1
343 1733 1
1264 1779 1
1934 2154 1
1330 222 1
1347 2168 1
