1527 3173 0
592 154 108
184 1198 1
235 1344 1
1304 489 1
980 282 1
644 331 1
1477 166 1
1007 145 1
1345 641 1
915 1511 1
255 444 1
96 1367 1
910 820 1
1114 1434 1
374 170 1
482 138 1
411 186 1
639 1471 1
1189 1453 1
523 608 1
768 1467 1
1066 1398 1
1256 1429 1
702 772 1
760 936 1
114 1315 1
1240 31 1
964 56 1
1023 821 1
334 438 1
1024 636 1
959 1505 1
1511 584 1
381 1114 1
110 1484 1
445 122 1
967 1463 1
806 523 1
126 83 1
1340 590 1
309 1197 1
1091 309 1
101 603 1
293 1202 1
498 77 1
4 1244 1
1465 1016 1
313 1292 1
1052 917 1
982 384 1
949 483 1
123 1487 1
11 1218 1
1296 1131 1
81 859 1
552 51 1
304 474 1
307 241 1
113 468 1
1060 1021 1
456 62 1
606 474 1
107 1439 1
359 712 1
752 1430 1
1154 9 1
1523 670 1
1271 948 1
830 206 1
469 1475 1
670 34 1
46 1459 1
315 1000 1
747 928 1
363 1160 1
282 1465 1
1223 475 1
603 1094 1
341 217 1
301 904 1
507 114 1
720 1245 1
709 30 1
171 959 1
1514 840 1
557 431 1
1200 357 1
36 906 1
485 921 1
363 1332 1
132 500 1
1002 1040 1
822 668 1
1126 469 1
1400 1030 1
541 657 1
96 1168 1
127 574 1
810 1508 1
1437 741 1
1395 1304 1
1133 1015 1
548 837 1
1084 516 1
1522 1025 1
1399 1493 1
113 92 1
1467 521 1
217 923 1
369 791 1
1093 1234 1
782 892 1
1134 1322 1
780 553 1
1081 250 1
561 1433 1
1333 1519 1
833 337 1
946 609 1
89 622 1
900 1231 1
970 77 1
637 1388 1
757 1382 1
923 1430 1
218 545 1
486 420 1
1137 1412 1
626 704 1
1305 624 1
199 131 1
797 864 1
12 556 1
401 249 1
527 824 1
1360 1009 1
495 184 1
183 1110 1
1410 1490 1
1315 1344 1
845 293 1
137 920 1
169 73 1
1215 408 1
730 1367 1
183 1390 1
565 778 1
1090 538 1
514 493 1
706 1132 1
52 326 1
1491 1026 1
1001 404 1
1427 654 1
1250 1076 1
74 635 1
1352 6 1
1240 709 1
323 1141 1
387 419 1
154 1034 1
1068 857 1
139 623 1
366 57 1
824 226 1
828 722 1
582 100 1
1151 321 1
591 1026 1
1347 753 1
1012 101 1
632 342 1
1437 1313 1
1354 1076 1
1472 775 1
1297 1417 1
86 234 1
1238 122 1
87 719 1
451 1351 1
200 646 1
227 435 1
898 1119 1
252 822 1
570 1477 1
728 583 1
548 789 1
728 1102 1
895 366 1
218 1495 1
1134 1516 1
1468 794 1
1038 431 1
1257 520 1
164 160 1
858 1436 1
161 123 1
476 25 1
1385 780 1
200 120 1
645 515 1
1029 393 1
86 235 1
1434 471 1
1000 47 1
1245 360 1
756 1054 1
1042 962 1
444 988 1
1388 478 1
433 503 1
160 580 1
1089 809 1
588 70 1
1404 701 1
689 910 1
146 606 1
593 367 1
211 536 1
667 49 1
280 975 1
1070 1440 1
927 605 1
24 175 1
1495 192 1
729 1140 1
753 306 1
583 684 1
1057 496 1
887 580 1
807 358 1
688 101 1
823 2 1
1460 815 1
1095 1046 1
1512 1161 1
1157 1413 1
411 851 1
1202 1444 1
44 975 1
184 801 1
1040 533 1
1210 1356 1
1089 875 1
168 116 1
1213 13 1
141 559 1
307 1359 1
283 1309 1
669 973 1
682 892 1
290 34 1
167 373 1
262 758 1
285 941 1
525 814 1
1169 366 1
571 293 1
1015 231 1
1069 1404 1
1493 208 1
1278 1059 1
1405 1086 1
1447 1182 1
1473 301 1
1461 592 1
993 1331 1
986 1376 1
1330 607 1
1390 1033 1
62 1395 1
428 622 1
309 763 1
990 476 1
1459 648 1
1367 1295 1
1344 370 1
1428 632 1
1381 1339 1
506 352 1
1359 355 1
1122 1159 1
245 615 1
1235 7 1
189 513 1
394 651 1
1007 1498 1
574 1474 1
224 653 1
714 867 1
189 1509 1
425 1110 1
1164 1421 1
1062 1398 1
1440 1337 1
420 296 1
1156 72 1
437 894 1
916 594 1
403 977 1
829 1316 1
82 721 1
726 11 1
160 645 1
1316 1153 1
578 519 1
468 605 1
187 1444 1
217 1379 1
926 396 1
331 609 1
1074 375 1
1003 862 1
1111 1115 1
1276 1152 1
219 1011 1
896 1448 1
112 435 1
141 1428 1
1516 1081 1
731 354 1
764 715 1
9 1451 1
1275 1327 1
1273 1233 1
1510 907 1
103 980 1
1181 57 1
830 1347 1
1381 1034 1
205 1492 1
97 737 1
1206 509 1
1013 1047 1
202 546 1
544 1273 1
324 305 1
422 1284 1
1513 452 1
246 1146 1
368 40 1
1484 909 1
1009 1425 1
1167 833 1
385 256 1
172 391 1
1452 1126 1
256 1302 1
279 1009 1
1428 1260 1
1526 893 1
722 132 1
656 614 1
1103 481 1
949 617 1
95 992 1
867 52 1
838 246 1
1480 1392 1
620 67 1
212 1348 1
1520 50 1
111 718 1
1 408 1
1212 1087 1
1086 80 1
1080 1018 1
1231 782 1
1245 1258 1
659 1057 1
270 1446 1
987 870 1
1072 1514 1
45 1290 1
987 696 1
819 676 1
517 1427 1
564 1300 1
334 1458 1
1079 1288 1
1072 742 1
373 391 1
868 1102 1
397 833 1
597 571 1
1024 1093 1
405 1055 1
57 182 1
1213 284 1
867 71 1
727 801 1
144 1225 1
19 691 1
1320 785 1
8 806 1
140 789 1
256 307 1
1109 648 1
1252 386 1
72 1085 1
856 366 1
331 271 1
350 847 1
761 1490 1
854 40 1
1408 1126 1
1043 1103 1
738 1271 1
1518 774 1
353 258 1
242 1101 1
446 704 1
1216 556 1
1250 760 1
1343 562 1
537 403 1
348 320 1
178 997 1
1453 394 1
1207 641 1
273 346 1
1510 1462 1
926 721 1
881 1152 1
1334 1169 1
281 1131 1
244 1275 1
1195 1073 1
75 369 1
73 183 1
1408 972 1
321 315 1
188 217 1
1438 1070 1
180 1267 1
1197 1472 1
565 870 1
81 651 1
268 1049 1
1439 926 1
214 1164 1
1415 125 1
1331 1272 1
782 864 1
229 315 1
493 797 1
499 345 1
873 978 1
938 1479 1
152 872 1
1369 949 1
16 894 1
1034 102 1
826 1235 1
802 1118 1
632 520 1
803 467 1
632 374 1
239 193 1
1457 812 1
397 1062 1
827 943 1
1123 850 1
1473 581 1
1007 1116 1
759 851 1
745 66 1
40 105 1
424 572 1
468 1183 1
323 1204 1
696 890 1
834 829 1
717 1473 1
1036 1032 1
1462 1056 1
884 304 1
1197 1245 1
943 921 1
1149 416 1
165 0 1
308 1129 1
1250 1521 1
289 409 1
719 339 1
421 1203 1
265 1022 1
945 895 1
277 295 1
612 1424 1
1059 114 1
690 769 1
818 436 1
611 795 1
533 917 1
317 1162 1
1070 707 1
526 903 1
1266 353 1
1473 679 1
645 1184 1
1274 1491 1
1147 1526 1
21 561 1
1515 948 1
280 610 1
1509 1075 1
768 1501 1
457 625 1
855 1003 1
794 1329 1
38 534 1
759 1322 1
299 1442 1
1378 285 1
1194 1493 1
777 10 1
364 545 1
860 338 1
186 753 1
263 147 1
113 936 1
1126 653 1
460 519 1
1452 330 1
626 933 1
1279 783 1
770 481 1
1320 857 1
585 300 1
1273 1013 1
623 1149 1
1525 1421 1
317 582 1
590 941 1
1218 913 1
447 188 1
1322 698 1
1114 701 1
33 430 1
1164 100 1
1307 807 1
1491 144 1
748 16 1
831 764 1
1282 749 1
196 1361 1
1488 802 1
136 202 1
1445 1223 1
1148 518 1
467 502 1
342 52 1
1035 230 1
990 494 1
1093 925 1
71 1165 1
1367 174 1
1274 547 1
1489 691 1
1284 325 1
177 583 1
56 592 1
1417 661 1
962 730 1
922 1425 1
29 194 1
155 48 1
161 355 1
1521 728 1
948 1330 1
308 564 1
389 417 1
976 85 1
210 706 1
1261 109 1
1285 639 1
913 688 1
1239 1522 1
1064 732 1
634 620 1
624 144 1
619 731 1
438 689 1
238 1338 1
951 355 1
13 1459 1
466 1241 1
69 227 1
646 1410 1
1171 1090 1
587 1162 1
289 42 1
668 1143 1
690 381 1
1508 805 1
1272 1121 1
523 769 1
376 1273 1
542 1094 1
455 463 1
1376 85 1
1394 1148 1
840 27 1
692 1158 1
204 866 1
148 1221 1
1163 1216 1
1239 1355 1
1346 288 1
1199 522 1
1520 289 1
590 1493 1
1510 797 1
730 327 1
474 69 1
774 155 1
280 129 1
1377 1188 1
1304 1522 1
458 929 1
1025 292 1
329 966 1
209 931 1
1484 1236 1
1459 662 1
861 269 1
444 1381 1
941 1279 1
1147 228 1
810 614 1
362 595 1
260 636 1
12 1317 1
461 382 1
725 433 1
817 188 1
435 392 1
232 973 1
898 839 1
1442 1025 1
1118 829 1
1265 348 1
1046 1210 1
710 1419 1
770 244 1
565 445 1
607 1439 1
990 212 1
171 298 1
417 803 1
74 98 1
883 1088 1
1148 1010 1
810 613 1
1367 1095 1
179 863 1
155 425 1
1105 1096 1
852 259 1
832 649 1
451 1526 1
378 103 1
608 979 1
918 999 1
1186 964 1
1054 251 1
189 887 1
882 724 1
663 25 1
188 448 1
1248 984 1
1451 879 1
81 871 1
625 503 1
61 42 1
899 729 1
1199 516 1
688 637 1
1226 544 1
1286 888 1
723 1407 1
606 180 1
1237 1006 1
947 1426 1
217 1461 1
1319 324 1
208 1246 1
767 152 1
1170 626 1
537 640 1
685 577 1
1073 599 1
741 518 1
305 55 1
350 1261 1
783 1017 1
1183 1258 1
1339 1048 1
92 1212 1
1081 11 1
755 569 1
407 1496 1
897 595 1
1025 28 1
1062 656 1
1151 197 1
1401 1402 1
103 42 1
1021 1298 1
633 978 1
1125 515 1
1125 1250 1
195 1393 1
1058 659 1
1029 1334 1
1016 61 1
213 351 1
563 93 1
345 1253 1
816 127 1
1393 874 1
145 978 1
1066 1350 1
944 295 1
813 1279 1
625 1186 1
859 1156 1
1364 547 1
13 834 1
181 977 1
1407 1257 1
1117 117 1
149 434 1
1051 450 1
736 319 1
975 514 1
653 862 1
955 262 1
589 930 1
1483 311 1
941 32 1
886 707 1
807 319 1
215 1005 1
651 740 1
1113 1275 1
10 1285 1
1335 92 1
762 412 1
1209 1440 1
1523 490 1
1256 1510 1
604 489 1
971 699 1
1421 118 1
1003 380 1
925 841 1
336 713 1
1422 1175 1
867 1242 1
306 719 1
1277 180 1
143 277 1
116 987 1
1449 1479 1
1293 205 1
1258 598 1
68 1484 1
1394 1186 1
1191 1142 1
709 178 1
349 53 1
360 461 1
1351 817 1
1105 1357 1
950 509 1
551 1488 1
983 1128 1
1181 693 1
514 224 1
187 1001 1
885 1239 1
692 753 1
1138 728 1
95 840 1
343 1521 1
686 858 1
522 366 1
436 1205 1
981 715 1
56 1136 1
641 542 1
676 699 1
1100 15 1
657 968 1
1 179 1
928 480 1
1349 420 1
557 291 1
931 997 1
1241 810 1
28 1085 1
531 766 1
283 682 1
122 926 1
571 1400 1
750 473 1
1162 1460 1
1020 1104 1
1279 581 1
940 426 1
1463 1466 1
390 1113 1
104 1464 1
1044 278 1
52 897 1
1001 322 1
158 99 1
752 1144 1
455 340 1
388 223 1
285 434 1
527 518 1
558 524 1
74 1308 1
966 243 1
757 1379 1
254 432 1
272 517 1
523 967 1
621 587 1
992 788 1
1063 957 1
1036 1080 1
116 1098 1
1139 296 1
189 222 1
635 1013 1
550 130 1
378 106 1
44 970 1
23 1278 1
64 974 1
145 915 1
1385 993 1
412 1198 1
191 1096 1
91 26 1
568 1410 1
384 656 1
867 1106 1
1222 948 1
1343 281 1
994 233 1
357 385 1
7 10 1
125 1302 1
1372 1472 1
1358 119 1
1500 1182 1
303 1215 1
650 1462 1
1076 1160 1
701 1015 1
267 443 1
359 1371 1
1187 942 1
859 1363 1
1411 1512 1
437 783 1
363 635 1
1303 1442 1
200 1491 1
1486 1249 1
597 938 1
1048 6 1
1151 565 1
1015 286 1
296 1339 1
294 250 1
1283 1073 1
700 240 1
701 878 1
871 1272 1
1141 1524 1
321 1402 1
795 409 1
993 1057 1
365 1038 1
1198 911 1
1361 1268 1
208 1337 1
1460 663 1
495 421 1
1352 1498 1
133 1468 1
536 674 1
1143 289 1
968 1093 1
1384 893 1
566 1023 1
1201 751 1
780 451 1
1166 927 1
933 571 1
110 1394 1
457 1508 1
1466 129 1
793 8 1
802 918 1
1145 816 1
693 1065 1
664 1125 1
1314 212 1
1313 997 1
628 932 1
909 591 1
543 1481 1
294 457 1
1498 803 1
61 1381 1
1482 598 1
714 657 1
252 350 1
1471 1342 1
523 1132 1
836 428 1
198 303 1
552 195 1
346 1419 1
397 145 1
1288 1219 1
164 829 1
889 254 1
842 1440 1
765 258 1
440 1071 1
810 461 1
901 875 1
814 754 1
415 629 1
1307 20 1
394 854 1
422 690 1
1050 697 1
906 747 1
425 968 1
1341 631 1
1268 974 1
1321 1372 1
114 1108 1
1122 1042 1
344 286 1
1203 1176 1
543 253 1
478 893 1
878 1097 1
1325 85 1
1128 1035 1
430 1332 1
793 1378 1
117 1318 1
1345 401 1
1094 805 1
996 1513 1
55 700 1
433 1503 1
1501 842 1
1521 901 1
1434 409 1
1118 309 1
1284 1017 1
698 279 1
962 306 1
1227 151 1
1065 316 1
251 1200 1
1362 1208 1
838 1327 1
1350 1333 1
1078 780 1
565 1264 1
287 1497 1
585 1000 1
1322 88 1
1424 1251 1
1312 36 1
0 1228 1
1249 400 1
1464 687 1
718 440 1
683 682 1
293 1362 1
1301 263 1
813 718 1
1383 146 1
72 25 1
318 1332 1
117 28 1
1153 1147 1
743 1298 1
106 885 1
1390 555 1
1126 720 1
985 100 1
942 426 1
821 1378 1
999 69 1
1142 86 1
1357 823 1
305 200 1
230 228 1
141 1173 1
841 157 1
592 719 1
718 874 1
564 1389 1
285 331 1
876 1195 1
935 1135 1
257 51 1
521 1436 1
472 723 1
1311 551 1
374 823 1
937 877 1
926 1511 1
409 324 1
715 1493 1
936 609 1
1370 1470 1
922 1062 1
1364 1155 1
771 692 1
1283 548 1
1027 25 1
316 1177 1
450 484 1
864 43 1
440 182 1
1513 733 1
1328 811 1
742 485 1
580 1285 1
384 1282 1
9 186 1
792 1140 1
247 909 1
1277 950 1
871 1310 1
487 1194 1
341 554 1
409 935 1
10 627 1
1060 990 1
929 745 1
1491 1214 1
983 42 1
1039 437 1
1368 740 1
335 694 1
1412 868 1
1386 54 1
1137 1126 1
1140 1255 1
1196 34 1
1198 438 1
10 84 1
613 204 1
334 254 1
1478 1295 1
739 666 1
715 446 1
589 1384 1
1049 359 1
43 364 1
999 750 1
1126 1012 1
226 78 1
385 412 1
988 1174 1
1119 233 1
784 1363 1
1482 390 1
1415 707 1
1055 424 1
100 704 1
1522 1251 1
448 57 1
1517 1107 1
16 715 1
1404 42 1
631 677 1
1048 986 1
190 222 1
1230 1068 1
197 124 1
1043 1431 1
654 934 1
855 66 1
246 863 1
586 130 1
758 755 1
52 1455 1
1283 1314 1
81 325 1
788 328 1
1196 297 1
1285 601 1
274 1283 1
481 522 1
358 1200 1
1365 323 1
1165 313 1
1241 838 1
1233 1048 1
575 441 1
516 1516 1
6 355 1
216 685 1
883 1307 1
1088 102 1
681 1130 1
1324 1213 1
32 448 1
144 609 1
618 865 1
1103 1494 1
671 1206 1
965 121 1
363 1078 1
839 346 1
696 425 1
156 1229 1
851 1420 1
272 9 1
445 816 1
816 667 1
177 1187 1
1210 874 1
78 739 1
431 335 1
458 1217 1
677 1095 1
665 1375 1
317 1044 1
191 1081 1
973 703 1
88 876 1
220 1107 1
1106 674 1
370 75 1
1317 221 1
473 8 1
1469 1111 1
680 420 1
77 967 1
639 339 1
914 477 1
443 422 1
982 1214 1
1050 1107 1
1491 317 1
607 706 1
149 283 1
778 627 1
1056 252 1
524 225 1
1088 1025 1
554 207 1
475 998 1
609 711 1
925 534 1
80 323 1
763 670 1
223 1241 1
904 772 1
220 3 1
940 339 1
1144 587 1
850 611 1
1010 1254 1
419 961 1
1272 823 1
846 1188 1
1488 49 1
119 118 1
702 785 1
350 1450 1
716 908 1
731 1412 1
376 692 1
1191 897 1
462 34 1
689 378 1
592 1362 1
482 168 1
128 1374 1
279 1091 1
1349 34 1
501 1486 1
1038 368 1
1342 405 1
1269 452 1
1406 153 1
97 42 1
1409 487 1
711 29 1
1487 1007 1
1204 17 1
1084 575 1
827 1489 1
1192 1286 1
932 39 1
159 937 1
928 63 1
556 604 1
1048 143 1
253 1227 1
181 944 1
38 436 1
1366 342 1
155 64 1
1514 387 1
1514 499 1
1214 334 1
497 163 1
429 1232 1
691 30 1
638 1446 1
27 20 1
1140 1033 1
1221 573 1
870 1039 1
1209 878 1
800 831 1
210 618 1
118 32 1
1165 1379 1
1512 765 1
1004 1019 1
84 1207 1
694 1343 1
878 64 1
376 366 1
395 811 1
632 811 1
766 136 1
1032 395 1
1505 910 1
892 484 1
1184 358 1
794 586 1
57 717 1
154 860 1
257 1219 1
76 557 1
556 318 1
1201 1371 1
1288 23 1
613 13 1
1363 440 1
837 203 1
237 340 1
1250 624 1
490 412 1
1218 1329 1
995 563 1
1351 1331 1
996 608 1
791 1071 1
955 1153 1
939 560 1
922 702 1
1315 273 1
1211 1418 1
357 1189 1
199 56 1
1388 564 1
708 940 1
225 261 1
30 1002 1
1286 1506 1
999 384 1
794 1045 1
290 1220 1
598 336 1
948 154 1
1079 914 1
445 856 1
155 994 1
653 1452 1
551 826 1
83 289 1
1468 1020 1
186 232 1
393 858 1
272 847 1
450 712 1
1314 613 1
786 600 1
1493 187 1
1070 1230 1
1203 203 1
416 231 1
884 71 1
946 728 1
371 1054 1
1041 860 1
1433 239 1
158 1358 1
135 985 1
1047 1044 1
431 1282 1
936 782 1
1125 1002 1
1515 1346 1
191 1298 1
1245 237 1
236 583 1
83 1495 1
982 1106 1
384 791 1
775 1467 1
436 925 1
1408 90 1
585 54 1
46 275 1
765 475 1
1132 828 1
297 19 1
1114 1441 1
1146 447 1
1248 853 1
481 895 1
1475 930 1
101 86 1
1393 139 1
123 1489 1
125 183 1
1066 318 1
453 229 1
590 1484 1
860 1390 1
476 1290 1
1299 1382 1
767 395 1
1497 227 1
1251 294 1
134 1490 1
761 998 1
723 182 1
265 1119 1
470 775 1
919 824 1
1169 654 1
234 1185 1
256 1278 1
259 726 1
562 1463 1
1049 1487 1
38 855 1
597 712 1
242 642 1
810 272 1
311 1289 1
1431 790 1
633 1321 1
1388 1210 1
50 679 1
17 1313 1
1137 615 1
1163 835 1
329 807 1
1399 95 1
173 274 1
1140 1307 1
1429 1181 1
1173 735 1
683 1160 1
1440 1503 1
819 445 1
575 39 1
1477 1107 1
715 103 1
37 947 1
1381 201 1
1193 1006 1
459 621 1
774 373 1
1179 1457 1
1195 873 1
1298 1312 1
114 1504 1
970 1219 1
747 360 1
1253 984 1
1176 157 1
279 154 1
157 1043 1
940 715 1
178 842 1
969 110 1
413 553 1
1454 22 1
627 41 1
1426 510 1
949 441 1
712 1058 1
1115 525 1
1014 744 1
662 550 1
277 287 1
375 902 1
1389 497 1
1429 593 1
1347 516 1
385 515 1
1340 1204 1
326 626 1
599 59 1
659 691 1
90 1007 1
738 484 1
812 1123 1
282 97 1
670 1094 1
1300 1502 1
1398 149 1
1190 1492 1
787 1259 1
516 343 1
340 552 1
1145 908 1
273 1097 1
1340 463 1
875 1455 1
1144 74 1
519 567 1
1130 1437 1
85 1347 1
992 1003 1
960 551 1
383 1263 1
1301 1109 1
1329 1043 1
761 264 1
988 561 1
226 1196 1
592 1269 1
261 852 1
1131 1150 1
646 1175 1
988 933 1
576 507 1
455 296 1
812 377 1
1213 191 1
419 923 1
1208 136 1
102 44 1
342 990 1
783 671 1
267 1061 1
1524 1250 1
1060 1210 1
438 248 1
799 971 1
1520 658 1
418 633 1
705 1217 1
34 729 1
953 859 1
600 757 1
1485 699 1
1483 1387 1
771 500 1
75 399 1
81 1110 1
130 482 1
610 982 1
188 582 1
781 164 1
926 995 1
967 867 1
325 674 1
1181 1414 1
577 665 1
692 255 1
849 1478 1
546 409 1
408 1305 1
302 1333 1
777 1169 1
633 317 1
1509 1052 1
913 1136 1
1293 1261 1
861 297 1
1431 1083 1
1008 1238 1
365 417 1
434 1462 1
754 1091 1
693 158 1
659 1401 1
1045 518 1
844 991 1
1055 716 1
804 1050 1
863 610 1
651 836 1
928 356 1
163 399 1
399 845 1
352 793 1
1222 383 1
530 1518 1
672 549 1
1422 1325 1
1289 472 1
19 760 1
612 664 1
349 1148 1
823 1043 1
1364 65 1
1502 808 1
347 1334 1
784 1070 1
1042 887 1
1435 1399 1
1028 1513 1
35 517 1
1347 173 1
651 572 1
1370 150 1
246 461 1
1448 215 1
843 660 1
931 227 1
387 1086 1
1236 431 1
1048 719 1
125 1276 1
550 729 1
753 621 1
1108 681 1
175 953 1
808 1447 1
139 181 1
1471 657 1
1372 1227 1
1168 341 1
647 678 1
1102 1191 1
536 1184 1
520 1398 1
324 1258 1
24 332 1
682 652 1
1275 750 1
1158 425 1
201 1390 1
1188 64 1
1404 1436 1
34 389 1
1323 1367 1
1181 94 1
406 1190 1
760 1037 1
961 486 1
338 643 1
305 1159 1
1277 856 1
832 826 1
9 1089 1
195 1069 1
857 671 1
248 1268 1
410 474 1
850 1158 1
1491 611 1
174 45 1
4 486 1
1409 413 1
1323 385 1
1326 1482 1
1206 1130 1
1356 1092 1
87 1240 1
1525 1344 1
441 891 1
301 916 1
336 530 1
518 512 1
225 1292 1
1228 1243 1
333 1131 1
67 792 1
286 1391 1
885 74 1
1196 1459 1
1161 150 1
241 202 1
1033 763 1
1292 939 1
478 433 1
1034 1120 1
83 51 1
1096 1164 1
620 664 1
972 42 1
280 86 1
1338 694 1
998 1275 1
150 37 1
468 264 1
551 707 1
1067 1483 1
98 348 1
1296 1420 1
277 864 1
115 345 1
166 954 1
1345 1379 1
92 502 1
144 1203 1
423 135 1
143 872 1
1357 1221 1
63 296 1
1074 765 1
462 1041 1
537 71 1
1017 807 1
1506 1073 1
917 1051 1
1367 1293 1
1501 1187 1
1461 421 1
65 991 1
510 1216 1
422 220 1
741 870 1
1315 179 1
920 161 1
319 1471 1
754 930 1
1264 932 1
291 614 1
240 1296 1
640 268 1
950 1522 1
1081 761 1
288 918 1
914 1058 1
1022 673 1
25 1314 1
616 880 1
262 1132 1
1069 936 1
749 1387 1
82 1250 1
414 1280 1
181 832 1
598 696 1
16 168 1
637 1167 1
470 175 1
1119 916 1
834 645 1
933 209 1
573 1231 1
348 1367 1
664 890 1
557 631 1
374 826 1
974 752 1
787 197 1
553 1511 1
20 1122 1
349 446 1
286 1485 1
818 620 1
250 162 1
251 267 1
1438 1004 1
463 257 1
721 960 1
961 1068 1
823 454 1
679 1132 1
180 698 1
656 795 1
1055 228 1
1360 766 1
535 976 1
1211 1454 1
134 962 1
230 990 1
115 893 1
219 1186 1
482 1411 1
265 1357 1
668 1327 1
1234 1133 1
1235 736 1
56 491 1
1496 1445 1
792 206 1
847 617 1
1029 202 1
944 400 1
1237 1110 1
974 1137 1
57 811 1
584 1066 1
263 87 1
482 310 1
1110 1209 1
738 225 1
227 1286 1
1524 1302 1
581 922 1
960 913 1
536 456 1
740 524 1
1159 579 1
1363 527 1
666 479 1
183 714 1
614 431 1
287 938 1
872 1449 1
99 566 1
550 837 1
193 1293 1
919 759 1
312 800 1
1359 745 1
15 1029 1
442 1167 1
1424 634 1
18 455 1
792 1083 1
920 366 1
761 963 1
504 154 1
905 871 1
1456 1087 1
1045 1457 1
1372 1446 1
1275 1069 1
841 590 1
253 602 1
770 202 1
1364 349 1
1318 653 1
231 589 1
100 469 1
598 849 1
1124 852 1
577 1482 1
828 801 1
130 319 1
764 1052 1
288 1222 1
1001 827 1
53 1036 1
202 171 1
182 1104 1
838 457 1
858 372 1
624 1087 1
1387 223 1
20 1341 1
903 1220 1
1179 1430 1
1262 1294 1
432 1389 1
1397 498 1
373 1525 1
1391 644 1
769 285 1
676 2 1
1195 786 1
529 223 1
677 1098 1
1011 410 1
527 1375 1
276 875 1
1318 775 1
985 530 1
819 1240 1
93 1101 1
1092 963 1
693 1149 1
1125 936 1
1447 1124 1
831 848 1
1430 529 1
105 65 1
1296 1496 1
1053 169 1
1323 79 1
984 1 1
456 1194 1
1424 543 1
725 689 1
971 24 1
835 200 1
1100 87 1
298 743 1
1503 284 1
295 616 1
1025 1084 1
170 1426 1
1499 494 1
1204 257 1
838 1407 1
1087 1021 1
59 568 1
810 1406 1
1212 1377 1
492 644 1
122 1323 1
1075 293 1
284 89 1
316 14 1
1232 1159 1
645 555 1
132 909 1
310 1312 1
298 1016 1
1149 180 1
755 1261 1
234 315 1
1337 314 1
1472 416 1
464 276 1
296 347 1
999 1068 1
118 123 1
353 695 1
113 1489 1
148 108 1
382 1077 1
785 779 1
810 1353 1
7 818 1
818 164 1
575 1104 1
719 189 1
1239 1145 1
28 1048 1
69 413 1
314 376 1
403 109 1
1097 313 1
790 486 1
500 1411 1
1116 1053 1
1308 598 1
129 1408 1
359 210 1
839 705 1
1077 1317 1
673 247 1
1498 2 1
1061 1469 1
772 126 1
1119 630 1
1201 734 1
1206 692 1
448 1479 1
405 773 1
801 1142 1
1109 1349 1
354 648 1
481 1161 1
1112 1380 1
1076 18 1
988 263 1
786 835 1
1162 170 1
700 316 1
1194 158 1
135 425 1
1077 912 1
1425 86 1
594 313 1
1253 1165 1
41 266 1
194 346 1
417 1504 1
1339 60 1
808 453 1
203 767 1
649 574 1
1164 1134 1
200 647 1
1176 58 1
226 331 1
1290 1180 1
420 810 1
706 699 1
1427 737 1
1150 1341 1
951 807 1
594 796 1
101 1264 1
621 194 1
559 0 1
13 1130 1
945 1058 1
1479 90 1
431 569 1
1268 942 1
901 21 1
41 419 1
497 863 1
283 87 1
951 788 1
471 1221 1
151 535 1
548 337 1
510 189 1
450 440 1
196 466 1
1304 388 1
549 289 1
567 1330 1
205 504 1
46 189 1
404 762 1
453 1047 1
275 1 1
34 1399 1
1466 22 1
27 483 1
1053 631 1
811 1409 1
877 604 1
950 505 1
720 127 1
542 347 1
236 870 1
289 984 1
1061 425 1
5 246 1
891 215 1
540 623 1
423 1482 1
817 76 1
6 1273 1
1033 1205 1
1009 648 1
420 928 1
964 433 1
1136 981 1
1201 1292 1
351 1082 1
1072 58 1
518 384 1
941 633 1
1026 787 1
1400 610 1
1350 638 1
598 1447 1
184 133 1
505 861 1
1221 1367 1
1108 267 1
797 336 1
1006 453 1
893 593 1
274 924 1
455 215 1
473 553 1
744 596 1
691 1381 1
702 82 1
622 487 1
108 1138 1
814 1438 1
766 228 1
1425 997 1
1377 1511 1
1171 700 1
1075 867 1
331 706 1
1384 528 1
944 1422 1
1129 1041 1
679 779 1
844 59 1
1175 1338 1
958 96 1
591 1096 1
1016 221 1
1310 152 1
734 1115 1
296 87 1
1264 1166 1
553 1443 1
647 1080 1
1031 1507 1
304 329 1
49 211 1
541 94 1
1259 350 1
484 1416 1
1101 1078 1
281 314 1
602 159 1
185 7 1
1451 1180 1
1338 28 1
772 157 1
292 989 1
482 497 1
688 680 1
880 356 1
489 864 1
105 910 1
963 1212 1
1424 1302 1
58 1414 1
402 404 1
133 1124 1
1095 230 1
1485 1227 1
1374 776 1
6 468 1
1513 1404 1
1133 929 1
1030 1456 1
429 756 1
1113 1224 1
1328 314 1
635 929 1
566 1069 1
835 853 1
1338 987 1
509 923 1
35 516 1
661 687 1
1000 63 1
1392 1248 1
541 607 1
1083 12 1
1069 826 1
642 264 1
1191 771 1
1224 1251 1
499 1181 1
1007 960 1
807 116 1
1075 323 1
152 506 1
996 297 1
790 98 1
881 120 1
634 899 1
1482 765 1
264 302 1
278 761 1
1219 871 1
185 1346 1
379 472 1
984 763 1
1047 256 1
1445 1349 1
979 1476 1
1185 1270 1
1182 947 1
900 122 1
728 241 1
1474 883 1
606 148 1
1046 168 1
950 884 1
1370 1183 1
804 754 1
146 261 1
371 47 1
566 517 1
1418 175 1
1379 1320 1
1368 534 1
1128 371 1
1253 669 1
1021 258 1
1042 1384 1
119 141 1
1182 1005 1
270 1379 1
1504 407 1
961 90 1
921 1282 1
1122 104 1
228 966 1
600 540 1
355 462 1
818 875 1
276 831 1
609 318 1
519 962 1
902 1177 1
386 134 1
870 847 1
663 5 1
1484 1378 1
90 97 1
1475 572 1
436 1171 1
548 624 1
163 586 1
1355 995 1
1033 412 1
1353 38 1
809 1244 1
1231 144 1
1463 1218 1
1287 379 1
751 29 1
503 300 1
120 1193 1
1226 674 1
144 113 1
1396 475 1
391 1383 1
449 956 1
1494 798 1
498 343 1
712 1181 1
353 469 1
320 1335 1
952 1062 1
305 780 1
396 1113 1
615 1498 1
165 1074 1
678 1522 1
1359 855 1
233 344 1
159 516 1
724 1265 1
1177 705 1
1172 1484 1
893 146 1
182 1118 1
1149 1162 1
977 518 1
1227 594 1
689 1279 1
288 1415 1
1138 343 1
548 372 1
138 213 1
587 627 1
319 78 1
45 655 1
1446 85 1
897 339 1
1413 771 1
434 364 1
735 1080 1
477 595 1
581 940 1
1375 326 1
1224 123 1
1308 612 1
1112 1200 1
290 6 1
1470 1435 1
1409 398 1
610 447 1
479 708 1
377 503 1
1402 1523 1
599 1315 1
466 1295 1
491 245 1
1526 1396 1
869 1079 1
790 324 1
86 970 1
913 359 1
548 1324 1
488 960 1
1140 1343 1
697 1031 1
1203 969 1
1248 1247 1
488 128 1
871 192 1
1144 104 1
535 1151 1
1200 757 1
857 719 1
467 137 1
496 451 1
1493 997 1
1127 905 1
327 1240 1
532 682 1
621 65 1
1281 1199 1
1196 1073 1
687 886 1
765 1033 1
1246 167 1
874 1148 1
249 485 1
629 827 1
403 884 1
588 359 1
608 1177 1
120 891 1
1426 687 1
798 533 1
1172 936 1
1312 1347 1
1031 1163 1
340 1257 1
1254 1461 1
560 300 1
862 1417 1
1010 619 1
897 724 1
109 1287 1
206 317 1
98 1258 1
911 1152 1
1348 532 1
626 851 1
1085 1092 1
709 67 1
511 505 1
855 844 1
1027 708 1
276 1195 1
297 447 1
68 675 1
763 736 1
699 729 1
1271 662 1
741 1340 1
459 500 1
1329 157 1
118 276 1
573 224 1
1507 777 1
1306 1154 1
271 260 1
967 1258 1
381 1031 1
1337 1179 1
60 946 1
426 1299 1
1183 463 1
800 1366 1
92 683 1
525 99 1
390 608 1
242 588 1
170 115 1
1399 566 1
1403 1499 1
928 198 1
1244 800 1
1443 1038 1
162 335 1
1108 1002 1
794 374 1
1332 52 1
494 1371 1
538 143 1
848 470 1
1255 676 1
435 7 1
627 61 1
934 534 1
1418 992 1
328 107 1
1302 695 1
614 729 1
977 693 1
512 1284 1
317 219 1
70 975 1
494 1021 1
407 738 1
606 428 1
1516 756 1
400 899 1
1043 1291 1
392 874 1
1 268 1
709 1365 1
1029 1490 1
148 923 1
192 1144 1
998 214 1
452 218 1
1491 1353 1
1506 1394 1
1053 151 1
327 1291 1
643 1368 1
819 237 1
1180 831 1
1236 882 1
718 533 1
1223 1187 1
1279 1319 1
75 531 1
1450 1386 1
1238 1063 1
870 903 1
686 786 1
673 1329 1
936 540 1
412 499 1
1419 1168 1
406 940 1
545 721 1
1339 550 1
718 490 1
55 1164 1
361 684 1
1282 46 1
1092 588 1
1299 1094 1
504 360 1
1084 955 1
1261 925 1
654 1489 1
674 769 1
1018 1064 1
1515 1232 1
1107 972 1
160 1158 1
258 84 1
1291 888 1
859 163 1
777 1464 1
1275 290 1
750 366 1
1331 201 1
1192 513 1
976 1180 1
306 640 1
1132 1322 1
1177 865 1
652 1303 1
1444 1512 1
605 471 1
283 1344 1
861 312 1
1330 693 1
1416 748 1
899 416 1
1336 1225 1
398 1311 1
119 1057 1
1148 1342 1
496 50 1
664 465 1
117 355 1
1033 654 1
1486 337 1
1509 904 1
723 455 1
316 460 1
902 1248 1
796 672 1
1054 1072 1
606 783 1
854 393 1
954 968 1
1179 1520 1
48 686 1
1331 791 1
1142 365 1
1158 980 1
1121 1461 1
1262 795 1
817 501 1
1213 238 1
44 94 1
1342 1265 1
439 1351 1
821 1172 1
1323 58 1
1481 1411 1
1022 1111 1
671 573 1
10 919 1
64 724 1
588 1299 1
736 651 1
956 1084 1
345 148 1
624 1256 1
1452 342 1
1481 587 1
1262 1383 1
746 813 1
956 446 1
362 1369 1
1043 1266 1
921 1364 1
489 1457 1
1346 4 1
669 1222 1
1214 1157 1
161 1103 1
635 102 1
127 554 1
466 1105 1
54 14 1
567 1181 1
1124 588 1
1316 46 1
1330 983 1
52 492 1
1091 1370 1
1323 1167 1
1472 876 1
429 128 1
926 279 1
1351 578 1
66 1174 1
355 891 1
335 1004 1
1021 445 1
832 674 1
557 0 1
1463 1233 1
134 59 1
1187 750 1
876 390 1
797 92 1
295 208 1
400 18 1
1271 815 1
557 921 1
1215 655 1
1058 1376 1
948 664 1
36 1293 1
356 603 1
344 819 1
820 1048 1
367 639 1
1375 245 1
1473 945 1
454 142 1
1280 869 1
1372 1150 1
547 1032 1
82 1437 1
1265 590 1
1497 414 1
1457 129 1
938 1480 1
989 766 1
502 1500 1
638 668 1
845 918 1
1506 1406 1
464 104 1
853 211 1
1036 1084 1
778 746 1
283 82 1
805 423 1
1427 1452 1
1485 585 1
1098 458 1
1391 1277 1
1085 1060 1
1008 865 1
21 1158 1
1264 1112 1
539 424 1
888 355 1
969 1346 1
596 683 1
1427 143 1
507 232 1
229 403 1
1495 426 1
579 151 1
22 1319 1
239 1142 1
948 1523 1
225 213 1
170 793 1
890 418 1
339 185 1
46 735 1
611 1178 1
735 895 1
222 1169 1
420 239 1
416 760 1
999 433 1
1373 663 1
428 459 1
928 844 1
549 1152 1
392 1415 1
1326 235 1
68 1457 1
701 460 1
737 395 1
278 475 1
575 229 1
997 667 1
775 892 1
1377 1301 1
571 1015 1
731 1120 1
1295 517 1
789 288 1
915 1195 1
42 1237 1
905 1354 1
1446 277 1
1093 447 1
1157 395 1
713 1346 1
1425 667 1
270 710 1
572 43 1
773 410 1
75 1313 1
158 1100 1
980 1504 1
1263 1044 1
392 368 1
1092 1124 1
483 326 1
531 443 1
153 576 1
340 1241 1
332 111 1
1185 781 1
915 751 1
1387 809 1
1482 534 1
1060 1176 1
79 1400 1
1429 335 1
818 491 1
706 208 1
1001 57 1
14 356 1
132 402 1
139 557 1
1242 1385 1
1210 619 1
1386 1122 1
952 1030 1
490 1260 1
148 912 1
588 364 1
601 1415 1
318 415 1
334 1167 1
1079 221 1
1459 444 1
214 1157 1
52 1066 1
266 721 1
573 903 1
756 521 1
448 1127 1
763 955 1
636 741 1
1066 1519 1
716 765 1
511 1434 1
754 252 1
214 900 1
532 1155 1
713 458 1
31 816 1
815 88 1
831 498 1
1186 1276 1
438 841 1
224 1262 1
1106 1333 1
196 1236 1
1455 196 1
626 115 1
1458 543 1
326 439 1
1009 1428 1
571 1158 1
764 1129 1
1099 1407 1
669 1107 1
453 1201 1
603 1007 1
572 938 1
583 321 1
1229 1035 1
779 1514 1
1143 242 1
946 1095 1
663 263 1
866 1275 1
661 1326 1
1195 815 1
583 1081 1
872 213 1
55 181 1
684 1088 1
413 661 1
1349 943 1
908 1161 1
622 734 1
365 951 1
704 343 1
1197 443 1
1522 1006 1
700 206 1
1329 849 1
881 464 1
824 65 1
458 902 1
1089 891 1
1389 1482 1
1037 1491 1
583 244 1
1294 190 1
92 789 1
659 795 1
825 945 1
181 1447 1
12 725 1
39 31 1
1220 570 1
851 702 1
1047 824 1
1490 1118 1
1105 310 1
658 628 1
207 1008 1
569 539 1
839 1496 1
1031 437 1
1189 1427 1
379 993 1
591 188 1
1175 1306 1
732 197 1
935 455 1
621 1408 1
500 152 1
625 1403 1
1276 140 1
1420 958 1
1214 828 1
699 1027 1
1334 341 1
1057 485 1
734 1425 1
424 889 1
1401 238 1
1120 171 1
925 739 1
1025 843 1
829 1259 1
375 185 1
1225 557 1
798 813 1
384 613 1
1456 615 1
319 1312 1
319 1491 1
1296 821 1
1387 575 1
559 882 1
1275 64 1
1154 1026 1
732 1380 1
372 172 1
69 711 1
870 1 1
659 730 1
1150 147 1
232 541 1
740 448 1
294 1157 1
1371 952 1
39 797 1
1139 1328 1
413 154 1
1126 329 1
553 1367 1
1477 776 1
1309 1042 1
239 244 1
987 100 1
1199 35 1
719 1383 1
1070 231 1
1373 799 1
1345 1062 1
179 198 1
912 266 1
1225 68 1
14 518 1
1239 691 1
675 1204 1
248 101 1
863 1357 1
925 488 1
1138 1515 1
1084 588 1
342 1146 1
1035 1192 1
361 666 1
142 521 1
851 176 1
1354 830 1
1313 612 1
670 233 1
767 212 1
649 1228 1
930 111 1
1471 1156 1
1325 1012 1
1272 883 1
1394 13 1
949 1316 1
831 48 1
404 1346 1
519 1317 1
648 141 1
1075 1368 1
838 537 1
1325 1486 1
856 1226 1
1027 859 1
572 683 1
64 1272 1
480 500 1
1152 836 1
1140 64 1
1391 277 1
338 1297 1
1222 323 1
376 965 1
1264 570 1
553 644 1
755 1297 1
68 1218 1
89 520 1
934 50 1
1519 1269 1
474 1192 1
595 120 1
823 1041 1
528 178 1
820 491 1
695 634 1
131 1433 1
361 391 1
527 264 1
1303 148 1
884 4 1
162 435 1
614 1274 1
365 40 1
733 1432 1
1228 923 1
58 520 1
121 1397 1
996 399 1
940 445 1
961 664 1
658 857 1
711 825 1
462 1281 1
922 1084 1
34 1205 1
1373 1401 1
992 914 1
777 1187 1
1099 412 1
776 1483 1
1319 351 1
1358 1356 1
1368 465 1
670 633 1
150 1267 1
1411 1038 1
423 1516 1
94 15 1
346 299 1
147 846 1
1260 673 1
1492 1434 1
1224 775 1
776 1459 1
1067 301 1
51 397 1
846 1067 1
960 1350 1
409 1178 1
1423 1252 1
1309 1325 1
660 488 1
1297 399 1
1009 228 1
1441 398 1
1232 539 1
751 1079 1
558 574 1
1217 826 1
442 1125 1
642 804 1
703 1510 1
126 525 1
957 1489 1
751 1463 1
182 112 1
1522 1003 1
1348 841 1
1281 1512 1
935 376 1
1361 666 1
971 1316 1
916 843 1
3 832 1
742 914 1
573 1441 1
1414 782 1
1067 281 1
550 270 1
230 1229 1
834 584 1
2 1297 1
924 1014 1
854 1260 1
1337 80 1
578 1412 1
1254 1345 1
1202 1255 1
556 1418 1
131 1497 1
1104 1352 1
824 878 1
1361 334 1
1393 1509 1
1382 258 1
178 621 1
127 1133 1
1169 62 1
1091 1036 1
323 906 1
83 627 1
1019 1103 1
1225 740 1
894 165 1
1059 1406 1
1029 181 1
401 1172 1
391 1360 1
1349 1064 1
884 33 1
369 286 1
1108 97 1
45 899 1
1028 302 1
1142 1188 1
978 345 1
296 593 1
100 768 1
322 210 1
1525 482 1
732 1176 1
720 733 1
374 1351 1
861 1460 1
580 1335 1
747 396 1
1419 1248 1
485 1139 1
287 1334 1
529 1358 1
522 298 1
508 199 1
917 1076 1
451 1117 1
243 1166 1
620 56 1
822 1366 1
880 578 1
1027 1461 1
1233 1035 1
679 814 1
373 1295 1
1213 1246 1
1082 57 1
1270 924 1
1426 658 1
930 828 1
192 1143 1
686 850 1
269 1266 1
839 156 1
511 685 1
1111 281 1
47 847 1
1267 1189 1
366 1129 1
1191 325 1
30 676 1
1298 764 1
934 495 1
1414 1178 1
988 655 1
1431 922 1
1252 11 1
509 1485 1
907 916 1
125 462 1
549 650 1
1169 236 1
569 1211 1
465 1214 1
1447 963 1
896 637 1
367 881 1
26 240 1
513 236 1
330 251 1
96 186 1
1220 1085 1
157 1011 1
773 441 1
104 363 1
176 187 1
1145 861 1
89 10 1
723 285 1
335 377 1
544 1493 1
347 994 1
512 1313 1
1464 918 1
1380 249 1
665 483 1
922 1163 1
653 979 1
483 540 1
988 176 1
122 1211 1
30 885 1
1202 358 1
1308 729 1
109 1074 1
325 280 1
630 133 1
617 508 1
1386 1244 1
434 248 1
757 438 1
543 468 1
437 645 1
1476 308 1
1340 864 1
1270 1013 1
67 694 1
1007 1004 1
312 959 1
329 774 1
1099 702 1
189 66 1
90 1026 1
1505 726 1
1026 453 1
1092 725 1
1247 1028 1
612 558 1
997 896 1
1087 568 1
1245 454 1
345 786 1
891 1526 1
1321 1192 1
1264 487 1
527 120 1
1184 535 1
1218 1444 1
861 328 1
944 491 1
1005 270 1
221 622 1
1166 83 1
557 59 1
269 215 1
1243 158 1
932 1319 1
1432 406 1
1071 427 1
407 290 1
962 557 1
1437 291 1
1103 161 1
695 1010 1
1436 573 1
477 825 1
775 1131 1
1352 1271 1
1168 237 1
1286 757 1
268 1316 1
195 1215 1
827 499 1
305 46 1
1340 1050 1
981 815 1
1365 1223 1
1205 234 1
480 956 1
551 896 1
1193 1361 1
375 420 1
485 1056 1
651 369 1
486 597 1
155 1503 1
96 411 1
519 546 1
1467 1024 1
865 177 1
254 1456 1
1259 1519 1
311 265 1
282 432 1
888 1459 1
276 220 1
879 1022 1
578 333 1
450 864 1
1254 650 1
379 362 1
712 446 1
1074 595 1
536 1262 1
300 1420 1
1258 1355 1
765 377 1
176 421 1
1429 625 1
1381 482 1
1140 1128 1
795 1060 1
1052 679 1
1142 288 1
1194 625 1
1408 561 1
912 442 1
337 253 1
686 1210 1
1418 12 1
192 446 1
700 1170 1
1494 160 1
230 835 1
1233 247 1
1477 1518 1
1320 1127 1
1396 493 1
1113 471 1
76 1114 1
427 104 1
808 216 1
1367 275 1
445 119 1
1511 621 1
1135 974 1
1196 230 1
172 290 1
737 898 1
1183 186 1
1234 1099 1
515 1043 1
998 1298 1
90 489 1
1295 1517 1
954 493 1
1145 1336 1
1055 640 1
1160 794 1
991 91 1
746 784 1
129 1244 1
925 1379 1
397 808 1
49 81 1
715 711 1
536 187 1
464 996 1
63 770 1
978 289 1
560 1448 1
122 1240 1
655 449 1
1308 1429 1
1443 526 1
350 1043 1
1090 492 1
27 712 1
115 1303 1
1155 646 1
883 620 1
1335 63 1
1143 264 1
129 511 1
784 77 1
891 320 1
283 1188 1
556 1007 1
1327 881 1
1396 758 1
377 1488 1
1316 231 1
194 1089 1
1174 265 1
139 244 1
672 1044 1
1341 1477 1
956 1388 1
854 1373 1
221 797 1
244 481 1
534 717 1
297 350 1
546 1405 1
1210 632 1
333 1525 1
192 1109 1
1376 429 1
1410 191 1
241 365 1
859 1382 1
1425 700 1
124 361 1
895 749 1
1481 1424 1
80 295 1
704 901 1
838 609 1
1024 1301 1
555 1193 1
1255 501 1
1178 727 1
594 791 1
638 364 1
909 1176 1
657 1423 1
707 1408 1
380 425 1
