4085 7415 0
2379 741 2927
388 932 98
369 172 971
2494 3140 21
2270 3164 730
3150 2081 689
73 3202 711
673 1623 382
3654 2097 228
2827 3632 41
1301 4036 642
97 676 940
2636 942 745
734 543 350
1401 2422 823
829 89 837
2016 2360 92
231 537 417
2255 304 246
3287 2176 96
522 927 55
33 381 895
1878 3888 92
3344 1140 835
1651 1159 373
80 263 812
91 3264 392
1060 3627 545
2779 3576 31
3140 969 218
2313 2381 788
648 1104 878
967 4014 354
347 202 961
174 3747 275
3410 1904 678
2847 2317 220
4 3505 235
34 3425 290
2543 3358 552
3563 3548 941
3453 2525 940
3208 62 370
2566 2173 815
1786 3217 156
3519 112 334
148 1491 846
975 902 918
2883 3274 972
2623 3378 789
959 1618 84
3137 2978 778
2401 2190 207
2290 77 979
1037 1722 3
2106 896 96
3800 3236 689
87 1683 387
1258 3444 106
3586 974 647
2867 1336 753
2194 1289 169
1324 692 410
1472 2995 963
2184 1172 401
3211 2777 478
2755 2973 620
3590 1396 202
891 1327 398
2104 1517 955
3033 1348 956
737 2373 821
210 2110 102
1667 190 496
328 1594 198
672 895 422
384 555 356
2413 2296 587
147 1103 896
3269 2110 931
2577 2762 926
1430 113 920
2741 987 72
1813 97 74
2876 1019 387
2384 1780 653
1280 738 592
3063 606 385
3352 3052 504
2924 1947 472
2296 203 717
3088 683 517
3003 441 670
3129 2423 407
2736 3192 203
661 2770 71
3159 3256 639
1874 1312 587
1518 3217 917
2864 1460 14
2820 2193 160
3647 287 658
1202 1092 986
3098 374 270
947 2065 314
1008 2695 664
3144 1251 506
1754 2431 406
3992 2329 916
3856 946 441
1639 3393 202
2165 3955 719
910 0 130
2704 1712 184
396 6 856
2265 2330 655
1030 2752 704
1293 2122 120
866 2675 55
2643 1966 41
1041 963 378
32 1957 971
3250 1463 526
784 1858 260
1629 3458 854
2707 633 880
835 3618 852
30 947 406
1947 2490 119
756 397 966
995 1013 434
2904 690 569
20 1869 777
3765 3843 450
3833 2431 82
3905 3675 756
458 904 212
1924 1022 22
2002 3290 894
1405 2457 850
3486 2597 222
909 2328 656
698 855 498
3750 787 746
385 1713 908
3843 485 728
2955 3336 177
3602 2628 663
2277 2473 400
592 862 662
2132 2886 665
2632 2015 337
1212 3108 161
1690 504 729
3114 1132 132
2770 2950 381
3457 1511 926
3119 3916 367
634 3226 576
1640 566 189
2098 3087 203
1680 2264 93
3835 3276 250
4048 2075 444
3212 2556 963
915 172 650
505 1847 743
3962 3804 550
3883 3199 602
523 1494 559
2458 2723 402
3099 2050 512
2531 239 93
1795 1922 275
1389 3413 516
938 2150 655
1034 1120 466
452 3266 265
321 3440 18
1433 1510 907
4035 3368 333
1546 2699 521
1808 203 562
1808 2542 789
1412 3204 406
2600 913 953
144 2844 260
736 345 848
232 3465 361
3226 1518 783
1626 3534 245
2891 1789 489
2402 2760 438
951 425 996
2657 639 528
2564 2936 662
3375 2368 999
1573 1256 766
2713 241 745
2677 1434 159
3625 1168 616
1928 2263 995
2873 471 797
3891 2511 793
2729 32 320
401 1763 788
1353 1058 145
1532 1218 530
579 647 759
2826 3477 899
3168 2782 926
2677 1539 905
2450 96 830
1474 3683 753
3767 1376 109
2780 3095 535
2100 2812 527
1884 1188 354
3341 1710 849
3321 827 988
1775 3208 574
1558 2172 235
2792 1544 933
3433 2152 105
3761 2183 682
3960 2072 210
1552 3600 950
414 1176 12
279 2656 842
1603 825 205
1900 685 61
1561 811 12
3253 213 384
617 951 177
3173 2826 153
2844 1088 681
1604 3322 892
3613 478 868
520 3809 491
2376 1714 349
1019 2736 81
1019 3193 389
2792 1957 604
2139 2744 35
3898 3436 29
3074 2885 202
1802 2706 61
2428 2809 874
1361 1789 842
1791 1020 361
849 2976 820
3799 710 679
1683 2703 46
1344 3651 970
699 1528 736
3960 2663 562
1035 2004 43
2606 3539 34
2028 2061 318
1793 574 261
1438 2294 109
689 2099 375
2758 2913 809
625 1733 403
2150 1938 521
359 3133 779
3443 740 639
1885 2744 690
823 2776 807
720 3555 823
3583 47 753
3665 3405 66
123 4064 445
3376 3322 850
762 1258 650
44 3978 51
2241 491 124
1861 113 569
895 1971 817
3749 713 737
2368 1972 395
1387 1160 847
3790 2285 508
89 2891 244
689 3130 77
358 2970 694
1317 3787 924
3600 2109 117
3149 1102 211
3889 936 820
3489 3583 952
3751 2253 143
2200 1907 78
445 2109 960
858 917 27
460 1073 988
47 294 983
3407 756 389
2212 2834 828
773 3850 722
299 2290 729
1234 2016 773
3491 3650 401
1894 3234 707
2651 3298 204
3720 3114 523
14 2685 27
3811 1094 283
3405 529 707
176 405 727
2352 1392 557
3305 2439 710
2225 2397 892
2413 3451 623
1099 837 744
591 1537 750
3636 1355 252
800 755 528
3905 2751 579
993 2239 899
3836 1159 6
1001 1194 513
1702 2579 175
744 3563 729
3291 3235 690
1364 605 100
825 1067 1000
60 3581 42
3419 2758 75
295 1477 279
4070 2975 10
3916 3504 996
1508 367 266
3068 2658 455
1892 1055 490
3107 3779 932
629 3038 457
4055 1794 533
3146 2447 760
190 905 230
4041 976 586
1911 1509 871
2192 3456 815
1446 546 526
2887 14 906
718 3212 795
1439 2346 497
3182 1906 631
2311 1097 437
1922 3150 348
3729 3499 930
3826 2054 530
71 2248 477
384 761 100
467 3366 328
1741 3613 659
848 3703 733
1343 2602 776
3040 289 4
378 2924 298
655 2558 545
1896 3843 704
3179 2613 874
1297 1017 953
3325 1062 217
4045 298 637
2086 601 855
416 2252 138
2023 3575 98
1053 3571 130
230 3797 680
3399 4075 45
929 1226 813
134 1820 337
1732 1193 283
323 3771 914
3059 2759 302
57 2417 651
1127 2126 440
2541 2591 211
3824 3312 402
116 1205 974
2256 363 218
1289 1412 451
2740 2812 545
3440 201 834
2989 894 799
2616 3006 812
25 1988 89
3142 1066 680
551 353 678
2859 1458 753
752 2350 651
645 2855 857
2737 252 52
1952 3213 142
1401 1684 45
693 2918 507
2870 85 861
766 3696 338
3682 17 63
1552 1801 317
2331 3442 299
1017 336 510
372 1651 720
584 1062 1
4008 2088 845
3831 1900 526
464 2121 807
2978 118 786
2161 2442 980
684 345 98
2873 2276 943
1151 2164 161
3696 2324 735
1342 3243 688
762 1665 380
2348 3137 157
69 1784 488
1334 637 902
1129 2901 520
1116 2946 273
3116 1797 777
154 3212 728
1972 3933 820
2923 151 583
455 3329 19
9 1493 606
1126 1940 185
2321 1833 972
1314 419 490
3245 444 667
1240 968 402
3858 580 688
2361 3470 453
728 153 278
2484 3702 230
1299 549 894
19 3310 71
1349 1099 236
2444 1140 713
843 686 277
1595 2493 749
2700 2423 22
2303 3417 283
2743 957 371
3478 1387 329
3627 1541 963
1685 183 899
1103 1582 920
3924 2761 273
2748 790 416
2034 938 542
681 622 644
1219 3245 494
1624 3315 242
446 2883 582
447 3793 688
1185 2311 585
445 412 706
2846 744 571
1290 3192 433
193 3740 114
677 3872 323
924 2678 336
2998 1309 762
3180 714 658
822 3721 631
2323 1012 288
3454 1682 20
2169 3631 172
4008 2444 105
189 9 878
3361 2941 204
2034 2859 419
1840 1882 604
2020 1009 39
145 1629 383
2220 3839 294
794 1025 253
3061 3685 802
2700 1984 533
1351 876 986
3378 2834 45
272 2115 339
3640 3072 934
21 2553 195
1037 2265 534
2191 3162 178
3289 2933 80
2532 2577 825
784 3098 113
2490 3586 311
2946 3219 348
2321 3753 422
1549 3316 195
1473 1651 962
3108 227 185
3414 3162 927
3550 1046 383
3227 2355 336
474 2745 149
1879 996 259
74 3341 230
2769 2899 47
2019 3075 28
2234 3761 1000
1423 3832 317
3571 2359 908
4070 1109 646
2333 2575 648
2626 2701 980
3157 4043 827
3722 1457 101
472 2911 543
1048 1877 196
987 1603 300
566 3419 945
2326 466 836
1841 3924 445
3871 458 124
686 1596 70
3990 1884 379
3436 1440 594
3794 229 621
2066 1798 857
2164 1032 476
513 3026 365
3373 1715 354
2287 3532 303
2423 2683 959
653 3538 959
2320 2709 939
163 1118 475
228 3580 654
552 2740 180
1166 1661 693
3389 1550 793
1416 1471 238
424 100 176
1320 1997 38
531 3160 885
2350 2030 464
2855 870 678
245 298 292
3977 908 105
1562 4063 982
2027 1819 710
2472 1197 322
3752 50 936
333 3420 198
2802 948 487
11 1396 910
44 3583 656
953 1065 313
4067 1670 122
1405 2469 438
2953 854 894
3833 2967 33
3917 3521 581
2387 3699 711
1476 3898 21
1263 1824 650
3029 3163 111
1706 95 477
3506 3371 175
1917 10 665
1476 1141 655
552 2155 1
3113 2236 755
1213 38 75
132 2999 319
3776 3267 204
999 602 810
1710 2252 218
712 340 923
3979 1362 973
2148 425 490
2760 1043 445
2907 3295 853
39 4020 410
2694 799 550
1783 3019 307
3633 2762 176
2199 104 671
3975 1246 686
487 255 1000
3663 2544 411
2393 1068 130
31 1972 265
1295 2914 57
4059 466 319
3194 2300 762
541 1156 957
1507 1168 985
1678 3766 669
1745 2927 799
3183 515 550
2952 3378 739
570 2468 875
1150 2801 928
2128 3615 452
1901 2601 360
3222 1847 764
1936 3836 778
3331 1786 857
1948 1944 812
3678 697 69
2484 888 366
3475 168 856
3689 1064 141
3694 2420 233
2418 3140 640
3034 3375 159
2435 1376 232
348 3806 752
1578 1852 336
1073 1528 523
503 3502 893
2255 3037 133
1026 1349 610
1218 2354 205
3249 1221 374
1648 2300 799
2867 2124 495
2942 2353 492
2187 3091 714
129 3307 765
1519 3495 959
1027 3686 429
940 1925 450
2114 2070 925
3923 656 766
862 1919 933
1729 4066 368
1707 2515 248
1290 2293 660
1852 3623 343
644 2268 382
610 1726 734
2862 1656 46
3499 347 721
2655 2092 235
2941 1963 71
3485 2500 554
1229 1759 279
1766 3043 730
1386 443 282
850 794 566
3585 2476 434
3681 3840 563
3237 1580 582
2223 2731 880
3633 1768 991
492 3312 588
2858 4000 796
3378 1084 591
2479 2401 754
3171 560 456
2744 717 618
2865 2042 829
2475 1595 462
168 1665 251
2262 1393 963
2477 905 343
1961 204 347
2818 2038 47
2672 847 790
1976 3066 698
2688 3343 85
2687 1301 766
1851 1299 214
1106 1048 228
113 450 759
882 897 354
490 3000 947
2890 3383 269
2007 2855 787
2480 2748 809
3618 814 162
3350 804 410
3023 3778 275
847 3716 83
3367 570 56
2347 2980 100
67 1117 586
2973 2575 370
3589 1930 256
514 850 959
1104 3697 418
3307 2674 542
319 2801 739
2908 823 200
1557 1007 593
1492 1478 167
1694 1482 58
1009 1050 260
4026 89 154
1819 2464 643
1875 3501 549
2469 486 981
1482 1264 111
391 1185 508
1695 667 207
2625 2634 316
2076 2256 728
665 198 563
2661 825 990
1328 547 292
2669 3856 706
2186 3453 455
2192 170 647
1245 1808 687
526 82 931
1434 4042 261
3403 2034 959
3057 483 364
1500 830 689
3466 2651 112
929 545 276
358 1279 464
2146 2169 438
1410 2065 607
46 3889 335
776 1879 767
296 3694 541
2482 1061 758
1666 2099 664
1321 3586 716
3778 2950 915
3949 1824 862
2036 2348 813
3921 3117 70
1078 472 68
2280 2647 686
3342 3077 301
2876 1541 921
239 2841 408
323 1399 848
368 1946 905
518 2962 599
507 1098 200
628 2548 241
1309 3189 225
3347 1283 126
3610 975 57
1329 447 48
741 545 964
1613 1018 189
2140 3971 511
746 1544 207
200 1268 469
953 414 5
2696 3259 718
2935 2425 347
2116 1544 826
1203 3150 772
154 3772 658
2065 3437 553
2875 1005 304
1715 1433 375
2754 1492 750
402 1081 428
2706 743 288
2039 2857 596
2766 2349 118
2695 2015 511
291 242 646
872 412 91
381 1661 387
1497 1019 841
342 3013 198
1 2522 202
2016 45 379
2759 3924 406
3762 3625 115
2510 3836 923
3289 3360 974
3832 454 358
3468 2788 836
1645 523 342
1068 2222 203
3872 186 767
1907 3628 573
3762 603 858
4068 1087 67
3805 3243 948
1061 1694 38
3633 30 4
621 2291 136
386 2820 954
2370 938 407
2292 1617 801
3096 2095 269
1565 2143 159
1443 718 176
1957 74 418
3083 1207 298
2774 1927 432
351 2480 575
463 3580 499
1902 2267 915
18 984 286
189 2541 537
3919 36 367
1794 4019 320
3013 2905 777
1665 3891 865
989 663 791
2756 871 513
2260 1400 536
837 96 558
198 2582 811
3006 3429 745
3733 3176 677
1458 1579 768
154 3633 771
1310 749 533
2110 1370 505
1134 1101 516
507 3471 894
1524 1501 650
1854 1825 618
1100 2168 81
2575 772 950
3583 858 514
3982 3068 244
802 147 476
2393 3641 598
331 3339 735
2476 88 371
2346 2953 861
3761 956 797
519 2209 221
1707 3415 825
1707 3848 294
3006 1675 883
3976 1446 670
1089 68 830
918 1590 327
3699 551 155
398 3643 42
439 2923 840
2778 1106 417
3689 1565 889
1990 2645 725
1435 1970 90
1406 166 330
2357 3980 392
3105 2002 704
514 3050 608
1756 294 954
3529 1242 154
3773 3457 445
1876 284 872
3072 3811 348
2742 636 701
165 2708 74
3249 2458 540
2828 1651 582
3534 1566 94
2088 836 554
2312 2998 660
181 2887 697
575 3808 479
275 3882 200
140 3890 607
1826 2340 502
4051 3389 220
357 3768 927
4023 575 988
1941 2379 415
3633 2391 799
3354 2528 660
2922 3305 886
135 1896 636
1925 3342 754
3451 2761 967
635 1959 226
1319 2124 268
2565 2501 84
1181 752 137
3402 2566 76
1570 2053 163
364 3606 802
319 1924 264
3462 2013 235
574 761 442
1352 3005 115
58 502 478
3847 1465 621
2268 1108 152
2659 3144 929
3788 1018 781
194 3019 637
3244 3410 404
210 3218 788
2266 284 550
3909 1419 585
3137 3370 944
2400 1989 518
1337 1589 841
4051 324 837
233 3801 766
1955 397 251
64 3870 406
286 3649 800
3290 2628 95
451 890 51
685 3777 785
1504 2187 937
2463 2892 598
1249 727 143
748 454 385
1522 757 685
2298 2374 981
1287 667 308
163 1690 98
2615 2977 198
1871 1255 474
1275 3035 714
692 1210 271
2356 3514 732
3395 824 261
1885 720 299
1012 3416 733
209 940 206
3210 64 358
2377 568 121
359 3487 975
2527 2555 728
3305 1929 379
3872 530 345
987 648 434
2276 3618 730
3114 3 302
2728 2671 42
1704 2685 95
407 1944 541
1177 145 964
988 3168 400
11 917 348
1096 2264 161
257 3420 931
599 771 642
1260 107 512
1127 679 153
2696 3970 434
1859 1461 250
3190 3137 502
3968 3901 78
3565 1806 366
2641 362 23
4064 1839 818
1880 2288 795
717 1999 771
2193 1645 295
540 1922 479
2473 2489 608
1948 890 708
3564 2657 732
1973 3195 796
17 3553 284
3652 646 424
3727 2824 594
3452 3001 573
2391 487 759
3698 3158 436
2371 2098 90
3599 633 493
1800 505 88
437 361 605
139 1292 73
154 1664 483
2306 4009 975
3278 590 159
1302 3684 776
1069 2765 244
2457 2595 328
3896 1410 466
4072 508 178
1893 559 36
874 428 462
669 936 713
507 726 67
3894 68 847
1489 2173 236
2214 3135 930
1798 3563 488
1815 348 285
1759 2165 993
3161 2221 598
1932 139 471
3024 277 45
285 1038 679
3300 2416 413
2464 1319 54
1206 1197 490
3781 1870 664
3828 283 514
2973 2419 490
3505 2481 583
2377 579 462
781 1281 716
3001 310 252
3312 980 65
884 485 780
1828 1140 848
3808 543 928
2261 922 993
810 1372 960
1371 1994 515
481 824 936
1971 3029 588
904 1593 616
1232 645 158
3324 1157 819
446 672 298
4019 2376 376
3218 2701 551
2284 2446 737
1145 1665 193
796 2694 618
369 3487 780
979 793 724
2684 815 919
2894 1357 685
2084 946 969
3496 2908 26
385 949 798
1388 2155 248
3100 805 304
1581 3587 503
2759 756 667
1779 3707 606
3899 2152 797
885 21 809
959 169 785
1180 2245 854
1494 3493 992
1418 3994 196
3861 4025 21
856 3408 803
3934 998 71
1665 3591 909
3937 2623 653
3707 568 631
1824 3475 29
3712 2697 276
3393 4072 475
3310 2329 339
1364 458 79
3577 3297 792
1882 2296 656
953 461 779
37 3149 375
1898 1227 667
1923 276 220
2436 596 245
826 3008 407
1843 302 587
3073 969 92
1076 401 189
1238 3625 974
3306 996 593
3837 1892 346
1986 617 485
844 3695 753
481 3679 528
1993 3200 483
887 4053 215
2488 1089 136
3002 1658 201
498 1644 511
3075 637 40
4011 1746 217
1537 2907 681
3973 3767 220
3642 2933 857
3288 640 699
2444 1371 106
3843 1040 17
586 59 495
108 733 862
1377 1662 521
2402 542 357
1720 142 304
1315 1892 220
1176 309 732
2455 3536 170
792 2075 186
1067 476 910
416 3280 738
3460 3403 296
624 1806 426
1105 2686 335
3160 1802 665
3894 2823 739
112 305 130
1943 1574 560
4051 270 292
1415 1543 679
876 1804 527
4077 123 811
962 1075 165
919 1269 280
665 3968 978
3492 2798 167
1528 1999 471
1821 1064 165
3773 798 320
2253 2159 442
1383 3520 931
707 1096 341
2117 3205 372
2131 1011 944
3541 3850 575
182 3852 714
454 2802 262
3389 1050 820
697 2584 595
1207 3214 760
3283 2207 274
1325 262 709
3567 3739 535
2900 944 625
1311 491 874
2479 3894 176
2184 335 418
3423 3100 464
4020 3461 884
684 1145 538
1210 3229 452
3402 1115 162
4026 4045 445
2925 399 230
1855 1452 631
1252 1130 932
2885 711 260
462 573 390
3128 3314 672
1563 3871 275
124 148 500
492 3456 63
1235 3575 375
2403 3860 805
2554 2444 243
601 2566 978
2825 1899 705
3550 3210 160
3944 863 317
1528 2993 822
3941 2577 949
1944 906 358
2725 3614 712
2323 3977 999
253 1952 993
3754 2560 895
2171 2467 226
790 935 165
3340 2657 339
1354 1187 188
3956 3120 210
3853 1001 592
3807 2792 531
2429 2383 498
4079 3518 257
3795 1070 665
76 246 534
3638 991 405
2683 3661 998
923 1130 226
2825 1547 398
3956 2253 897
697 1149 616
1154 3289 122
1071 2664 234
2200 2387 859
531 3742 860
617 3841 478
1584 3328 522
176 2259 722
3985 2437 611
628 1488 952
1688 699 883
3524 2207 831
3964 101 301
1039 2058 45
329 393 492
1290 694 389
3991 1680 869
2430 2293 921
463 572 261
1211 2230 854
2431 1909 603
904 2274 736
598 865 100
3511 2985 702
2329 3519 615
1340 2206 14
3788 1182 984
2318 654 65
981 1232 478
2020 1037 295
3848 1250 290
429 39 471
966 3761 739
4036 1896 562
1306 4023 929
3904 1262 558
845 1838 809
998 2603 328
2653 745 800
1724 3164 565
3319 2495 57
1311 511 700
1205 69 888
578 661 47
2979 1923 990
1174 1438 493
569 1524 529
1883 2266 88
3058 741 663
3774 2623 318
3340 4053 194
3771 2690 204
2252 2965 179
3457 840 596
3684 1442 117
3536 4030 704
1533 3636 907
99 4035 202
1126 3225 555
1178 533 444
1769 1450 748
2178 3388 17
1904 3436 505
2800 3821 743
2312 543 943
1316 1653 506
3893 3321 53
3912 1253 126
973 2327 154
3563 2256 753
624 1424 56
2484 2093 258
2781 3780 769
3870 1643 577
2534 886 315
1287 1264 968
3030 989 231
3981 3719 478
208 3977 534
2573 267 880
1881 2672 266
3409 2911 466
933 1694 93
3946 352 358
2179 2770 424
2155 2666 840
518 3353 286
400 3609 263
144 3230 998
2236 1327 995
911 3951 796
2802 933 223
3602 940 269
3988 2635 767
1365 3921 471
3239 3934 640
3715 3373 314
2255 224 722
615 476 509
2625 2940 8
2427 3060 253
1801 1224 927
144 2548 771
3773 3722 706
3174 1676 184
2931 2112 825
2772 110 916
2859 2874 185
1341 812 927
1529 3158 754
33 84 938
3792 2993 807
2061 1094 613
1299 1924 80
1265 4080 520
1821 2512 795
2722 3593 609
3309 2259 425
3842 2911 464
1719 3024 243
1587 1149 843
2499 1821 536
172 1033 772
3231 3317 808
2057 954 805
934 1858 12
3439 3293 498
798 576 726
1908 459 607
157 5 610
3901 727 494
3984 2484 277
1860 861 347
3051 2693 991
3521 3892 925
1511 1695 64
3629 2247 368
2110 3466 466
3103 1401 743
1754 3745 792
1981 945 234
1882 3476 454
3856 1117 33
1599 2688 816
338 3326 19
2806 3774 830
3968 3274 284
2812 1967 397
146 1921 886
3788 905 731
432 1417 276
1954 1799 340
3680 2020 285
632 3290 350
1490 3108 406
3046 448 287
3543 92 812
1397 2175 512
2437 231 106
2304 709 358
533 451 748
1717 3735 772
3764 3182 376
2816 2396 501
2803 2618 479
1468 3332 836
618 2554 15
284 2860 17
370 518 364
4062 1724 531
3254 3286 224
4003 896 211
697 93 603
2013 932 460
2724 1557 227
3867 1000 347
261 2021 622
590 468 257
2951 3775 182
1341 1456 998
93 925 878
493 2852 528
105 1488 460
1887 781 58
600 3186 841
72 190 851
1432 1522 24
3739 647 308
1624 953 355
3924 1312 915
1241 2216 732
1422 837 880
1968 2474 505
162 4019 384
1021 4069 893
4013 1125 450
824 1673 80
423 2331 356
2078 3254 854
2481 3086 475
2581 1088 73
1535 1992 117
2836 2048 480
23 3134 6
2055 2804 489
102 3156 691
2649 1781 42
2358 3525 848
3142 2195 136
712 3822 857
1976 4069 106
1369 1263 118
3508 2567 370
108 1187 589
2095 582 467
3234 2270 52
499 3294 669
2534 3425 719
1459 3913 757
1231 2928 601
3448 3610 738
551 1249 27
533 1292 997
1744 2816 841
3947 2431 501
3279 1836 530
1541 1212 818
1333 468 423
1029 1757 49
2824 1101 80
3055 3949 424
920 2096 6
2774 3121 975
3656 2380 273
1031 2806 986
1312 2770 982
1501 288 294
589 2000 654
2947 184 896
3489 1751 784
1664 2732 377
3386 1518 742
3575 650 940
2097 1198 401
1080 2131 80
3963 3175 38
2071 1245 553
2066 3524 197
2514 1538 377
976 1011 427
2318 327 954
3245 368 901
805 1229 454
950 2573 949
3975 3963 773
402 1856 757
394 3568 607
441 723 885
2571 1380 410
3523 216 929
613 3447 772
2654 3314 598
2651 759 119
460 1251 230
122 1488 481
1020 1782 318
2341 1500 375
1467 3379 885
2543 2513 323
1872 333 832
813 2478 923
2045 3981 476
506 4025 367
3170 1350 176
1414 2689 615
972 3796 208
2970 1714 341
3595 1855 749
3283 1858 78
872 2073 230
3927 2139 850
3747 2893 909
3067 1388 190
3449 1274 75
1338 2210 328
2529 82 51
2190 1955 5
3571 2089 164
2337 700 820
2875 1483 175
704 1815 555
644 753 114
1305 430 463
3592 2753 610
2115 1686 831
4037 1121 614
726 2894 126
1498 2680 704
45 2571 219
3615 2454 192
3386 394 442
630 205 786
2930 2730 970
497 257 555
2347 1297 477
158 1222 387
1324 3664 375
2060 3527 930
1989 3083 337
3151 178 122
2675 888 279
3621 2005 727
2917 3751 975
3784 71 445
2152 3574 685
3355 3099 408
723 138 923
2551 2050 640
2699 1366 567
1378 720 733
2775 1111 728
333 4001 593
2570 4052 289
1650 3730 122
4001 3995 615
3129 1648 89
3972 3118 438
1840 16 135
3252 1725 455
2697 3849 150
468 3180 669
3976 3495 141
173 2451 513
3655 1265 197
765 1028 40
516 798 141
3140 2235 741
1915 999 901
564 2744 762
3505 1944 937
2530 3227 198
483 1534 983
3604 682 444
1003 346 343
1682 3556 293
1507 2993 427
3795 1205 930
3453 3365 565
3748 1124 699
429 3952 346
539 1310 923
3241 2109 331
4059 1012 673
1873 3574 591
1412 2842 154
3816 517 315
132 2696 910
737 3588 529
2049 1506 882
1408 3031 155
609 1165 495
1118 2729 585
996 2090 496
209 3333 791
3237 1955 959
1172 930 111
3993 3504 813
3058 3747 657
854 1124 243
3967 3538 860
532 968 863
2024 3070 756
3345 58 2
1720 3745 893
495 3546 975
2498 722 432
2327 594 940
2467 2352 644
106 1961 628
2021 1513 480
2639 2451 431
595 2305 600
4016 3564 834
2210 3822 392
823 891 811
3901 2335 884
2011 974 954
3482 1530 255
3105 1470 893
2848 2670 584
3070 852 876
3387 1373 686
326 402 414
391 1827 610
3813 2757 470
1158 3223 539
1318 350 28
1931 2161 227
1809 2225 71
1647 928 494
1254 983 711
3509 2880 455
2268 2411 381
792 3040 848
1365 2243 620
3284 1274 61
3730 2898 832
1082 1648 954
2176 304 618
3528 706 246
1929 2935 116
4061 1987 720
2590 1062 605
3348 2405 891
2882 3837 432
2006 2799 632
3715 74 453
1149 3518 747
2909 3918 115
2795 3921 805
3522 867 777
92 1615 453
3537 2133 685
3967 443 427
1526 1677 295
1091 1054 490
3690 1929 845
2448 1600 94
201 1088 635
2998 4008 442
2977 2523 899
3240 3516 805
214 146 480
950 2238 845
3648 2649 186
1959 805 481
2522 1804 27
760 3848 702
1785 1487 402
311 3382 161
3953 1696 927
3510 3177 38
1973 2344 408
3771 3919 711
3044 3597 320
3979 4059 419
2606 1576 367
356 1893 331
1024 2074 278
2020 961 375
1721 1990 905
3524 3339 506
1299 2725 180
2883 2316 398
2733 2380 117
1480 2063 935
3545 1108 956
180 1832 1
1259 3971 832
2803 1950 1
3559 1198 445
3552 3105 71
1040 1291 733
226 387 259
1927 2804 412
3063 953 601
593 479 152
1975 1307 534
898 1867 179
3833 3112 190
665 3452 397
2842 1411 665
2975 221 78
428 401 522
1544 1829 61
119 2283 994
2999 501 413
1322 259 436
593 721 434
3411 1845 199
1592 3817 371
3394 2339 614
3568 2521 518
2505 1594 282
1911 2688 72
3893 67 840
2289 306 758
1776 2443 665
3028 1768 909
3451 2315 170
2218 3392 381
3316 2807 537
3023 2444 28
1542 2449 531
1096 1876 219
482 4027 296
3874 2237 836
3630 3495 184
2771 186 575
1030 3116 627
3142 465 923
3296 3420 286
1725 141 205
939 2150 70
288 3850 781
1355 3947 37
1267 666 140
2190 2315 133
2775 694 616
1669 386 158
2872 294 12
3431 771 783
829 521 582
1497 2203 30
2614 1400 430
3404 528 468
84 3946 744
3172 1862 435
2580 2426 396
3180 2441 153
2658 3848 194
4046 1559 977
2500 1342 321
652 2008 549
4064 3485 325
3175 463 480
4052 2942 680
3053 3385 623
1909 85 906
1455 4061 603
542 122 978
2311 1062 192
3700 1060 711
1276 473 479
1798 289 694
3235 12 913
2763 3286 348
1946 1040 181
3502 3259 880
3439 1027 879
3802 2782 115
1087 3352 576
2862 2201 687
3218 1263 203
3259 2043 122
3830 2255 370
192 3855 669
3862 1387 949
4084 312 929
1323 3012 155
3602 3034 730
120 3399 853
271 2419 671
3358 1432 698
4017 2183 92
4023 2238 60
2941 479 354
2546 1859 949
1842 3296 978
814 3943 850
2960 271 799
2732 644 774
2316 2236 479
3703 675 886
3090 150 239
44 151 925
3376 1313 772
2481 1590 769
1153 2371 514
3977 8 124
1603 1339 167
3283 1422 905
2764 4082 838
3619 2317 317
191 693 684
2267 2902 991
1208 3664 2
3585 3997 801
3879 4083 94
1826 3864 155
2686 1282 699
636 2499 490
1246 1962 970
2340 2491 898
773 3042 401
2385 323 690
2201 3560 844
3327 2258 574
1984 2287 465
785 740 82
2187 3470 334
220 3658 767
1391 2180 21
2783 3675 297
337 2485 17
3911 1926 667
3317 219 707
3869 1419 877
3366 3620 151
3940 2630 473
1033 2705 847
426 157 804
4010 3206 741
3031 4018 741
913 2323 757
745 981 950
879 1231 717
1762 3822 381
463 925 446
827 2761 60
461 547 570
765 2559 337
2054 3077 575
2819 1690 102
3218 3172 948
2768 899 125
3608 1245 608
196 2465 246
99 2508 897
899 1362 234
1622 1423 453
2111 1779 403
2272 1496 562
2471 3639 318
3515 178 781
743 1645 176
2246 390 362
3598 847 884
2833 3158 510
3963 3101 787
2241 2207 938
3927 2977 283
3736 2340 459
2787 2622 150
94 3381 670
4011 643 702
1610 3020 757
2231 1083 404
2912 1041 688
2590 1383 650
1041 964 116
3036 42 458
529 1630 36
3202 3388 57
293 3572 982
3015 439 366
1859 3699 761
3154 2363 186
919 1780 714
728 792 953
636 3389 759
1893 661 731
3566 1514 743
1239 3832 98
568 1810 667
3758 1029 917
2769 1567 994
4049 379 451
2366 3591 580
750 530 667
3247 592 440
1270 2704 361
1466 1700 180
3589 3083 417
2268 1239 505
3867 3287 910
1698 3016 766
2406 2082 160
986 1209 731
2396 2924 315
3877 1866 612
702 2534 218
175 143 715
1634 192 79
4078 1864 948
771 433 512
1862 1355 396
1781 2135 785
306 2022 770
607 1239 714
2557 4073 107
698 2816 201
1619 3276 385
1115 3415 500
2313 939 588
2203 149 277
639 338 827
2644 1729 453
2891 2466 560
1713 3634 627
2491 2420 516
3818 3590 772
2881 2792 592
3813 259 807
3948 3577 172
2747 474 119
518 2531 667
870 3512 205
2153 601 309
3859 117 772
3025 1621 839
353 2864 286
797 2674 784
4036 2637 593
902 2925 157
3220 2302 252
3612 2757 207
393 3679 511
3274 1370 771
945 3851 230
557 3933 642
1407 4039 995
3187 235 981
2224 2531 97
1748 2049 261
697 31 585
1087 2770 930
2626 3161 987
3857 3209 768
538 1321 249
1209 1888 172
744 4036 834
3238 3273 631
3277 256 352
695 1515 910
3440 1661 247
388 1305 451
2706 669 313
1360 2243 589
3716 2617 538
1130 3263 619
3560 957 683
2420 1550 597
723 1664 490
949 721 734
3373 3523 706
2351 1985 461
582 1243 846
2680 3222 208
2519 2365 330
3237 1924 537
1016 3467 646
2604 83 949
1841 3357 700
103 1644 958
23 3299 198
602 2915 488
2927 1234 330
2358 38 261
874 2111 412
2735 99 100
3590 3504 719
1018 3727 837
3533 3887 626
1039 2047 774
3561 3224 614
2578 1747 867
2323 3648 595
95 212 162
3207 2713 646
2182 2115 137
2294 2390 47
888 2366 641
2496 2487 95
1942 1851 436
3886 3587 839
791 4049 806
1535 1829 19
1242 1625 461
1623 1443 624
1611 78 792
3321 3169 983
277 3132 141
943 170 849
3674 1846 243
2690 2661 631
50 657 39
2497 3668 573
1703 3474 735
324 3513 605
1076 1814 527
489 1644 763
3618 606 457
2134 2734 611
1086 3914 322
1806 2162 193
1610 2617 366
248 2543 688
1115 1584 999
466 1577 478
3509 104 100
3881 3733 383
716 3107 279
189 2148 14
3625 698 415
1162 1051 11
2411 1885 414
2717 684 833
2371 3261 673
2100 2996 732
3035 93 811
3187 3059 828
1340 1449 601
1803 1588 85
1204 53 884
1523 2780 947
2440 695 143
10 1523 636
855 352 857
2763 2212 629
332 2341 263
1376 3672 874
428 498 462
2882 1708 282
3719 2333 486
1918 3270 273
313 3947 736
2607 3102 705
1194 1659 343
1342 1666 343
1050 25 378
1230 1458 939
2823 1763 202
3497 2845 479
556 2793 758
1385 125 41
1810 776 412
719 3823 833
276 593 371
1615 1829 871
1513 3621 276
1507 1134 628
3001 2142 273
926 2997 860
3645 1635 557
3588 987 880
1894 1218 493
907 126 945
758 2330 352
2610 907 826
3476 3014 12
2824 3699 599
2444 1094 388
1622 1624 424
2157 2059 397
1411 2805 628
2108 167 68
2805 2599 72
1632 806 554
284 710 26
1876 2277 701
2911 687 230
632 122 610
1094 1854 585
3556 1119 295
1473 160 796
4077 1533 424
3248 2772 191
3059 205 554
968 98 633
1090 225 418
2519 3390 955
3440 2498 804
763 912 10
1240 1562 770
422 412 162
3878 2885 734
3245 2020 122
2333 2949 444
1430 3066 161
2797 2304 967
3339 2684 401
589 3216 547
2060 3908 982
3038 2847 17
25 3876 333
1892 1750 454
2791 3264 241
1850 2629 423
1243 343 425
2359 224 840
1399 318 54
319 2768 42
156 2518 984
752 910 627
3548 4035 378
2983 2574 217
1258 442 233
1478 1206 232
1460 3581 560
2109 2686 787
2890 1286 963
1463 1154 942
2637 1202 619
3998 3082 267
540 3901 53
1168 3640 361
1556 3091 17
3989 3638 794
1708 2880 885
638 618 811
2368 3586 693
729 3025 342
2899 1792 36
1610 472 191
2640 909 910
2678 3351 888
814 2500 823
3582 2125 11
3983 2067 487
2191 1201 631
4015 3602 48
305 1246 4
3440 835 89
3474 1955 116
2386 1711 664
3343 1975 145
3995 857 130
1748 153 499
2576 3873 992
1734 1168 444
2454 2592 191
3597 1137 41
471 1622 665
2373 3879 259
235 2265 526
2105 1769 364
2041 2474 979
2940 1180 699
3494 113 179
1201 3251 112
2707 185 171
2240 3081 941
1937 124 582
263 1894 451
2947 2330 633
234 391 684
793 2239 573
949 1689 904
3011 265 491
30 3900 484
1478 1860 342
3156 4011 630
2425 1508 713
820 408 728
1223 1867 447
2172 175 6
2714 2824 11
2521 1848 70
2728 1957 637
3464 1130 765
2158 3941 650
3299 1861 98
3923 2084 932
2725 3553 566
1610 3032 995
742 1825 384
3382 1535 753
3662 1760 349
3425 488 559
2862 3995 284
1363 2875 270
3701 2045 506
32 1778 984
3702 1075 251
2890 1836 760
3014 4007 999
3481 781 608
1637 3737 922
606 3478 217
3786 2421 159
1367 2026 131
3106 1567 545
1035 1795 152
309 3927 580
3451 3200 495
2022 1561 116
1941 3943 546
2817 2081 469
3291 3111 382
2883 4083 177
548 3738 354
882 3117 615
3397 2085 939
1621 1051 59
4076 2922 248
779 176 765
191 3200 427
728 2231 409
2874 885 306
3266 2392 127
211 1911 793
2103 1745 183
1457 2403 811
2179 2355 479
1059 1886 981
172 2033 99
4048 1266 777
2635 3827 624
2980 3521 431
3504 874 989
3732 778 650
2238 3193 833
281 2461 754
1874 209 899
2079 395 854
1279 3320 111
3524 1603 701
3332 516 288
2314 1273 701
3543 3756 586
3520 2568 497
47 3180 379
2101 3019 183
2328 489 949
1892 2068 597
2848 3990 727
31 3241 937
828 2818 813
392 1082 934
1787 990 624
2498 756 806
3806 2236 836
1095 960 847
1890 3358 726
3054 1324 11
2827 1523 248
452 2999 213
457 1145 10
2104 63 635
1321 3359 317
4030 2429 597
2691 651 318
1033 949 122
229 2947 273
213 4074 9
2245 3659 989
1345 2105 133
1663 2818 891
2398 3689 881
2745 2382 954
1531 3323 949
3822 3043 236
537 2762 1000
3270 2203 96
3078 1580 273
1838 2277 696
1264 1216 648
3330 2637 499
3580 2033 470
741 300 949
2610 3647 649
3263 2386 970
1243 836 360
876 3226 948
1250 3253 594
1261 2850 499
1770 612 910
2240 3720 270
3615 93 790
1667 469 208
1601 3791 23
1485 3725 981
202 1746 385
266 933 348
1967 586 748
3956 3734 254
1061 1766 888
2471 208 595
254 2517 391
1079 660 442
657 2663 417
1661 1315 115
2140 931 239
2031 1125 887
313 2488 351
3467 381 819
68 2444 907
1723 2549 426
975 2454 73
3830 1578 777
3303 1332 692
870 2138 566
1431 3145 177
1859 697 381
14 1985 793
4026 882 55
1367 2416 620
3775 2563 680
3322 2719 778
2376 2246 925
2415 2378 47
3359 439 617
5 198 748
3852 2484 91
528 3791 607
801 454 935
2473 3820 21
3353 271 932
932 2864 977
2058 1311 113
1072 2717 473
2720 1835 880
1493 2132 873
2950 1154 312
364 2509 94
2492 2516 546
1808 562 216
761 3990 395
3370 3909 123
1165 3479 793
2608 1240 622
3419 2507 707
302 3167 518
656 834 313
1219 1124 747
66 2775 763
395 482 716
985 2482 935
2487 2620 183
777 792 720
714 2779 676
1623 1257 639
2600 1111 428
100 1300 91
2638 3258 409
50 1991 208
2717 681 478
3820 1097 697
2477 3074 465
2355 3003 102
3464 295 454
2508 231 990
1045 3209 501
2418 962 119
817 464 997
3213 2127 325
2956 807 669
3045 924 598
273 2943 181
532 2658 905
3960 3431 603
45 1283 591
2079 3108 672
644 3211 523
1341 1006 455
2718 846 609
2228 1451 480
2785 1843 62
732 2863 835
2876 1994 752
3530 432 661
813 3122 851
3048 1294 491
3611 2433 281
2948 490 39
4003 3105 138
602 2615 372
2185 1189 428
706 3277 139
1241 3605 255
1544 1326 114
2633 900 47
2031 1650 980
3621 548 448
1423 4002 713
1878 3220 558
3194 1886 836
2961 1553 753
1435 2323 918
2798 1483 791
1839 2418 556
3043 430 880
1925 215 329
1174 1951 785
1171 1566 646
2626 3765 121
2708 3250 605
1750 3765 793
1082 281 709
690 1226 982
109 3853 539
930 2862 738
3618 449 644
3564 955 12
1268 2895 129
499 634 572
1409 1724 45
3670 2971 419
1203 1409 995
4021 2609 411
1563 2669 292
1716 152 331
2411 385 803
3849 408 297
96 1333 684
1910 1826 671
2193 1093 377
1658 739 920
1381 762 545
2841 2831 512
1029 3700 896
3357 457 124
2605 3451 770
1226 13 43
1446 1074 476
1963 266 421
1610 2200 332
1281 3093 332
3412 635 471
1605 229 791
2086 2836 827
2804 968 853
1236 3726 712
2414 4013 539
3583 1548 783
3333 3508 75
2642 2037 883
2178 265 71
214 2784 272
2886 1314 347
3134 2408 276
2631 2321 611
3798 1486 567
4012 1672 656
1365 995 299
417 3438 887
2811 3695 281
1656 908 475
1356 3259 282
1625 3290 815
2365 1132 903
2567 717 966
1092 1191 140
833 2218 288
2880 1978 251
3074 1980 894
3640 3275 473
2390 716 455
3371 2519 950
2140 172 263
3966 43 963
1783 2547 356
3860 1608 167
472 368 41
2235 1410 83
132 20 325
2083 1227 818
483 1926 74
1146 2249 572
3808 3429 1
1668 659 186
3772 3797 929
579 1549 454
626 218 781
2966 2395 804
2661 2151 580
701 3657 521
3355 798 36
3337 2137 769
4027 2794 967
3579 3500 1
4028 3975 725
1049 3108 370
1307 2764 236
2213 2463 214
2018 962 671
733 2762 336
502 2790 315
3671 3666 387
2171 939 942
3818 980 93
3839 1011 360
85 2701 242
3396 3654 920
3154 1478 931
2128 1348 827
1982 2772 85
1452 2939 144
1955 2768 462
2801 388 934
1433 3070 970
1283 91 804
3085 3308 627
316 925 399
2703 2208 253
3022 2213 935
2699 3204 104
1775 382 688
2894 3280 37
717 1479 508
2765 1424 291
1681 1540 334
641 374 733
2094 3298 723
2065 2671 729
3034 4071 852
664 1581 648
1865 3662 469
1698 1264 398
804 1327 436
1773 1787 389
1026 2268 417
3919 321 592
2391 3078 381
331 319 222
2073 1882 960
1275 2379 770
2548 814 266
2590 2367 472
2237 1408 466
54 1480 774
794 2738 981
2305 721 949
415 120 445
288 475 13
983 2526 740
4045 1756 842
504 2908 199
2637 705 79
839 3049 243
2017 3777 130
1624 2124 311
3111 3931 940
2901 2460 126
1128 143 504
494 2197 336
2969 2629 657
4059 3444 985
2906 3613 127
3917 1977 471
2916 3532 316
1039 316 533
1583 719 242
2509 85 118
3825 4 420
2587 1280 376
1075 3187 653
59 12 54
2661 3627 480
2592 1625 267
501 171 654
3990 243 198
2823 317 461
1133 3902 690
2091 3736 896
2493 1486 838
3224 2737 414
857 1471 797
1925 1897 388
98 3369 871
1845 2307 611
684 97 688
1848 4047 901
482 4003 206
3362 19 736
2524 2517 873
2788 3690 776
2569 774 983
490 4064 792
249 2769 288
1905 2260 733
1970 3429 932
2794 3860 914
1360 1355 298
1557 2277 590
3016 1937 672
457 3773 842
219 943 945
1696 1739 985
3949 1998 837
2545 2674 865
476 2982 642
2271 1164 676
164 3375 183
861 1035 588
164 2229 979
446 49 670
2315 66 7
3923 3732 794
3785 1592 93
2032 2981 581
864 129 357
4023 3722 110
2852 2334 104
2721 2322 581
1705 3846 377
1733 2266 404
1616 2881 992
2574 150 600
831 2248 204
1835 638 726
3363 3979 786
2432 2641 475
1665 1360 751
3846 3157 232
1660 15 255
2093 401 403
1192 1418 71
312 1020 249
344 3036 758
1659 3902 752
2090 3864 790
985 969 449
3202 207 898
3978 1778 639
2433 1484 255
2197 2712 130
1406 3618 86
2857 2642 56
1013 2402 108
764 844 7
2200 3575 88
3087 429 647
2412 2483 694
711 3106 68
2113 649 223
1687 583 964
1619 3309 386
3035 403 530
3626 1363 465
1089 2786 553
2496 3885 519
2885 1616 149
2275 3200 759
703 2053 70
3380 965 544
3507 3076 263
1370 3801 204
2336 1544 159
1028 2497 569
3645 846 119
355 3706 617
2568 3585 608
3755 2466 199
1046 285 474
1317 390 670
3687 872 304
138 3132 182
1460 2088 797
3334 800 387
2686 3518 930
3473 2461 678
921 3973 639
11 2674 247
2615 911 883
3361 124 414
487 426 865
3072 243 341
1555 4084 872
2080 1141 841
3540 2774 240
2823 101 489
2913 1047 921
352 2142 672
2342 1548 922
1860 1016 613
2458 1329 653
1761 832 115
32 1490 292
3772 736 980
1744 1312 629
3124 3454 621
571 2113 495
1404 3803 44
3845 400 570
3071 2471 512
1868 3098 796
2593 1947 614
2149 2428 481
2181 2342 438
3042 1317 721
2884 4066 962
702 1952 479
2976 256 619
1707 2793 304
3741 550 65
3519 3474 59
2620 2181 739
1352 742 480
2893 2424 102
468 2397 63
768 1719 309
798 2830 938
1593 2926 105
1253 975 980
2273 2774 31
3036 1702 301
1889 2561 358
3215 3446 293
312 2806 802
3181 858 690
1117 2184 614
754 189 449
3039 1274 199
3738 2678 286
3138 1939 903
2457 1567 328
1932 845 196
3123 356 81
3081 2497 324
1509 2940 378
524 3092 723
3586 3636 723
3132 2174 613
1221 3509 150
3304 1182 325
2550 3691 187
691 1678 603
1350 4053 260
1028 1086 981
2573 43 230
183 816 553
2644 2901 400
2189 455 382
104 2049 763
911 2797 879
3116 873 514
342 3232 389
2450 2735 228
580 3674 958
2643 2353 84
1199 1568 790
1865 1777 408
114 3056 443
1638 2412 571
3494 764 613
1546 3166 545
1810 2111 826
1111 340 253
2645 711 350
1523 1085 498
2380 746 302
1014 758 51
517 3975 33
1229 3668 509
1073 3032 821
598 3552 95
2891 1340 713
3653 2726 353
2902 1126 184
451 642 542
1273 626 433
560 2258 825
2343 4081 772
934 2649 219
1994 151 214
3524 1810 360
1060 343 363
1812 686 976
65 1139 938
1216 3008 968
3529 2469 676
632 434 15
2897 1753 953
2855 280 56
1749 1251 809
60 3586 677
1316 833 546
3555 1166 360
599 1331 284
1564 90 535
3007 1808 93
3007 3943 83
1945 395 500
2501 2438 433
1156 600 503
1259 2865 53
2523 3808 361
734 1821 810
913 2934 738
3197 1383 938
810 3403 5
2453 3621 298
1766 3127 553
1119 188 758
2630 3480 298
514 2044 387
3264 45 889
3633 31 997
3987 2633 805
2301 1535 221
2832 170 421
3777 3139 966
2116 2870 866
438 2596 441
1191 3270 652
4080 3211 49
315 1907 885
1268 2863 738
4022 2903 670
2490 2420 481
1507 103 673
3929 3714 723
2036 3599 248
3605 848 744
316 1834 75
3057 751 215
629 911 846
363 3269 24
2658 1138 443
3426 1696 421
1515 1163 422
2799 2365 658
3672 2510 911
931 400 570
723 2814 261
559 899 855
2220 90 958
2144 2572 676
3650 1911 43
568 2436 304
3673 60 111
3162 236 782
2472 1117 738
683 2987 54
2943 1960 467
2263 1305 555
1779 3172 677
1273 3632 94
3019 194 964
901 990 409
2702 1352 582
1039 3035 174
4043 1346 104
4008 2817 545
2914 160 480
3907 1631 146
1242 1503 497
1884 1968 909
877 950 368
560 3225 545
3478 1793 427
3481 2241 487
3195 1457 964
2235 3715 378
1464 2250 797
3885 681 170
3290 4062 69
1244 3285 499
404 2727 520
1643 1456 773
2465 2679 129
3361 296 612
3093 2645 61
3869 106 309
2896 630 105
3998 3744 329
956 2173 697
2229 3625 761
3173 2618 632
543 3308 430
102 2356 467
1134 578 228
2406 2390 575
2424 690 415
2700 2238 305
3382 3772 119
1074 958 28
1723 3635 274
2008 3599 872
2419 1919 203
554 3018 339
3451 345 188
3189 3837 321
120 227 707
2318 1315 769
1896 1750 526
1148 257 652
2051 2636 795
1353 1034 289
1224 3600 61
3026 1556 648
2823 555 92
3231 445 486
4053 2187 526
3902 2375 524
2926 431 778
3447 3501 180
3596 2972 525
111 977 238
3117 324 341
764 3710 123
1579 250 258
562 2054 369
3753 2800 638
2667 1968 603
3076 2336 247
2701 378 775
3619 1910 988
3372 1345 134
3891 908 478
670 373 45
1327 3923 678
1076 1123 205
1130 3104 453
3535 2929 119
862 802 219
2079 2964 756
3814 2580 994
1449 797 303
3812 2279 778
3758 994 529
882 35 920
1991 2351 283
2879 3342 576
1013 4042 335
1580 2965 323
1218 2151 154
573 3340 352
1974 2147 845
2941 917 59
851 339 123
1313 3829 566
3293 100 715
1618 2415 525
1807 3993 696
1896 2003 119
3341 1555 451
456 1423 307
2692 784 994
696 4080 15
212 1107 977
3896 2961 246
1321 1140 864
1630 38 933
2780 1951 140
2759 3256 419
3095 2906 410
2506 2146 553
2794 1329 482
3559 3292 711
2832 2328 69
3687 2230 507
260 2808 703
2489 3930 53
446 2674 300
3194 3163 74
243 2670 505
4031 744 329
1811 3882 929
1196 67 570
3679 173 73
846 3152 850
1051 3157 455
1422 2998 892
1734 1064 874
2978 3208 738
2956 601 1000
3306 2743 849
971 3680 831
1486 2219 985
983 320 829
1965 2900 885
768 1433 252
572 1481 772
3311 792 428
2091 2075 553
151 1463 216
2410 577 1
318 2941 834
952 3251 648
3629 2303 294
2805 3645 251
3725 3919 601
1618 1225 326
2687 3842 221
579 1290 841
1736 1772 986
774 2949 473
1346 1974 676
3296 2632 314
3600 1035 878
197 3418 553
2686 2490 833
1039 828 10
1266 2199 740
1424 1368 215
2681 3879 904
3456 2929 902
3383 54 974
1922 3175 113
2553 2810 761
2939 1706 5
3886 2038 833
1047 1519 638
1611 2947 340
3557 87 34
2647 2009 372
1644 2720 606
1754 384 21
2723 3758 74
3138 49 819
255 2961 325
3364 2834 672
3634 4068 838
55 2933 660
1374 1169 567
899 1957 259
2203 468 861
985 2323 21
2372 3752 162
2919 2338 794
2801 2396 89
208 312 691
1813 1746 967
3220 2242 2
3114 2890 630
2238 2257 227
752 743 86
4011 2235 603
1453 3255 40
173 561 915
318 19 229
2235 3652 654
1798 1980 867
3720 3381 911
2939 2129 529
540 2109 999
585 3781 269
1335 2448 228
858 3519 345
1417 1948 914
2029 2289 569
4078 3094 549
3570 1705 938
256 796 641
81 3980 619
2650 2157 766
3927 3313 165
1251 1354 481
3483 598 960
2410 3350 326
2649 3801 30
1173 1930 182
2585 1290 314
1101 1313 486
3722 2909 989
3911 2821 655
1762 99 631
2899 1406 574
1694 1610 728
3603 3974 844
2730 299 470
4026 2402 809
3415 204 435
38 691 322
1426 28 84
1702 1785 224
1062 3915 866
3708 2960 116
841 1327 233
936 1153 940
1791 2870 73
767 884 742
2252 1889 840
1763 3193 780
3167 2134 134
277 3099 723
1596 1153 881
107 897 387
2014 3935 178
3205 2791 225
3607 2613 576
1500 46 449
1188 647 77
2040 993 578
1483 3027 40
3003 2230 367
51 3539 946
2037 3981 133
3035 276 194
849 0 779
2837 3005 543
1805 3652 832
1633 3816 129
3188 606 255
4031 1945 620
2611 1499 532
585 3126 976
2732 753 377
1255 2681 74
2218 136 15
3539 1362 703
2404 4030 794
1903 3333 830
2269 1000 324
1597 327 952
3368 3897 71
2604 1187 853
1594 822 73
1921 520 768
488 1430 9
239 2906 641
67 891 750
868 179 956
3748 108 648
3894 3417 981
2422 3088 543
1891 2189 48
1858 1887 883
1274 1138 787
1336 363 171
1141 3153 392
2486 3528 996
2106 3602 386
1375 273 750
6 3906 580
49 2514 337
2109 1491 298
1683 3763 595
653 2644 549
2468 281 276
2276 1982 89
1385 2796 751
13 483 996
162 3388 719
1275 3697 732
1746 961 34
530 3517 656
3002 27 464
234 308 606
1707 1455 170
3485 537 141
136 1024 676
845 708 542
2627 1514 246
1844 1895 77
3498 2224 651
1700 1013 85
430 3896 656
1805 1059 480
1563 3656 91
1277 1367 634
2081 898 987
637 1944 781
1944 3455 554
2354 2917 229
2901 2497 993
488 967 756
2527 3580 911
2311 1489 427
2667 104 89
2325 330 904
1206 3834 201
1687 2621 463
1400 3725 398
1570 1599 530
3117 3373 986
355 2459 82
2379 1567 357
1247 3785 384
2645 1263 375
2985 1579 666
1956 1447 560
3281 3182 864
3996 1612 861
1524 1926 511
1665 3651 184
1856 1614 404
912 3234 463
545 1015 657
420 3125 716
1846 3347 732
173 745 953
839 1181 817
3793 1978 93
1896 3032 958
3985 2001 956
3458 591 853
3126 579 746
3080 3861 33
571 2919 731
767 1823 871
3297 589 991
324 1075 250
1371 1979 733
3823 1596 926
1043 210 380
1061 3108 375
3410 3757 20
3770 4040 798
3525 583 529
3647 1596 166
164 3113 499
1517 1003 572
382 1639 862
3188 4031 936
2330 1025 478
3846 3262 262
1197 1978 596
2860 601 76
905 1381 487
1430 1476 844
811 604 627
878 2716 846
4057 340 864
2331 1241 907
1814 3938 824
2409 678 489
916 624 16
1286 701 927
1980 1340 141
3365 121 18
1190 3484 219
3200 2941 57
2728 3481 286
2212 2431 852
3915 3142 349
2508 726 403
3935 653 879
490 2533 20
1142 930 419
908 2741 967
3195 2099 225
3689 3007 573
1879 1792 815
1214 1318 880
2283 288 773
1041 1841 911
693 2622 748
622 1949 877
332 3391 392
3365 891 936
654 1994 337
1845 499 157
3638 3597 174
1448 3422 991
3467 89 341
1011 708 543
2216 3326 189
2479 1633 430
354 111 699
3617 2653 464
1155 3969 630
2789 1569 783
881 549 66
3227 426 530
2549 2966 628
597 3172 534
2478 2991 628
2914 2100 908
335 3193 618
2741 209 695
4047 3910 292
2183 3561 876
1727 3616 402
1669 3819 188
3179 2711 891
485 627 520
3100 3419 577
785 828 874
1290 89 393
3842 1010 708
1267 1653 385
2304 2391 830
2156 4004 299
1416 1918 748
1572 1259 941
3312 148 599
559 378 892
236 39 623
3978 316 630
614 3090 560
888 55 114
1696 2769 907
2862 3227 28
2331 3647 740
3114 1232 726
2326 2604 839
3078 2627 330
1395 867 91
150 3449 132
1897 3231 75
4049 470 381
2917 1970 508
1055 2714 219
1122 3406 768
2598 2646 963
1478 888 848
1620 2348 367
3043 1219 269
3928 1437 808
3702 2768 626
2030 2394 719
4038 3871 849
506 562 988
829 1565 479
3659 196 420
818 2144 374
3837 4045 937
1409 1124 147
2318 3211 567
1602 3747 489
1695 3773 378
3589 1773 920
2468 1140 293
772 1536 269
626 3265 763
2960 268 105
3895 959 730
1018 2167 396
36 3878 183
3420 2581 937
155 1095 891
1035 2496 633
1484 2766 541
2015 369 173
3696 3428 79
3607 1702 546
3764 783 706
399 1404 965
1646 347 412
2491 182 215
1742 2434 88
3418 2767 971
3472 233 602
2558 2166 139
838 3863 404
3229 1308 99
4054 3112 675
753 1805 438
1928 1434 741
3145 680 212
2871 3698 366
1359 3601 113
2243 2059 714
1614 1213 263
2744 3893 650
721 3633 91
3290 1287 515
3636 3518 618
90 982 232
1305 2637 976
373 2350 464
4082 1830 888
642 2295 174
576 1087 195
1789 1970 858
263 3856 606
84 4068 225
2656 3430 985
1382 1607 899
2751 548 263
3961 3794 80
2061 3567 978
449 398 301
3620 342 910
2814 3246 132
3949 2948 13
2880 180 597
1135 3239 304
3780 1413 889
3155 2718 269
1486 1002 212
3893 2312 841
3694 3373 359
1789 1744 552
3102 2101 878
2554 613 601
3437 80 423
1800 2318 805
1701 3876 502
3668 79 731
111 3605 102
1811 2682 145
2421 1693 74
3099 3974 743
136 2822 132
3164 4033 838
85 852 68
1413 1468 104
1872 166 302
3734 249 259
3495 2721 369
2193 1285 926
4060 3339 966
3756 3043 769
1045 3284 885
523 2869 235
3461 2866 610
3336 2779 8
4069 3463 71
3699 882 818
3049 3185 612
693 3644 361
2772 3172 718
2434 2505 90
1394 868 80
3021 1624 652
2824 1874 762
1837 1705 309
1278 3418 112
331 514 976
42 3340 413
2849 839 69
1633 517 373
2184 2272 569
3979 2458 573
3533 1512 333
2991 802 66
2048 3511 519
1414 428 692
4071 3283 400
2384 503 914
397 2589 970
1747 2604 194
696 899 328
1099 1914 511
1059 730 752
3472 2680 580
3639 1031 370
1642 725 851
4037 608 235
1444 3705 129
2494 154 673
3573 3396 673
3826 2693 548
118 3174 356
2275 2917 354
3963 52 746
1014 2428 57
2166 3846 886
1737 3387 305
61 2332 456
1960 3713 50
375 3936 357
4006 423 229
52 335 252
1445 3190 91
1617 2451 487
2967 2280 547
12 3776 612
1126 3812 275
3075 3559 745
4025 4029 381
3141 3989 564
1348 243 147
441 2595 2
2974 1012 901
125 3937 549
3903 147 896
2924 1907 62
438 51 838
2616 1342 56
2014 793 599
2614 3050 496
2705 1183 302
481 554 461
1070 910 943
65 1091 753
305 1828 127
3241 898 744
3450 1956 710
3248 1853 336
0 3491 989
829 2179 375
3480 194 92
1945 1708 392
4024 332 587
119 1204 94
1269 1764 634
3479 1347 335
1654 884 106
1748 457 319
3147 3364 734
500 117 994
3901 3159 565
1433 2947 633
2769 865 350
2745 3208 844
1263 1698 689
3206 1426 523
2332 3972 317
3087 1002 151
2275 479 117
1031 1443 708
1917 2753 883
2458 797 964
220 587 783
3335 2082 692
2996 3907 148
3841 558 896
2658 2320 935
3759 985 267
2770 1457 330
2091 3591 202
2520 18 43
2305 1296 312
742 1622 772
867 2457 541
3345 3247 259
1919 2841 405
3904 1769 766
379 2960 147
2195 1837 882
1063 3858 106
2582 3257 390
3900 3355 425
2122 3868 561
2248 1337 707
530 1809 234
3203 1043 887
1507 1061 809
650 2257 284
962 2567 600
2260 3862 944
859 119 65
3928 3832 114
2120 2167 126
2473 907 830
2465 653 835
2757 2370 83
127 3942 847
1501 3670 505
1477 2935 704
3182 3287 781
435 4017 948
1295 1155 516
1780 739 287
2916 1369 579
3204 655 293
2416 395 736
2447 3931 187
3133 3816 766
993 1236 848
3027 2764 184
1152 3547 168
3680 2955 89
2257 943 371
2523 3486 456
966 3089 660
2158 3513 751
413 3015 792
2159 1791 9
1685 2093 812
1595 424 847
3019 3182 391
3099 2401 933
2420 946 742
1807 1235 736
168 3307 611
825 1466 499
853 986 848
2655 3583 775
2066 1636 640
1600 715 732
2351 2991 765
2293 1616 853
479 536 819
2221 2430 480
2300 785 290
3514 1611 548
2567 2110 683
2102 1284 41
1435 648 152
3267 173 240
2719 3096 339
933 3826 606
1261 2019 421
3440 461 284
2512 2948 309
927 2671 555
2296 1872 970
3837 397 100
2011 2606 935
2456 2120 50
2134 3867 306
2726 1440 330
1065 4037 230
3337 2773 500
888 2982 81
2676 1302 935
175 552 424
1718 747 162
1008 3513 638
2550 2013 94
3192 1945 492
2042 2385 447
1993 730 699
3459 3701 873
463 1973 854
2665 94 642
2640 3977 982
903 3274 66
1147 1363 642
1597 1235 796
3608 1721 230
2910 2984 691
2124 3346 478
3918 3517 731
2286 2725 658
654 135 646
3377 3380 26
787 999 832
733 1538 911
2367 23 834
1741 1619 115
1927 1816 412
2984 1775 77
135 430 894
3416 1033 64
1545 3296 478
219 4025 998
1679 3506 107
3705 1338 337
2609 3411 429
3608 4002 316
2945 2460 350
2891 1183 503
2147 320 343
1405 2461 603
1662 3782 552
3439 2858 512
3020 289 786
664 341 635
3606 3488 750
2291 370 451
2818 3797 520
3015 3513 503
163 124 297
2972 1977 386
1654 714 58
3823 3394 789
142 2741 168
3850 279 670
578 3893 485
195 2968 679
2702 245 526
3614 3603 835
1805 1868 226
2795 1167 990
1078 1605 77
1053 621 784
3123 331 130
1940 3044 580
2884 2553 923
3969 1956 671
678 495 445
1923 572 88
3097 3252 174
2890 880 789
3068 496 31
2202 2111 828
3112 2692 46
2488 759 842
2196 974 252
1344 3508 840
2908 3583 959
1298 1564 602
890 3684 592
3849 2324 889
2967 206 804
1043 294 738
3441 1340 480
1489 1204 166
3787 291 644
4083 240 534
1572 3759 760
2965 1955 615
2622 1098 885
481 268 22
669 3240 775
3682 2979 235
469 2310 648
3974 3426 324
62 774 638
985 1768 1000
3970 1438 658
2621 1042 546
216 3624 784
3711 1844 96
983 1997 878
3529 364 120
340 1763 445
374 1874 955
223 957 732
2901 1692 578
3272 1638 466
564 1531 963
2873 2212 338
57 2621 473
526 478 691
405 3148 364
2502 3053 782
3807 2212 794
36 4035 446
167 2611 492
2753 3223 370
913 3636 425
2409 3379 956
1972 595 960
1800 857 156
183 3977 499
230 74 976
974 2794 997
904 3524 408
1374 994 331
2129 2978 492
3872 51 685
2208 1053 759
4040 1069 979
973 322 175
1013 723 139
1012 1793 924
1695 521 682
2582 2452 521
2928 1995 654
1876 623 392
4075 3023 567
3463 1629 45
3576 35 250
1909 4065 153
596 3283 153
2305 2839 866
962 1963 912
2777 494 65
2963 3800 194
3361 2948 880
1040 1362 923
1040 734 567
1964 3704 857
353 3127 186
3196 197 844
1219 3978 879
317 2862 517
1853 4033 818
3277 2171 600
340 2675 208
1188 1466 205
1654 3093 457
922 1366 17
2451 3432 366
2449 1965 31
3727 2843 744
1584 619 705
3823 973 723
1052 3492 583
627 3117 543
1380 1388 310
826 447 852
2845 2557 280
186 1748 787
806 467 888
2250 1920 319
547 406 6
2188 1148 543
1691 537 465
1378 2998 21
755 997 35
2764 2445 63
3608 2227 55
1635 1077 241
2808 1132 210
735 3021 471
2154 1190 589
3155 4032 884
1344 4060 439
2697 2306 844
305 3322 96
875 871 230
2443 914 797
3459 2419 642
3351 477 129
1366 842 152
804 296 778
2118 3830 104
1765 1446 337
777 1116 425
2534 2322 262
1779 3440 75
1694 3475 82
657 136 894
457 1291 623
2037 405 187
3968 3824 293
914 2757 880
2038 3361 490
2278 3527 225
721 872 342
2462 1752 879
2099 995 526
3381 272 862
2663 349 396
1817 3303 79
995 1415 414
2712 750 637
395 1813 477
3912 269 770
838 996 210
815 3985 194
1093 4070 681
3248 3346 460
3219 3161 697
3131 3476 756
165 3382 690
2672 572 114
1124 403 323
2577 1039 248
3796 7 845
1049 3715 119
3092 4057 744
1209 260 145
1617 1959 39
453 2966 983
1400 3071 256
604 3895 393
366 3203 895
1745 45 397
1331 2414 111
990 237 119
3112 3130 386
2238 940 179
3552 2846 357
3637 1849 746
1995 2318 935
684 2837 568
3925 2136 621
847 3523 694
1002 1817 168
3514 1355 497
2974 2938 80
21 3058 349
962 231 475
3726 3279 111
2470 2598 751
2654 1064 628
1493 3728 414
789 3790 314
3563 2702 129
753 602 899
2535 1159 529
2493 3569 441
2099 3937 963
2284 1986 563
249 3937 39
3314 1792 999
3785 924 352
2896 3971 359
2466 2462 793
799 87 347
3156 2681 955
3864 693 273
2641 3448 389
225 2014 624
1670 621 495
1001 4021 122
3949 640 599
2668 4003 460
807 3057 423
418 3803 770
3029 1420 317
117 1560 829
1429 1776 903
2853 2036 757
3034 538 271
3624 3024 547
2794 2941 854
311 254 221
1228 3444 310
3065 1875 65
2123 1085 491
4084 1212 403
3063 4079 497
2345 3441 328
1333 2899 680
2147 1248 972
1608 2027 599
100 2673 104
1641 2969 371
110 216 580
592 2549 907
1575 2654 444
3153 3711 539
830 789 129
3394 2112 255
2781 3256 374
3529 643 992
89 1338 169
1916 668 405
597 2158 812
2809 2525 417
515 2259 140
3897 102 807
4000 2055 101
1074 3983 441
3434 2780 513
2572 3944 942
2399 2526 494
340 83 402
2779 1154 702
540 2344 591
56 2299 543
297 1669 701
905 2837 983
1624 2670 729
1193 688 571
2533 2410 217
1233 610 698
3271 607 807
1884 3194 380
53 2583 204
970 2930 387
539 2292 957
4 1986 985
2290 234 556
3350 487 423
2876 961 16
588 2271 542
69 1650 847
2895 970 590
950 479 595
687 345 660
3860 2879 6
2000 3393 426
1551 1155 183
1680 3174 486
1996 1230 188
2416 1675 442
1467 1634 555
3669 2138 229
821 174 759
2312 948 289
1915 1671 51
3609 1144 724
4003 3689 445
1420 1813 608
1668 576 240
2589 4077 299
1201 3925 818
1830 3490 406
3257 827 592
1706 2959 185
963 4075 755
2121 2451 95
1235 2536 867
2209 2055 282
2417 563 146
448 860 13
1838 1080 926
1510 3496 319
346 2954 931
3994 2000 667
2124 482 618
2383 3044 285
106 3122 707
7 4076 849
101 3022 654
1060 2937 550
2389 438 988
1671 2301 949
2967 1610 362
615 2538 332
1479 557 950
1384 1984 340
871 3758 803
1539 1482 715
1616 723 231
3427 2825 605
3182 1389 323
2893 3069 988
301 1495 24
3029 711 717
620 1334 898
2981 1795 710
3740 1647 210
3949 1654 425
2359 1687 994
3346 409 492
1514 915 127
403 227 796
3557 1267 329
3471 1740 289
2297 41 357
406 3609 327
871 2715 180
536 1022 566
70 1112 529
1503 2667 777
1301 2545 704
1806 1527 131
3522 2909 62
1571 2156 705
770 4039 494
663 3086 747
3328 357 478
2682 1202 476
1542 1865 855
422 2623 21
3852 1398 872
2281 133 831
3201 2616 551
298 4060 785
328 972 192
3467 2615 207
896 957 661
1454 2459 21
195 2748 965
3792 1008 905
2771 1315 604
1003 1899 138
2532 3524 62
3908 56 759
3544 3277 177
1447 3247 914
1837 1895 591
2923 2567 239
2078 3788 756
1104 4057 807
1949 3230 735
1121 1321 67
1121 3951 190
1219 521 17
4007 736 269
2474 26 484
2460 283 67
2725 2094 932
2090 3586 119
1378 317 772
2854 2057 511
1896 2743 475
1328 1414 72
2324 2035 525
3222 2929 514
3844 1364 266
3769 3335 821
959 3754 349
1312 1994 545
82 1356 326
3866 3872 11
1529 2508 715
1858 1608 535
1739 2585 764
1685 3606 207
2396 647 509
199 2275 661
2892 1803 506
1362 2524 104
2652 3002 886
3127 1774 303
707 3888 549
2362 1828 76
958 3565 353
527 2828 103
1138 1293 302
2282 1601 673
367 1091 486
1709 2314 810
2210 3885 704
2917 2530 653
1395 1065 74
3764 3477 661
2194 282 881
3656 1344 619
2423 1259 102
2092 1277 312
642 419 944
950 4008 742
48 3006 366
3692 1970 405
1475 2678 383
3150 696 56
16 1824 431
3102 1447 656
4049 3272 911
1087 2632 880
130 3713 201
3232 2486 526
1756 1078 927
8 2781 526
332 2148 847
3256 694 819
3403 3053 200
3854 2635 610
3819 3 308
606 681 135
2205 2347 460
176 196 294
1248 1673 293
1858 1881 733
2538 1384 792
1679 2232 585
3274 3055 369
3891 2837 277
661 1026 247
1652 207 335
637 174 422
3337 3611 234
3946 2586 330
747 1063 648
1508 3432 554
662 926 598
906 1542 74
203 164 655
256 1991 81
459 2281 732
476 2992 384
2336 74 618
3706 3381 553
4061 3957 682
2011 2076 925
3861 2867 771
3920 3891 470
2446 541 424
581 512 664
1840 2301 631
2271 1452 535
540 3504 155
1188 2135 904
188 1271 561
1569 3412 847
1749 2385 779
1576 3443 133
1303 2956 794
257 3886 580
3412 1180 784
11 1255 657
2758 2473 420
2070 324 708
289 2093 620
4005 1707 305
596 25 314
2833 2303 412
2763 1009 233
792 1344 107
3957 3354 437
110 1907 669
1827 901 319
3925 532 511
3408 251 995
749 623 920
1056 658 742
1626 1854 345
605 1510 642
844 803 749
1600 14 183
318 2830 500
2464 2551 653
3971 2873 272
2756 439 561
1140 1495 226
3982 2288 286
1180 2963 217
1798 2319 693
3143 2201 619
1743 3048 380
111 2182 40
2431 3771 481
3977 521 580
3157 1132 892
1679 1051 724
4008 1728 47
3041 2591 518
31 3129 291
209 2982 794
3884 2987 577
1142 1912 675
1291 2879 502
799 2205 459
1989 2958 39
2808 1919 774
2796 1762 430
2790 1213 616
2053 2549 592
299 1638 104
4011 737 861
611 878 899
850 103 599
2245 1458 134
993 3660 103
532 1558 783
4072 3372 272
1992 4051 928
2599 2089 311
40 1569 785
2029 978 508
3739 1581 628
3597 1802 898
2583 3054 737
1559 401 318
1593 4054 524
2284 136 295
3593 863 116
1313 2330 283
1436 4056 281
3293 634 873
1939 3474 86
2051 2990 916
809 3319 757
1822 1143 105
3172 3644 523
2972 29 738
587 3665 601
3887 1965 22
3098 2929 113
2808 3679 560
2012 3579 180
1699 1270 634
217 3160 512
3811 995 143
2936 3599 13
3881 853 628
3552 2069 312
3683 1473 492
3336 2077 284
3682 4015 698
1443 105 688
1797 2215 39
1714 1292 912
2540 65 467
938 1863 284
2809 2622 524
3610 759 777
3012 2999 864
2160 3875 495
3233 2240 223
2007 2067 587
2044 3156 707
3165 273 379
88 2648 288
1121 3376 499
3526 3851 243
245 1239 255
475 3045 384
1483 3542 949
310 2450 695
891 317 790
830 3870 472
3839 1777 604
333 3400 372
1499 2835 97
3811 3163 468
1694 2738 187
873 417 794
361 3540 647
3236 3831 699
994 366 626
1918 293 379
948 2335 140
337 4015 519
313 750 110
3992 2286 731
269 4026 176
1757 1203 820
3218 85 585
2305 3963 996
1828 3374 205
3280 673 181
1431 1758 660
1026 3496 148
2872 3600 795
2585 3324 332
1490 2033 329
1182 643 565
808 2719 705
1288 4068 142
1777 2991 403
2597 3014 938
740 1023 954
1664 2982 983
287 3626 608
2875 3892 555
4080 1352 556
2405 2443 66
1896 1245 237
1407 2626 249
1300 1177 375
3661 2801 438
104 852 874
1585 809 143
3876 3115 712
505 4025 353
1692 3520 163
2882 3624 240
3223 3415 824
3692 877 122
1373 1170 863
2420 460 89
340 2494 560
3623 224 558
2461 2705 627
1603 466 891
1421 3198 480
3644 2344 8
2162 417 361
225 3220 940
140 3197 923
1625 1858 812
1733 3121 838
3313 3637 461
997 420 830
784 1734 248
3628 2276 50
2715 4075 126
1620 3064 901
2471 3634 135
3148 1081 259
2834 1277 338
2177 3171 443
3136 2535 362
479 2595 314
2986 1272 712
3856 578 223
1924 3001 392
3224 1070 657
3342 409 718
2516 2112 18
466 1908 48
640 746 941
2136 462 438
191 2795 748
1939 1082 307
689 277 170
2767 484 429
3920 1420 893
2251 921 601
1170 3880 557
3500 3379 770
2150 2624 990
3856 2387 935
3248 1349 897
3364 1223 306
3792 1942 215
2625 2831 397
665 2441 204
3306 1441 643
169 3681 92
3434 2588 948
722 2114 692
15 158 871
1977 238 881
1227 4022 421
2213 108 748
3035 2484 588
1302 1475 188
971 2619 910
1441 1407 427
934 1221 995
2353 1883 254
2307 2195 401
2868 978 300
1763 440 98
2093 3535 447
1835 301 972
1102 720 209
3029 331 853
2892 3602 279
719 2374 752
1868 3959 850
2861 1181 76
2236 3643 428
1541 2509 248
3037 3197 16
603 875 535
1468 3481 141
2544 3943 983
3833 2582 518
109 3867 452
515 567 894
2786 840 282
3723 2520 887
206 2498 255
2989 294 211
3174 1818 662
2131 625 195
3471 1811 140
146 137 790
877 17 36
1757 1357 395
608 311 883
3883 3850 736
2204 791 772
2104 2971 75
449 4036 457
155 3838 322
241 3589 704
705 416 962
265 1512 70
1716 552 69
65 3976 665
3933 1457 593
2162 3011 310
1404 1835 470
2602 913 720
2407 1173 648
1471 3894 260
4035 3156 437
642 3319 61
2288 2017 739
1235 2912 847
1456 2773 60
612 819 655
724 72 199
1332 1759 328
2710 133 26
534 1951 114
314 27 807
3310 3854 414
2524 1840 794
3284 3009 874
1240 2007 735
2013 3727 703
3118 3769 591
1747 2323 469
3199 2994 605
268 2419 409
1257 1191 751
2543 2126 860
2498 3400 757
1887 3772 49
1728 1778 288
2416 2368 128
2402 1572 836
2933 3245 122
218 465 172
774 3958 244
1940 211 138
2109 841 398
3388 2060 434
2568 2176 851
3806 3845 543
1148 643 698
4014 2006 325
1044 1421 820
3033 689 274
15 2425 585
1278 1679 511
1803 3072 562
3783 1980 926
2781 2244 488
440 1935 662
1520 633 731
250 2811 73
480 452 324
2139 3034 945
1619 2893 292
2524 2770 597
3950 3820 857
126 3293 535
3452 1196 803
2121 338 921
4035 4011 191
559 3678 920
633 1602 309
1200 145 116
2869 3046 863
1340 3667 118
3566 2865 722
84 198 813
3519 3133 502
1415 1105 114
1642 1004 118
952 3121 227
1559 3063 68
2687 337 71
335 3501 584
1256 852 152
3163 1014 24
1186 2504 678
3477 61 354
2844 191 936
1285 1856 650
3261 3281 53
260 238 550
1832 2792 915
3435 1146 15
3760 3435 418
728 730 119
963 313 511
3135 4058 605
1460 2698 491
3401 3630 113
577 1223 461
1689 559 221
1615 1428 468
3651 1803 798
3710 892 32
1220 3877 441
1993 2928 940
168 4026 232
1326 3108 854
2206 699 739
529 433 538
133 2894 306
1488 1374 796
1701 1915 637
2505 50 834
252 1723 333
1773 1965 95
2922 71 436
3170 1351 241
3518 3106 964
2275 2020 413
3697 3128 76
3126 2356 366
883 620 689
525 314 980
133 3192 424
3390 1359 436
1799 1052 326
3269 2128 529
2581 1963 478
3338 4038 271
2349 1261 938
1615 1912 364
414 4007 128
728 3043 307
1075 24 474
825 2496 224
2379 1842 87
3939 2645 663
954 1497 464
1259 2212 848
3125 3260 970
3887 3165 356
1891 1612 828
1772 3470 274
1077 783 784
1652 2083 976
920 2138 155
2660 3557 748
3002 283 40
2982 712 423
2210 3201 310
2199 3029 997
290 1320 718
2670 86 570
3828 830 30
1566 3824 165
3122 3215 718
207 3013 899
3710 859 576
3715 3697 471
3430 3386 448
3861 1506 706
666 1913 167
1768 2768 130
1440 820 543
2843 35 194
2265 3805 201
3496 1654 326
1368 1583 588
1084 230 186
737 3634 370
635 2648 558
713 1916 843
1020 3921 89
3735 2282 284
2605 3184 34
2524 4064 374
3724 2688 395
2898 2353 67
3628 1206 875
282 2424 599
1782 254 378
3877 3557 836
3375 1626 937
1577 2373 434
381 3739 176
2994 2314 949
3505 1783 447
1767 3113 813
978 2183 764
1651 2343 548
1042 3383 914
799 805 257
101 3524 744
3455 4005 347
647 2487 986
3315 2702 739
37 572 89
2843 4071 842
2096 1785 737
4045 4060 200
2971 2889 715
1088 2135 319
2072 3030 293
925 2116 512
2069 2411 980
496 2217 506
3245 323 634
1262 2676 237
1257 3566 445
194 453 44
197 358 842
170 1223 22
1808 2059 687
1824 124 67
1794 2470 869
3951 3834 103
1086 3723 64
1698 1910 697
775 3784 22
2937 3084 501
1216 2421 68
1260 650 792
944 553 889
139 1402 177
282 715 319
2196 1685 719
178 839 743
3612 2914 55
1630 2808 291
131 2739 1
505 4084 348
2304 3344 198
1518 3903 614
1990 3507 204
377 3178 354
797 414 183
3373 49 978
3764 1674 428
2387 340 147
2766 2890 430
1581 3816 362
825 582 543
1617 1983 857
240 2479 739
2374 9 439
1114 2886 72
1390 1174 107
2944 2803 44
2522 645 143
3986 377 714
953 905 953
3258 2054 735
3955 372 952
3936 1736 380
3352 2257 118
1525 3183 46
114 3088 206
1107 2815 662
3446 2822 584
1097 3562 24
748 1839 34
2124 2532 971
1634 853 115
3090 204 302
1449 446 204
398 2068 555
450 916 623
1418 2537 84
2661 157 35
3603 1993 643
2634 274 176
3400 232 577
1051 2017 937
1078 281 134
461 3397 384
3961 2091 824
2579 3621 336
3704 1032 164
4010 2137 38
3728 73 540
721 2690 460
3323 1428 783
3572 2989 108
2871 3775 626
2646 1 877
1980 1457 368
1876 2612 458
2573 2577 965
788 1878 900
726 3304 162
3698 2207 850
1095 623 120
3593 3604 687
2679 4012 400
3052 401 231
2512 704 439
3312 3663 285
881 2454 771
2166 3594 350
232 763 85
100 2493 852
65 1704 747
2996 3041 607
2542 1538 240
1437 524 450
2392 470 489
3421 1359 926
535 3522 697
3644 2069 54
1428 2196 810
425 1368 97
1462 652 695
390 238 430
1278 2535 543
2530 3993 822
2813 2004 700
384 468 795
741 2473 605
3709 1272 2
687 2158 918
851 2625 339
3822 1969 648
3584 1761 867
1763 4038 783
1474 278 196
711 2057 232
2763 3310 952
1357 734 2
1926 4074 425
3713 3255 692
3499 1365 891
105 2084 156
62 2278 145
367 818 798
865 2427 370
1598 765 89
1211 1722 986
2775 2477 683
640 138 131
2863 3957 329
106 1590 669
271 3760 749
1396 753 213
1172 798 813
981 1571 403
2431 992 158
4056 2177 970
3587 1291 247
1548 2712 880
2733 1801 856
1309 4038 781
863 3141 934
24 2602 518
1367 2011 240
3108 4062 38
709 2041 345
1940 1594 722
1930 889 436
3576 3792 674
3675 130 855
3013 1278 55
2934 198 168
3302 3505 576
2038 2011 746
2163 2132 909
338 1996 131
1798 1358 531
156 1132 138
360 3776 197
367 2089 308
3906 1737 726
2424 2898 988
2114 2093 64
411 3865 374
4075 1613 176
2929 1885 112
3326 3302 370
3943 2211 18
4004 3596 42
1291 1628 592
3389 3896 837
1067 1908 371
2683 2797 383
2307 2382 766
2197 3633 900
2363 3677 946
1326 1840 797
1022 2786 778
1081 1780 757
1350 1120 558
3545 2499 630
769 1958 100
786 3883 992
700 328 306
4053 3869 454
1920 2539 878
3918 3407 131
794 879 497
3666 2191 947
3511 3233 835
1123 1391 49
966 1046 887
2398 3780 195
1825 3355 722
1287 426 539
2970 221 4
1114 3232 1000
1297 4067 869
1935 3655 524
747 2442 488
1573 1444 926
1684 3515 199
3574 3472 580
2866 4070 547
2742 3316 814
573 2153 974
3804 654 122
2743 263 550
3109 2492 389
3417 1328 167
2819 3862 87
1012 1694 111
3984 3978 406
1433 1548 398
339 3857 541
104 709 528
2936 3272 824
1617 2386 853
3059 3169 715
3820 2194 593
2629 3537 32
2622 3357 330
358 2481 694
254 1485 609
468 2916 382
3192 449 738
2988 1113 750
4083 2650 635
3717 4001 111
598 3916 580
4044 4055 170
1730 1921 516
3433 871 297
637 109 3
2344 879 124
2393 4010 979
77 1217 307
2207 1810 892
1663 1754 278
971 2368 723
16 1362 464
1981 856 45
1804 702 455
1912 3376 614
2336 3826 256
639 4049 33
1381 3367 456
3977 3966 715
335 2542 657
1556 1817 295
2179 2280 903
1529 780 49
227 3350 612
1164 2400 868
3988 3043 285
510 3653 93
1246 2548 72
2588 2608 962
3869 1570 773
3414 3464 129
2237 3809 425
3405 2914 661
619 1300 737
3077 3899 938
1400 1338 439
3905 287 585
1272 3996 391
931 975 60
631 905 936
210 3376 76
3732 3059 672
946 893 408
557 1399 822
3186 1175 416
3151 1151 988
2595 514 707
4054 199 996
3570 2262 226
1322 3337 844
2556 1633 9
667 1982 21
3050 3722 467
2452 1360 330
1168 3499 527
2613 2337 723
238 3577 317
555 631 97
2143 1604 901
1272 936 857
511 1811 473
3188 1154 764
1586 2127 217
3154 1413 428
3789 293 107
1650 1948 673
4057 4054 376
2991 757 816
3292 2046 826
1466 577 51
4017 1660 978
2452 2308 640
1231 80 437
3797 985 983
1438 3178 393
3028 3382 862
441 1800 934
3568 3010 996
1853 19 701
710 1831 798
2597 1378 561
2682 1488 335
1778 2418 365
4015 770 239
1560 2673 902
1758 4017 413
2186 305 803
1644 2596 957
140 282 481
2483 1530 180
55 469 568
2516 3268 592
2205 3171 40
3191 732 107
2541 1735 41
1875 864 445
836 674 851
3108 698 258
738 3551 552
739 1136 795
1834 3928 501
2016 3205 320
3096 2814 669
2442 1063 322
2330 840 36
3756 413 976
1370 2671 519
4037 2143 872
436 209 428
141 2286 91
3925 775 902
478 2358 471
52 2329 155
3636 3187 369
1555 524 248
1336 2691 995
500 3828 250
4036 415 104
3861 2795 709
825 1398 267
1334 1704 129
1175 496 883
2380 2967 139
1978 3734 334
597 2916 966
1058 2945 969
3155 1480 24
2530 2786 530
3687 3519 235
2955 1529 851
725 2944 793
378 2664 741
1358 376 475
414 2872 712
649 278 258
2918 2437 268
3073 120 1000
3094 2568 470
2664 1908 154
2062 829 405
3222 763 178
1009 1708 228
1524 119 309
423 365 50
2081 1078 7
942 918 251
2517 1605 454
435 3233 696
2698 1131 669
3548 3885 53
2438 851 189
445 2107 371
74 3554 549
2070 3032 503
668 1741 206
2004 333 260
909 595 657
95 2359 397
734 3059 280
3809 1351 803
519 1730 327
3884 435 394
3465 3961 208
4066 821 712
2669 2468 14
4071 4008 850
791 2234 523
3018 779 288
37 909 269
2355 3807 581
1950 393 385
3302 1317 673
2850 3414 842
512 3424 299
2522 513 369
2309 1595 665
2954 510 38
2676 429 472
3384 2145 200
3500 2942 465
3744 3039 744
1905 312 337
1315 536 538
1755 493 813
2995 139 770
3878 1409 925
81 3997 274
2483 1464 938
1713 1905 821
2560 1286 702
1764 1474 599
3626 3917 206
2303 411 777
3184 472 862
3376 2538 368
2362 598 953
2605 3028 937
3619 1420 634
1034 1936 806
1735 336 731
1531 376 16
2174 2485 868
1689 2319 659
1361 654 497
3126 1187 189
2462 3608 437
866 1532 762
2695 3314 679
97 3400 128
1757 2998 207
1231 1008 715
2339 3353 697
1502 2261 38
4009 843 434
1799 2624 961
2584 3968 94
2545 3409 899
3549 1861 423
940 618 867
3910 795 361
3167 3795 340
1708 1810 440
48 2627 71
683 58 888
1273 1658 959
1074 2748 473
583 1298 299
137 3186 826
1893 3920 625
2533 2934 985
1107 467 558
822 3455 669
1662 568 303
2299 3838 348
3094 1310 194
3552 2377 483
3452 202 397
1419 3999 247
3027 1987 951
35 2915 529
2671 3007 211
3539 1355 775
86 3317 42
1672 2369 144
2548 1873 42
3415 812 192
1435 517 339
299 571 660
1025 996 883
2067 3345 122
3821 3954 84
3713 1898 528
1939 3448 174
3547 3470 895
923 1530 677
1182 899 761
1041 2756 873
3873 558 264
3214 1591 907
3545 909 793
1171 4003 712
1571 1335 189
867 3034 370
3397 3280 531
1278 3279 506
3027 887 127
1657 436 995
112 340 368
1120 1448 979
957 505 221
831 939 650
2397 201 596
3322 643 191
32 3200 118
304 1797 150
455 2409 843
2833 801 962
2259 813 522
2194 3282 559
1423 72 347
3832 1754 691
2759 315 527
3688 2440 696
3529 2336 280
157 1167 222
2326 92 92
689 486 515
1359 619 48
142 971 370
2185 2822 439
3840 2010 89
469 2335 472
2549 13 331
572 1187 221
1631 1609 562
1884 781 735
3575 1768 962
3561 297 143
4054 1260 217
2241 2235 239
2782 419 159
3925 2133 618
3181 506 471
2229 3886 90
1018 1690 342
3073 122 99
3650 1462 933
3679 344 740
2614 3824 501
1007 2357 601
2544 3005 110
2382 2123 956
2137 4044 672
708 1036 254
2373 2585 439
1949 1798 615
3596 1958 946
1534 3431 377
3875 2949 637
3032 3886 266
171 1755 100
1610 3352 473
1528 867 351
276 787 45
2249 1247 900
367 1930 55
185 155 109
3653 1254 263
359 343 848
29 2214 107
2925 2683 951
3488 2952 746
251 2980 97
2981 2698 149
893 672 465
2732 1835 391
3961 3518 972
3176 3173 624
1375 3142 673
2984 2193 824
3530 3510 545
3242 1453 451
3347 3858 694
1294 2154 377
659 3842 340
611 3384 970
3120 2280 570
3658 3874 563
1718 3238 821
2822 3533 611
1350 2939 721
272 2594 368
2295 731 180
1846 2791 225
3838 3356 241
3121 1652 718
1788 1954 835
480 3940 515
2092 3663 239
1487 3753 78
3142 2919 127
2552 2283 903
623 1822 144
3246 235 679
517 3961 899
1305 735 559
898 1870 269
2281 2981 619
3865 912 477
1195 2576 63
2081 1691 187
2525 3833 7
121 1972 650
2815 3617 280
2861 3392 374
2931 1126 256
3748 1627 123
1888 1632 92
2181 4033 372
456 2776 714
3649 3982 446
489 3689 278
3169 31 681
646 2604 752
406 3517 304
1673 3124 262
943 395 213
1872 449 261
3677 1416 755
3403 587 616
3158 1167 561
889 1679 471
2959 1334 302
1752 3389 11
835 1339 720
384 1886 401
515 2126 126
1305 995 501
2233 2324 880
96 1529 499
2738 1211 197
491 622 687
3918 2876 198
1590 2226 336
131 555 868
3397 2602 889
2285 878 852
406 2650 252
2699 1517 844
812 3391 114
80 2723 53
634 1174 80
130 1738 411
2934 4036 325
721 3581 340
1777 3233 232
2656 57 198
1288 228 197
1169 3924 492
2089 966 135
2957 4050 927
4059 704 612
1111 3543 339
1886 2536 380
3892 2778 268
2230 2330 927
3602 3943 56
1919 2559 947
560 1053 941
1990 1778 209
2441 2787 355
2408 3799 494
329 2384 840
2 1090 212
3015 281 769
320 2590 448
946 547 637
96 1055 854
3544 2455 192
1187 597 87
932 1807 747
270 1104 625
2566 3612 926
3413 3468 380
1494 2943 318
1836 2888 491
1505 1318 676
3168 1017 80
899 693 361
3539 2389 21
1841 3953 394
1920 1586 159
2509 3020 268
2654 364 944
746 1055 181
157 52 7
639 3559 814
2427 2952 245
3745 3619 485
3946 2837 331
1567 1263 368
1123 3978 621
751 212 155
3700 3545 457
1588 1160 705
2173 2966 713
3906 3558 546
3273 1931 781
2624 1178 855
777 1962 983
2022 2849 702
3985 3748 131
2322 1285 390
1530 2660 462
1640 3157 598
2784 1586 694
1264 3123 835
2660 2080 160
638 1734 846
1181 818 273
1036 2051 498
3172 1290 314
1687 1707 119
1396 333 607
3424 1254 431
37 2668 732
2794 2689 963
2279 2435 678
1937 866 768
2726 970 966
4054 3487 251
2013 3466 405
1278 2825 774
2953 697 544
1189 1880 237
3393 375 952
2950 2128 453
2929 3933 980
1228 83 552
894 2149 117
2254 1732 978
666 691 777
3267 2921 169
3085 974 88
3009 1353 389
2116 2078 152
3660 2108 472
2906 3649 25
763 1076 108
825 1371 398
2761 497 136
2366 2580 149
1946 1559 689
1627 1663 460
919 3917 543
1879 861 668
2259 3233 577
2233 3559 503
2652 2942 777
179 3650 537
2098 3177 800
1823 3794 680
124 129 559
3833 1665 824
2464 2094 490
1946 2454 339
2915 3131 445
4013 3884 651
352 762 338
388 454 964
2938 3033 115
2127 220 273
2104 2459 434
2242 2529 139
3084 2933 444
1417 1000 555
384 67 868
1566 2402 826
1184 1389 528
1545 206 855
1814 2272 321
2334 1526 398
680 2162 394
2201 1183 194
3115 2308 482
1705 2337 43
494 699 499
2871 2517 565
2346 1752 27
2127 1106 818
1997 2233 569
2986 3907 619
152 344 368
3349 1088 226
3069 1233 478
965 2851 642
3089 1758 975
1776 214 101
3916 2604 347
3364 2622 604
2674 673 323
230 2345 89
2645 412 172
2710 434 364
526 40 224
2027 3979 265
2507 611 775
3827 3065 748
1854 1666 828
253 1641 852
3794 2023 84
3562 3582 497
3503 3489 76
1656 1887 320
733 205 256
1132 1558 177
2785 2697 362
1998 1026 841
1777 2264 327
2329 1657 356
2538 2844 76
3932 3530 546
1461 2640 147
215 2300 277
1206 1216 988
1203 2700 781
4032 3395 938
677 3755 893
1385 768 932
3055 2738 823
2509 565 840
2054 1552 137
3535 3938 612
1849 1925 21
3494 2175 616
1829 3367 431
1934 2432 932
3209 1467 837
2061 1245 957
219 1009 271
1457 426 17
1363 1090 446
3914 1079 983
341 3995 229
2937 3252 353
3299 187 241
3532 1488 639
1475 1436 513
2693 1105 378
1137 1830 481
3237 3467 777
1829 2235 874
915 826 374
3164 1413 948
3200 3598 902
3376 3949 628
2039 3825 126
3671 1126 284
646 2033 287
1101 2345 101
281 3417 391
1020 3324 204
723 3652 419
2241 2094 779
1868 1258 324
2 2840 211
1957 1312 271
620 707 673
3815 3397 85
788 1632 147
544 689 176
120 1918 484
1909 2672 545
1628 2813 112
1348 1384 380
2975 3484 295
84 3271 99
1707 2663 727
1481 3234 780
1756 3481 382
2964 3344 911
3636 933 542
1740 1415 179
3540 380 226
2850 2185 852
2606 838 71
567 3611 642
764 2734 925
1409 3692 308
3000 770 175
4081 539 583
3476 1395 1
3738 106 160
3750 1466 9
3543 2909 55
1612 1122 982
3685 1309 800
3663 898 284
407 2481 569
2043 783 963
149 2617 223
1320 525 400
765 3958 792
172 1908 515
816 2763 8
1379 3836 895
2202 3241 586
282 2414 935
3601 1225 386
1164 3179 151
576 2421 47
2720 3051 888
3235 2216 880
2526 1806 95
607 2363 257
1284 3482 647
322 1649 625
3351 2944 153
2654 2957 276
3890 1002 171
2388 1200 319
2988 1634 266
380 2724 422
1450 1382 139
2342 2993 280
101 3984 469
1037 1824 605
4063 3965 310
2230 3588 585
2089 3720 330
2798 2447 762
1696 602 447
558 952 99
2257 3765 336
2481 2291 35
731 2506 799
63 616 244
3897 418 780
308 1788 381
2082 127 414
3282 1051 4
3249 1420 891
2780 57 135
357 3767 706
3465 2772 65
782 714 635
2062 3330 127
3877 2460 427
377 1619 461
1048 2113 725
1177 2694 8
1197 2210 103
3476 1688 58
3554 3692 605
4050 638 130
2338 1546 768
2537 771 822
174 3573 539
32 3673 890
1740 3682 75
1610 2062 454
3989 820 305
2272 3920 494
4015 1925 511
2672 1039 192
1009 3023 772
2329 4028 284
2674 3687 950
3462 1593 912
1171 235 45
436 2366 956
2481 1454 500
907 3089 963
681 2920 547
4062 3977 816
2001 654 800
1464 3388 915
3767 3731 196
1434 3227 295
3 260 985
1896 2725 231
928 3987 432
2612 2958 852
1985 1285 465
2578 1606 487
988 2757 673
2751 2945 795
687 2059 379
2364 3377 509
1572 2989 501
2640 2387 608
3402 2126 49
2949 2453 353
1943 2295 592
4079 3472 760
2762 3718 447
3834 2028 131
2906 2251 432
4025 459 381
1131 535 250
1403 769 526
1259 1144 93
3878 2693 213
3166 2665 231
1262 3932 697
442 2894 417
2644 3958 522
2400 3372 786
521 2024 705
3275 2832 750
3627 3717 255
2243 2744 494
1016 2403 527
1292 3709 978
1443 753 965
2047 3324 570
506 2946 462
1469 2879 242
2227 2951 512
1910 2305 870
1367 3138 324
2179 2087 113
378 2550 879
2329 2001 922
1913 1429 988
783 1770 835
3004 3693 340
1431 625 797
2987 1571 107
62 3455 243
1396 1398 732
2000 3401 161
1082 941 931
2219 1653 340
1536 3991 126
699 1154 631
1589 3976 975
3618 2581 955
1782 3667 399
3966 4031 987
2793 3568 96
3707 3203 228
2807 2484 435
2830 1767 8
1961 3325 361
1271 258 848
3399 2075 890
3258 2174 486
3543 3912 143
4081 1519 273
2964 629 60
3659 226 765
3542 3318 139
2132 1827 279
2154 3301 380
998 2860 27
1260 1715 106
2752 1190 142
2003 3110 320
2029 1056 640
3130 1871 541
1751 3578 463
3567 55 951
2009 3863 811
3239 2827 801
2673 1335 738
205 3879 299
3349 1563 753
110 2106 902
1370 999 890
3686 1236 318
1722 492 16
438 2911 474
2903 1489 425
1518 2282 95
412 2744 706
2026 3271 326
458 1928 546
2971 3395 507
149 1140 146
2142 2710 395
2515 2758 293
115 2932 960
1336 2078 890
2101 2163 980
2405 1585 89
3251 2372 263
3302 556 754
3268 919 175
1538 720 463
1693 75 293
2244 3762 601
1760 3905 148
730 782 135
264 4042 771
674 3469 370
3636 3897 570
3883 1137 941
2594 2570 585
3186 2513 194
2617 2742 58
737 597 970
3633 3933 40
2424 4041 127
2808 1323 863
1660 725 746
1957 1123 561
964 1646 24
2558 2970 266
2285 1571 408
3214 2644 792
1389 965 702
516 3977 127
3250 2362 374
1304 3810 314
3050 2638 554
933 104 743
1336 1937 374
3724 3431 505
3732 1245 301
2878 456 356
3742 480 245
3428 410 282
3248 2604 469
1539 3475 564
363 3164 503
2829 360 287
3046 258 517
3120 1908 530
2303 1018 595
2381 1953 867
2395 3228 834
1491 1988 550
3590 3417 122
3554 3503 926
1630 2747 998
1360 1924 24
3119 3336 621
1314 3136 92
1250 4049 693
1933 619 295
1958 2361 560
3553 768 881
1731 3984 978
955 2970 759
2775 1249 750
2369 1680 934
3638 432 946
2537 766 343
838 3962 63
3551 1462 951
3693 3635 306
3360 165 593
3384 2958 227
1850 3497 509
3254 1309 741
1735 3179 346
2690 727 467
2895 2029 6
961 4071 97
2603 1476 340
3006 2326 916
3022 934 585
1862 215 588
2504 396 378
2511 2619 757
1081 3967 772
2496 2776 68
1445 1236 900
435 2975 14
2886 2269 530
1802 2382 8
1936 2404 302
2053 959 749
3426 446 246
1907 733 166
3618 763 584
456 3061 382
648 2468 195
3009 3998 413
343 3938 576
4026 2670 960
1023 2066 542
1107 2007 990
2623 2143 320
3793 1377 689
103 3085 860
152 1100 35
1011 1727 682
1151 1136 887
1353 703 201
2993 3374 645
798 1795 955
1217 945 758
92 2420 670
2010 3210 2
2741 141 279
3010 2242 731
3859 1077 6
2120 2206 33
1546 421 82
2149 2389 896
1521 1587 229
1308 389 975
131 105 350
1124 852 399
3397 229 550
1604 1701 262
2711 2856 983
278 3146 877
1032 3746 994
3516 571 806
4082 1302 576
470 3477 713
2033 3699 11
129 5 196
2919 669 512
3455 1427 774
1186 3239 654
1205 3279 734
3350 1405 370
3213 3693 904
3852 2106 637
3471 1962 852
3547 1379 577
3597 1286 539
3469 1349 123
3903 1861 697
828 2573 255
3133 3539 70
2369 3057 993
3276 3541 692
327 2585 282
2573 3127 967
1666 2871 348
1790 3639 510
224 140 674
3895 2559 607
2514 2071 855
128 3926 214
2335 3016 232
2968 1517 518
402 4052 327
2348 1952 324
2925 3677 424
1431 2108 298
343 2032 603
562 3786 567
3780 2578 264
3128 1715 809
1381 1882 642
3815 3673 689
387 1426 930
3754 143 836
2928 3159 414
3086 1770 61
1812 1375 899
1869 945 577
3375 836 974
177 1498 225
3930 4016 746
3775 2595 532
4034 2023 536
1154 2421 287
78 1443 445
2211 1049 989
3327 1295 949
340 931 285
1339 3722 426
2047 1171 661
616 3334 438
1746 3313 160
1654 74 325
26 33 771
422 2769 499
1183 1228 583
3639 1228 241
2847 3807 165
83 3080 689
3179 188 344
3624 3629 443
199 3457 286
1260 35 685
418 882 716
877 2928 24
2555 223 979
477 4006 960
3920 1840 411
3225 1877 220
2795 3099 372
2821 2749 720
559 1597 472
27 2569 673
3486 3110 236
1992 2977 140
757 3929 364
2589 3180 371
1147 1220 350
1218 1014 113
1550 2754 497
1906 3724 408
2257 110 146
1054 77 206
1239 3349 25
2619 1624 982
2023 2756 402
3817 3343 31
1983 3749 739
250 3800 946
778 3566 610
2004 3112 787
1966 844 284
1424 2262 747
1347 1030 405
3317 602 284
3060 2615 899
2041 1060 173
877 3478 698
546 3798 495
1108 3964 268
3544 1712 690
4033 2303 268
145 2624 722
3558 614 829
2476 1046 271
3178 1956 664
1140 780 913
802 3242 882
415 2801 891
3023 80 178
1863 2178 769
3295 355 206
1752 303 644
596 1290 442
3880 2552 536
702 2900 434
1490 3097 241
2020 439 692
3443 3815 14
453 3155 781
1980 1387 468
4060 3488 578
435 2629 537
3346 2964 85
2140 1575 403
2222 3505 644
1438 473 535
3502 3122 162
2592 1336 147
544 1768 807
2212 2221 773
595 2472 831
3805 3298 229
2454 2028 918
3598 1826 586
3104 2309 607
915 2546 277
566 870 678
2982 4068 237
395 1187 51
484 290 273
1753 2481 791
2990 334 167
2843 3748 887
1465 483 303
1362 2312 892
1022 595 856
1296 472 374
3070 1703 224
2257 298 453
3353 3904 568
1842 1882 314
1189 2153 584
737 1410 549
2283 1952 679
1941 2715 500
999 2141 227
1596 128 94
2984 3570 921
2838 3600 524
3603 2580 563
3169 2107 332
3019 1639 733
408 3688 750
3432 1917 580
3135 1589 50
651 1161 619
1715 2545 415
3807 1695 236
1588 276 599
3616 3082 487
941 2110 545
3574 1306 204
3704 421 596
1085 587 347
969 2606 797
3161 3938 602
3863 2584 58
567 1054 144
1184 2017 409
245 3832 151
4034 177 20
3444 1072 202
3866 1012 670
1410 1206 44
2111 837 237
635 3917 763
2061 3472 32
3482 1459 724
3220 3573 746
2304 3811 793
3258 144 496
259 253 936
3931 4072 428
139 1812 747
2530 415 888
2765 3881 932
1874 3775 137
267 3866 698
1626 2952 377
3642 2733 606
3538 1192 784
379 308 569
1305 1075 408
443 2784 407
3251 3095 374
108 1078 563
52 2763 799
2728 651 884
4001 1238 471
177 1076 459
1951 3282 500
2554 2196 911
2302 3287 823
2079 345 308
782 1963 846
2130 2540 675
3930 3857 876
2284 3654 12
249 3984 476
1733 1997 472
1591 3812 456
2910 2890 13
2789 1402 138
2880 26 433
244 3847 593
3185 710 806
1364 318 89
184 1853 107
2563 2952 213
2391 1013 47
1396 603 496
1126 859 164
3594 1044 456
1023 3457 179
2840 2875 234
2686 3648 178
2586 4028 586
2011 142 847
2709 2407 507
91 1234 18
627 356 485
376 3691 58
1223 2771 561
1232 420 373
1748 1984 675
3099 3518 655
1255 855 4
208 231 419
3737 1199 919
2192 2272 572
644 3900 216
336 3421 141
1867 2452 620
1582 625 248
1962 867 32
2206 3221 537
1724 2305 94
1225 3174 929
2575 851 951
1019 1084 664
2125 452 28
3445 37 980
1580 2192 993
1200 3779 704
1738 1620 639
179 134 179
3382 681 743
3920 2107 726
3047 1976 367
3484 1021 901
2158 2674 214
280 1816 533
1043 603 620
590 3590 294
2459 2995 3
3464 2652 129
4002 1825 514
2662 166 876
2128 170 495
2059 3694 276
470 1704 111
574 3330 18
1661 3338 918
4029 1059 179
2740 12 383
3835 1787 730
1315 3001 726
1175 3950 298
2308 3504 399
2811 1820 300
3718 1728 376
2783 670 726
4082 2017 112
1745 1718 164
431 1172 392
3952 3162 290
675 2372 199
1405 3070 546
3948 3738 374
446 1287 872
3788 2918 597
1369 3783 906
3214 2309 773
980 950 210
3318 3994 214
550 1561 308
3184 656 45
300 2983 252
2344 1979 884
4031 164 411
3280 565 872
3938 2551 274
2885 121 258
1834 3886 320
340 613 886
2866 1096 136
3635 76 371
742 735 128
1839 2839 640
1874 323 142
1139 2 182
765 1194 969
975 1903 404
2872 2796 172
2839 3154 381
871 3341 631
3487 3988 218
3900 2323 644
1083 2170 838
2258 2829 629
3314 449 718
3959 3473 893
3228 2218 681
1150 3192 368
363 506 782
2795 753 216
1228 3522 664
1715 153 18
869 777 754
1449 2330 847
3707 3289 426
1422 2837 229
3646 1316 420
2256 575 639
2501 3936 499
2649 409 149
2005 214 426
207 1956 901
715 1186 441
1753 160 902
314 1021 577
3489 823 505
3017 1521 657
65 350 380
818 1375 273
758 1611 609
2274 1395 63
951 1943 796
3773 1019 233
1098 1253 113
2760 740 67
371 1775 415
2579 786 654
1760 1128 735
1291 3517 492
2685 3712 711
2888 1902 859
2536 138 986
246 1838 100
2650 3350 457
3913 2921 344
3493 3434 936
3161 2819 294
2775 384 322
3517 270 211
1840 1545 401
1410 1690 64
1527 810 995
1503 1460 709
3406 2826 589
3369 3450 562
421 3948 15
3062 2393 516
1574 134 232
3724 2673 584
2087 1715 296
2239 2012 862
3888 1706 311
3993 3886 327
2731 988 792
3449 34 677
3101 2732 169
1409 1148 443
1057 726 49
753 618 405
3492 3510 10
3445 1260 128
2684 1655 166
3861 3685 819
1143 114 787
509 1288 348
1213 2785 119
2662 48 153
3522 47 633
2462 1142 111
2174 1405 731
1077 2399 805
2926 3014 294
1157 544 722
3078 1469 257
3779 1516 611
10 3972 729
45 2117 765
198 1506 443
4023 1766 203
3664 116 887
1693 151 223
2025 527 389
3152 2502 71
2954 3320 164
1946 3308 524
3623 1448 469
756 562 752
368 2143 511
1541 2533 796
696 2252 39
2067 1652 851
3714 1397 304
3805 2760 799
1129 218 892
1174 2884 771
2067 2269 447
2691 3939 14
2485 2854 660
2573 2614 190
2835 2755 760
759 3885 535
1144 163 992
2354 2662 258
203 1768 440
3403 1932 956
1116 767 438
3270 418 6
971 363 566
3806 3005 423
1781 2896 999
303 3481 62
2475 813 321
3323 3639 329
3983 2388 228
3926 1742 855
2965 857 255
2442 747 164
2152 1550 440
553 2750 919
3518 2867 375
577 1644 41
646 869 558
654 3680 401
4005 2375 215
3894 2280 514
1392 609 88
141 664 146
283 499 612
492 1781 119
1441 2188 709
2951 1749 418
597 317 277
1748 3315 482
433 2204 312
660 3196 715
2096 2388 402
3300 1415 138
410 1184 545
554 1473 53
373 1097 867
1621 1574 875
3318 2644 379
1881 3488 168
2940 1190 984
3379 351 522
1104 1228 304
2997 2643 614
3356 20 7
2067 2483 269
2867 301 298
2264 3276 915
3487 2669 291
2135 551 905
3022 705 293
2638 1344 128
19 3918 253
1864 773 579
592 3787 1000
356 2487 666
2074 2962 212
3735 3153 312
1661 2525 815
3176 1335 86
48 3119 617
658 1028 726
3119 1197 961
75 2687 111
3678 3441 535
1833 2711 30
2648 156 528
1864 2374 766
3797 366 32
2902 1115 103
3361 721 395
3131 1667 771
2056 217 273
468 4079 951
2793 2325 894
1653 725 962
2215 1904 230
1499 2273 804
2708 4026 15
2934 2892 515
3285 3460 704
1505 2475 538
938 2598 804
740 1744 849
3194 1012 814
1159 1697 244
1636 2064 28
2809 1703 501
1065 925 623
1969 487 974
960 3960 884
3280 659 987
2317 1413 702
1926 3835 523
2102 53 509
3593 2516 773
787 1803 190
3486 1970 406
2375 3795 361
3390 2562 823
3342 2087 249
2138 1056 222
777 1762 843
1256 2965 296
74 2628 986
2681 835 22
1691 458 326
3855 3754 834
1441 3535 159
1160 2847 805
2410 1121 792
3755 2049 276
2099 3362 796
1110 1431 417
3801 3407 600
119 979 386
1140 638 629
2217 3062 696
3699 1708 486
747 45 69
3056 2636 652
1238 735 307
3298 1872 430
2542 579 865
3221 1352 821
964 166 68
2860 1147 860
2601 1127 547
1633 1342 346
3374 881 71
2282 115 736
2651 3606 861
4060 1461 252
528 3549 817
3829 857 426
2083 1445 383
650 3992 325
2877 3078 239
561 81 105
1534 3327 469
3551 2039 21
190 1256 902
1908 3059 268
2198 326 671
216 3725 517
3300 1941 609
1993 3447 611
612 3695 171
1161 3065 141
2366 2651 252
1734 4035 269
1556 2783 349
3474 1731 338
2753 3779 982
1083 3078 393
1154 2180 507
2537 146 326
1471 1897 8
13 132 45
1820 2331 312
2503 1751 634
3448 3829 394
103 2661 510
2664 2814 208
3433 1892 533
3018 1318 331
1006 3423 95
1222 3671 901
935 2269 90
1877 3604 129
2714 3317 625
2849 1390 520
2739 580 806
223 1506 89
3382 1470 821
672 2870 209
727 2877 429
3320 773 806
1949 3120 810
1466 442 64
2643 623 115
2316 1299 581
187 1425 296
2069 4059 153
969 203 134
3763 581 812
2403 1216 205
1038 4067 609
2749 1403 516
3656 3916 78
1402 3331 741
2792 43 740
389 453 483
3513 3661 731
813 115 278
842 3676 139
1658 4010 433
1953 532 860
585 836 148
676 1370 907
3487 3300 965
699 3147 181
3721 2703 793
884 4054 612
1097 757 649
3140 816 313
3900 1807 920
3243 903 282
2503 3628 501
3117 3900 672
1987 3348 907
3695 3224 27
2664 2754 301
641 2044 193
3599 95 293
3098 392 114
3213 2631 19
3205 45 57
1496 1328 402
19 3040 628
110 1593 268
688 3743 53
3706 2707 284
3867 2722 27
242 3372 413
2454 3321 733
1817 3091 829
1914 1886 162
2445 1220 254
1370 1237 206
663 2164 197
671 946 563
1867 1993 964
602 2054 443
1739 3687 391
2241 2671 595
3286 761 545
3177 3986 720
845 3577 145
3746 1004 106
2332 3148 488
97 1763 703
2802 654 291
643 1188 945
911 615 217
1275 574 195
508 1857 230
2992 3248 146
1372 3531 214
2339 2123 245
356 2236 589
1749 1771 740
2296 2823 391
1343 838 443
4077 388 99
1500 3675 920
1787 291 576
2546 2186 725
2298 195 748
909 1435 275
2932 1901 531
1527 3459 689
3398 853 797
1229 169 401
2606 2809 960
1212 4075 949
577 2403 55
977 1128 962
1668 3007 21
3329 2850 181
294 3750 529
3851 159 685
1108 1656 149
3217 534 94
3092 1343 238
2940 119 826
1354 44 882
3362 264 625
1949 904 446
125 131 692
1169 219 449
2219 2415 321
969 2499 93
1019 3832 495
17 368 981
1718 2117 511
2590 3225 111
555 3953 625
1664 3864 225
1442 569 318
205 3194 91
3170 2220 41
2567 219 276
880 286 756
3999 788 67
1875 124 528
2369 3650 828
3997 2104 851
1898 1802 964
3470 3459 62
2157 2202 467
1929 1129 557
3219 1277 506
3301 2254 592
412 1973 414
737 2551 565
2675 3844 461
2299 1412 202
2596 1385 875
1691 961 195
1477 3491 387
2488 3861 502
2519 1300 621
1150 37 397
3826 724 175
1955 2953 189
3090 1334 180
1531 3856 141
3133 103 289
444 1841 831
208 2873 454
2889 1504 675
2151 215 49
2553 1561 837
1109 2327 259
984 1642 426
2559 973 455
506 321 978
540 2974 268
2035 2564 331
3591 841 393
307 3544 1
412 3832 589
1398 3788 615
1885 605 901
3262 1765 293
1260 2684 680
2084 3608 225
2946 3065 984
343 303 137
886 200 104
1425 286 282
2900 3911 39
2824 2018 161
726 506 905
1765 3402 135
2294 3741 977
1674 1133 988
3539 3024 107
1154 507 478
2923 2151 959
3818 801 829
2794 4023 16
2270 1668 147
1832 1549 885
3490 519 47
2437 1573 543
1506 3389 132
3631 2031 386
3948 3199 460
3072 2420 17
1438 1888 315
975 154 956
4022 322 12
491 1407 16
3942 796 395
563 3404 759
3632 3442 649
3057 1732 491
402 1386 771
3158 487 901
985 2387 207
797 3457 172
3086 1523 401
1495 1805 918
3422 4078 410
2358 1617 846
694 1150 627
3805 2600 425
3255 3558 426
2180 2882 713
3346 3687 881
850 3667 502
2903 1699 502
3856 3144 281
2185 29 811
3606 2170 178
3438 3121 157
3725 2379 292
1503 1544 95
2689 808 120
1763 2762 832
2145 3859 418
3369 1135 338
3397 1264 858
3687 2833 524
3643 2413 111
1117 1031 979
3879 665 845
1680 3721 785
2453 244 140
3945 2098 333
3691 3678 230
2883 96 867
2035 3320 675
854 787 458
1496 3751 721
1894 2263 450
2042 460 346
2328 48 53
2260 537 501
465 3626 353
3690 1640 754
565 3756 494
1655 210 780
1606 3745 168
471 3218 605
2059 1980 99
161 3592 415
3774 487 14
654 186 395
2561 1835 368
3984 1671 261
2776 595 334
2562 3427 137
1982 1094 513
2756 3475 365
3415 2996 280
2184 847 161
3885 4059 657
901 3265 509
1470 52 906
2319 953 307
1486 3526 439
2552 3998 838
3509 4048 395
1493 2166 659
554 1139 491
2723 3717 4
2953 1123 23
2287 2605 964
2361 3770 10
4042 3759 701
1406 585 989
63 3118 925
1711 2904 163
3156 3639 922
1344 2674 332
2939 2294 275
2234 1317 684
1803 869 947
2332 3669 852
1112 1090 844
756 723 652
1794 1201 426
153 677 526
3657 3723 658
1847 3154 971
41 3207 914
1451 1818 991
3820 2364 867
2338 2495 981
2735 3306 695
3142 926 291
687 1962 414
671 1823 969
2235 726 483
2477 1813 486
2452 2605 43
1751 2702 549
2628 3971 227
442 2389 154
1383 2835 991
345 1720 763
892 1430 134
3794 3465 700
1472 2910 741
3667 815 196
204 1784 656
1393 481 863
1445 3944 638
1759 1620 779
3745 1266 450
1719 121 391
3810 3400 580
3623 90 780
327 2076 508
3656 183 471
1179 920 337
1154 1533 117
542 3487 761
349 354 318
1427 3550 272
1010 828 697
1113 1195 975
330 3166 317
2282 4005 834
649 527 937
2510 22 702
897 1319 772
3995 16 385
516 2627 88
1980 2926 26
168 1168 142
1177 2481 197
3079 526 904
2513 70 5
832 1330 298
2788 3390 923
3365 2896 157
2119 3363 477
3339 2227 134
679 760 27
715 868 504
490 1593 823
3147 2993 587
506 2948 687
654 33 234
4018 1068 719
4001 1264 192
274 2034 581
3086 803 197
3443 1999 619
549 1529 344
2647 2229 657
974 505 773
1656 1646 985
1167 422 205
2878 992 891
1649 2579 103
48 3886 569
3082 1520 62
2378 1322 336
3803 3073 613
1568 407 918
636 2727 242
1982 2677 265
444 1433 50
3662 3666 389
1726 887 525
3085 641 525
3731 2219 605
1118 2075 839
1288 694 692
3849 3379 503
2720 1563 828
2443 2513 420
3581 2864 784
3274 1879 870
2746 2728 933
739 1505 194
2499 2684 296
1117 363 801
681 2689 900
3757 3849 614
2828 1890 646
1198 2986 669
1395 2494 191
2133 662 899
1607 2676 275
3078 629 811
3139 1244 310
2727 1909 376
685 3191 636
2558 1681 369
2851 1110 467
1659 3908 400
2782 3282 429
3091 3398 455
2107 2079 527
383 2821 116
3336 2700 499
594 2298 222
804 1688 401
505 392 216
4080 2637 537
2879 2870 73
1771 1884 443
3854 2792 821
4050 608 830
3008 2119 391
1938 2718 947
2439 222 688
1881 2201 925
1092 1541 837
2643 2960 101
2777 2211 251
3928 2525 668
937 500 282
4039 3288 98
912 2316 155
11 223 48
2923 814 135
3827 509 972
1995 2511 324
2432 521 282
2068 4046 80
1215 2521 822
1559 758 318
2773 977 757
4000 923 472
3958 1598 857
3048 2451 45
803 2895 51
1137 1502 70
1260 3296 475
4073 3542 914
924 4019 898
931 51 190
2483 1252 164
2085 631 599
2141 1934 163
1450 3982 120
1045 892 23
1990 2989 284
1087 1444 187
1686 831 252
3876 2293 528
52 3016 48
3900 3181 827
2360 2739 145
1897 2742 275
208 3801 206
3581 1275 92
3614 1893 573
3391 2449 800
3075 979 969
350 2409 811
409 267 843
5 364 76
1792 1942 988
2310 122 923
3529 1790 431
1507 864 870
2957 3296 92
1422 2274 679
1367 2142 682
2057 2977 591
2191 2970 328
258 1743 420
1296 1400 803
1015 1929 475
2268 3818 171
2810 386 141
895 4065 48
3807 1605 926
2175 1472 11
2265 323 164
2414 160 693
2338 3326 966
816 888 514
270 722 379
3775 875 844
1551 2868 630
582 728 947
2528 2747 380
3313 3598 34
1757 2265 491
976 2007 763
3965 2255 729
2598 484 230
3265 2364 299
3135 3730 156
154 177 250
862 2136 444
2235 1580 106
881 825 544
222 2905 346
231 2456 581
387 1850 198
2394 1796 185
3774 1803 229
266 3138 17
3768 1074 671
2584 356 776
2292 1232 899
3541 2963 922
3882 801 262
689 1328 116
3845 1145 643
143 1716 88
1422 1381 342
1866 1179 202
2840 588 971
6 465 836
2167 2058 185
483 3494 443
2226 2223 508
1885 2675 184
365 261 832
4061 3764 603
28 892 24
237 346 626
806 3802 24
3212 574 903
915 608 573
334 161 157
2052 1891 228
1485 3307 326
166 540 969
3782 2044 231
2591 3046 973
1927 3657 201
2021 334 805
2075 359 926
2838 522 981
2948 2377 22
3678 3656 201
2905 1303 784
1980 2062 590
2087 564 816
1265 2733 57
2426 2708 782
3110 3988 898
1531 343 354
2380 108 551
3639 1555 902
1636 3016 432
275 3899 108
1857 2625 37
2518 1933 527
593 2555 752
3641 1464 912
3922 3151 6
3225 481 483
3565 752 942
1343 442 729
1667 3175 957
2668 364 234
160 2610 931
3993 1071 759
1899 2297 382
362 275 708
3216 192 782
3699 1176 112
3693 3888 229
1296 2577 42
3836 325 266
3898 849 566
2958 2931 159
3546 703 658
142 3000 806
1563 3338 457
497 1033 851
75 1078 691
3015 3278 248
486 1800 275
1251 1807 828
1768 2319 974
2511 2695 224
727 3241 406
221 2406 477
101 1166 568
620 3999 537
1473 2988 510
2642 297 800
3519 3218 248
1924 3014 981
1676 3225 967
2351 3665 665
268 3646 942
434 154 927
3442 2198 525
1976 3049 637
2539 2861 111
3866 902 312
1519 2320 428
1081 3761 12
654 1577 96
3420 3147 89
2547 4024 259
1912 2847 32
3322 1061 525
3344 3966 309
1593 2584 450
2632 3149 932
2281 2524 770
3059 1188 211
1176 1352 886
3492 3094 38
3630 2160 527
1826 1648 84
159 3498 773
768 337 485
2064 3814 450
2837 172 827
3064 371 792
2559 1954 995
1554 1135 780
3385 2040 217
759 2655 632
3969 3047 104
2478 666 318
3093 4034 399
3003 1623 337
288 1595 20
488 3764 336
3802 3595 583
137 2607 260
3472 3992 778
371 2448 161
2504 2133 703
1013 1057 157
133 1313 447
1238 3323 30
2122 282 318
2112 2313 172
852 2838 534
2768 2817 467
1697 1525 928
880 224 35
1 128 757
4058 2521 719
170 497 489
3202 3111 169
1771 3896 839
2854 3038 482
1225 2102 588
1907 215 187
3296 3815 98
442 3755 745
2486 3036 264
827 1304 270
3791 3708 968
1005 162 576
570 1914 296
738 3738 27
2618 1551 782
3571 1681 474
3084 2640 127
2596 414 962
3818 43 947
3296 3788 330
1574 1964 742
917 1782 755
2687 275 50
3192 2011 288
79 3109 715
2921 1637 504
2247 3781 721
3005 1469 978
1046 635 749
833 2025 685
2335 1507 117
4074 467 519
1099 847 329
769 3422 544
16 1791 616
1866 2706 961
912 995 627
795 2284 33
3946 2544 262
3980 329 210
4058 3104 837
317 1622 573
923 1015 460
1064 564 230
1588 2003 878
216 2878 615
2700 1039 705
3070 3003 801
3868 3825 458
1105 826 650
744 2953 706
1927 1981 163
2839 2018 859
2987 1589 399
2639 3690 16
2544 1533 147
1749 627 700
3583 3781 608
3407 2377 669
3294 1214 904
2855 3908 529
162 1184 665
834 11 31
3629 1565 140
1633 1057 593
162 3779 291
3512 1045 473
1622 792 959
2552 3922 349
1609 3911 66
1723 3044 674
3198 4082 356
1873 2128 810
328 856 862
2447 2587 431
2404 669 196
1979 3729 920
1385 1439 146
1434 2883 215
1653 3418 137
2126 2118 97
1538 3805 178
2715 199 552
1999 3143 216
1774 2872 340
739 563 682
3055 1708 672
2190 2746 570
2474 2436 403
1784 3291 464
780 628 744
2977 3072 83
3576 2756 66
3123 2632 317
1330 1534 381
392 1544 888
2862 3837 732
1004 3945 131
2046 1158 530
1226 1289 229
1547 292 836
3569 437 374
3560 233 836
2551 2498 65
2339 3160 30
1979 2527 851
262 599 568
1569 1068 499
1136 2209 159
2928 618 241
230 1369 254
815 1410 687
292 1215 603
2450 479 139
4015 427 725
3783 2140 56
1406 1514 187
2900 3690 513
1461 3642 605
3954 1709 508
90 3527 660
2218 1561 261
618 872 115
3756 1050 882
1385 2794 558
2628 3286 401
43 3249 31
4048 1514 356
2018 3483 508
3429 3445 599
2668 1667 374
1978 1142 214
88 3787 934
661 1790 354
22 2634 785
638 2026 484
3185 1152 484
1072 2926 912
3215 1454 792
3871 369 281
2131 634 948
785 2659 875
436 816 222
1700 2542 432
2512 3956 382
3040 671 628
3725 2662 374
2831 3049 734
3450 2858 684
2050 3433 895
1526 2072 644
3165 247 501
3367 1287 202
1243 2368 854
3661 466 637
1512 3081 388
2946 2231 441
4045 2316 907
371 3173 460
1080 889 766
390 3607 279
3694 733 393
247 2228 13
2782 2277 390
1242 1439 462
2856 2086 162
1870 1781 710
824 817 303
1316 2800 333
1988 2762 479
896 854 43
1924 1422 815
1543 2848 938
301 2794 855
4057 1433 404
3517 2398 562
141 3806 673
725 3970 531
2625 3170 847
2670 1098 239
2480 64 672
912 864 658
2750 3584 681
2264 1276 295
3175 2111 720
3786 1747 323
3983 1394 507
2135 2188 967
1669 1201 736
1971 2593 108
1614 2080 343
1655 934 61
840 577 675
1000 3086 849
2700 1343 647
3066 584 375
1540 193 907
860 271 327
2232 1341 330
3882 485 853
3281 181 641
203 3985 707
1565 1094 764
3628 756 982
948 2692 341
2663 3408 236
2181 828 743
1437 2200 453
1720 3736 757
3817 503 407
2588 2406 59
1633 1982 107
3091 3744 543
2563 1939 682
2001 1361 981
486 2645 981
820 1518 610
3471 565 709
1788 187 561
3841 2130 369
2404 2815 996
3357 3810 741
1097 1669 647
2197 748 636
3991 2083 125
203 2728 173
4008 363 362
3531 3922 997
427 2206 879
1675 1910 176
3959 3677 550
3503 3885 990
2954 386 958
288 800 158
1675 3061 654
359 2107 232
3622 4077 721
1066 3079 734
1217 3510 967
3801 1349 769
2305 2989 113
196 1975 360
419 307 381
3837 1731 487
1572 1691 841
3676 3178 907
2222 800 427
33 3529 910
2716 1208 448
1677 2853 397
3308 3729 511
3193 1719 739
1831 3647 726
2128 2628 235
1170 1450 283
3185 1314 470
2993 665 580
2527 1224 210
1282 1721 192
1282 3342 339
1516 3208 785
2846 3304 867
156 1227 750
321 2315 254
2557 3343 796
3750 3098 252
3576 948 385
1163 1717 737
3213 2359 712
1712 3103 725
87 3853 580
3501 2503 946
1844 2897 133
646 2664 16
3527 2056 322
209 36 192
1101 3826 617
819 2639 698
2168 2052 636
1305 2649 103
1380 3067 765
2454 524 585
2994 2789 376
4037 3462 978
605 3789 558
4065 2186 850
982 1114 356
2753 3244 676
1963 3289 731
2492 2422 91
1816 754 72
12 3869 26
2686 709 194
587 2565 830
2049 994 803
3230 728 100
3392 937 54
2603 1601 739
1162 1864 232
4053 3645 504
4061 663 57
2060 2232 761
52 2201 880
3845 3736 342
2734 383 895
3578 3237 910
3260 3414 396
2834 787 504
3269 3622 408
1358 3231 923
3717 1740 892
1268 2515 3
2786 925 849
2174 1740 842
1560 3183 614
3216 883 55
3743 2478 637
2416 1840 630
473 2734 385
761 4084 940
1988 2020 753
787 3195 720
1111 2668 138
2151 404 935
584 46 659
629 1092 814
1553 3017 837
1985 1175 481
1796 729 115
2912 1437 469
2074 1601 731
2451 3018 742
3994 2277 543
2077 632 12
3435 523 937
2063 3439 202
309 1405 706
3631 2483 677
1022 2554 477
3028 3397 406
2920 3311 927
900 3983 405
1918 538 471
1249 3021 501
1237 904 830
3716 1628 768
3092 3818 486
402 552 701
2641 1242 296
945 1554 352
2852 3139 342
1907 107 251
3174 3957 709
2593 1555 695
2962 1162 698
2014 3828 772
992 664 519
325 2827 490
1150 32 499
2170 2458 836
991 1325 977
130 425 125
1172 1409 402
4054 3833 728
287 951 59
2666 2103 734
3632 500 174
2628 1405 488
1895 2220 937
19 3486 346
3766 929 414
2011 1588 764
3859 3764 830
1977 1777 164
1818 248 512
3946 3826 608
4002 3184 478
1516 27 157
235 1161 732
2368 664 535
904 3863 749
3417 3984 241
667 964 45
3941 138 867
2985 531 359
2495 3813 70
2090 1188 900
2383 3004 901
3125 3511 637
2482 697 679
317 3188 780
3900 1407 268
682 2869 146
1125 3116 563
250 3435 292
2596 85 989
