2221 7333 0
464 430 1810
1457 1500 1
971 1674 1
432 1857 1
1242 1494 1
589 109 1
86 1438 1
149 1970 1
816 632 1
785 1901 1
1726 1610 1
279 422 1
729 1538 1
1202 716 1
1082 289 1
717 681 1
900 640 1
925 776 1
1427 1296 1
160 1672 1
601 1806 1
243 699 1
946 379 1
598 2139 1
40 1149 1
94 860 1
213 1207 1
849 1429 1
965 921 1
1626 877 1
1990 1916 1
1602 423 1
1942 1619 1
1916 323 1
1954 1013 1
16 1152 1
175 602 1
1425 263 1
341 1176 1
639 826 1
1470 1641 1
1711 851 1
2099 868 1
2011 419 1
868 546 1
1522 1229 1
907 829 1
888 1258 1
407 168 1
833 1386 1
1576 357 1
1608 709 1
2125 2172 1
49 1659 1
1891 1760 1
2155 519 1
277 2210 1
34 773 1
1779 1200 1
192 1106 1
1350 1956 1
2098 1544 1
844 1873 1
1629 1465 1
1184 266 1
1749 1883 1
1270 565 1
1990 647 1
59 1468 1
1870 1654 1
179 1853 1
274 468 1
2127 1235 1
658 2172 1
1679 1240 1
744 592 1
857 2075 1
906 1126 1
1089 1591 1
24 413 1
1076 1070 1
1869 402 1
186 173 1
325 686 1
1766 1868 1
101 1873 1
1029 1114 1
1715 245 1
915 705 1
224 823 1
957 2081 1
1914 829 1
810 1066 1
1972 1348 1
1578 1601 1
1201 1571 1
360 1835 1
2021 362 1
787 921 1
1215 1743 1
332 1194 1
1515 517 1
1864 419 1
1863 1408 1
886 2211 1
1948 1549 1
783 1773 1
1013 232 1
1348 1602 1
34 33 1
6 1333 1
1089 144 1
565 1793 1
834 1115 1
739 1066 1
1326 303 1
2063 2107 1
935 2142 1
813 364 1
179 680 1
1193 267 1
834 1848 1
288 1907 1
1469 1449 1
1060 1570 1
809 598 1
479 951 1
633 119 1
1379 2181 1
1836 270 1
1326 1856 1
1880 1115 1
1686 453 1
1956 961 1
247 233 1
512 393 1
77 1554 1
1889 1447 1
1855 1165 1
2219 2194 1
576 458 1
844 379 1
1744 1446 1
1426 1196 1
629 516 1
1714 1190 1
1173 1230 1
399 853 1
963 1224 1
72 946 1
422 1648 1
1322 720 1
1221 961 1
309 114 1
1314 1944 1
1211 2082 1
21 1232 1
863 2131 1
868 1863 1
774 1701 1
1970 2149 1
2171 1266 1
109 491 1
35 1846 1
2071 1450 1
2090 2031 1
1373 383 1
854 1126 1
740 1241 1
1586 1866 1
2011 538 1
1602 2046 1
2148 145 1
331 1978 1
1735 393 1
1620 2023 1
1853 2048 1
1140 1770 1
1929 2052 1
740 767 1
1999 696 1
1373 2112 1
286 2212 1
40 1988 1
1541 1508 1
425 699 1
1387 580 1
1737 1194 1
1346 744 1
233 584 1
1990 2025 1
1621 223 1
650 1495 1
1868 1989 1
934 257 1
2029 1195 1
1295 791 1
731 889 1
1563 444 1
1036 648 1
220 2095 1
2206 1313 1
1409 2143 1
2174 1507 1
1049 96 1
1049 580 1
658 882 1
1219 839 1
451 1524 1
2072 742 1
1641 1275 1
2013 1912 1
907 904 1
920 23 1
1962 59 1
1708 1764 1
872 956 1
618 1416 1
1660 1753 1
1434 52 1
454 1387 1
1926 1276 1
1436 1633 1
1195 95 1
759 1043 1
1525 1994 1
90 185 1
2035 1967 1
214 531 1
1377 796 1
2111 2065 1
985 710 1
2007 507 1
800 505 1
500 423 1
988 1730 1
219 2202 1
1560 1396 1
193 1591 1
1716 933 1
586 2120 1
2018 996 1
402 1378 1
866 733 1
973 922 1
90 208 1
1501 194 1
639 588 1
604 1799 1
206 522 1
678 908 1
2118 1705 1
926 21 1
1163 1602 1
1047 1146 1
1895 1957 1
806 211 1
445 371 1
80 145 1
179 1671 1
2014 145 1
1003 1453 1
1192 2026 1
1368 1031 1
53 2045 1
2172 1160 1
1858 1704 1
735 1924 1
1881 1640 1
517 1800 1
1136 1032 1
628 1351 1
1375 377 1
1945 462 1
1092 508 1
480 389 1
854 1994 1
1811 1695 1
368 2040 1
201 1464 1
1833 1123 1
71 1955 1
2003 752 1
144 1243 1
1223 514 1
1476 984 1
478 622 1
561 1582 1
226 867 1
1298 1558 1
1433 1973 1
1376 929 1
788 2140 1
1454 969 1
420 1398 1
1610 438 1
227 1553 1
2091 1845 1
1967 2080 1
555 1645 1
385 1818 1
1930 1389 1
616 503 1
63 1907 1
578 1835 1
527 554 1
2004 1899 1
949 1688 1
862 1455 1
1506 815 1
1532 1941 1
311 430 1
36 350 1
2142 2048 1
44 1347 1
1222 1826 1
564 1342 1
1221 451 1
2094 1060 1
201 1493 1
169 1993 1
2166 1262 1
1279 597 1
1341 1375 1
1097 1517 1
977 975 1
341 1722 1
601 525 1
1878 536 1
221 428 1
1075 2198 1
1967 725 1
160 546 1
475 392 1
2018 1666 1
1921 651 1
1889 1005 1
374 1695 1
1259 1867 1
620 1028 1
701 986 1
102 1644 1
895 1109 1
2034 605 1
1888 1721 1
513 1843 1
1029 2196 1
1750 1357 1
945 311 1
1331 329 1
368 1604 1
741 985 1
2122 934 1
745 637 1
1430 1784 1
1167 1165 1
211 1435 1
843 1638 1
116 1394 1
1535 1539 1
2000 1249 1
474 1479 1
1660 420 1
51 2029 1
639 1812 1
530 1031 1
1550 1940 1
2179 520 1
2030 1893 1
316 975 1
820 1347 1
1117 1740 1
1998 324 1
116 248 1
1114 1311 1
540 1917 1
1971 712 1
427 350 1
1963 369 1
1693 531 1
1599 720 1
1638 1830 1
483 37 1
1404 1228 1
2066 1379 1
387 663 1
1301 273 1
1836 424 1
2067 1317 1
1578 2204 1
2028 1677 1
44 183 1
684 1334 1
1475 1853 1
1637 1708 1
1471 1361 1
1443 868 1
1255 1365 1
1307 185 1
111 1608 1
1680 299 1
332 358 1
1700 289 1
2044 342 1
2072 683 1
99 1080 1
817 1807 1
839 759 1
945 2166 1
1442 409 1
1451 1901 1
397 346 1
981 833 1
666 1828 1
302 786 1
1937 1139 1
530 361 1
1668 2124 1
1005 1071 1
890 1183 1
1200 2204 1
388 1803 1
752 1596 1
1853 51 1
282 604 1
2169 422 1
1411 160 1
135 297 1
78 877 1
767 670 1
84 1113 1
364 378 1
1159 1354 1
1729 1985 1
1783 340 1
1120 1129 1
1156 279 1
284 2000 1
1099 1603 1
1555 2041 1
1354 802 1
1631 317 1
1444 1062 1
935 269 1
769 322 1
930 1290 1
1802 964 1
579 2133 1
2153 1981 1
2131 1632 1
566 922 1
569 1829 1
1231 1082 1
1623 1975 1
580 1340 1
1278 828 1
931 358 1
745 689 1
677 594 1
590 550 1
2163 1691 1
352 240 1
154 2215 1
791 1694 1
323 566 1
150 1657 1
1834 953 1
1263 1290 1
587 442 1
1380 644 1
599 875 1
491 88 1
1782 1897 1
1224 1454 1
341 952 1
1773 257 1
2210 1980 1
374 1146 1
824 1009 1
1111 339 1
2131 203 1
1071 1830 1
1566 2171 1
1626 26 1
1325 864 1
558 906 1
1396 1588 1
663 1280 1
1150 241 1
1451 48 1
825 1495 1
2202 509 1
1348 2059 1
1540 790 1
1159 1677 1
912 831 1
24 789 1
1583 994 1
692 263 1
1452 857 1
2098 1381 1
770 2094 1
1643 383 1
493 281 1
669 1777 1
1309 1737 1
285 1591 1
862 2161 1
1049 133 1
1508 577 1
204 1894 1
1156 560 1
755 40 1
1182 2060 1
614 1952 1
549 263 1
1532 895 1
1867 1015 1
1177 1392 1
1558 1125 1
1641 1573 1
1935 1742 1
1665 1303 1
784 41 1
1201 341 1
402 1622 1
2177 13 1
673 330 1
920 1692 1
1321 766 1
477 1121 1
2001 1425 1
51 400 1
758 2102 1
457 1310 1
615 698 1
1261 193 1
1110 391 1
232 326 1
1197 1163 1
1878 988 1
438 288 1
163 515 1
1591 1318 1
1839 1134 1
1752 1675 1
596 746 1
1563 728 1
1181 1165 1
1456 16 1
727 751 1
122 649 1
1345 1729 1
1467 1406 1
845 227 1
1042 1979 1
1905 367 1
1539 630 1
2014 241 1
189 1701 1
2036 1752 1
2063 1816 1
1994 1861 1
29 1292 1
1058 1528 1
714 510 1
2090 1019 1
67 1692 1
569 1791 1
717 2163 1
1334 2056 1
1159 170 1
1935 75 1
686 860 1
770 820 1
237 2053 1
2106 685 1
2184 495 1
1503 2207 1
535 918 1
1756 743 1
2046 1904 1
317 1797 1
1548 818 1
980 2022 1
1101 1495 1
1085 292 1
825 265 1
1920 960 1
1424 1345 1
49 1947 1
1722 1804 1
439 451 1
589 1847 1
221 690 1
191 1143 1
1173 646 1
1061 1719 1
881 1227 1
384 1332 1
124 538 1
691 866 1
1858 1432 1
632 477 1
1724 1379 1
231 1442 1
1773 1222 1
71 210 1
1696 1674 1
1212 842 1
1851 78 1
432 2010 1
1417 528 1
1935 1265 1
1877 951 1
1351 450 1
981 1132 1
1150 950 1
909 808 1
1834 1778 1
78 13 1
2061 1678 1
627 1905 1
2100 861 1
80 1722 1
614 1302 1
1764 1974 1
2048 626 1
691 1852 1
140 2160 1
154 576 1
489 464 1
94 1204 1
45 1945 1
2168 840 1
301 2191 1
825 1766 1
197 435 1
743 1257 1
1093 1820 1
1216 188 1
747 84 1
1658 963 1
1818 2035 1
1683 111 1
880 293 1
915 248 1
2143 1233 1
2204 2185 1
2023 1981 1
1524 746 1
668 1362 1
531 1618 1
1634 752 1
471 1630 1
701 1772 1
1555 1355 1
1680 1608 1
1526 1204 1
497 8 1
2098 1729 1
1175 837 1
2078 1530 1
1804 1977 1
878 1308 1
308 826 1
1261 2077 1
122 762 1
88 665 1
1126 496 1
1706 660 1
811 1001 1
131 1687 1
361 75 1
299 664 1
292 1239 1
1971 2027 1
1597 4 1
1329 355 1
1430 1700 1
388 1391 1
150 935 1
1658 1372 1
1657 852 1
349 2187 1
1896 1941 1
396 1248 1
1515 2148 1
2060 893 1
2215 1826 1
1643 590 1
715 1798 1
48 344 1
376 1042 1
1745 50 1
1313 1984 1
2030 957 1
2074 1612 1
2094 2102 1
1193 1519 1
1477 649 1
871 2106 1
1188 1585 1
664 1696 1
477 1539 1
279 2038 1
1532 793 1
1425 750 1
1272 749 1
2201 2108 1
796 1449 1
1538 942 1
1149 1439 1
1671 1509 1
488 809 1
2026 875 1
576 896 1
2188 944 1
843 1091 1
1592 1377 1
2081 567 1
1320 1868 1
1910 1421 1
1235 888 1
213 479 1
1281 1251 1
205 44 1
537 1821 1
78 913 1
1293 653 1
972 2002 1
2210 256 1
1623 513 1
1259 42 1
1298 844 1
1405 745 1
321 1052 1
450 250 1
569 76 1
73 2083 1
215 339 1
2104 1823 1
689 1706 1
59 2167 1
1943 1413 1
1568 1052 1
1075 66 1
1873 706 1
468 1673 1
588 912 1
2139 1666 1
1565 366 1
810 1676 1
753 1973 1
1539 1970 1
919 1457 1
291 2099 1
2052 114 1
582 1950 1
2117 1914 1
2067 61 1
71 1102 1
263 171 1
187 374 1
895 1684 1
1931 744 1
1563 45 1
183 827 1
627 1392 1
1103 304 1
545 928 1
741 1404 1
1241 488 1
296 311 1
1628 2169 1
817 407 1
2164 1986 1
342 1694 1
546 1824 1
416 646 1
1095 495 1
179 2181 1
2108 1646 1
573 233 1
1968 619 1
1838 1772 1
143 1056 1
107 461 1
3 1731 1
305 1495 1
1740 579 1
1569 1121 1
108 741 1
2021 1078 1
347 179 1
1236 1266 1
2218 1280 1
1051 1819 1
1312 1594 1
1520 2117 1
1894 1742 1
1667 1087 1
1423 2130 1
1669 247 1
1423 129 1
1935 1941 1
476 645 1
1876 405 1
1905 264 1
364 2168 1
551 160 1
1242 1967 1
664 650 1
2183 1846 1
1643 878 1
2199 1879 1
635 1755 1
1464 1515 1
72 1864 1
829 1394 1
887 1379 1
1283 1081 1
1222 1954 1
1482 612 1
1377 1506 1
2020 71 1
717 346 1
498 34 1
178 1882 1
1778 1469 1
1014 1016 1
197 31 1
615 1196 1
25 1504 1
824 2163 1
873 398 1
1413 599 1
2171 2041 1
51 2074 1
227 321 1
1408 1353 1
676 1636 1
1489 128 1
440 1796 1
46 1785 1
538 1336 1
251 9 1
2179 1275 1
598 1299 1
580 751 1
1733 907 1
800 750 1
1051 1917 1
100 505 1
113 1686 1
1700 1041 1
874 1827 1
1656 1557 1
1293 2010 1
1241 1251 1
1628 146 1
1590 811 1
405 893 1
1557 1271 1
83 1786 1
433 2220 1
2060 1711 1
93 399 1
1498 1523 1
1748 2122 1
1730 1392 1
1929 2163 1
1985 1639 1
1507 1073 1
117 2199 1
794 1861 1
346 927 1
2124 1287 1
805 1212 1
2097 1740 1
1786 2147 1
450 136 1
779 1266 1
574 1110 1
2131 1606 1
65 2009 1
871 8 1
1427 1523 1
1088 661 1
1664 1550 1
1815 1534 1
1322 1620 1
1981 2045 1
1414 1723 1
138 618 1
1886 2106 1
1973 1933 1
1120 1731 1
113 940 1
993 2155 1
1806 992 1
1104 1700 1
847 666 1
1041 894 1
667 115 1
2046 1369 1
557 272 1
928 579 1
700 1298 1
496 2153 1
1588 781 1
1777 1741 1
908 1795 1
852 487 1
1784 441 1
155 1853 1
65 1218 1
657 1964 1
253 1126 1
2132 1079 1
1422 2195 1
930 1652 1
1208 1078 1
1522 378 1
2152 209 1
1954 39 1
257 1579 1
496 1615 1
825 323 1
973 902 1
1060 404 1
1854 753 1
1178 712 1
1583 187 1
1594 611 1
359 1253 1
1249 2058 1
1667 208 1
391 645 1
801 1680 1
1299 564 1
1389 42 1
2148 541 1
2140 346 1
8 1575 1
1495 1188 1
1413 1973 1
1616 824 1
2022 568 1
1769 1156 1
1041 396 1
854 366 1
954 1986 1
347 1845 1
584 1124 1
2132 1277 1
998 1696 1
1854 39 1
703 472 1
838 1197 1
1040 253 1
200 1187 1
353 593 1
652 2084 1
1682 345 1
622 782 1
341 1322 1
1102 1163 1
1542 2025 1
2162 367 1
1595 2103 1
374 618 1
1884 549 1
1821 1987 1
1464 551 1
1033 494 1
1158 906 1
259 1455 1
437 320 1
516 841 1
680 1065 1
2188 1882 1
2025 318 1
746 682 1
1907 955 1
2103 1561 1
1857 1318 1
199 2147 1
1137 833 1
943 1413 1
771 49 1
1502 2027 1
515 1618 1
498 563 1
2180 1421 1
425 2062 1
495 1534 1
1044 1662 1
198 1005 1
132 498 1
872 1304 1
339 1869 1
1739 1504 1
109 245 1
1493 544 1
775 2116 1
841 1640 1
1163 2220 1
2026 420 1
272 332 1
1528 1366 1
218 1768 1
1620 742 1
1744 1893 1
347 2019 1
1236 1469 1
120 1045 1
420 488 1
126 532 1
280 1556 1
1788 1141 1
187 1230 1
296 1457 1
1026 1393 1
1460 3 1
1804 94 1
676 276 1
1384 271 1
397 247 1
370 1444 1
21 243 1
2050 990 1
865 118 1
2192 1719 1
2007 1928 1
1648 943 1
2163 2146 1
465 1717 1
538 875 1
450 2163 1
52 73 1
648 924 1
166 238 1
106 1467 1
1027 1393 1
622 1861 1
1492 864 1
1128 269 1
904 441 1
976 1598 1
2192 1517 1
619 1756 1
971 2203 1
985 682 1
1865 769 1
2092 1429 1
1112 1159 1
937 809 1
1263 1633 1
2002 586 1
803 2215 1
1276 275 1
1121 1325 1
280 470 1
684 1228 1
1976 1002 1
119 401 1
39 640 1
1807 2079 1
984 2040 1
228 30 1
1610 2054 1
2215 1250 1
1162 230 1
1687 1413 1
1814 281 1
447 501 1
1493 528 1
1249 186 1
1439 2052 1
485 1210 1
1018 1903 1
1848 2205 1
454 192 1
1587 592 1
1255 997 1
1264 1963 1
1664 227 1
464 1696 1
1279 2216 1
1641 211 1
487 907 1
2030 1659 1
1427 1794 1
5 134 1
382 1031 1
900 261 1
285 2069 1
572 791 1
396 283 1
867 581 1
1718 536 1
805 1860 1
725 999 1
1405 1061 1
388 701 1
980 1892 1
504 1025 1
121 1366 1
563 1854 1
1164 1287 1
1019 1471 1
2173 10 1
1342 1 1
1827 963 1
201 1549 1
157 120 1
808 1533 1
1206 1273 1
1108 950 1
1446 1626 1
1515 598 1
1632 443 1
704 1859 1
1621 1155 1
1848 1829 1
1904 1337 1
469 60 1
810 59 1
393 388 1
1529 1757 1
2112 1948 1
1168 1928 1
104 943 1
255 351 1
1808 2110 1
668 1794 1
1003 1406 1
1953 1917 1
1020 805 1
1102 420 1
2108 1003 1
2104 1883 1
1032 83 1
2084 203 1
1153 1856 1
985 941 1
744 256 1
1022 1333 1
605 736 1
570 215 1
867 385 1
1002 1314 1
1814 1640 1
630 2209 1
1092 1401 1
1437 1879 1
258 1424 1
1443 386 1
378 870 1
1314 225 1
458 422 1
321 2097 1
849 1912 1
2012 1946 1
1593 724 1
188 364 1
2114 1339 1
472 1501 1
1609 1469 1
2008 822 1
763 1027 1
789 209 1
2195 1817 1
682 686 1
1551 2185 1
484 108 1
1017 54 1
1799 1972 1
372 2043 1
1032 215 1
1732 1170 1
2110 1613 1
1721 1901 1
903 1316 1
319 1911 1
1424 1939 1
500 856 1
1427 90 1
205 2141 1
2137 1517 1
745 1253 1
1019 1297 1
511 2174 1
2144 1196 1
1311 876 1
1071 983 1
1169 1625 1
18 899 1
451 1822 1
1588 1451 1
1324 1231 1
992 1067 1
1363 683 1
1844 1758 1
1658 1597 1
63 2176 1
1841 1343 1
1439 1039 1
182 1065 1
1298 1274 1
1849 1899 1
1485 948 1
943 253 1
859 172 1
418 566 1
249 1560 1
1992 1692 1
1366 1610 1
1030 2201 1
1869 1236 1
767 1074 1
1130 2188 1
1146 1532 1
803 1532 1
143 202 1
48 1530 1
73 1442 1
2191 1477 1
872 1802 1
1379 1541 1
603 1207 1
730 1843 1
1989 1756 1
321 1964 1
884 722 1
842 1284 1
608 82 1
1206 1338 1
786 1901 1
1620 536 1
2217 1482 1
777 1720 1
211 1291 1
999 1921 1
2152 1863 1
2149 1437 1
1296 1852 1
494 1460 1
1073 926 1
1895 1478 1
510 1028 1
1417 625 1
1175 2055 1
850 1208 1
775 1904 1
1121 124 1
1398 900 1
1286 488 1
2205 962 1
1719 2042 1
1060 757 1
478 1103 1
1255 1267 1
1120 1970 1
334 145 1
1805 792 1
1984 637 1
205 895 1
1788 1769 1
1901 1464 1
1643 1117 1
1289 1378 1
1022 1678 1
1382 113 1
954 1825 1
754 569 1
874 1164 1
1093 941 1
78 1756 1
515 1857 1
1112 1791 1
971 1318 1
1289 694 1
405 1000 1
1990 1667 1
993 2108 1
807 325 1
1314 843 1
27 449 1
246 431 1
2137 1712 1
96 2214 1
1024 1133 1
2050 1234 1
327 1455 1
1626 229 1
987 1902 1
1549 1723 1
725 709 1
297 651 1
32 430 1
386 1592 1
2011 194 1
746 195 1
1458 1905 1
570 105 1
1040 262 1
1066 1459 1
2177 379 1
341 328 1
1851 1033 1
1652 1082 1
616 1421 1
1390 457 1
719 1376 1
1112 620 1
7 5 1
1567 1450 1
253 1533 1
641 1543 1
1853 694 1
185 894 1
1349 1937 1
965 234 1
101 1678 1
872 2037 1
299 2103 1
1595 1717 1
615 1107 1
68 1870 1
1445 1328 1
1285 2059 1
133 1555 1
539 1663 1
1331 709 1
2192 865 1
628 1822 1
1110 1503 1
1788 1009 1
263 1664 1
924 1982 1
2196 424 1
1675 328 1
1353 1863 1
2079 609 1
626 2027 1
1792 99 1
1164 1771 1
295 1867 1
209 771 1
1591 1553 1
1524 1531 1
1948 193 1
967 1178 1
1655 900 1
1772 1067 1
1831 1165 1
1504 2014 1
157 81 1
1636 490 1
1527 610 1
179 47 1
2220 395 1
365 1866 1
2077 354 1
2198 2160 1
1062 246 1
1713 298 1
509 427 1
907 1836 1
1836 1411 1
168 1537 1
1965 1582 1
1603 1438 1
468 71 1
861 1427 1
1760 1806 1
1090 942 1
881 573 1
19 63 1
2053 510 1
34 1136 1
2130 114 1
750 417 1
1844 650 1
147 1529 1
436 1885 1
1224 408 1
1307 1470 1
903 954 1
634 1278 1
1430 1559 1
229 1837 1
566 416 1
669 1948 1
890 988 1
1245 2060 1
1280 1133 1
567 1107 1
941 1132 1
1712 346 1
1729 1195 1
970 307 1
1724 338 1
736 1657 1
1777 521 1
400 640 1
282 872 1
953 251 1
566 1903 1
793 761 1
853 1084 1
1699 1761 1
1445 1282 1
2038 1447 1
775 889 1
292 23 1
1452 1441 1
321 705 1
1054 745 1
901 1176 1
129 620 1
612 237 1
549 2144 1
1820 1802 1
6 201 1
1728 244 1
621 1759 1
218 1697 1
77 2114 1
851 963 1
1630 428 1
2003 1634 1
2184 1560 1
760 954 1
181 1424 1
1506 195 1
1029 650 1
678 1447 1
252 189 1
1490 1028 1
1593 755 1
1986 357 1
1556 1498 1
1819 1414 1
1596 469 1
1421 1749 1
1641 1577 1
1017 1904 1
1833 806 1
1889 1986 1
17 1164 1
1440 1791 1
1594 1528 1
1260 1083 1
1676 298 1
886 2093 1
1213 1335 1
243 563 1
2140 1967 1
1319 599 1
990 181 1
2090 2187 1
249 709 1
1610 2143 1
1185 588 1
355 1723 1
329 693 1
1266 769 1
1657 883 1
1404 1012 1
1863 1111 1
426 795 1
1039 2149 1
140 935 1
820 862 1
654 217 1
243 676 1
1821 186 1
1153 2163 1
756 2149 1
174 0 1
340 368 1
19 2159 1
368 1396 1
1054 1945 1
1482 474 1
2058 1156 1
1738 1596 1
425 810 1
759 621 1
1879 410 1
85 119 1
1966 1506 1
1547 691 1
1017 2123 1
1634 427 1
827 590 1
14 630 1
1064 234 1
415 509 1
2194 1013 1
119 1483 1
28 1883 1
98 1612 1
2133 484 1
899 649 1
1720 949 1
1468 2057 1
785 1362 1
1884 1721 1
1619 1241 1
2139 32 1
1451 1072 1
410 831 1
46 258 1
1307 297 1
519 1205 1
1270 2154 1
1275 74 1
1860 1748 1
1499 1560 1
586 887 1
450 1036 1
922 1005 1
101 2059 1
225 642 1
2002 1845 1
1585 1279 1
966 2056 1
384 1718 1
693 231 1
2136 319 1
649 92 1
513 931 1
905 1405 1
552 1166 1
1553 1496 1
331 866 1
999 924 1
352 1709 1
1646 1273 1
60 1373 1
1439 313 1
1088 1449 1
910 2183 1
1607 633 1
1665 212 1
1353 449 1
2131 538 1
239 638 1
1850 922 1
1149 911 1
892 1008 1
1322 1838 1
1938 56 1
856 1798 1
1356 1187 1
822 530 1
532 543 1
1770 418 1
2186 385 1
1310 1561 1
92 314 1
699 2007 1
969 1418 1
1794 1555 1
764 586 1
1753 714 1
2078 1431 1
651 2182 1
868 1462 1
161 1692 1
2011 118 1
2123 135 1
1068 1162 1
1983 2140 1
347 737 1
661 2037 1
961 1403 1
2004 1615 1
70 1146 1
1980 1169 1
752 1395 1
1181 247 1
367 40 1
2014 2203 1
1886 2150 1
2159 82 1
320 1276 1
1772 1528 1
451 1000 1
1337 881 1
350 1954 1
1194 1775 1
424 1434 1
83 1925 1
1233 2106 1
915 872 1
369 328 1
656 1995 1
222 1370 1
1841 1802 1
756 557 1
1435 1784 1
1135 1658 1
1996 1171 1
1808 801 1
1190 572 1
1132 1168 1
1044 399 1
679 1100 1
822 1570 1
1516 1923 1
942 287 1
1870 1248 1
801 822 1
627 1284 1
1518 1292 1
617 1838 1
660 324 1
1142 2098 1
1406 21 1
832 695 1
1462 718 1
38 23 1
2175 1374 1
1256 602 1
1089 1746 1
1711 1974 1
444 602 1
2068 729 1
1455 1636 1
846 1935 1
1430 1613 1
1916 1588 1
602 1023 1
693 1599 1
1499 1822 1
1431 1048 1
327 225 1
565 1894 1
766 1635 1
671 527 1
1939 502 1
1683 1599 1
788 121 1
485 2099 1
45 221 1
1707 256 1
1740 1053 1
729 2051 1
1313 1880 1
1172 2048 1
1168 341 1
441 1310 1
930 1577 1
1256 283 1
533 1638 1
54 1955 1
1157 1587 1
704 510 1
1869 656 1
950 1913 1
1033 573 1
533 231 1
1705 1963 1
615 1026 1
1909 549 1
2079 532 1
1230 816 1
1931 1942 1
952 665 1
1870 998 1
1094 79 1
689 8 1
1365 584 1
1191 160 1
512 283 1
479 529 1
1622 838 1
2216 959 1
1476 2157 1
1305 1549 1
1117 193 1
1623 2065 1
609 621 1
575 1732 1
1373 969 1
1667 601 1
2127 1093 1
879 239 1
1883 1765 1
67 2072 1
889 2050 1
1558 1942 1
45 1007 1
1970 2086 1
741 551 1
298 752 1
133 1477 1
841 224 1
1116 1468 1
98 1131 1
1467 918 1
433 645 1
1260 2046 1
1016 694 1
1918 157 1
1939 447 1
1769 615 1
715 423 1
1329 2204 1
976 1385 1
1640 775 1
414 1637 1
864 1591 1
1872 181 1
60 881 1
541 402 1
1168 789 1
1681 101 1
85 127 1
182 899 1
1389 184 1
315 1079 1
2118 435 1
1635 1309 1
382 706 1
1905 2214 1
734 1660 1
1986 1349 1
805 1931 1
677 881 1
671 1717 1
808 1847 1
110 2220 1
912 1561 1
1084 2200 1
690 723 1
1587 1303 1
425 1598 1
2113 2186 1
1427 21 1
1764 141 1
31 1220 1
1203 2181 1
1458 1449 1
546 2187 1
1443 661 1
725 265 1
1053 625 1
1692 1517 1
2153 416 1
227 244 1
1005 1741 1
2097 1757 1
75 359 1
779 1692 1
490 57 1
959 1721 1
1518 331 1
590 983 1
1472 1879 1
1501 799 1
760 982 1
1944 1222 1
813 603 1
906 1836 1
1218 1306 1
260 1677 1
1639 448 1
2182 2127 1
562 2165 1
1303 319 1
1188 1601 1
715 1179 1
93 103 1
641 1345 1
1657 1600 1
1925 947 1
1506 439 1
158 2095 1
1082 533 1
1370 1001 1
1735 626 1
298 377 1
2034 1656 1
17 147 1
1111 1347 1
1028 993 1
1156 985 1
1648 1889 1
1737 1267 1
1852 1503 1
1454 945 1
1977 747 1
615 856 1
760 64 1
870 766 1
721 2077 1
857 2054 1
1580 338 1
1355 1214 1
1127 752 1
505 376 1
678 177 1
207 1380 1
25 1614 1
1964 461 1
1604 828 1
1142 1263 1
581 97 1
232 1000 1
400 783 1
100 1462 1
1568 2077 1
1140 548 1
81 708 1
1305 1534 1
66 860 1
968 227 1
135 1355 1
679 1017 1
1701 1546 1
466 1866 1
229 1071 1
1817 812 1
1153 677 1
198 2154 1
149 1464 1
231 332 1
185 2112 1
795 313 1
2024 1330 1
196 2022 1
1958 1438 1
857 363 1
729 916 1
1894 1431 1
1829 272 1
1394 1201 1
999 1022 1
948 1728 1
394 650 1
2134 2171 1
277 708 1
1616 21 1
1885 1096 1
1660 974 1
463 820 1
487 149 1
201 453 1
239 1438 1
2033 1676 1
1708 942 1
1008 342 1
1220 1747 1
1416 1985 1
342 1043 1
1535 897 1
1714 814 1
1440 659 1
647 1408 1
450 444 1
562 1679 1
1632 887 1
891 1064 1
2103 675 1
2174 580 1
1903 95 1
257 350 1
432 416 1
1367 466 1
1760 1320 1
1352 409 1
793 1881 1
855 312 1
1757 681 1
158 968 1
1120 43 1
1679 388 1
1052 2201 1
2005 2100 1
1804 518 1
747 1778 1
1091 1261 1
1547 2158 1
1683 1961 1
137 1899 1
1943 868 1
700 1608 1
70 915 1
356 960 1
50 2172 1
779 1913 1
846 1830 1
1226 185 1
732 260 1
191 1757 1
1955 1625 1
607 1719 1
1469 378 1
887 211 1
607 1866 1
814 1495 1
815 1612 1
1951 1900 1
1681 1305 1
2087 558 1
790 1214 1
2172 1242 1
1926 656 1
169 1578 1
1804 1264 1
1485 624 1
733 891 1
1927 1286 1
2109 1915 1
93 128 1
253 75 1
419 916 1
1440 2128 1
425 2066 1
850 1831 1
1459 1387 1
1575 1802 1
220 424 1
1879 1724 1
1751 2136 1
934 1831 1
2192 1205 1
2172 167 1
159 1488 1
2093 241 1
421 1274 1
1021 1825 1
1190 342 1
2002 424 1
98 670 1
365 1066 1
648 673 1
340 699 1
1694 137 1
1533 550 1
1499 137 1
1276 2169 1
653 206 1
1637 819 1
23 913 1
265 1333 1
459 2093 1
22 13 1
1254 1333 1
1369 336 1
1631 937 1
620 1464 1
1110 542 1
1583 1571 1
58 766 1
2122 221 1
1984 100 1
475 1648 1
661 1805 1
1835 596 1
1185 76 1
1163 308 1
133 1276 1
1865 1637 1
1405 1221 1
1595 1774 1
1978 484 1
1038 1507 1
741 2115 1
530 445 1
791 2192 1
1452 945 1
1746 1434 1
2199 1006 1
953 137 1
508 1705 1
305 670 1
589 441 1
1238 1044 1
52 1362 1
1492 1629 1
1092 1914 1
986 1105 1
1875 1554 1
1483 641 1
441 26 1
1248 1405 1
420 73 1
1671 1613 1
1253 2178 1
1790 1690 1
154 29 1
783 550 1
1187 2034 1
615 1793 1
1955 2024 1
1174 374 1
862 1829 1
329 1530 1
1839 2077 1
353 1144 1
1713 1430 1
289 428 1
1631 617 1
2111 995 1
644 28 1
780 1982 1
1871 2140 1
694 488 1
2200 167 1
1483 182 1
1770 1351 1
1017 436 1
1342 507 1
1630 737 1
1083 1155 1
1351 1563 1
266 1185 1
2155 2078 1
649 1449 1
1561 1409 1
2215 1265 1
1195 1842 1
211 2193 1
576 1200 1
763 1035 1
1868 608 1
1031 859 1
1903 1777 1
2043 483 1
794 366 1
669 1775 1
1844 1101 1
1254 2134 1
2038 657 1
1694 478 1
1769 697 1
1830 1620 1
1085 1572 1
333 961 1
1507 340 1
529 1704 1
415 1547 1
1882 1395 1
592 215 1
1024 1583 1
433 988 1
1485 855 1
1385 1994 1
1136 126 1
429 1349 1
1549 1202 1
1868 1794 1
1268 1956 1
255 1138 1
1794 190 1
1452 494 1
453 357 1
1285 700 1
382 1384 1
1156 1799 1
1254 484 1
1701 1804 1
927 174 1
331 1777 1
1686 997 1
2120 488 1
966 1613 1
2184 1729 1
1969 231 1
2081 1829 1
2205 2129 1
1399 548 1
2015 2164 1
1058 1912 1
1335 1286 1
2047 905 1
134 1755 1
1636 927 1
737 336 1
1830 37 1
1759 683 1
1057 1983 1
1167 1849 1
1758 315 1
1307 454 1
905 939 1
1996 1730 1
1072 518 1
1397 2034 1
938 1952 1
419 669 1
716 1458 1
1340 94 1
117 93 1
1278 1000 1
1538 2190 1
1573 1072 1
507 98 1
1738 2004 1
713 1597 1
212 549 1
452 1326 1
1719 379 1
1886 2135 1
711 1428 1
2176 978 1
64 620 1
1958 1756 1
728 204 1
1093 944 1
2046 1147 1
1937 1113 1
1595 1572 1
1105 1749 1
555 624 1
254 1958 1
1430 919 1
2084 721 1
2185 1283 1
483 328 1
1549 443 1
2128 668 1
2166 1015 1
1676 1158 1
75 255 1
1125 536 1
2158 153 1
818 1993 1
266 1366 1
1141 857 1
1669 83 1
1483 1760 1
2153 1892 1
1090 1661 1
214 230 1
152 468 1
678 2020 1
1148 1225 1
1319 1303 1
1908 208 1
649 293 1
1157 558 1
1910 1970 1
2126 1734 1
1537 247 1
794 2160 1
1943 97 1
2037 322 1
1624 1081 1
216 1463 1
2019 1834 1
1412 1786 1
906 1661 1
198 2014 1
1932 1851 1
212 1682 1
1141 396 1
1494 629 1
95 233 1
1525 1897 1
715 711 1
75 434 1
181 446 1
596 1371 1
404 115 1
2143 322 1
601 21 1
642 1676 1
1318 1231 1
926 858 1
73 721 1
1933 595 1
2015 1908 1
619 688 1
1257 1259 1
2143 1152 1
1111 2192 1
1791 1156 1
1356 1939 1
494 248 1
1345 1597 1
924 727 1
1906 787 1
1442 607 1
710 919 1
869 2025 1
1418 1837 1
772 1309 1
1437 1614 1
563 1414 1
312 415 1
1640 636 1
588 73 1
1355 151 1
1994 963 1
772 2006 1
351 1576 1
1270 1424 1
1312 447 1
790 1689 1
1576 1996 1
1055 792 1
1828 1238 1
1503 772 1
880 1105 1
117 383 1
1252 2138 1
506 1221 1
1123 1910 1
740 1674 1
1043 1327 1
1417 1445 1
1675 172 1
1723 44 1
2111 547 1
135 1069 1
1540 804 1
338 661 1
1971 297 1
579 497 1
77 2038 1
728 2058 1
1221 155 1
1322 1669 1
540 1257 1
1337 1569 1
559 1020 1
225 1284 1
483 55 1
2038 838 1
1492 22 1
1345 776 1
526 1630 1
932 1256 1
1473 1865 1
1543 687 1
1801 922 1
2064 1901 1
701 985 1
1326 30 1
1941 870 1
1025 16 1
1788 1455 1
145 1335 1
191 393 1
1950 635 1
1425 2098 1
118 892 1
2009 1397 1
1196 1780 1
45 1851 1
2006 829 1
993 880 1
1847 415 1
599 499 1
1012 260 1
2053 2085 1
1142 2031 1
1898 1992 1
241 208 1
1159 152 1
2124 2075 1
1597 807 1
1361 419 1
387 1765 1
1583 1729 1
507 768 1
990 737 1
1555 1644 1
991 2172 1
584 112 1
919 958 1
258 904 1
1524 445 1
269 628 1
1634 2052 1
201 1896 1
1198 1971 1
1227 979 1
1069 1959 1
2175 449 1
1550 1139 1
25 1937 1
859 2005 1
1214 936 1
2007 769 1
1113 1571 1
626 731 1
1509 708 1
149 354 1
1402 422 1
2004 1453 1
663 634 1
68 45 1
1623 2068 1
1749 633 1
646 42 1
1497 34 1
1268 575 1
1086 859 1
725 1304 1
583 28 1
1961 65 1
1285 1600 1
1469 1921 1
948 971 1
227 2130 1
1563 2207 1
1014 261 1
514 1719 1
1317 982 1
190 1273 1
2105 1101 1
1583 1813 1
2045 1271 1
1352 913 1
2176 56 1
1924 215 1
1113 1626 1
1865 300 1
737 1236 1
1347 1012 1
1460 445 1
1419 395 1
1432 1522 1
2071 925 1
874 960 1
350 1289 1
695 1150 1
1594 1457 1
806 434 1
623 1620 1
28 418 1
1841 1952 1
1805 776 1
1105 2201 1
541 1407 1
1001 1600 1
389 583 1
1816 1049 1
1854 1400 1
2146 1120 1
2120 347 1
1472 360 1
859 1728 1
1682 2090 1
1049 1145 1
377 1715 1
1110 1318 1
188 1862 1
2012 1740 1
1789 717 1
1180 300 1
990 107 1
794 1750 1
2042 966 1
267 2088 1
1786 1576 1
1893 561 1
484 765 1
185 260 1
838 377 1
1644 1566 1
859 573 1
1490 1610 1
989 728 1
937 139 1
1307 176 1
624 932 1
1250 2101 1
1160 1909 1
1762 323 1
1668 955 1
1198 1040 1
2193 662 1
202 1928 1
42 1320 1
1149 181 1
360 2170 1
907 2150 1
1292 1865 1
520 1794 1
502 1429 1
662 1408 1
436 552 1
1691 869 1
592 1325 1
838 566 1
560 709 1
1842 1212 1
257 935 1
1364 522 1
1581 785 1
598 932 1
378 64 1
1975 2139 1
1318 806 1
945 420 1
907 621 1
647 533 1
1005 1226 1
1706 0 1
995 1888 1
1782 1653 1
188 2076 1
1668 655 1
301 1667 1
522 1582 1
1307 7 1
1454 2134 1
1414 621 1
1524 1679 1
1284 179 1
1517 2039 1
27 1207 1
1169 131 1
265 1634 1
2095 196 1
625 832 1
403 1729 1
1008 813 1
627 1903 1
2173 1953 1
380 154 1
1757 1532 1
2080 1495 1
963 1151 1
1926 376 1
801 1066 1
231 1072 1
1148 891 1
1186 2112 1
1117 1280 1
707 377 1
2171 69 1
1453 481 1
1428 1617 1
2100 1705 1
2071 1309 1
1703 1990 1
1280 1900 1
419 1085 1
1195 1555 1
655 46 1
1739 2177 1
231 1854 1
30 475 1
2164 1857 1
2077 1758 1
1358 1365 1
1193 1945 1
54 287 1
1595 23 1
1529 1878 1
928 139 1
1765 110 1
1687 122 1
1750 1509 1
214 1069 1
716 948 1
383 356 1
2215 1732 1
1924 26 1
1219 1465 1
344 502 1
276 1768 1
690 1045 1
996 109 1
689 56 1
1707 2081 1
1226 1321 1
475 1262 1
1818 1872 1
1974 753 1
2210 1143 1
1753 2183 1
2058 2160 1
678 1224 1
488 2157 1
637 161 1
235 112 1
310 215 1
1960 62 1
2009 885 1
19 2216 1
1529 1127 1
1838 1188 1
123 2066 1
2054 1016 1
1797 1224 1
72 1354 1
1023 1937 1
76 1499 1
388 622 1
634 647 1
170 1512 1
1023 1143 1
82 371 1
1830 992 1
849 1097 1
960 88 1
1448 1928 1
1745 2164 1
821 1133 1
827 1706 1
663 46 1
312 2149 1
1326 958 1
391 1457 1
410 994 1
94 1266 1
105 1117 1
2142 1844 1
1952 1707 1
172 653 1
13 1755 1
998 1272 1
2060 1275 1
1183 688 1
362 1986 1
1757 98 1
1006 1546 1
524 2053 1
921 349 1
1396 2048 1
1522 1576 1
7 1691 1
1459 309 1
1530 804 1
48 782 1
958 53 1
1623 2166 1
1286 1887 1
1778 1054 1
131 11 1
1834 778 1
1740 394 1
118 978 1
1265 1731 1
2155 710 1
2198 221 1
1474 977 1
34 2047 1
935 2063 1
1795 25 1
558 334 1
13 834 1
710 1897 1
1881 848 1
1037 322 1
330 2005 1
501 165 1
1896 1218 1
1965 72 1
743 733 1
1536 914 1
2129 189 1
324 361 1
904 927 1
1936 1015 1
1560 925 1
1294 231 1
2079 86 1
941 142 1
876 538 1
1210 756 1
915 2090 1
191 1210 1
2033 503 1
1828 1296 1
1237 117 1
766 1876 1
1930 1014 1
260 1901 1
860 183 1
1134 791 1
1747 79 1
2044 663 1
1572 663 1
23 614 1
328 82 1
2114 1778 1
56 491 1
253 1330 1
1770 1848 1
567 1689 1
1605 1014 1
35 945 1
1529 1000 1
1277 419 1
1419 1342 1
175 1764 1
1714 96 1
1748 903 1
588 1447 1
1551 123 1
794 1686 1
1382 626 1
1417 520 1
0 711 1
1390 110 1
1383 1294 1
1737 316 1
1855 460 1
2184 1177 1
1809 213 1
683 317 1
1074 119 1
1015 1229 1
1750 492 1
1985 1983 1
1398 88 1
1441 671 1
972 126 1
295 1825 1
1975 2204 1
444 656 1
757 2023 1
285 1652 1
2128 1209 1
1500 421 1
1435 709 1
1308 1007 1
2038 69 1
1289 1926 1
1614 824 1
636 1122 1
93 141 1
977 351 1
158 2033 1
1147 2137 1
1684 667 1
1702 1567 1
1172 1829 1
1217 1880 1
1811 867 1
2065 909 1
2167 1716 1
645 417 1
1007 500 1
1507 680 1
1200 1128 1
1311 599 1
2055 2120 1
1833 361 1
741 753 1
87 1824 1
613 410 1
2002 2118 1
1379 1352 1
183 1118 1
1011 858 1
1603 39 1
1070 2218 1
1701 1391 1
112 2195 1
2019 1221 1
713 910 1
677 275 1
360 744 1
1909 1875 1
1469 103 1
351 1156 1
1369 635 1
735 1712 1
1531 1066 1
2141 1453 1
1213 540 1
92 286 1
1189 1754 1
775 50 1
958 61 1
783 1412 1
1722 2203 1
1124 1865 1
1475 205 1
164 1692 1
1 1381 1
1938 1382 1
2120 238 1
207 56 1
557 405 1
284 1121 1
294 1144 1
28 1407 1
1325 2170 1
833 1407 1
111 550 1
1572 525 1
460 691 1
1774 2079 1
1697 878 1
860 194 1
828 1683 1
1091 1505 1
897 807 1
2060 1076 1
1251 1315 1
1505 540 1
1544 544 1
502 903 1
1584 2138 1
1174 1546 1
892 2018 1
1179 249 1
367 183 1
365 1114 1
1343 1071 1
314 759 1
2069 1810 1
458 1464 1
1899 1351 1
1872 1509 1
441 1796 1
97 3 1
1354 1166 1
28 233 1
1906 332 1
992 921 1
2093 1564 1
446 1086 1
1885 2126 1
2059 1172 1
2025 607 1
388 718 1
87 454 1
990 1370 1
1106 169 1
505 1779 1
922 397 1
1152 465 1
443 497 1
1900 1584 1
501 175 1
1991 80 1
663 1813 1
1759 456 1
1193 2141 1
922 528 1
1267 534 1
1566 1424 1
1171 181 1
70 740 1
604 2052 1
1002 78 1
1578 1336 1
1673 1547 1
493 1822 1
765 2140 1
467 153 1
1386 808 1
1258 1983 1
2076 1774 1
1718 1053 1
100 476 1
438 782 1
1188 496 1
566 1926 1
247 1443 1
1271 1565 1
482 1669 1
1542 1835 1
987 522 1
2209 719 1
431 991 1
315 348 1
702 2055 1
1559 1115 1
32 1197 1
1835 1580 1
31 2035 1
248 123 1
1844 1312 1
223 392 1
1570 1627 1
2147 2116 1
1652 28 1
829 1621 1
1347 2028 1
1504 2181 1
1119 1048 1
1084 738 1
1887 702 1
1991 574 1
1948 96 1
2182 2003 1
1965 1568 1
1388 179 1
972 1336 1
1634 479 1
1150 128 1
1889 1119 1
1038 377 1
920 0 1
492 1650 1
434 2155 1
513 790 1
86 2120 1
128 1618 1
1573 1671 1
195 275 1
406 447 1
61 173 1
1765 531 1
1591 2062 1
459 917 1
1741 2137 1
1237 1628 1
1531 1753 1
1782 1988 1
499 1962 1
1188 388 1
961 383 1
1569 1799 1
1485 276 1
236 1297 1
601 8 1
636 21 1
1003 1592 1
951 1022 1
1646 2179 1
2038 145 1
1483 2101 1
359 191 1
1039 1006 1
1139 272 1
232 1826 1
1495 846 1
1231 83 1
1774 1643 1
1757 245 1
833 728 1
792 1519 1
1016 1152 1
542 1674 1
1294 885 1
1678 892 1
861 63 1
1056 1407 1
74 1904 1
1579 2062 1
1610 1254 1
1547 2213 1
1288 1032 1
887 1292 1
131 1381 1
886 746 1
1238 753 1
1740 701 1
1045 779 1
557 224 1
100 1594 1
876 1502 1
773 947 1
586 89 1
38 1580 1
1380 1328 1
379 1151 1
1327 1496 1
39 747 1
877 1695 1
2118 42 1
331 2083 1
1552 1638 1
2065 2054 1
995 1398 1
1414 16 1
867 870 1
1087 825 1
1455 1431 1
1541 1204 1
785 545 1
577 1565 1
729 1612 1
906 1535 1
712 23 1
1545 507 1
497 974 1
1167 86 1
219 1439 1
1301 982 1
665 27 1
1574 1121 1
194 1889 1
1087 317 1
1377 1358 1
1235 143 1
1385 1099 1
218 351 1
673 1211 1
165 508 1
1076 1518 1
1196 1930 1
835 154 1
851 1771 1
1075 1697 1
1472 608 1
1760 1238 1
1728 1013 1
1960 1461 1
989 2202 1
1165 1886 1
1318 1376 1
266 420 1
1508 1702 1
217 1147 1
1757 209 1
767 1575 1
892 189 1
1313 1778 1
463 85 1
1332 458 1
1765 1867 1
381 1253 1
1881 1183 1
288 1158 1
1912 2000 1
1280 1261 1
1732 1440 1
1953 833 1
1531 1286 1
1172 1411 1
818 1340 1
1269 1241 1
1707 141 1
1561 42 1
764 742 1
1038 2209 1
1315 695 1
703 36 1
2018 1057 1
1804 629 1
1253 2107 1
1650 765 1
6 581 1
1577 413 1
894 1103 1
421 1036 1
555 516 1
375 770 1
1330 214 1
395 2125 1
178 2203 1
180 838 1
991 516 1
364 1848 1
2004 1737 1
332 848 1
133 1464 1
1122 1421 1
15 1960 1
351 512 1
655 1628 1
1197 1089 1
1717 2068 1
1708 434 1
682 1254 1
38 1423 1
917 908 1
1749 1647 1
2209 930 1
513 860 1
1340 2196 1
1667 571 1
961 2208 1
718 223 1
1818 1932 1
459 1581 1
1894 1745 1
348 2135 1
1799 1083 1
1446 1582 1
425 1693 1
1378 1053 1
660 1939 1
1600 1587 1
408 30 1
1846 270 1
1950 1048 1
1730 1779 1
578 778 1
802 1591 1
1642 373 1
1953 179 1
637 1202 1
60 1936 1
411 936 1
1821 111 1
1704 1175 1
1253 2019 1
751 1883 1
2185 719 1
302 1536 1
789 731 1
1566 2030 1
205 1538 1
46 1639 1
914 787 1
1431 499 1
956 313 1
2143 246 1
1674 658 1
259 470 1
331 1156 1
848 1820 1
568 2154 1
320 1807 1
991 377 1
12 433 1
1721 1390 1
2029 429 1
1530 2214 1
834 1686 1
1622 1748 1
278 1276 1
1288 1400 1
72 1271 1
1662 366 1
1707 763 1
1894 944 1
1466 2175 1
1766 1733 1
325 45 1
2020 1331 1
859 645 1
643 1456 1
103 5 1
1546 810 1
1411 864 1
1548 538 1
161 582 1
848 191 1
854 122 1
2102 694 1
1650 1504 1
1384 1355 1
1488 738 1
2198 2188 1
137 1801 1
273 1367 1
1506 1819 1
1739 1525 1
2141 193 1
1143 1239 1
1720 2116 1
1774 1916 1
184 383 1
575 144 1
953 945 1
2125 896 1
203 1093 1
1266 1264 1
635 1872 1
1899 443 1
517 1220 1
413 1555 1
114 689 1
25 70 1
925 1201 1
1599 1128 1
1439 2088 1
277 633 1
37 1044 1
1446 613 1
1286 1593 1
862 1319 1
401 89 1
661 743 1
1088 1562 1
695 827 1
1438 239 1
369 1305 1
617 1448 1
1076 1690 1
957 352 1
1529 1097 1
2070 1219 1
1332 1397 1
898 2017 1
819 555 1
806 2135 1
1203 254 1
89 336 1
1393 1360 1
992 579 1
1827 955 1
2179 869 1
1920 1858 1
2112 2039 1
909 2019 1
317 1706 1
2188 1029 1
564 1698 1
1169 2190 1
2180 516 1
1655 1921 1
1221 462 1
541 1932 1
461 1467 1
1673 1253 1
16 1870 1
1610 2087 1
61 997 1
1849 916 1
319 1496 1
30 2044 1
1337 556 1
233 697 1
1447 271 1
619 987 1
81 1126 1
1976 582 1
618 649 1
2207 1671 1
1048 2111 1
833 786 1
1436 314 1
103 129 1
1635 740 1
1944 470 1
2075 1895 1
220 2199 1
1234 1645 1
572 304 1
190 518 1
304 1723 1
1315 77 1
954 1086 1
237 166 1
1604 1731 1
301 1244 1
1700 644 1
1566 95 1
536 1158 1
1949 1044 1
917 884 1
357 1349 1
1736 258 1
1154 1151 1
1003 2019 1
61 332 1
1248 757 1
1890 1181 1
868 1593 1
1615 2081 1
1402 849 1
1638 2005 1
2098 1328 1
791 485 1
635 1011 1
898 1175 1
751 1790 1
1551 898 1
1227 2046 1
1748 1087 1
837 1953 1
346 146 1
2205 2054 1
1410 437 1
1199 1651 1
2152 189 1
1871 94 1
545 372 1
2055 1863 1
601 467 1
855 2020 1
1421 1197 1
1836 841 1
340 1708 1
1477 1148 1
705 371 1
1407 1296 1
942 713 1
1575 457 1
1969 804 1
2062 1548 1
878 213 1
1934 1849 1
1697 1275 1
694 1514 1
899 1394 1
198 1933 1
1600 258 1
2102 120 1
1791 1908 1
921 1090 1
1476 342 1
584 726 1
1890 1262 1
491 483 1
1108 1153 1
1510 1649 1
1049 541 1
119 1049 1
520 421 1
618 2153 1
2112 863 1
96 1369 1
1266 1230 1
474 2168 1
806 1585 1
71 828 1
630 828 1
101 822 1
1807 2142 1
1329 1447 1
1126 1500 1
1167 787 1
214 335 1
2036 341 1
312 1526 1
515 1944 1
241 1934 1
107 1707 1
842 333 1
1206 527 1
947 597 1
275 1481 1
1178 516 1
262 1378 1
1156 2200 1
605 1030 1
2104 1035 1
1344 1573 1
1534 2139 1
802 1842 1
414 1526 1
1083 1005 1
337 274 1
1911 1932 1
1233 1902 1
1995 1856 1
587 1434 1
1549 1605 1
689 788 1
166 458 1
778 1555 1
1540 340 1
683 1947 1
1092 374 1
1734 1818 1
1282 1399 1
1967 729 1
80 1938 1
433 87 1
647 592 1
1728 1729 1
1920 409 1
1222 739 1
1107 2213 1
1565 848 1
540 837 1
645 1027 1
310 1768 1
62 1541 1
608 1396 1
1827 1700 1
1727 542 1
484 1011 1
1243 1643 1
1300 1714 1
1302 2133 1
415 1311 1
478 338 1
2208 29 1
865 37 1
783 1586 1
115 816 1
1807 792 1
847 2001 1
1776 1676 1
573 777 1
1364 210 1
1488 1204 1
338 1271 1
2099 1167 1
585 1839 1
1781 1773 1
9 1211 1
1552 1217 1
2155 398 1
181 1775 1
1445 11 1
748 876 1
2038 1790 1
1142 1480 1
1161 1247 1
1195 1613 1
119 699 1
1651 1362 1
1224 475 1
507 1610 1
1553 1434 1
318 12 1
1688 1421 1
1189 1584 1
500 1356 1
2178 2180 1
1458 113 1
249 878 1
717 896 1
746 1282 1
1796 1310 1
298 2032 1
1344 1080 1
469 190 1
929 678 1
4 2173 1
434 552 1
991 716 1
807 615 1
442 1583 1
1457 1800 1
149 331 1
790 1921 1
803 951 1
1455 28 1
2202 1551 1
1728 1826 1
1375 1505 1
1811 455 1
965 1058 1
296 342 1
236 493 1
487 1500 1
2138 1036 1
177 237 1
314 202 1
1266 1584 1
1066 1607 1
1360 451 1
1034 29 1
1216 1 1
306 1127 1
2049 1023 1
369 1349 1
1087 94 1
11 603 1
1412 676 1
1169 1987 1
584 224 1
1264 1466 1
49 1725 1
288 1756 1
346 1003 1
1931 216 1
134 2060 1
2099 1304 1
1813 1975 1
1657 545 1
1447 613 1
638 2121 1
852 1632 1
1433 1948 1
2137 675 1
683 2159 1
522 1066 1
449 336 1
2163 859 1
603 1228 1
1613 8 1
1225 311 1
988 644 1
174 981 1
1820 1671 1
2008 1574 1
1139 29 1
2054 228 1
1036 834 1
2203 1909 1
201 1932 1
569 1138 1
812 946 1
860 707 1
1645 435 1
1650 192 1
1740 1601 1
1526 771 1
1298 794 1
28 2028 1
723 764 1
270 530 1
614 1417 1
1539 161 1
835 1095 1
1479 1960 1
1366 636 1
333 1542 1
2008 1434 1
1870 1085 1
452 1499 1
1321 1168 1
2123 1867 1
2119 766 1
1670 2071 1
1053 699 1
278 955 1
1420 1570 1
511 2110 1
1217 585 1
336 1276 1
1129 326 1
616 2 1
2160 293 1
1142 2038 1
1781 1833 1
221 1707 1
1326 1152 1
782 739 1
1710 748 1
575 935 1
801 755 1
1669 99 1
590 1237 1
1859 303 1
1515 487 1
89 1943 1
2174 63 1
2124 1695 1
1941 2184 1
993 212 1
2172 1207 1
669 430 1
2068 391 1
1482 1755 1
1573 121 1
1232 1107 1
462 1928 1
244 1334 1
136 2214 1
1326 1082 1
89 1789 1
950 962 1
676 1804 1
58 466 1
1331 722 1
1179 460 1
1160 514 1
435 1525 1
10 968 1
1944 2094 1
713 1596 1
1220 986 1
877 1794 1
877 231 1
1820 768 1
954 1922 1
2042 449 1
2033 171 1
1179 357 1
1838 953 1
1133 1507 1
842 63 1
1640 503 1
1142 921 1
1360 940 1
1656 558 1
1011 1878 1
2215 1770 1
974 111 1
1883 864 1
222 753 1
1600 2008 1
1312 1140 1
316 1993 1
1871 1794 1
984 1646 1
512 1630 1
397 252 1
608 1809 1
856 1411 1
940 2129 1
2189 2024 1
1176 1873 1
1003 371 1
2204 387 1
512 118 1
1778 748 1
757 1682 1
2043 662 1
118 1646 1
2196 646 1
669 1125 1
1875 555 1
1819 1559 1
1306 2168 1
573 849 1
1405 455 1
2096 525 1
1672 1036 1
1733 1191 1
2059 111 1
773 621 1
547 1816 1
1941 543 1
2213 2127 1
1817 560 1
1439 818 1
1777 557 1
569 213 1
1267 1666 1
1819 1785 1
230 1236 1
999 1732 1
93 1119 1
1310 2206 1
1931 558 1
1794 209 1
682 2139 1
825 2198 1
1769 717 1
1802 1259 1
56 2160 1
2085 777 1
1644 667 1
14 2080 1
1527 1831 1
404 574 1
1834 1267 1
1393 2139 1
2136 1628 1
332 2052 1
1373 1823 1
383 1596 1
297 1809 1
1096 995 1
1377 1571 1
965 1318 1
1747 125 1
438 2214 1
1598 938 1
1797 777 1
1964 1655 1
1058 492 1
1255 1636 1
1962 1429 1
555 1346 1
1856 903 1
930 790 1
335 524 1
574 1343 1
1098 1243 1
1311 438 1
872 1812 1
1007 2053 1
1536 1894 1
777 1500 1
844 125 1
180 1918 1
523 242 1
1441 77 1
1305 310 1
90 1488 1
983 1392 1
855 443 1
193 911 1
1821 145 1
1135 1154 1
1579 1102 1
1695 1159 1
743 1592 1
215 262 1
1917 180 1
2145 1668 1
1483 1298 1
1314 1556 1
1881 1071 1
2141 1081 1
93 1279 1
1650 1405 1
1151 2216 1
1439 2176 1
143 1343 1
2111 1994 1
1305 2132 1
1683 371 1
311 1530 1
130 918 1
668 1582 1
1243 781 1
1073 1762 1
1217 1649 1
1952 822 1
674 2088 1
131 138 1
1429 1030 1
1759 2011 1
718 1265 1
502 166 1
1979 1520 1
93 1843 1
705 954 1
320 678 1
2115 477 1
1479 492 1
350 1965 1
1493 1842 1
954 1908 1
1728 881 1
1676 996 1
1281 2109 1
171 309 1
1918 1319 1
1399 137 1
229 1361 1
2081 169 1
1254 1116 1
2154 3 1
717 49 1
1725 958 1
686 964 1
1825 1902 1
115 520 1
641 653 1
1131 511 1
485 1715 1
706 1101 1
490 18 1
124 1591 1
98 1578 1
759 250 1
753 180 1
496 451 1
1798 85 1
355 775 1
575 612 1
17 396 1
373 672 1
2208 1824 1
1795 271 1
1977 1080 1
1058 1887 1
1878 1671 1
957 1168 1
810 35 1
1225 650 1
1480 1079 1
661 462 1
1398 299 1
1729 1979 1
2096 1500 1
1491 864 1
980 782 1
1179 1456 1
388 860 1
1921 1520 1
107 1750 1
391 965 1
752 1237 1
382 1923 1
642 466 1
2026 359 1
1003 927 1
1097 1628 1
2180 85 1
630 424 1
1481 560 1
934 2193 1
2191 816 1
402 1722 1
2076 452 1
370 289 1
299 1624 1
1310 536 1
1274 1218 1
536 429 1
1001 261 1
1576 1408 1
759 232 1
876 331 1
784 1492 1
1942 1645 1
1611 683 1
2157 1943 1
1353 2072 1
94 812 1
894 709 1
1927 889 1
516 184 1
1852 235 1
1886 258 1
806 2175 1
1480 794 1
1331 429 1
2017 900 1
757 1340 1
1285 1542 1
1160 170 1
1845 1131 1
1141 1104 1
813 1989 1
848 1868 1
713 80 1
440 473 1
2045 509 1
2151 2163 1
1813 752 1
2145 1870 1
1882 1042 1
920 1393 1
655 73 1
1574 2088 1
1063 1363 1
1097 2203 1
1001 2107 1
1987 1124 1
88 1467 1
1012 292 1
842 1664 1
2024 1143 1
1648 1646 1
1297 1683 1
1715 981 1
1446 1253 1
1030 934 1
898 837 1
652 2117 1
2039 270 1
823 2086 1
1521 1192 1
740 1556 1
1321 1023 1
1927 218 1
2067 991 1
651 1367 1
464 1552 1
2081 840 1
2123 473 1
2065 1699 1
244 1504 1
566 1558 1
571 1108 1
1536 2136 1
80 2021 1
1109 1944 1
313 666 1
1292 2082 1
722 438 1
1066 1821 1
384 1538 1
380 483 1
813 187 1
52 1672 1
689 1641 1
2043 818 1
22 2133 1
1081 1493 1
1162 830 1
892 1332 1
1357 1705 1
135 1250 1
715 317 1
442 969 1
1401 714 1
2053 1950 1
1678 1307 1
120 485 1
2156 506 1
6 503 1
707 348 1
757 180 1
845 1529 1
1197 527 1
1102 320 1
1448 800 1
2006 1923 1
222 334 1
984 1096 1
200 1431 1
2138 2006 1
389 1298 1
1575 1297 1
1434 403 1
1160 677 1
470 411 1
877 1447 1
2037 873 1
1982 1368 1
1539 1288 1
177 1693 1
1826 390 1
226 921 1
339 1757 1
465 1764 1
1690 149 1
1118 857 1
164 344 1
1364 1823 1
406 384 1
217 1500 1
188 2071 1
117 614 1
333 613 1
1147 923 1
1653 1226 1
675 1685 1
594 2193 1
106 1481 1
398 1284 1
1650 1396 1
545 1591 1
1328 185 1
1785 1674 1
405 1145 1
1188 1213 1
443 1525 1
1399 1984 1
880 669 1
1714 514 1
1709 378 1
1974 897 1
887 1651 1
487 690 1
591 1923 1
2106 1560 1
1658 1862 1
1426 255 1
760 1233 1
1383 708 1
1207 1049 1
501 2010 1
1151 907 1
1265 1915 1
1316 914 1
726 1776 1
1383 1079 1
2003 119 1
1376 1262 1
289 1660 1
1866 472 1
277 1142 1
171 834 1
711 1288 1
2010 997 1
830 1293 1
2212 1473 1
1574 100 1
1561 2067 1
521 147 1
1533 1705 1
1478 1489 1
1859 410 1
1799 507 1
827 1739 1
732 30 1
2147 1989 1
282 2149 1
1985 5 1
819 1511 1
613 843 1
1945 375 1
1474 901 1
1437 708 1
799 1061 1
879 2207 1
1920 2144 1
1872 609 1
1155 2219 1
1654 645 1
410 797 1
1172 210 1
418 617 1
1488 1728 1
1040 342 1
1105 442 1
546 2208 1
1810 1234 1
552 663 1
1777 306 1
330 601 1
678 318 1
826 15 1
2027 1230 1
1322 1763 1
1640 2035 1
160 1054 1
1274 1296 1
1190 241 1
780 766 1
2089 734 1
1189 159 1
2039 705 1
497 53 1
569 1050 1
196 1471 1
1101 1799 1
534 906 1
54 2067 1
1316 729 1
719 335 1
476 48 1
1747 1491 1
926 774 1
173 156 1
1049 2 1
1554 1235 1
460 432 1
834 1420 1
1532 1603 1
1291 821 1
923 1634 1
640 2090 1
757 1006 1
1183 1170 1
1024 133 1
1950 174 1
1418 816 1
349 1026 1
781 840 1
1940 151 1
326 1313 1
1975 989 1
1974 1872 1
1857 2014 1
551 559 1
245 882 1
829 1832 1
1392 1718 1
1923 125 1
787 1758 1
155 961 1
994 1797 1
1718 1461 1
2211 912 1
846 1380 1
501 580 1
563 1241 1
875 1935 1
1395 1772 1
209 1040 1
1229 276 1
1832 613 1
851 755 1
208 669 1
665 2127 1
1481 2064 1
1580 717 1
283 644 1
817 2109 1
2090 1506 1
41 1695 1
36 1855 1
96 1114 1
1969 2003 1
1062 1808 1
1201 718 1
773 1162 1
1965 1240 1
1722 2212 1
300 967 1
302 1709 1
2009 2058 1
910 1285 1
2129 1077 1
1947 1142 1
1642 269 1
1221 1978 1
609 725 1
231 1567 1
1809 1746 1
1605 797 1
195 760 1
1766 1385 1
1688 1029 1
1466 1219 1
2062 516 1
118 1036 1
544 812 1
1874 301 1
1365 98 1
1764 1396 1
1299 716 1
1171 803 1
1694 2118 1
1426 1744 1
1545 1430 1
1065 2164 1
1927 907 1
1775 1347 1
330 776 1
959 2072 1
95 600 1
1995 1508 1
597 1596 1
1290 1555 1
10 1688 1
807 2091 1
1728 528 1
806 1761 1
158 61 1
739 220 1
392 1761 1
918 2133 1
59 940 1
836 1094 1
544 1414 1
2190 1479 1
795 1219 1
659 321 1
1920 1735 1
535 1819 1
232 1615 1
688 539 1
263 427 1
1587 256 1
748 1603 1
2214 1842 1
913 1841 1
1739 1304 1
304 1017 1
1106 15 1
196 2192 1
541 291 1
1409 251 1
1688 1764 1
1470 26 1
89 1680 1
2007 1584 1
2184 833 1
899 473 1
566 553 1
843 55 1
586 806 1
445 725 1
2175 1991 1
1459 1113 1
1444 762 1
863 1955 1
1023 210 1
1563 1725 1
1130 1127 1
1033 44 1
1922 38 1
1936 1274 1
238 730 1
895 1925 1
1960 252 1
1173 1812 1
1784 675 1
2057 831 1
63 66 1
1236 575 1
581 1045 1
1512 1593 1
1790 2063 1
1390 2185 1
1364 491 1
547 1009 1
1784 402 1
1677 1255 1
1059 1130 1
1431 701 1
1500 1528 1
804 2170 1
698 2131 1
1982 1719 1
1105 1526 1
1438 1945 1
384 915 1
449 2067 1
592 677 1
902 1784 1
334 259 1
388 1187 1
1283 1975 1
1235 537 1
242 1345 1
1666 1418 1
1030 224 1
1605 48 1
1275 1103 1
345 951 1
1498 991 1
909 732 1
1285 1411 1
2106 1638 1
1827 858 1
859 1255 1
593 1112 1
1173 891 1
2127 1386 1
1445 1612 1
1863 1057 1
1647 1554 1
146 435 1
1960 295 1
1024 587 1
1693 1652 1
256 384 1
1659 591 1
87 34 1
1183 1670 1
927 38 1
545 636 1
876 162 1
1915 810 1
1513 1291 1
868 568 1
45 1596 1
1652 1306 1
955 1376 1
142 505 1
709 21 1
784 877 1
1085 2038 1
1700 951 1
1378 443 1
1111 1240 1
1170 1130 1
729 1659 1
1615 1329 1
1033 1233 1
778 1345 1
1537 1308 1
731 417 1
1027 208 1
1899 1193 1
611 325 1
379 1268 1
1529 700 1
1489 1231 1
972 1391 1
2168 1206 1
387 774 1
1692 1260 1
1026 202 1
958 1500 1
333 230 1
902 1290 1
443 1294 1
1162 1633 1
745 1165 1
463 897 1
2214 930 1
762 1485 1
1628 177 1
2091 1807 1
655 897 1
1798 104 1
2192 373 1
1656 122 1
395 1384 1
1611 674 1
1922 1057 1
695 1913 1
1798 2195 1
338 2170 1
2018 1716 1
536 1214 1
1885 1567 1
1691 1702 1
186 1840 1
1048 1397 1
212 1375 1
2216 1186 1
1811 431 1
1943 1998 1
1776 699 1
1803 2162 1
3 1859 1
1280 1281 1
610 1876 1
315 9 1
1439 1230 1
1325 200 1
2168 2154 1
1300 1966 1
1120 837 1
1795 2085 1
307 612 1
754 1938 1
632 1166 1
1721 1125 1
327 1399 1
1308 1815 1
571 1225 1
1910 1367 1
1933 969 1
2196 1195 1
2045 1092 1
1978 669 1
716 376 1
1164 1617 1
2138 804 1
142 38 1
1967 438 1
273 1004 1
503 82 1
1482 412 1
427 413 1
105 652 1
1597 1884 1
1523 1903 1
1237 898 1
855 755 1
109 1165 1
1680 1471 1
1130 451 1
193 514 1
1717 773 1
466 1115 1
394 444 1
332 170 1
358 883 1
1448 1441 1
1654 855 1
1103 375 1
675 1062 1
881 1063 1
846 1031 1
1935 1713 1
782 948 1
1455 311 1
444 1017 1
1039 1210 1
2098 654 1
644 1046 1
1103 1013 1
470 173 1
261 836 1
2010 808 1
895 1503 1
797 766 1
917 1486 1
1138 1118 1
1857 1389 1
561 1109 1
1985 2176 1
1840 988 1
1006 382 1
1623 1718 1
13 2012 1
956 897 1
1731 785 1
978 468 1
1739 632 1
1293 1754 1
1832 923 1
1698 887 1
2207 180 1
757 433 1
1757 1463 1
1217 1126 1
1107 902 1
546 1289 1
1170 2181 1
1685 2030 1
1592 17 1
193 646 1
2124 261 1
1726 329 1
1955 1665 1
2097 1826 1
110 931 1
1160 427 1
343 441 1
40 1630 1
440 1453 1
1763 2020 1
1318 1045 1
1794 1682 1
1979 2213 1
143 1649 1
1364 2010 1
216 868 1
39 361 1
1280 1318 1
1059 613 1
936 657 1
1812 847 1
1387 466 1
1993 1720 1
804 1755 1
1000 1391 1
1677 282 1
2149 1331 1
1750 2165 1
1431 1273 1
911 2015 1
219 484 1
1418 1579 1
853 184 1
1670 2094 1
1951 1490 1
104 808 1
1867 885 1
896 1883 1
882 2168 1
796 159 1
293 233 1
1623 19 1
2080 1647 1
268 372 1
1204 1408 1
2130 1473 1
437 2134 1
1185 1655 1
1273 1208 1
1042 1211 1
7 776 1
1074 1621 1
208 2211 1
1811 527 1
2211 1885 1
544 868 1
696 865 1
401 1455 1
447 483 1
1239 1286 1
1273 1932 1
397 1244 1
1173 1227 1
1966 331 1
1498 41 1
558 886 1
1604 1281 1
1665 2167 1
468 455 1
1343 767 1
1632 1485 1
987 135 1
659 1702 1
1519 211 1
448 2113 1
1286 1063 1
1070 1076 1
2154 980 1
905 967 1
2000 1044 1
2014 918 1
296 1100 1
1248 589 1
2055 68 1
1568 1789 1
511 880 1
396 425 1
283 1393 1
1809 687 1
2202 1453 1
1662 1721 1
1844 796 1
1978 2030 1
2139 82 1
1292 150 1
887 630 1
51 1535 1
1503 1921 1
903 894 1
1112 1103 1
1647 447 1
1965 1506 1
1165 205 1
756 264 1
1687 200 1
118 1396 1
419 1781 1
876 923 1
1612 301 1
287 1098 1
244 1327 1
1488 605 1
1069 290 1
664 1005 1
1240 352 1
978 1155 1
161 2162 1
433 1900 1
2183 22 1
1319 747 1
1585 1311 1
1281 522 1
560 360 1
1304 1865 1
1789 1101 1
1171 873 1
1408 1335 1
1624 2102 1
1080 999 1
1917 1329 1
1275 80 1
565 389 1
1964 992 1
836 2080 1
1213 1881 1
1156 819 1
1567 875 1
297 1002 1
1894 1766 1
212 673 1
1508 723 1
1126 1005 1
1622 1303 1
1588 1722 1
2190 693 1
2 1330 1
387 972 1
96 1460 1
657 1527 1
2033 681 1
1929 1642 1
358 2033 1
1127 2012 1
370 1941 1
980 942 1
1377 832 1
2125 749 1
881 1426 1
1216 2103 1
1980 1396 1
353 875 1
1724 897 1
844 1070 1
650 1500 1
1623 1219 1
1127 1782 1
1994 117 1
1359 784 1
1426 1080 1
1287 1607 1
1178 208 1
948 1424 1
1252 920 1
1305 2218 1
2094 1928 1
1148 1121 1
2104 967 1
451 573 1
1694 25 1
1073 980 1
627 311 1
1912 1666 1
895 662 1
1403 1624 1
1802 1544 1
1859 988 1
486 1169 1
340 626 1
1775 1553 1
1059 573 1
1640 1357 1
486 653 1
1304 1988 1
2076 1647 1
2023 237 1
1407 1167 1
460 1344 1
1570 2095 1
2111 1721 1
1374 421 1
894 661 1
745 381 1
192 1600 1
1925 1721 1
1788 2070 1
127 850 1
409 1728 1
638 1492 1
1832 1948 1
308 1822 1
171 1430 1
964 1167 1
1115 2117 1
1284 741 1
692 1612 1
71 953 1
1823 178 1
210 1425 1
1788 2038 1
1803 285 1
2157 584 1
2042 758 1
489 555 1
2180 1304 1
1144 1656 1
138 416 1
2099 861 1
947 178 1
1571 1565 1
2125 1636 1
238 183 1
50 1397 1
410 318 1
287 409 1
1440 1892 1
1987 193 1
75 1795 1
191 1051 1
1083 1257 1
1868 1311 1
690 905 1
1363 2036 1
1030 1395 1
1572 1843 1
391 2017 1
1212 2070 1
1005 117 1
2155 1466 1
907 1652 1
467 163 1
1269 1536 1
76 571 1
2067 1512 1
580 2084 1
2008 2144 1
1903 951 1
1947 2125 1
2096 724 1
2044 1833 1
2169 1681 1
221 1432 1
222 935 1
1034 436 1
1857 294 1
1383 803 1
1122 265 1
1970 757 1
987 734 1
884 2078 1
652 1424 1
1200 811 1
480 1847 1
1797 1458 1
1242 823 1
1999 265 1
1876 516 1
169 1244 1
2047 126 1
469 2062 1
1862 1790 1
988 1321 1
1494 692 1
1438 910 1
358 1867 1
1624 1119 1
209 1843 1
890 213 1
1065 1813 1
1364 1047 1
695 473 1
1703 489 1
1267 547 1
979 1561 1
1624 1329 1
2032 1273 1
396 1826 1
140 659 1
1627 513 1
1938 841 1
1557 1178 1
1998 985 1
1131 188 1
876 502 1
1706 60 1
477 625 1
1966 2161 1
183 2013 1
928 1652 1
1497 226 1
161 5 1
518 222 1
1809 1403 1
1790 391 1
74 279 1
1851 2025 1
1308 921 1
1112 586 1
999 299 1
1368 1554 1
221 919 1
1347 1341 1
2188 1034 1
545 1166 1
47 143 1
1715 1644 1
1575 812 1
1107 1869 1
1448 7 1
1654 1053 1
2219 451 1
2116 365 1
1180 90 1
1660 1887 1
1651 2092 1
55 2085 1
1812 945 1
1500 2079 1
240 236 1
1334 322 1
1760 197 1
768 1436 1
1832 2072 1
1181 476 1
619 569 1
293 832 1
1874 1464 1
250 561 1
1758 519 1
572 272 1
518 317 1
37 2194 1
1691 6 1
2217 1933 1
1515 1397 1
1309 831 1
1168 1964 1
1097 432 1
271 1251 1
299 619 1
593 1509 1
672 2205 1
2139 58 1
427 1645 1
231 1621 1
1324 1916 1
610 515 1
2085 1835 1
2 483 1
917 115 1
1166 664 1
2052 77 1
1739 2016 1
575 1821 1
1886 727 1
1992 2026 1
1350 1535 1
1831 1476 1
640 2219 1
953 1921 1
370 468 1
1741 1041 1
254 821 1
764 1472 1
1913 479 1
1085 543 1
1243 804 1
2140 85 1
346 343 1
622 1189 1
1119 1844 1
1631 302 1
213 2198 1
234 463 1
61 2158 1
1622 1124 1
1717 231 1
1324 455 1
1353 727 1
572 117 1
1553 1596 1
2191 183 1
2121 1749 1
1123 838 1
1292 1846 1
702 294 1
1537 1765 1
1076 1278 1
1302 2205 1
471 433 1
1328 2126 1
2041 535 1
904 414 1
120 998 1
263 973 1
620 1525 1
1309 1817 1
1339 1388 1
1251 1902 1
366 1419 1
1756 1976 1
669 349 1
236 1967 1
1435 2016 1
1996 1927 1
657 1140 1
1263 1597 1
1800 361 1
2151 502 1
712 1882 1
1208 909 1
1177 2194 1
1761 753 1
1610 1904 1
845 2156 1
785 2094 1
1703 1240 1
680 370 1
2082 1989 1
1295 1346 1
282 2182 1
1324 900 1
1244 1850 1
1810 1320 1
1683 592 1
1171 92 1
1467 38 1
220 439 1
148 1922 1
581 1569 1
2216 639 1
64 414 1
1629 336 1
310 311 1
1423 1623 1
2013 1415 1
90 1718 1
811 63 1
648 1891 1
135 1398 1
1432 1718 1
1781 1581 1
1930 609 1
790 308 1
1075 1409 1
1728 1550 1
71 1123 1
690 457 1
1668 1960 1
1559 552 1
644 354 1
1913 871 1
2106 1445 1
281 1874 1
1041 1406 1
1205 1041 1
2161 2143 1
1358 652 1
1778 246 1
633 763 1
1319 1423 1
1816 962 1
1144 1733 1
579 1361 1
1338 1869 1
1965 872 1
403 1989 1
1184 801 1
63 1185 1
636 1047 1
1605 848 1
1864 1190 1
1437 1804 1
985 135 1
144 2020 1
465 1226 1
430 1712 1
1909 963 1
409 1617 1
1426 1990 1
1627 963 1
1718 1720 1
1706 1473 1
575 1040 1
1443 690 1
1877 2158 1
1421 774 1
337 1815 1
1014 2085 1
419 1210 1
1372 1528 1
1719 935 1
81 1610 1
569 1203 1
499 1246 1
266 380 1
938 694 1
1883 959 1
525 2001 1
749 654 1
1470 1088 1
1621 1833 1
610 2115 1
2121 1262 1
1385 1161 1
1993 1638 1
444 990 1
1483 1066 1
400 219 1
2056 288 1
236 1223 1
1617 774 1
1308 1476 1
753 849 1
503 730 1
763 1159 1
1339 719 1
1106 823 1
504 148 1
1374 1055 1
261 1819 1
2087 323 1
1990 1393 1
1990 582 1
1704 1711 1
1003 773 1
853 425 1
1415 364 1
1513 1332 1
160 536 1
933 704 1
698 2124 1
464 1750 1
61 321 1
965 1160 1
382 950 1
278 1946 1
1625 2123 1
1073 430 1
466 127 1
1386 1892 1
279 2161 1
259 1468 1
1012 2086 1
1813 564 1
1722 2029 1
1134 1502 1
250 704 1
1778 476 1
830 760 1
501 752 1
939 1573 1
800 1587 1
1111 1353 1
1855 430 1
517 2063 1
271 270 1
537 606 1
2075 2150 1
1090 2144 1
1974 46 1
1084 1796 1
1983 2171 1
436 1993 1
1996 1506 1
1158 1819 1
1284 1224 1
1262 2022 1
1581 439 1
1278 1832 1
484 1725 1
891 1067 1
348 1406 1
1001 1509 1
91 819 1
1118 1104 1
1864 200 1
1319 280 1
30 775 1
1420 956 1
206 870 1
1523 99 1
630 1688 1
342 1164 1
1551 1474 1
1886 56 1
1293 192 1
485 1623 1
50 1265 1
1614 327 1
589 853 1
1275 876 1
1083 841 1
1478 379 1
221 1596 1
1285 420 1
1347 1079 1
210 775 1
743 1691 1
2086 1703 1
909 1377 1
1968 453 1
314 241 1
1259 1135 1
193 1147 1
138 1436 1
386 944 1
386 2143 1
722 1333 1
1484 937 1
1044 1971 1
1372 1922 1
1601 1855 1
1723 835 1
2045 1515 1
2016 368 1
911 754 1
524 1278 1
1171 1133 1
2106 1686 1
555 1931 1
248 418 1
1004 1563 1
917 355 1
1501 701 1
178 251 1
843 737 1
1481 154 1
1302 1102 1
2038 623 1
693 2022 1
1463 1177 1
233 2008 1
713 192 1
1826 662 1
2173 1436 1
411 2114 1
1754 306 1
1310 206 1
1899 116 1
1550 2080 1
1773 536 1
444 123 1
2030 2010 1
903 1556 1
120 2168 1
1870 2140 1
1780 1556 1
473 729 1
1034 425 1
1885 748 1
683 835 1
30 1317 1
398 46 1
2002 1787 1
1323 618 1
1096 185 1
674 130 1
139 523 1
1753 939 1
389 258 1
1478 2128 1
2192 1425 1
294 695 1
1746 1497 1
202 654 1
1735 1396 1
1281 1351 1
534 296 1
817 335 1
680 1805 1
917 1453 1
745 1519 1
563 926 1
1303 1814 1
185 1048 1
1375 278 1
2206 683 1
1111 1591 1
330 2122 1
1290 1046 1
962 478 1
687 1877 1
1655 1068 1
1610 284 1
456 886 1
1165 1167 1
1175 697 1
376 302 1
1459 933 1
1333 2078 1
2072 1981 1
2008 645 1
827 1348 1
749 969 1
1128 714 1
359 936 1
1528 774 1
2080 164 1
1891 351 1
386 1717 1
1995 808 1
2031 524 1
758 437 1
286 281 1
1284 493 1
362 777 1
1312 1389 1
1249 850 1
1868 1662 1
19 1037 1
366 641 1
254 728 1
435 1488 1
1949 1470 1
1801 621 1
1247 95 1
958 1709 1
1486 2050 1
94 1800 1
686 1434 1
1405 855 1
416 2098 1
845 408 1
1564 525 1
1019 1808 1
862 2209 1
85 310 1
1178 659 1
667 858 1
1007 870 1
1951 1869 1
1766 1575 1
1691 2104 1
4 2070 1
793 690 1
1124 329 1
994 534 1
1545 165 1
683 7 1
1178 323 1
325 462 1
254 339 1
1537 349 1
225 1001 1
2162 1045 1
36 650 1
2111 1971 1
1545 1206 1
1142 1682 1
607 2189 1
1052 1245 1
1456 1312 1
393 987 1
1785 122 1
519 1356 1
1090 706 1
632 578 1
1282 394 1
125 1542 1
477 813 1
1521 470 1
1270 1936 1
433 474 1
851 274 1
1885 911 1
563 297 1
220 367 1
1338 101 1
126 905 1
1393 1836 1
1157 2089 1
1119 1590 1
142 1455 1
1189 1310 1
2073 385 1
883 283 1
998 5 1
1077 1777 1
88 2111 1
589 2029 1
1683 747 1
1456 937 1
1113 44 1
686 986 1
2144 599 1
85 740 1
711 540 1
960 494 1
1737 2043 1
1493 332 1
1424 2075 1
1810 810 1
880 1595 1
2028 1896 1
1230 43 1
1276 1140 1
2051 216 1
713 1325 1
362 1003 1
1182 2092 1
1220 2129 1
1946 780 1
826 124 1
1828 1449 1
1992 1627 1
759 1656 1
2083 547 1
986 1904 1
1995 2082 1
968 428 1
1149 1186 1
2088 1612 1
1336 2060 1
1216 480 1
1701 627 1
1941 1422 1
728 1373 1
323 1767 1
672 1106 1
1208 1047 1
1658 1147 1
894 1585 1
2066 1018 1
764 39 1
892 281 1
1638 212 1
1412 2103 1
1779 24 1
2181 1349 1
1557 123 1
1510 976 1
658 1418 1
2137 368 1
389 1623 1
1937 720 1
415 216 1
735 1682 1
2018 1664 1
844 369 1
219 1259 1
1144 705 1
199 673 1
109 1539 1
1358 2153 1
1633 774 1
1976 95 1
365 1858 1
1228 1360 1
1435 1037 1
522 295 1
1922 1281 1
251 1437 1
1546 1996 1
154 2099 1
1150 1133 1
418 144 1
1140 50 1
84 2157 1
67 426 1
1118 1791 1
755 396 1
1464 759 1
2020 1617 1
1712 11 1
2175 717 1
1139 597 1
650 2030 1
198 2150 1
1384 1445 1
648 1442 1
546 1756 1
1336 1042 1
773 511 1
779 1252 1
966 1256 1
1832 714 1
1685 282 1
412 715 1
1860 1441 1
651 398 1
352 1330 1
107 685 1
2088 593 1
38 5 1
1350 280 1
508 511 1
870 309 1
2051 765 1
940 989 1
710 1388 1
2201 1017 1
44 810 1
968 1513 1
2107 123 1
146 1195 1
1030 731 1
1489 428 1
906 1864 1
1534 1006 1
1568 1518 1
1390 1708 1
2144 2047 1
1938 21 1
1654 1718 1
83 1346 1
1040 1544 1
191 1833 1
151 2200 1
1724 2172 1
1249 1810 1
1348 1646 1
609 1104 1
1751 452 1
1728 1231 1
407 149 1
1247 1567 1
2130 1639 1
328 1531 1
127 1094 1
900 1423 1
216 754 1
1813 1587 1
1461 2018 1
1312 637 1
647 437 1
683 1071 1
1847 1192 1
99 1763 1
799 1552 1
1841 1021 1
368 203 1
69 1270 1
188 170 1
679 1148 1
451 641 1
469 599 1
867 1191 1
1279 1205 1
1027 1745 1
161 1132 1
586 735 1
118 909 1
1978 136 1
1240 257 1
1085 1942 1
96 1126 1
170 2151 1
146 1603 1
293 542 1
1900 1590 1
277 699 1
1552 1424 1
79 811 1
778 901 1
2068 158 1
434 1780 1
2048 389 1
681 373 1
738 2121 1
1762 998 1
408 1160 1
2145 2063 1
149 536 1
776 1182 1
1446 1874 1
1061 1495 1
1134 121 1
2213 1936 1
1697 868 1
1400 647 1
141 1422 1
272 69 1
2208 2122 1
357 1419 1
2059 1303 1
704 265 1
801 979 1
1895 1515 1
232 210 1
1903 2110 1
1628 398 1
1604 529 1
380 117 1
1020 1130 1
1326 627 1
269 1091 1
1141 373 1
1378 320 1
601 2145 1
279 1107 1
2156 904 1
1465 1490 1
1740 67 1
313 710 1
435 1874 1
1606 1043 1
1246 2146 1
418 394 1
1371 2192 1
1954 1572 1
486 1278 1
951 257 1
30 1494 1
1418 381 1
4 1201 1
1520 1248 1
2193 2091 1
927 1427 1
410 687 1
709 2109 1
2129 1448 1
2164 1191 1
528 1334 1
2063 1327 1
685 302 1
2031 1123 1
818 2036 1
974 1117 1
1080 730 1
195 288 1
964 362 1
958 1002 1
1899 62 1
450 337 1
1299 2190 1
1069 1593 1
1274 1257 1
1903 2066 1
2034 1717 1
2015 1317 1
1124 575 1
659 313 1
374 1085 1
1812 761 1
1441 180 1
1907 848 1
1361 990 1
144 2156 1
1893 1492 1
59 1552 1
1870 1399 1
2000 312 1
662 1597 1
520 1502 1
285 708 1
591 2079 1
524 189 1
2064 842 1
1037 1472 1
318 1907 1
647 921 1
836 420 1
1582 1687 1
1970 11 1
2179 382 1
1489 1987 1
86 1034 1
1588 1281 1
1010 1606 1
1372 1911 1
316 1206 1
588 597 1
1810 168 1
791 1938 1
2214 831 1
1300 314 1
899 347 1
455 1156 1
860 1269 1
540 1716 1
236 410 1
613 1223 1
629 256 1
6 1062 1
812 290 1
317 79 1
1172 2172 1
461 2081 1
1596 1883 1
761 226 1
638 1263 1
1976 1108 1
1908 562 1
1865 836 1
1159 1659 1
965 1882 1
1135 1377 1
461 573 1
1697 699 1
783 2168 1
2161 2148 1
1816 2150 1
1718 343 1
1562 1202 1
443 277 1
1550 443 1
478 244 1
622 2197 1
972 2022 1
1822 1007 1
2110 1010 1
786 1419 1
2073 765 1
900 150 1
676 1725 1
362 1851 1
2016 158 1
2084 52 1
189 1475 1
965 1730 1
537 1595 1
662 2071 1
1660 567 1
543 1403 1
2010 2049 1
208 967 1
1026 2069 1
763 935 1
658 1871 1
1429 550 1
700 832 1
1915 30 1
1647 504 1
1685 993 1
920 128 1
1873 1879 1
1453 2182 1
1419 1680 1
1254 134 1
2035 1269 1
7 883 1
577 869 1
1162 1683 1
1827 1056 1
1788 2205 1
1840 1886 1
377 965 1
955 863 1
2110 1894 1
787 767 1
923 1141 1
2073 910 1
1905 178 1
1980 821 1
590 97 1
1993 129 1
1915 1439 1
14 1805 1
1841 948 1
362 799 1
2164 887 1
2219 1846 1
759 755 1
1142 1941 1
733 1060 1
242 1015 1
899 1568 1
112 1295 1
1468 532 1
27 1088 1
1016 1213 1
1696 71 1
426 862 1
599 2150 1
1824 958 1
506 1094 1
85 1205 1
2061 9 1
1056 223 1
518 1484 1
1915 1209 1
2138 97 1
478 1333 1
474 2035 1
1875 748 1
1281 508 1
505 1850 1
1773 516 1
1484 608 1
1073 1948 1
1871 1525 1
1867 932 1
59 301 1
2026 407 1
670 1146 1
820 1837 1
1884 2093 1
1923 1871 1
1754 1329 1
278 1906 1
585 1909 1
1522 1074 1
2064 283 1
1461 1422 1
1023 1016 1
411 532 1
864 1802 1
1115 1968 1
1079 2217 1
1577 1348 1
1670 1038 1
903 1718 1
76 1244 1
108 1192 1
2195 947 1
510 197 1
705 2177 1
1516 1971 1
602 2052 1
30 1714 1
552 2178 1
642 1876 1
717 1 1
1466 1263 1
1451 1255 1
304 250 1
983 707 1
893 316 1
135 780 1
283 729 1
404 151 1
1910 1705 1
885 685 1
1122 1519 1
1595 200 1
1782 1276 1
1615 1770 1
1314 1338 1
538 774 1
1561 1668 1
277 1462 1
606 537 1
631 738 1
599 1386 1
457 1973 1
503 321 1
1504 625 1
783 946 1
507 1875 1
1949 553 1
1583 1089 1
1116 898 1
718 453 1
1829 1476 1
23 1630 1
1041 1551 1
679 852 1
454 1457 1
207 209 1
1903 2050 1
463 542 1
559 2051 1
1232 1036 1
1030 2129 1
239 457 1
151 450 1
2178 1868 1
1553 406 1
1977 515 1
1535 1736 1
755 20 1
407 969 1
1348 616 1
1209 1180 1
116 1960 1
98 1059 1
2136 171 1
1223 569 1
594 1972 1
911 1481 1
2124 1394 1
923 1248 1
724 859 1
918 2121 1
1670 940 1
604 207 1
1783 1968 1
461 1250 1
1407 2037 1
1203 628 1
1055 684 1
1959 1736 1
632 1501 1
642 1888 1
943 1163 1
1648 216 1
1047 1476 1
353 2216 1
1189 1839 1
245 54 1
394 873 1
81 2132 1
1381 1768 1
1285 1310 1
78 107 1
1565 1433 1
450 2105 1
560 730 1
1773 746 1
1747 1162 1
1036 2039 1
631 1970 1
973 72 1
2028 1961 1
609 1228 1
2134 1896 1
2074 1412 1
1485 1849 1
978 547 1
1306 104 1
1873 1114 1
1370 2184 1
1109 1921 1
1139 179 1
267 1021 1
812 1733 1
1716 1402 1
431 1174 1
2131 2089 1
509 979 1
1771 187 1
543 428 1
979 1798 1
1083 79 1
616 406 1
2087 722 1
634 1771 1
478 1912 1
2200 1355 1
1796 1708 1
2094 711 1
1026 2083 1
2049 150 1
104 1572 1
2191 388 1
633 722 1
602 1166 1
1525 1647 1
288 735 1
468 587 1
1077 908 1
52 1578 1
1596 241 1
340 1049 1
696 500 1
1114 1304 1
1901 1161 1
136 1032 1
1812 635 1
697 2080 1
777 32 1
1892 2090 1
424 1786 1
981 496 1
1346 59 1
1997 2052 1
1728 1918 1
1822 301 1
537 1549 1
1255 823 1
1486 243 1
1629 734 1
1931 2189 1
1266 885 1
1983 812 1
380 1896 1
2214 2202 1
976 2014 1
589 1184 1
64 1903 1
341 1919 1
1411 1354 1
1758 916 1
1490 506 1
1578 1534 1
709 1998 1
1956 761 1
490 264 1
687 884 1
1064 597 1
1392 95 1
1441 1604 1
535 924 1
356 1191 1
1617 571 1
1330 1373 1
1028 1550 1
1361 1896 1
672 1427 1
913 2060 1
514 1162 1
1225 2132 1
811 152 1
1542 994 1
297 2016 1
1922 1389 1
218 178 1
738 2108 1
578 1855 1
1851 1052 1
170 976 1
298 449 1
1698 1725 1
1107 573 1
2080 905 1
243 1822 1
1041 1514 1
2135 222 1
1063 268 1
899 66 1
595 107 1
248 1609 1
263 2161 1
175 159 1
2100 1406 1
1652 1885 1
140 1591 1
925 43 1
437 126 1
1566 2087 1
1576 966 1
495 813 1
1996 874 1
1476 1711 1
537 2171 1
1751 386 1
858 882 1
1599 510 1
410 1915 1
1098 2066 1
1354 1913 1
975 1404 1
1410 2073 1
138 339 1
1882 2017 1
413 301 1
1506 1242 1
1288 343 1
1743 478 1
586 64 1
1498 669 1
1407 1216 1
1959 1115 1
2062 192 1
310 2019 1
536 941 1
1054 700 1
831 993 1
2159 0 1
120 1712 1
1122 833 1
871 485 1
1489 1320 1
1143 703 1
1894 537 1
1698 1673 1
159 1577 1
1989 617 1
147 527 1
822 1526 1
351 1287 1
172 1442 1
736 1488 1
1267 32 1
1340 643 1
2087 1707 1
1488 837 1
1702 28 1
1866 1791 1
1914 1943 1
1582 1108 1
1647 860 1
1106 406 1
1290 1963 1
1410 1394 1
1334 1487 1
1653 957 1
1912 957 1
1560 1572 1
985 432 1
1833 635 1
1848 44 1
1064 2167 1
1689 1551 1
1948 1098 1
1997 1554 1
230 2202 1
309 536 1
2186 2045 1
1373 1814 1
1948 1441 1
1548 2136 1
1357 202 1
1489 435 1
1749 99 1
187 1840 1
1512 283 1
1927 922 1
1184 360 1
512 1298 1
1183 645 1
762 1331 1
635 103 1
465 1281 1
60 1324 1
1602 1109 1
962 2197 1
241 1766 1
1009 1204 1
1513 1806 1
269 2093 1
1754 843 1
455 1277 1
880 1926 1
1297 1590 1
1573 961 1
949 1046 1
1487 682 1
1078 683 1
1437 1038 1
247 1591 1
946 861 1
1016 1627 1
2132 1036 1
504 847 1
1065 1155 1
228 594 1
2091 1952 1
1930 588 1
1689 1843 1
2188 1297 1
543 211 1
1670 488 1
1032 244 1
1772 1890 1
1394 1280 1
873 2018 1
136 1207 1
590 212 1
587 1757 1
2090 1892 1
110 928 1
1864 682 1
420 2115 1
1985 564 1
2031 1905 1
280 1752 1
385 1723 1
1254 1221 1
1694 572 1
968 384 1
2193 614 1
211 1561 1
1709 337 1
1769 1014 1
629 1858 1
686 776 1
360 1009 1
1083 1242 1
1810 1011 1
1046 2213 1
2119 27 1
1742 1124 1
1241 1240 1
1685 2125 1
1950 1309 1
550 2220 1
1314 1601 1
917 1871 1
1375 423 1
296 1253 1
1913 2111 1
1152 1670 1
52 2205 1
2166 706 1
642 1800 1
1496 981 1
2199 1986 1
1496 1563 1
1036 58 1
1510 2070 1
578 1592 1
633 891 1
626 412 1
2023 2075 1
944 1658 1
697 1062 1
708 732 1
2181 2132 1
2156 1118 1
1174 717 1
2046 793 1
98 1792 1
1495 1912 1
237 1586 1
953 508 1
78 1844 1
118 1249 1
1322 1412 1
307 1917 1
721 1898 1
1449 1731 1
1783 2091 1
1848 1425 1
2086 1625 1
355 1484 1
236 837 1
840 512 1
514 429 1
1518 515 1
1956 470 1
1117 577 1
2111 1952 1
1492 2130 1
624 302 1
1068 1775 1
1338 1949 1
1411 536 1
1957 1100 1
2165 1458 1
1005 1879 1
282 1731 1
2 747 1
1618 1011 1
1876 316 1
740 570 1
1668 2079 1
1768 1075 1
293 46 1
1748 1626 1
1927 303 1
1220 1573 1
941 1138 1
1625 1866 1
1822 120 1
1200 1725 1
1533 1243 1
140 1713 1
2100 1322 1
469 1455 1
428 1186 1
417 887 1
1337 1816 1
959 1264 1
680 434 1
1792 774 1
739 1824 1
646 1103 1
2004 1456 1
962 674 1
2166 176 1
338 2194 1
1490 122 1
1887 2169 1
1026 885 1
1216 2068 1
2027 946 1
1163 653 1
2018 2021 1
1583 1395 1
1023 674 1
1576 1841 1
1555 135 1
577 1295 1
497 1546 1
1929 675 1
969 1884 1
894 1992 1
711 16 1
732 1063 1
909 1919 1
1331 1880 1
135 854 1
14 1073 1
1423 98 1
1363 940 1
1849 235 1
1213 968 1
101 556 1
1021 551 1
1308 505 1
345 1458 1
738 1405 1
1822 1177 1
302 991 1
1670 96 1
1463 24 1
1355 493 1
251 506 1
815 1704 1
961 560 1
2208 1694 1
1126 1795 1
647 724 1
1622 2105 1
542 517 1
66 487 1
1843 1558 1
1342 1850 1
806 1410 1
2052 1647 1
1563 451 1
477 1761 1
153 425 1
463 1912 1
1837 2065 1
446 1600 1
964 472 1
861 407 1
114 369 1
97 2157 1
564 1521 1
53 1779 1
2123 1944 1
1248 1869 1
435 1964 1
1059 1448 1
652 952 1
904 950 1
967 148 1
4 941 1
499 621 1
2180 1426 1
1649 343 1
1754 1802 1
33 183 1
775 1562 1
16 1534 1
2143 1122 1
1068 1675 1
890 906 1
977 393 1
1651 133 1
86 1005 1
912 1045 1
2082 1671 1
269 1489 1
414 926 1
1381 254 1
1265 1141 1
1496 596 1
1707 1815 1
1798 384 1
264 810 1
309 622 1
1237 1254 1
110 640 1
1308 706 1
238 1747 1
391 246 1
358 1574 1
778 1401 1
231 1947 1
1260 1820 1
225 293 1
1368 564 1
734 1465 1
226 1787 1
564 1746 1
611 249 1
2059 1443 1
556 236 1
1502 2068 1
1991 1451 1
725 946 1
316 1357 1
1349 1444 1
1066 83 1
2149 933 1
1416 432 1
1443 1884 1
1349 1412 1
1102 1829 1
116 871 1
1395 939 1
1661 1814 1
625 2195 1
534 1198 1
481 1525 1
11 244 1
1548 2117 1
515 1422 1
654 465 1
1257 1832 1
2118 2152 1
505 827 1
2018 876 1
1243 41 1
554 838 1
213 1642 1
790 1048 1
1121 427 1
1450 1323 1
989 328 1
167 177 1
1787 1188 1
647 1094 1
350 474 1
1635 1889 1
235 1400 1
592 1565 1
963 1246 1
1490 46 1
1573 376 1
1783 675 1
38 1579 1
1752 35 1
895 1522 1
1952 1397 1
921 2151 1
172 411 1
328 821 1
1382 1576 1
2013 423 1
282 536 1
1425 773 1
1206 1825 1
1916 699 1
1234 1339 1
398 19 1
80 1811 1
1975 1800 1
1292 819 1
813 1438 1
1072 534 1
1496 2169 1
1568 330 1
1281 105 1
2127 772 1
32 1705 1
1505 143 1
632 840 1
271 1472 1
1805 153 1
1053 505 1
1391 702 1
2074 1294 1
1602 312 1
2046 1504 1
942 1979 1
1738 941 1
531 2033 1
363 1568 1
78 456 1
829 1142 1
1379 431 1
2177 2045 1
1009 102 1
603 1259 1
2209 2109 1
714 1769 1
780 1684 1
334 619 1
640 2145 1
1294 1924 1
2165 1703 1
1143 704 1
697 2091 1
736 197 1
548 1764 1
1971 925 1
22 186 1
1587 337 1
2016 1363 1
1304 24 1
220 1275 1
1629 1788 1
1896 1319 1
540 1521 1
1799 83 1
514 393 1
158 1261 1
2058 331 1
1609 1830 1
1789 131 1
1737 630 1
79 1115 1
848 1940 1
1924 996 1
207 2192 1
344 360 1
1023 567 1
1026 729 1
1880 798 1
2195 602 1
1669 1302 1
813 1575 1
1065 1269 1
814 1783 1
1982 1544 1
1954 2017 1
1351 1682 1
1617 1008 1
681 693 1
3 2060 1
1512 228 1
2053 802 1
2125 2122 1
971 2156 1
2101 900 1
1502 758 1
1541 1368 1
2202 106 1
382 49 1
2125 379 1
1505 858 1
1398 1577 1
140 1473 1
1920 1095 1
871 1908 1
176 1198 1
193 2081 1
274 1920 1
818 1978 1
785 1444 1
162 1199 1
105 406 1
751 1821 1
732 1709 1
267 1624 1
358 930 1
30 1524 1
1804 1516 1
2062 1722 1
294 1434 1
1401 2121 1
74 1241 1
494 1600 1
651 2043 1
1091 1297 1
635 1821 1
1262 167 1
1020 1634 1
1644 1392 1
1437 123 1
339 437 1
798 104 1
421 1529 1
328 730 1
213 2161 1
817 2123 1
1979 1383 1
1731 1153 1
681 778 1
553 397 1
232 1345 1
1340 403 1
2183 1395 1
1794 1087 1
590 89 1
1304 1937 1
361 863 1
282 707 1
1905 1502 1
1291 121 1
1994 893 1
2127 1170 1
2161 2164 1
1881 1349 1
684 199 1
2194 1813 1
942 391 1
225 1576 1
531 1553 1
1525 1832 1
764 1010 1
963 1351 1
2170 2113 1
2171 1204 1
1471 1311 1
380 1746 1
1380 623 1
22 1891 1
1677 889 1
791 174 1
1659 375 1
558 830 1
830 765 1
624 225 1
61 1262 1
702 1754 1
1007 392 1
867 328 1
1007 13 1
27 507 1
1698 1278 1
804 87 1
1835 181 1
999 1929 1
716 1783 1
1301 1888 1
326 1252 1
1367 1324 1
2187 2061 1
645 1713 1
699 2119 1
1399 1874 1
914 1927 1
1998 768 1
1983 641 1
1663 1450 1
532 47 1
1626 1276 1
1184 1405 1
1222 1727 1
2148 1786 1
1775 1843 1
2056 1521 1
1721 991 1
289 1836 1
1288 1128 1
731 1165 1
57 1301 1
489 418 1
1017 552 1
218 1 1
997 57 1
1962 2047 1
1575 2063 1
1050 986 1
474 2187 1
259 440 1
1678 430 1
644 1038 1
116 403 1
1872 312 1
525 152 1
2152 1938 1
1089 622 1
1310 267 1
1861 108 1
11 887 1
482 1713 1
616 1172 1
276 1364 1
1800 701 1
2142 1412 1
386 1115 1
1695 1660 1
954 1993 1
1686 1773 1
1463 2029 1
688 348 1
2126 856 1
1634 201 1
675 1120 1
1793 1193 1
1249 1864 1
1988 595 1
2083 1202 1
771 1518 1
357 1427 1
554 400 1
923 594 1
614 1996 1
1323 43 1
1897 953 1
627 772 1
1245 1152 1
1394 176 1
2150 1794 1
220 459 1
1420 1099 1
1705 535 1
764 137 1
319 1558 1
1542 53 1
995 1857 1
143 408 1
2070 918 1
1067 1957 1
347 494 1
921 1536 1
0 1902 1
1247 1136 1
41 1173 1
1231 1997 1
1291 2074 1
434 640 1
1306 1099 1
1024 1402 1
1474 404 1
1108 111 1
2174 1118 1
1414 1928 1
1618 1802 1
1709 1299 1
1139 1615 1
533 1513 1
529 486 1
1290 66 1
200 616 1
685 299 1
1303 493 1
1103 461 1
1404 1994 1
731 1871 1
1142 208 1
944 1297 1
206 1977 1
1271 2193 1
1618 1150 1
683 1020 1
1476 719 1
320 2178 1
2143 1981 1
322 1275 1
468 905 1
81 1094 1
1579 233 1
827 1007 1
422 2086 1
375 746 1
1003 1218 1
356 2034 1
1738 1850 1
1388 1226 1
235 425 1
344 174 1
155 1634 1
795 682 1
1291 1794 1
2109 1698 1
1383 2008 1
1222 1136 1
547 1032 1
1813 2167 1
1349 2147 1
1042 1587 1
1099 1622 1
178 2213 1
1148 1802 1
729 273 1
1847 1511 1
686 1620 1
1589 2049 1
1972 217 1
1633 89 1
937 345 1
1236 1157 1
839 2020 1
1476 1639 1
1514 1132 1
405 1603 1
2129 1542 1
890 1742 1
1564 1222 1
1618 528 1
1850 78 1
387 288 1
1259 1192 1
1902 2116 1
174 1632 1
1500 1289 1
875 1825 1
1137 503 1
298 1596 1
1956 685 1
391 1463 1
778 353 1
744 1576 1
88 1379 1
538 1144 1
143 2183 1
1357 1286 1
210 1982 1
1401 2135 1
1303 1778 1
2135 520 1
1371 2047 1
1458 54 1
354 24 1
239 779 1
986 600 1
600 1615 1
2147 1358 1
777 1960 1
1619 1930 1
1405 35 1
2149 2157 1
139 2127 1
1924 403 1
1761 52 1
1271 630 1
2040 1032 1
610 1063 1
1761 1866 1
761 266 1
1704 622 1
1791 1427 1
1955 650 1
2136 552 1
141 334 1
1336 1629 1
896 1184 1
2043 1258 1
1240 1934 1
1470 1983 1
1320 1136 1
1712 1224 1
1846 808 1
724 1697 1
1869 1210 1
691 1591 1
1344 1350 1
1711 528 1
1305 658 1
1712 351 1
1709 1444 1
1408 378 1
233 1056 1
1683 317 1
614 479 1
1047 1604 1
1214 1986 1
5 1522 1
1645 1962 1
414 1336 1
421 1842 1
670 1664 1
1216 1324 1
1887 1401 1
431 432 1
977 798 1
109 595 1
1647 817 1
2183 2065 1
1874 1220 1
500 1954 1
1100 1616 1
1589 75 1
480 1307 1
710 450 1
732 1439 1
1007 838 1
485 1000 1
1203 1134 1
742 1605 1
1050 1298 1
864 1724 1
2166 657 1
1456 2121 1
20 1260 1
1134 1322 1
530 31 1
26 1137 1
693 1333 1
1416 1869 1
1289 1940 1
179 289 1
906 395 1
2156 1457 1
43 91 1
1421 1094 1
483 137 1
1877 834 1
241 1281 1
639 152 1
1596 1308 1
1978 152 1
1980 1616 1
2188 1583 1
1096 1047 1
2057 1144 1
79 178 1
1899 1872 1
1601 2001 1
1351 697 1
2165 219 1
923 434 1
792 404 1
1824 150 1
2147 354 1
293 1947 1
670 261 1
1258 1514 1
1621 629 1
447 2148 1
2133 2023 1
2149 1695 1
1561 1818 1
553 1873 1
91 816 1
1867 845 1
556 1067 1
2117 1024 1
1440 968 1
258 1726 1
1126 464 1
767 1697 1
64 1256 1
18 65 1
161 236 1
868 1122 1
811 1192 1
548 566 1
1454 1191 1
774 1973 1
460 177 1
598 1426 1
1154 2176 1
1831 1589 1
684 1111 1
1225 2056 1
1179 1298 1
1705 956 1
304 966 1
1321 1500 1
1383 48 1
1765 1526 1
1316 1464 1
1424 1530 1
946 1371 1
1590 277 1
877 1614 1
854 1433 1
1360 2052 1
425 1840 1
1637 1601 1
164 435 1
443 283 1
487 398 1
1117 2102 1
2183 1923 1
82 883 1
497 1771 1
694 970 1
433 1964 1
724 425 1
813 1972 1
1751 201 1
1455 2047 1
1328 988 1
737 607 1
1919 815 1
1293 728 1
2054 343 1
698 1748 1
2020 99 1
584 427 1
302 1834 1
1984 874 1
854 333 1
1408 1412 1
1145 565 1
1854 469 1
1352 1575 1
1637 1702 1
1444 897 1
1993 961 1
560 1125 1
720 140 1
123 1177 1
1891 76 1
1960 1708 1
2102 1602 1
919 33 1
653 1117 1
1061 1088 1
1044 1909 1
725 928 1
133 2139 1
878 1016 1
765 1540 1
321 1101 1
1143 2115 1
495 1860 1
1882 1211 1
883 62 1
1181 338 1
2053 747 1
141 1429 1
1968 1893 1
504 1606 1
799 94 1
1737 293 1
892 927 1
493 1626 1
407 222 1
142 1241 1
1283 543 1
1077 149 1
1205 1080 1
153 574 1
163 1021 1
2077 1359 1
552 1951 1
1691 794 1
1664 494 1
241 1791 1
394 966 1
955 83 1
1995 1813 1
1872 380 1
934 85 1
1241 2155 1
1632 475 1
1676 1165 1
748 488 1
1916 483 1
214 2093 1
1340 1560 1
1004 2014 1
339 459 1
277 744 1
2149 719 1
1271 2109 1
254 697 1
1 1563 1
2192 77 1
931 1267 1
570 354 1
1073 1386 1
735 764 1
1859 260 1
1229 1576 1
1515 2137 1
1511 268 1
373 999 1
623 984 1
605 871 1
1399 1148 1
473 2174 1
415 353 1
1423 419 1
213 1136 1
6 1165 1
342 988 1
42 1729 1
1972 1182 1
10 1905 1
309 2169 1
1404 1952 1
2205 664 1
650 435 1
2153 1020 1
854 2005 1
1727 1806 1
1287 731 1
203 508 1
1491 184 1
568 606 1
1538 1300 1
903 1964 1
923 240 1
234 2144 1
1259 273 1
2205 202 1
1352 1572 1
421 2001 1
1039 888 1
1967 289 1
891 985 1
1022 1185 1
1131 2055 1
1534 34 1
833 186 1
1702 1258 1
347 1892 1
628 132 1
1717 34 1
2150 1078 1
2181 1650 1
1810 242 1
27 2083 1
493 705 1
1247 2010 1
269 686 1
1140 720 1
1329 1245 1
1815 77 1
594 1451 1
37 1768 1
767 1327 1
935 1017 1
423 1646 1
836 2074 1
298 1529 1
427 1091 1
331 1324 1
1763 765 1
1855 953 1
1265 724 1
1050 809 1
557 639 1
1690 1104 1
1954 1146 1
934 306 1
1942 379 1
741 358 1
2112 737 1
1859 1404 1
58 891 1
1775 660 1
214 840 1
107 573 1
402 676 1
1944 1465 1
42 978 1
1886 285 1
315 1880 1
1072 200 1
339 1366 1
1074 1046 1
970 264 1
492 578 1
43 2006 1
109 745 1
152 1748 1
90 661 1
472 1759 1
959 142 1
882 1476 1
1071 83 1
77 241 1
8 1783 1
700 76 1
197 2092 1
1928 1912 1
331 1886 1
15 1550 1
436 643 1
747 1614 1
1403 871 1
204 1452 1
2154 954 1
1784 2130 1
2102 1935 1
1245 1997 1
68 1619 1
1298 2131 1
243 1259 1
815 1692 1
1092 884 1
304 1506 1
260 1541 1
275 1201 1
2197 2091 1
1249 1924 1
1634 903 1
35 684 1
728 1406 1
904 1215 1
887 166 1
2054 1650 1
894 1935 1
1308 2001 1
1738 1897 1
429 526 1
370 1994 1
2054 1299 1
1535 294 1
1031 1004 1
1195 581 1
997 2019 1
1755 1631 1
1798 698 1
1509 1575 1
1516 1501 1
2214 2105 1
532 671 1
133 18 1
1674 593 1
283 937 1
1306 1178 1
793 1164 1
1914 1783 1
2171 1669 1
1661 1352 1
162 141 1
2073 670 1
918 867 1
1192 2007 1
1713 762 1
16 1994 1
979 351 1
1959 722 1
273 2105 1
124 1386 1
1902 753 1
1174 890 1
1696 2220 1
1864 283 1
1271 2132 1
1983 22 1
1996 484 1
1869 1965 1
730 1772 1
540 1179 1
2036 648 1
1607 1126 1
1761 692 1
2137 1586 1
1569 1331 1
1267 1092 1
1286 2054 1
457 1140 1
191 1921 1
1363 1374 1
106 1335 1
1558 1522 1
1553 68 1
153 570 1
55 205 1
1254 807 1
511 331 1
2205 989 1
1285 879 1
1650 1041 1
2138 840 1
1843 2061 1
339 112 1
608 1172 1
725 177 1
1505 1161 1
1413 535 1
1803 1613 1
1025 448 1
1223 1612 1
778 1557 1
1671 631 1
685 1479 1
2056 1510 1
1310 149 1
415 1114 1
2170 416 1
265 1955 1
93 246 1
8 1999 1
86 1224 1
1137 2131 1
1373 325 1
1568 1334 1
1985 535 1
919 1324 1
351 230 1
1274 756 1
996 342 1
634 302 1
587 1256 1
1966 439 1
1253 1902 1
91 1671 1
1917 1021 1
2073 942 1
29 463 1
1846 74 1
1764 626 1
2023 1795 1
1474 1398 1
1074 162 1
1186 1934 1
578 585 1
1098 328 1
1248 1695 1
384 427 1
942 2209 1
1320 805 1
536 2157 1
869 124 1
571 2153 1
1141 1526 1
2092 1054 1
322 2104 1
1437 1745 1
1256 2031 1
824 792 1
2082 814 1
1142 2139 1
330 1439 1
768 1710 1
1878 1713 1
840 2148 1
1199 1258 1
608 1494 1
2105 1598 1
978 731 1
922 2144 1
1087 2019 1
207 1058 1
765 1432 1
1475 1129 1
291 1140 1
1892 1862 1
1572 1738 1
599 2011 1
963 1776 1
1314 2185 1
1444 2029 1
1639 1821 1
475 1454 1
1130 1232 1
365 1879 1
1 1498 1
718 1095 1
270 1310 1
532 525 1
1025 1571 1
579 1382 1
625 518 1
1377 1928 1
1959 1411 1
1187 14 1
623 2115 1
516 2083 1
2141 338 1
625 555 1
1514 418 1
987 1146 1
1878 688 1
1486 1769 1
686 263 1
2038 1176 1
533 611 1
233 1728 1
1655 970 1
344 214 1
218 1425 1
569 256 1
2084 528 1
794 718 1
447 867 1
1194 1465 1
1562 209 1
1719 716 1
390 1171 1
371 155 1
1204 302 1
656 1647 1
497 1197 1
594 178 1
734 797 1
2033 1482 1
1706 1868 1
1284 1076 1
764 53 1
2051 478 1
88 303 1
599 837 1
1369 1227 1
665 1336 1
222 723 1
1858 1342 1
671 789 1
198 792 1
1051 1199 1
68 778 1
1995 1170 1
1039 915 1
2052 92 1
338 189 1
741 1156 1
1588 559 1
1767 1460 1
969 201 1
815 1941 1
1668 841 1
2029 743 1
835 983 1
336 1392 1
1190 1859 1
1513 238 1
2129 1033 1
1858 1039 1
1091 1346 1
351 1929 1
1741 1096 1
1554 188 1
481 2189 1
385 965 1
1954 343 1
1565 43 1
163 685 1
247 459 1
1571 857 1
339 822 1
415 1051 1
2141 548 1
425 746 1
768 1312 1
1090 2143 1
455 1685 1
1499 584 1
786 892 1
1045 1391 1
229 1855 1
507 2073 1
1859 52 1
597 1284 1
2047 1549 1
1764 1773 1
1230 165 1
1897 229 1
1698 85 1
1928 441 1
53 1792 1
888 604 1
1481 1931 1
1092 979 1
263 281 1
230 104 1
681 452 1
1603 1404 1
930 2097 1
993 1874 1
1521 2148 1
2212 1787 1
97 2118 1
1523 1562 1
1477 1055 1
2210 1405 1
1018 1757 1
656 464 1
1563 224 1
2049 1503 1
1965 440 1
613 641 1
1592 726 1
1510 1390 1
2133 1747 1
1940 1372 1
1645 627 1
1504 1938 1
319 17 1
364 1693 1
2010 293 1
1785 1329 1
1901 1487 1
1297 1397 1
1020 1986 1
2106 1058 1
2172 102 1
2148 1989 1
538 1483 1
2081 1083 1
690 1181 1
303 1990 1
1497 669 1
1291 586 1
515 334 1
2086 883 1
326 1365 1
550 1809 1
528 2141 1
1940 1381 1
1468 1611 1
1353 2119 1
761 1207 1
939 884 1
1451 566 1
62 1129 1
178 615 1
1388 1189 1
310 872 1
433 1330 1
1002 1701 1
1195 471 1
1454 1890 1
1839 180 1
393 1621 1
150 1552 1
2136 1100 1
2207 1036 1
1583 1162 1
541 1837 1
1837 1819 1
76 312 1
2031 1547 1
1035 1751 1
2103 1355 1
2118 776 1
107 1446 1
2078 84 1
1869 1302 1
982 1090 1
916 1679 1
281 870 1
506 13 1
268 329 1
759 605 1
367 1360 1
2039 1471 1
222 718 1
32 34 1
202 1436 1
23 1124 1
72 12 1
1663 652 1
130 1969 1
755 2190 1
1775 648 1
1653 424 1
1875 717 1
259 831 1
1085 953 1
495 1833 1
1160 33 1
496 1762 1
344 590 1
464 2168 1
2017 165 1
85 303 1
791 368 1
156 1074 1
494 448 1
1610 2152 1
1825 2025 1
1641 929 1
1743 636 1
282 714 1
2201 613 1
852 1189 1
2040 851 1
1932 1780 1
417 1511 1
780 946 1
844 1420 1
934 2169 1
545 709 1
1902 1739 1
1131 1630 1
1295 977 1
1580 838 1
1742 2032 1
1493 1358 1
60 112 1
1633 1996 1
3 760 1
482 1872 1
341 293 1
6 805 1
625 1072 1
472 2072 1
1248 926 1
1649 483 1
692 883 1
933 1684 1
1950 1000 1
220 1387 1
471 353 1
2005 1691 1
479 793 1
1843 91 1
1612 1050 1
1888 1533 1
2057 1602 1
361 1814 1
1271 1586 1
1849 406 1
2022 1012 1
1281 701 1
507 490 1
714 2184 1
1926 2103 1
2155 2053 1
1684 344 1
931 782 1
1617 1332 1
874 1015 1
1060 366 1
2160 2037 1
1278 1888 1
1049 910 1
833 1754 1
386 52 1
1420 1673 1
1000 658 1
1672 2068 1
1207 2096 1
880 996 1
1911 220 1
2200 1080 1
1699 290 1
782 591 1
1530 1459 1
1749 1545 1
1121 1598 1
1245 2125 1
864 624 1
319 340 1
281 1839 1
962 1395 1
1572 978 1
1125 2155 1
1362 1667 1
1074 553 1
984 50 1
1983 1560 1
1700 1375 1
1595 1459 1
1939 2082 1
458 1011 1
484 1652 1
896 678 1
289 717 1
1893 1685 1
591 2094 1
2198 586 1
1523 626 1
220 1149 1
1449 1147 1
754 1416 1
2087 1745 1
290 679 1
905 429 1
2028 188 1
2029 1866 1
529 1021 1
636 1704 1
1823 1761 1
800 97 1
795 961 1
312 1593 1
1981 884 1
1090 504 1
1386 871 1
825 307 1
1016 2044 1
722 2189 1
1370 394 1
1240 1092 1
591 1611 1
2002 1224 1
912 511 1
1468 1507 1
2053 1046 1
1116 2169 1
1189 971 1
516 64 1
1785 589 1
619 1829 1
944 1360 1
1302 300 1
787 578 1
1686 1901 1
267 57 1
62 1907 1
1528 1609 1
638 1389 1
592 886 1
13 1092 1
838 1204 1
174 1578 1
797 482 1
2206 1459 1
1725 1894 1
1586 1581 1
722 1000 1
1606 749 1
1672 305 1
232 598 1
2146 185 1
1607 1505 1
1006 198 1
1723 1272 1
351 1577 1
1786 1951 1
826 2133 1
